year,station,loc_mn,dc_mn,longitude,latitude,other_theft,arson,assault_gbh,attempted_murder,attempted_sexoff,bank_robbery,burglary_nonres,burglary_res,carjacking,commercial_crime,common_assault,common_robbery,contact_sexoff,dui,drug_crime,illegal_firearms,kidnapping,malicious_damage,murder,rape,robbery_nonres,robbery_res,cash_transit_robbery,aggr_robbery,sexual_assault,sexual_offences,police_detected_sexoff,shoplifting,stock_theft,vehicle_theft,theft_from_vehicle,truck_hijacking
2008/2009,aberdeen,dr beyers naude,sarah baartman,24.06098,-32.47634,41,0,69,0,0,0,13,62,0,5,32,3,7,2,13,0,1,19,3,11,0,0,0,1,3,15,0,3,45,0,2,0
2009/2010,aberdeen,dr beyers naude,sarah baartman,24.06098,-32.47634,43,2,67,3,0,0,17,70,1,1,31,2,6,6,19,0,1,20,5,7,0,1,0,2,1,8,0,2,44,1,4,0
2010/2011,aberdeen,dr beyers naude,sarah baartman,24.06098,-32.47634,31,3,53,0,0,0,15,50,0,7,24,5,4,2,18,1,1,13,4,10,1,1,0,2,2,14,0,2,29,1,5,0
2011/2012,aberdeen,dr beyers naude,sarah baartman,24.06098,-32.47634,43,0,62,0,0,0,29,66,0,3,19,1,6,0,12,0,1,12,4,6,0,0,0,3,0,6,0,1,54,1,3,0
2012/2013,aberdeen,dr beyers naude,sarah baartman,24.06098,-32.47634,30,1,57,1,2,0,20,47,0,3,20,0,4,1,27,0,1,17,6,5,0,0,0,1,0,9,0,0,51,2,6,0
2013/2014,aberdeen,dr beyers naude,sarah baartman,24.06098,-32.47634,31,2,54,1,3,0,6,48,0,3,21,0,6,1,32,0,12,20,10,15,2,1,0,3,1,19,0,0,41,0,5,0
2014/2015,aberdeen,dr beyers naude,sarah baartman,24.06098,-32.47634,38,2,78,2,1,0,18,77,0,4,23,6,6,1,39,1,13,28,5,9,0,2,0,3,1,11,0,2,35,2,10,0
2015/2016,aberdeen,dr beyers naude,sarah baartman,24.06098,-32.47634,51,4,87,5,0,0,15,74,0,8,48,10,6,2,22,0,12,32,9,13,1,2,0,8,1,14,0,0,20,2,7,0
2016/2017,aberdeen,dr beyers naude,sarah baartman,24.06098,-32.47634,57,1,61,2,3,0,26,94,0,7,24,10,6,4,39,1,14,20,5,8,1,4,0,12,0,11,0,1,27,1,11,0
2017/2018,aberdeen,dr beyers naude,sarah baartman,24.06098,-32.47634,61,0,58,1,0,0,12,72,0,4,24,6,7,3,35,0,12,16,3,6,2,1,0,9,1,8,0,2,36,3,13,0
2018/2019,aberdeen,dr beyers naude,sarah baartman,24.06098,-32.47634,52,0,54,2,0,0,11,63,0,8,32,7,6,4,18,1,13,19,2,10,3,2,0,9,4,14,0,5,35,0,7,0
2019/2020,aberdeen,dr beyers naude,sarah baartman,24.06098,-32.47634,53,1,60,4,0,0,8,48,0,14,28,1,6,2,16,0,13,22,3,8,1,1,0,7,4,12,0,3,28,3,16,0
2020/2021,aberdeen,dr beyers naude,sarah baartman,24.06098,-32.47634,54,0,48,2,1,0,23,71,0,23,34,7,7,3,37,0,12,21,4,6,1,1,0,5,4,12,0,1,35,0,5,0
2021/2022,aberdeen,dr beyers naude,sarah baartman,24.06098,-32.47634,51,0,46,2,0,0,17,57,0,7,24,9,6,4,30,2,12,23,8,3,0,2,0,3,1,4,0,2,17,1,6,0
2022/2023,aberdeen,dr beyers naude,sarah baartman,24.06098,-32.47634,57,1,62,1,0,0,10,84,0,9,27,4,6,4,48,0,14,13,9,3,0,2,0,4,4,7,0,3,33,0,5,0
2023/2024,aberdeen,sarah baartman district,sarah baartman district,24.06098,-32.47634,0,0,0,0,0,0,0,67,0,0,0,0,0,0,0,0,0,0,0,0,0,0,0,0,0,0,0,0,0,1,2,0
2024/2025,aberdeen,sarah baartman district,sarah baartman district,24.06098,-32.47634,0,0,0,0,0,0,0,48,0,0,0,0,0,0,0,0,0,0,0,0,0,1,0,0,0,0,0,0,0,1,10,0
2008/2009,acornhoek,bushbuckridge,ehlanzeni,31.04835,-24.5971,287,12,364,15,3,0,127,374,16,106,118,85,4,6,19,14,1,144,23,114,22,18,0,101,1,120,0,82,39,14,28,1
2009/2010,acornhoek,bushbuckridge,ehlanzeni,31.04835,-24.5971,224,10,348,25,3,0,83,303,20,52,132,75,5,2,25,13,1,140,28,128,26,34,0,113,0,134,0,92,32,15,32,1
2010/2011,acornhoek,bushbuckridge,ehlanzeni,31.04835,-24.5971,261,1,359,16,1,0,80,349,3,25,145,36,7,4,123,7,1,133,22,125,18,28,0,108,0,127,0,65,19,15,21,1
2011/2012,acornhoek,bushbuckridge,ehlanzeni,31.04835,-24.5971,271,5,344,20,3,0,99,257,10,46,123,25,6,20,177,19,1,95,26,140,40,38,0,130,4,147,3,65,14,17,30,0
2012/2013,acornhoek,bushbuckridge,ehlanzeni,31.04835,-24.5971,277,3,299,9,0,0,117,260,9,65,99,25,4,34,108,17,1,96,19,113,14,12,0,67,2,117,4,39,17,13,35,0
2013/2014,acornhoek,bushbuckridge,ehlanzeni,31.04835,-24.5971,181,4,276,17,6,0,111,280,5,94,95,28,6,14,102,15,25,103,22,127,33,27,0,107,2,135,2,44,10,8,37,1
2014/2015,acornhoek,bushbuckridge,ehlanzeni,31.04835,-24.5971,117,9,232,12,1,0,115,190,11,55,106,37,7,16,170,15,22,136,20,135,58,25,0,125,1,138,1,29,14,15,43,0
2015/2016,acornhoek,bushbuckridge,ehlanzeni,31.04835,-24.5971,186,11,309,16,4,0,127,211,13,81,152,35,6,30,158,21,2,139,12,105,58,12,0,123,0,109,0,67,17,21,57,3
2016/2017,acornhoek,bushbuckridge,ehlanzeni,31.04835,-24.5971,175,16,254,29,1,0,143,227,17,90,138,42,6,74,197,21,3,118,24,105,95,59,0,225,1,107,0,66,13,18,73,2
2017/2018,acornhoek,bushbuckridge,ehlanzeni,31.04835,-24.5971,130,5,212,35,0,0,170,187,27,67,125,55,6,96,293,12,24,118,27,86,78,37,1,188,1,87,0,71,4,24,60,0
2018/2019,acornhoek,bushbuckridge,ehlanzeni,31.04835,-24.5971,199,9,301,36,1,0,124,161,31,70,146,44,5,48,265,16,22,126,31,86,72,56,0,203,4,94,0,59,18,46,55,1
2019/2020,acornhoek,bushbuckridge,ehlanzeni,31.04835,-24.5971,172,7,277,37,4,0,198,277,18,97,151,59,6,149,10,9,3,165,19,114,71,42,1,202,1,119,1,59,13,47,50,1
2020/2021,acornhoek,bushbuckridge,ehlanzeni,31.04835,-24.5971,180,8,283,42,3,0,151,231,34,81,178,39,6,17,12,8,24,154,33,84,94,48,1,244,4,91,0,87,19,37,58,0
2021/2022,acornhoek,bushbuckridge,ehlanzeni,31.04835,-24.5971,190,4,309,34,1,0,138,203,40,91,270,57,4,2,22,3,4,168,35,113,62,35,1,212,4,120,0,93,9,14,40,3
2022/2023,acornhoek,bushbuckridge,ehlanzeni,31.04835,-24.5971,239,6,309,48,2,0,104,182,52,98,218,66,7,5,16,25,26,175,37,76,60,76,0,268,4,83,0,77,11,18,32,2
2023/2024,acornhoek,ehlanzeni district,ehlanzeni district,31.04835,-24.5971,0,0,0,0,0,0,0,162,24,0,0,0,0,0,0,0,0,0,0,0,0,37,0,0,0,0,0,0,0,16,33,0
2024/2025,acornhoek,ehlanzeni district,ehlanzeni district,31.04835,-24.5971,0,0,0,0,0,0,0,116,15,0,0,0,0,0,0,0,0,0,0,0,0,14,0,0,0,0,0,0,0,14,21,0
2008/2009,actonville,ekurhuleni,ekurhuleni,28.29975,-26.21198,239,16,395,35,4,1,13,142,26,28,189,122,10,53,63,24,1,177,22,52,32,27,0,193,2,64,0,0,0,40,96,0
2009/2010,actonville,ekurhuleni,ekurhuleni,28.29975,-26.21198,252,12,289,23,8,0,26,161,31,44,205,58,11,43,64,43,1,137,27,51,13,10,0,133,1,68,0,5,0,76,152,0
2010/2011,actonville,ekurhuleni,ekurhuleni,28.29975,-26.21198,193,10,239,12,8,0,18,164,26,47,158,47,4,62,90,30,1,113,17,42,16,3,1,91,1,53,0,6,0,46,60,0
2011/2012,actonville,ekurhuleni,ekurhuleni,28.29975,-26.21198,174,8,208,13,3,0,16,155,14,37,134,33,5,60,92,38,1,100,16,48,19,11,0,78,5,59,0,7,0,62,62,0
2012/2013,actonville,ekurhuleni,ekurhuleni,28.29975,-26.21198,190,8,188,11,6,0,49,152,13,48,125,26,6,53,174,23,1,98,11,29,20,15,0,93,0,35,0,8,0,77,72,0
2013/2014,actonville,ekurhuleni,ekurhuleni,28.29975,-26.21198,259,10,241,9,3,0,21,171,18,32,128,56,7,53,495,23,25,112,17,40,31,15,0,132,1,45,0,18,1,62,52,0
2014/2015,actonville,ekurhuleni,ekurhuleni,28.29975,-26.21198,231,7,270,17,2,0,29,162,21,20,137,66,7,55,339,22,2,110,21,36,38,24,0,137,1,40,2,34,0,60,96,1
2015/2016,actonville,ekurhuleni,ekurhuleni,28.29975,-26.21198,185,10,261,21,0,0,18,114,24,33,135,36,4,78,158,18,23,107,10,28,21,14,1,126,1,31,2,47,0,64,69,0
2016/2017,actonville,ekurhuleni,ekurhuleni,28.29975,-26.21198,188,6,252,16,2,0,37,159,26,33,104,32,6,119,253,25,14,101,20,32,19,15,0,124,2,36,0,58,0,75,91,0
2017/2018,actonville,ekurhuleni,ekurhuleni,28.29975,-26.21198,203,6,248,13,2,0,41,183,13,33,94,41,7,152,319,25,25,136,24,38,16,13,0,102,2,43,0,56,0,42,113,2
2018/2019,actonville,ekurhuleni,ekurhuleni,28.29975,-26.21198,159,1,207,8,2,0,39,181,13,36,107,24,5,170,184,37,17,82,30,29,43,11,0,103,2,36,2,44,0,40,64,0
2019/2020,actonville,ekurhuleni,ekurhuleni,28.29975,-26.21198,135,3,172,27,3,0,29,132,39,49,106,27,7,218,221,23,17,94,33,33,36,18,0,166,3,40,1,57,1,34,62,0
2020/2021,actonville,ekurhuleni,ekurhuleni,28.29975,-26.21198,113,0,150,23,2,0,28,75,18,35,94,24,6,81,233,18,21,80,33,19,28,7,0,102,3,24,2,44,0,36,96,0
2021/2022,actonville,ekurhuleni,ekurhuleni,28.29975,-26.21198,122,4,174,27,1,0,28,77,36,48,113,24,7,54,221,21,17,100,32,29,20,8,0,121,6,37,1,39,0,22,50,1
2022/2023,actonville,ekurhuleni,ekurhuleni,28.29975,-26.21198,125,3,172,40,2,0,25,62,18,51,108,27,6,26,315,18,8,83,38,35,28,7,0,116,7,44,0,27,0,11,43,4
2023/2024,actonville,ekurhuleni district,ekurhuleni district,28.29975,-26.21198,0,0,0,0,0,0,0,99,24,0,0,0,0,0,0,0,0,0,0,0,0,7,0,0,0,0,0,0,0,58,42,0
2024/2025,actonville,ekurhuleni district,ekurhuleni district,28.29975,-26.21198,0,0,0,0,0,0,0,78,14,0,0,0,0,0,0,0,0,0,0,0,0,4,0,0,0,0,0,0,0,25,33,0
2008/2009,addo,sundays river valley,sarah baartman,25.69029,-33.54769,167,5,199,37,6,0,35,226,0,6,81,16,8,25,58,2,1,47,10,45,1,7,0,28,5,60,0,2,18,5,11,0
2009/2010,addo,sundays river valley,sarah baartman,25.69029,-33.54769,139,10,191,28,6,0,90,149,2,3,55,24,4,28,46,1,1,57,13,47,10,7,1,40,2,57,0,0,39,6,24,0
2010/2011,addo,sundays river valley,sarah baartman,25.69029,-33.54769,150,9,215,25,8,0,83,171,0,11,48,17,5,21,13,7,1,21,14,45,17,5,0,42,1,57,0,2,26,3,33,0
2011/2012,addo,sundays river valley,sarah baartman,25.69029,-33.54769,103,9,194,36,4,0,42,96,1,7,46,18,4,17,27,7,1,33,18,51,31,4,0,63,0,57,0,1,21,3,30,0
2012/2013,addo,sundays river valley,sarah baartman,25.69029,-33.54769,137,3,187,33,1,0,55,157,0,4,46,20,4,14,40,1,1,36,11,56,20,8,0,45,1,60,0,1,28,6,24,0
2013/2014,addo,sundays river valley,sarah baartman,25.69029,-33.54769,135,10,174,25,11,0,67,191,0,6,48,15,6,12,50,1,13,49,17,44,9,8,0,33,1,56,0,2,42,3,18,0
2014/2015,addo,sundays river valley,sarah baartman,25.69029,-33.54769,128,10,155,40,1,0,74,162,0,5,44,15,6,7,45,5,13,45,22,72,17,13,0,49,1,74,0,0,23,8,12,0
2015/2016,addo,sundays river valley,sarah baartman,25.69029,-33.54769,97,2,150,25,4,0,87,144,0,6,48,9,6,9,59,4,13,39,20,50,5,12,1,41,1,55,0,0,21,8,11,0
2016/2017,addo,sundays river valley,sarah baartman,25.69029,-33.54769,92,6,127,31,2,0,68,106,0,7,39,6,6,7,79,4,12,40,25,30,9,5,0,30,6,38,0,0,20,2,32,0
2017/2018,addo,sundays river valley,sarah baartman,25.69029,-33.54769,86,7,94,24,0,0,47,119,1,7,32,1,7,7,81,3,13,40,17,37,5,8,0,26,1,39,0,0,17,2,17,1
2018/2019,addo,sundays river valley,sarah baartman,25.69029,-33.54769,142,6,140,37,5,0,109,129,0,8,39,7,6,11,39,3,21,67,10,49,18,15,0,46,3,57,0,5,10,2,17,0
2019/2020,addo,sundays river valley,sarah baartman,25.69029,-33.54769,185,2,162,23,3,0,86,122,0,16,66,7,6,3,23,2,13,55,18,41,29,12,0,59,4,48,1,7,13,4,26,1
2020/2021,addo,sundays river valley,sarah baartman,25.69029,-33.54769,201,1,140,19,0,0,82,103,0,14,64,10,7,7,14,0,12,70,21,41,23,10,0,50,4,46,0,5,17,3,25,0
2021/2022,addo,sundays river valley,sarah baartman,25.69029,-33.54769,201,2,172,30,1,0,50,80,1,23,56,10,7,15,9,2,14,96,21,42,19,3,0,38,4,48,0,0,4,5,10,0
2022/2023,addo,sundays river valley,sarah baartman,25.69029,-33.54769,187,2,159,22,1,0,82,109,1,34,74,20,6,6,22,5,13,78,20,42,18,12,0,63,4,47,0,2,13,4,26,0
2023/2024,addo,sarah baartman district,sarah baartman district,25.69029,-33.54769,0,0,0,0,0,0,0,78,0,0,0,0,0,0,0,0,0,0,0,0,0,3,0,0,0,0,0,0,0,6,11,0
2024/2025,addo,sarah baartman district,sarah baartman district,25.69029,-33.54769,0,0,0,0,0,0,0,83,4,0,0,0,0,0,0,0,0,0,0,0,0,11,0,0,0,0,0,0,0,5,15,0
2008/2009,adelaide,raymond mhlaba,amathole,26.29255,-32.70725,88,4,107,7,2,0,20,103,0,23,56,3,7,2,14,0,1,41,6,9,2,3,0,14,1,13,0,0,63,4,6,0
2009/2010,adelaide,raymond mhlaba,amathole,26.29255,-32.70725,61,0,119,0,2,0,13,93,1,17,28,5,7,11,30,3,1,27,5,13,2,3,0,10,1,17,0,7,37,3,5,0
2010/2011,adelaide,raymond mhlaba,amathole,26.29255,-32.70725,65,8,96,1,1,0,22,89,0,29,45,4,4,3,26,4,1,24,5,13,0,1,0,5,2,18,0,2,73,3,7,0
2011/2012,adelaide,raymond mhlaba,amathole,26.29255,-32.70725,74,4,93,1,3,0,20,73,1,21,30,15,4,6,42,1,1,24,6,15,1,1,0,19,5,25,0,1,52,3,6,0
2012/2013,adelaide,raymond mhlaba,amathole,26.29255,-32.70725,59,4,82,0,1,0,19,75,0,12,24,9,7,9,35,1,1,23,7,11,6,1,0,16,5,18,0,4,67,3,11,0
2013/2014,adelaide,raymond mhlaba,amathole,26.29255,-32.70725,38,0,81,1,0,0,26,53,0,13,30,5,7,6,44,0,12,22,5,13,4,3,0,15,4,18,0,6,60,5,12,0
2014/2015,adelaide,raymond mhlaba,amathole,26.29255,-32.70725,60,2,75,1,1,0,33,109,0,18,37,4,7,4,38,1,13,21,8,15,6,2,0,21,0,17,0,21,32,7,11,0
2015/2016,adelaide,raymond mhlaba,amathole,26.29255,-32.70725,47,2,75,0,0,0,22,85,0,24,22,6,7,4,39,0,12,19,10,16,0,2,0,12,1,18,0,7,22,4,12,0
2016/2017,adelaide,raymond mhlaba,amathole,26.29255,-32.70725,41,2,58,6,0,0,18,87,0,25,23,10,4,6,47,1,12,10,7,15,6,3,0,19,2,19,1,4,32,5,30,0
2017/2018,adelaide,raymond mhlaba,amathole,26.29255,-32.70725,35,1,64,4,0,0,14,56,0,20,23,10,7,8,60,1,12,20,6,6,5,1,0,18,2,9,1,3,30,2,11,0
2018/2019,adelaide,raymond mhlaba,amathole,26.29255,-32.70725,44,0,60,8,0,0,17,60,0,19,28,4,6,4,47,1,14,32,8,10,7,2,0,17,1,11,1,13,46,3,14,0
2019/2020,adelaide,raymond mhlaba,amathole,26.29255,-32.70725,52,3,65,9,1,0,28,63,0,16,20,7,7,7,75,0,13,20,6,15,3,6,0,21,7,24,0,6,24,0,18,0
2020/2021,adelaide,raymond mhlaba,amathole,26.29255,-32.70725,51,2,44,11,1,0,21,64,0,10,24,8,6,1,39,0,21,21,5,9,2,4,0,15,4,14,0,5,35,2,11,0
2021/2022,adelaide,raymond mhlaba,amathole,26.29255,-32.70725,65,1,67,7,0,0,23,70,0,22,35,5,7,2,8,0,12,37,8,15,2,7,0,13,7,23,0,5,18,1,18,0
2022/2023,adelaide,raymond mhlaba,amathole,26.29255,-32.70725,30,1,45,7,0,0,15,31,0,15,16,6,7,0,15,0,12,19,6,7,1,4,0,9,1,9,0,5,10,1,4,0
2023/2024,adelaide,amathole district,amathole district,26.29255,-32.70725,0,0,0,0,0,0,0,30,0,0,0,0,0,0,0,0,0,0,0,0,0,3,0,0,0,0,0,0,0,3,7,0
2024/2025,adelaide,amathole district,amathole district,26.29255,-32.70725,0,0,0,0,0,0,0,47,1,0,0,0,0,0,0,0,0,0,0,0,0,2,0,0,0,0,0,0,0,0,9,0
2008/2009,afsondering,matatiele,alfred nzo,28.96145,-30.16502,28,3,60,3,1,0,3,34,0,1,13,3,5,0,32,2,1,12,9,10,1,3,0,5,0,14,0,2,114,0,0,0
2009/2010,afsondering,matatiele,alfred nzo,28.96145,-30.16502,24,6,81,2,2,0,1,32,0,1,30,2,4,1,53,1,1,6,5,14,0,2,0,2,0,18,0,0,173,0,2,0
2010/2011,afsondering,matatiele,alfred nzo,28.96145,-30.16502,22,2,58,5,1,0,1,25,0,2,22,2,8,0,20,4,1,15,11,11,2,1,0,3,0,16,0,2,113,0,2,0
2011/2012,afsondering,matatiele,alfred nzo,28.96145,-30.16502,13,2,72,6,1,1,5,34,0,6,28,4,4,0,26,3,1,18,9,11,5,2,0,10,1,15,1,3,163,0,4,0
2012/2013,afsondering,matatiele,alfred nzo,28.96145,-30.16502,18,13,69,3,1,0,10,31,0,2,30,2,5,0,41,11,1,8,6,16,4,1,0,8,1,21,3,2,156,1,3,0
2013/2014,afsondering,matatiele,alfred nzo,28.96145,-30.16502,22,4,60,4,3,0,11,27,0,0,18,1,4,1,15,7,21,13,14,13,2,2,0,8,2,20,0,0,96,1,1,0
2014/2015,afsondering,matatiele,alfred nzo,28.96145,-30.16502,18,4,58,8,0,0,9,41,0,1,18,2,4,0,24,9,13,17,15,7,5,6,0,14,0,9,1,0,117,1,3,0
2015/2016,afsondering,matatiele,alfred nzo,28.96145,-30.16502,11,1,54,5,3,0,7,29,0,0,12,0,5,1,10,0,12,21,9,22,4,6,0,13,0,28,0,0,97,0,6,0
2016/2017,afsondering,matatiele,alfred nzo,28.96145,-30.16502,13,1,54,3,0,0,13,33,0,2,12,0,6,0,10,5,13,19,18,13,3,7,0,12,0,13,0,0,83,0,1,0
2017/2018,afsondering,matatiele,alfred nzo,28.96145,-30.16502,26,0,59,2,1,0,7,34,1,1,14,4,7,0,8,5,13,12,4,20,8,9,0,21,1,23,0,0,63,0,2,0
2018/2019,afsondering,matatiele,alfred nzo,28.96145,-30.16502,14,3,51,1,0,0,7,27,2,1,8,2,5,0,12,8,12,10,7,8,4,6,0,14,2,13,1,0,101,0,1,0
2019/2020,afsondering,matatiele,alfred nzo,28.96145,-30.16502,8,2,37,5,1,0,5,20,0,0,8,1,7,0,2,7,12,16,6,13,0,7,0,9,0,15,0,0,87,0,0,0
2020/2021,afsondering,matatiele,alfred nzo,28.96145,-30.16502,4,1,54,5,1,0,5,15,0,0,8,1,6,1,0,7,13,16,12,17,2,4,0,9,3,21,0,0,81,1,1,0
2021/2022,afsondering,matatiele,alfred nzo,28.96145,-30.16502,9,2,36,5,1,0,13,8,1,3,8,0,6,1,1,3,14,8,20,15,0,4,0,6,1,17,0,0,63,0,0,1
2022/2023,afsondering,matatiele,alfred nzo,28.96145,-30.16502,9,2,45,6,0,0,9,10,0,3,20,0,7,0,2,11,13,18,11,17,1,6,0,8,2,20,0,1,31,0,2,0
2023/2024,afsondering,alfred nzo district,alfred nzo district,28.96145,-30.16502,0,0,0,0,0,0,0,9,0,0,0,0,0,0,0,0,0,0,0,0,0,2,0,0,0,0,0,0,0,0,2,0
2024/2025,afsondering,alfred nzo district,alfred nzo district,28.96145,-30.16502,0,0,0,0,0,0,0,6,0,0,0,0,0,0,0,0,0,0,0,0,0,0,0,0,0,0,0,0,0,0,1,0
2008/2009,aggeneys,nama khoi,namakwa,18.84713,-29.24206,12,0,7,0,0,0,5,3,0,1,7,0,6,9,11,0,1,12,0,0,0,0,0,0,0,0,0,2,2,1,1,0
2009/2010,aggeneys,nama khoi,namakwa,18.84713,-29.24206,13,0,7,0,0,0,7,4,0,2,11,0,6,8,1,0,1,3,1,0,0,0,0,0,0,0,0,1,0,0,0,0
2010/2011,aggeneys,nama khoi,namakwa,18.84713,-29.24206,9,0,3,2,0,0,5,1,0,0,11,0,6,7,1,0,1,7,0,1,0,0,0,0,1,2,0,1,0,2,0,0
2011/2012,aggeneys,nama khoi,namakwa,18.84713,-29.24206,9,0,5,0,0,0,4,1,1,0,6,0,6,5,4,0,1,10,1,2,0,0,0,1,1,3,0,5,2,1,1,0
2012/2013,aggeneys,nama khoi,namakwa,18.84713,-29.24206,4,0,8,3,0,0,1,3,0,2,14,0,6,8,1,0,1,3,0,1,0,0,0,0,3,4,0,1,0,0,0,0
2013/2014,aggeneys,nama khoi,namakwa,18.84713,-29.24206,4,0,4,2,0,0,2,1,0,2,14,0,6,5,6,0,13,6,1,0,0,0,0,0,0,0,1,1,1,1,2,0
2014/2015,aggeneys,nama khoi,namakwa,18.84713,-29.24206,14,0,10,1,0,0,1,3,0,4,14,1,6,1,1,0,13,3,0,0,0,0,0,0,0,0,0,0,0,0,1,0
2015/2016,aggeneys,nama khoi,namakwa,18.84713,-29.24206,8,0,7,0,0,0,1,5,0,2,9,0,6,3,2,0,13,6,0,3,0,0,0,0,1,4,0,3,0,1,1,0
2016/2017,aggeneys,nama khoi,namakwa,18.84713,-29.24206,5,0,2,0,0,0,1,2,0,4,5,0,6,6,3,0,13,4,1,1,0,0,0,0,0,1,0,5,0,0,1,0
2017/2018,aggeneys,nama khoi,namakwa,18.84713,-29.24206,8,0,1,0,0,0,4,4,0,7,5,1,6,6,5,0,13,4,0,1,0,0,0,0,1,2,0,1,0,0,2,0
2018/2019,aggeneys,nama khoi,namakwa,18.84713,-29.24206,11,0,2,0,0,0,5,9,0,8,9,1,6,3,2,0,13,4,0,1,0,0,0,0,1,2,0,2,2,1,1,0
2019/2020,aggeneys,nama khoi,namakwa,18.84713,-29.24206,10,0,5,0,0,0,2,1,0,5,5,0,6,12,1,0,13,1,0,1,0,0,0,0,1,2,0,3,0,2,0,0
2020/2021,aggeneys,nama khoi,namakwa,18.84713,-29.24206,3,0,2,0,0,0,1,1,0,2,3,0,6,11,0,0,13,2,0,1,0,0,0,0,0,1,0,1,0,0,0,0
2021/2022,aggeneys,nama khoi,namakwa,18.84713,-29.24206,5,0,4,0,0,0,2,1,0,9,9,1,6,9,4,0,13,3,0,0,0,0,0,0,0,0,0,0,0,0,0,0
2022/2023,aggeneys,nama khoi,namakwa,18.84713,-29.24206,8,0,3,0,0,0,2,1,0,7,4,0,6,3,1,0,13,1,0,1,0,0,0,0,0,1,0,0,0,0,1,0
2023/2024,aggeneys,namakwa district,namakwa district,18.84713,-29.24206,0,0,0,0,0,0,0,2,0,0,0,0,0,0,0,0,0,0,0,0,0,0,0,0,0,0,0,0,0,1,1,0
2024/2025,aggeneys,namakwa district,namakwa district,18.84713,-29.24206,0,0,0,0,0,0,0,3,0,0,0,0,0,0,0,0,0,0,0,0,0,0,0,0,0,0,0,0,0,0,2,0
2008/2009,akasia,city of tshwane,city of tshwane,28.09538,-25.62571,1493,35,501,86,13,0,162,1106,79,212,458,216,20,68,42,35,1,489,51,133,40,112,1,552,11,183,0,152,4,462,198,6
2009/2010,akasia,city of tshwane,city of tshwane,28.09538,-25.62571,1329,40,630,91,8,0,208,1287,67,251,565,234,30,56,69,25,1,552,37,160,64,161,0,588,11,208,0,171,0,398,296,12
2010/2011,akasia,city of tshwane,city of tshwane,28.09538,-25.62571,1429,35,663,45,9,0,250,1227,69,254,442,241,38,127,57,18,1,529,37,139,75,118,0,498,3,175,0,270,2,436,368,5
2011/2012,akasia,city of tshwane,city of tshwane,28.09538,-25.62571,1758,36,601,42,9,0,198,1160,60,220,445,206,33,112,169,24,1,548,28,159,67,77,0,426,16,199,8,213,14,397,394,2
2012/2013,akasia,city of tshwane,city of tshwane,28.09538,-25.62571,1542,25,592,43,3,0,158,1460,56,224,413,224,8,99,252,20,1,485,32,172,56,96,2,507,13,192,3,207,3,376,437,2
2013/2014,akasia,city of tshwane,city of tshwane,28.09538,-25.62571,1964,30,427,33,6,0,163,1220,78,246,569,189,10,72,963,29,1,462,32,162,73,136,0,675,11,185,7,243,2,364,391,3
2014/2015,akasia,city of tshwane,city of tshwane,28.09538,-25.62571,2122,10,245,26,2,0,140,1058,117,254,332,142,8,47,464,44,1,268,40,125,79,131,1,708,15,146,8,265,7,357,331,2
2015/2016,akasia,city of tshwane,city of tshwane,28.09538,-25.62571,1692,15,300,30,3,0,148,906,102,268,477,216,10,50,439,34,1,265,25,100,58,93,0,620,15,124,1,268,5,319,373,0
2016/2017,akasia,city of tshwane,city of tshwane,28.09538,-25.62571,1244,11,403,67,3,0,197,1092,148,213,419,212,5,71,301,23,1,343,38,105,108,131,1,782,11,122,4,199,12,376,455,9
2017/2018,akasia,city of tshwane,city of tshwane,28.09538,-25.62571,1408,15,486,54,4,0,121,877,82,213,411,267,4,62,193,18,1,413,32,88,81,106,3,595,14,108,0,181,18,244,428,7
2018/2019,akasia,city of tshwane,city of tshwane,28.09538,-25.62571,1296,15,473,55,4,0,184,861,129,606,474,241,9,100,192,10,36,412,42,123,99,141,1,714,32,164,4,179,20,309,452,11
2019/2020,akasia,city of tshwane,city of tshwane,28.09538,-25.62571,1342,16,457,51,1,0,116,805,127,259,467,265,4,81,297,16,36,448,26,122,85,103,1,749,22,147,5,206,17,376,459,13
2020/2021,akasia,city of tshwane,city of tshwane,28.09538,-25.62571,1092,15,429,64,2,0,107,592,138,205,503,203,7,35,156,20,4,388,41,89,77,144,0,768,17,109,0,188,14,272,337,20
2021/2022,akasia,city of tshwane,city of tshwane,28.09538,-25.62571,1125,17,548,62,1,0,67,522,173,261,557,192,7,81,120,42,30,426,45,106,107,152,0,974,16,124,0,162,11,302,397,37
2022/2023,akasia,city of tshwane,city of tshwane,28.09538,-25.62571,1115,16,496,75,3,0,67,495,184,285,625,193,7,33,122,17,10,417,50,97,87,143,3,989,13,114,0,177,16,254,389,37
2023/2024,akasia,tshwane district,tshwane district,28.09538,-25.62571,0,0,0,0,0,0,0,583,163,0,0,0,0,0,0,0,0,0,0,0,0,138,0,0,0,0,0,0,0,255,343,0
2024/2025,akasia,tshwane district,tshwane district,28.09538,-25.62571,0,0,0,0,0,0,0,606,166,0,0,0,0,0,0,0,0,0,0,0,0,106,0,0,0,0,0,0,0,243,468,0
2008/2009,albertinia,hessequa,garden route,21.58325,-34.2086,43,0,48,2,0,0,13,23,0,7,69,4,7,38,104,5,1,12,3,9,0,0,0,0,3,13,0,4,5,8,4,0
2009/2010,albertinia,hessequa,garden route,21.58325,-34.2086,53,2,50,5,1,0,8,32,0,3,66,1,6,66,187,3,1,11,3,9,0,0,0,1,6,16,0,7,7,2,6,0
2010/2011,albertinia,hessequa,garden route,21.58325,-34.2086,44,0,41,1,1,0,9,25,0,9,49,2,6,30,230,3,1,15,5,8,0,0,0,1,4,13,0,3,4,0,1,0
2011/2012,albertinia,hessequa,garden route,21.58325,-34.2086,60,0,56,2,0,0,16,32,0,9,58,3,6,30,284,2,1,26,1,12,2,0,0,2,5,17,0,2,9,1,6,0
2012/2013,albertinia,hessequa,garden route,21.58325,-34.2086,88,2,50,5,1,0,19,59,0,5,94,5,6,32,251,2,1,29,4,16,0,0,0,2,5,22,0,2,6,0,6,0
2013/2014,albertinia,hessequa,garden route,21.58325,-34.2086,116,1,65,0,0,0,22,64,0,9,93,9,6,8,182,1,13,17,2,10,1,0,0,1,1,11,0,6,4,0,17,0
2014/2015,albertinia,hessequa,garden route,21.58325,-34.2086,74,3,58,1,0,0,21,43,0,43,77,13,7,20,207,3,13,21,3,9,0,1,0,3,1,11,0,4,9,2,10,0
2015/2016,albertinia,hessequa,garden route,21.58325,-34.2086,113,0,67,2,2,0,24,86,0,9,97,12,4,12,216,3,13,25,1,12,2,1,0,7,3,19,0,7,9,0,34,0
2016/2017,albertinia,hessequa,garden route,21.58325,-34.2086,129,2,61,1,3,0,20,69,0,4,81,8,7,8,264,2,13,24,3,13,2,1,0,8,2,19,0,4,2,4,22,0
2017/2018,albertinia,hessequa,garden route,21.58325,-34.2086,118,0,63,0,0,0,14,64,0,20,84,4,6,12,299,4,13,24,2,6,0,1,0,6,1,7,0,1,11,2,19,0
2018/2019,albertinia,hessequa,garden route,21.58325,-34.2086,110,0,58,0,0,0,33,73,0,17,76,7,6,8,154,2,13,40,2,8,0,1,0,7,3,11,0,6,12,0,12,0
2019/2020,albertinia,hessequa,garden route,21.58325,-34.2086,132,0,47,2,2,0,39,76,0,13,85,5,6,13,126,1,13,33,3,5,2,1,0,14,3,10,0,9,12,2,25,0
2020/2021,albertinia,hessequa,garden route,21.58325,-34.2086,155,0,55,0,0,0,34,99,0,11,97,8,7,6,211,3,13,41,1,7,0,0,0,1,0,8,0,3,7,1,46,0
2021/2022,albertinia,hessequa,garden route,21.58325,-34.2086,218,1,78,3,1,0,32,112,0,34,85,2,6,9,172,5,13,42,3,5,1,0,0,3,2,8,0,4,2,1,34,0
2022/2023,albertinia,hessequa,garden route,21.58325,-34.2086,231,1,75,2,0,0,32,86,0,58,90,2,6,7,305,2,12,39,4,4,1,0,0,7,0,4,0,14,10,1,31,0
2023/2024,albertinia,garden route district,garden route district,21.58325,-34.2086,0,0,0,0,0,0,0,68,0,0,0,0,0,0,0,0,0,0,0,0,0,1,0,0,0,0,0,0,0,1,12,0
2024/2025,albertinia,garden route district,garden route district,21.58325,-34.2086,0,0,0,0,0,0,0,84,0,0,0,0,0,0,0,0,0,0,0,0,0,0,0,0,0,0,0,0,0,2,19,0
2008/2009,alberton,ekurhuleni,ekurhuleni,28.12692,-26.26088,1200,8,191,45,0,0,442,688,57,535,504,127,33,187,95,33,1,479,14,28,99,48,0,452,17,60,0,475,0,880,433,17
2009/2010,alberton,ekurhuleni,ekurhuleni,28.12692,-26.26088,1261,7,240,28,0,1,436,804,92,509,419,109,33,182,60,26,1,489,23,46,90,59,1,512,13,74,0,365,0,940,358,34
2010/2011,alberton,ekurhuleni,ekurhuleni,28.12692,-26.26088,1118,5,279,35,1,0,272,509,80,541,338,111,18,82,43,23,1,422,25,54,64,32,1,396,17,83,0,392,0,667,355,31
2011/2012,alberton,ekurhuleni,ekurhuleni,28.12692,-26.26088,1055,8,231,20,4,0,204,468,86,439,357,94,18,62,82,32,1,445,23,52,45,20,0,311,12,79,5,342,0,556,329,30
2012/2013,alberton,ekurhuleni,ekurhuleni,28.12692,-26.26088,1034,10,211,19,1,0,233,593,68,413,299,100,5,49,116,56,1,353,6,36,50,41,0,334,14,54,2,236,0,526,353,34
2013/2014,alberton,ekurhuleni,ekurhuleni,28.12692,-26.26088,1215,7,211,28,3,0,234,693,103,391,290,128,17,55,185,45,22,358,18,41,55,51,1,418,16,69,2,233,0,448,414,34
2014/2015,alberton,ekurhuleni,ekurhuleni,28.12692,-26.26088,1100,8,197,34,3,0,251,616,69,370,304,107,7,107,256,16,17,349,25,52,58,67,2,434,17,73,1,296,0,553,444,44
2015/2016,alberton,ekurhuleni,ekurhuleni,28.12692,-26.26088,1103,5,225,27,1,0,221,602,78,414,313,99,7,182,262,27,3,307,22,38,85,73,2,457,20,60,3,287,0,478,363,26
2016/2017,alberton,ekurhuleni,ekurhuleni,28.12692,-26.26088,1068,2,207,32,0,0,227,542,79,420,318,84,10,126,412,23,24,306,28,53,91,86,0,503,17,76,7,368,0,422,360,43
2017/2018,alberton,ekurhuleni,ekurhuleni,28.12692,-26.26088,1072,4,155,32,2,0,213,482,73,437,329,115,6,182,399,36,24,299,20,46,81,95,1,490,21,69,5,430,0,349,375,34
2018/2019,alberton,ekurhuleni,ekurhuleni,28.12692,-26.26088,1104,4,159,30,1,0,199,533,135,522,371,79,7,219,265,47,16,273,33,34,92,64,0,542,15,51,2,343,0,435,368,25
2019/2020,alberton,ekurhuleni,ekurhuleni,28.12692,-26.26088,997,0,136,38,0,0,156,404,136,406,321,64,4,472,212,39,16,269,20,55,82,50,0,509,19,76,4,364,0,432,315,25
2020/2021,alberton,ekurhuleni,ekurhuleni,28.12692,-26.26088,958,2,154,46,0,0,143,269,138,366,252,71,7,228,120,45,27,217,29,48,68,44,1,445,21,70,9,323,0,309,276,26
2021/2022,alberton,ekurhuleni,ekurhuleni,28.12692,-26.26088,996,3,183,36,2,0,170,268,135,444,304,100,9,183,176,18,48,237,43,33,93,43,0,499,18,58,1,267,0,294,283,35
2022/2023,alberton,ekurhuleni,ekurhuleni,28.12692,-26.26088,955,5,173,56,0,0,188,294,115,427,299,57,8,115,243,31,108,218,59,47,68,64,1,490,18,69,1,265,0,312,235,42
2023/2024,alberton,ekurhuleni district,ekurhuleni district,28.12692,-26.26088,0,0,0,0,0,0,0,202,124,0,0,0,0,0,0,0,0,0,0,0,0,72,0,0,0,0,0,0,0,305,180,0
2024/2025,alberton,ekurhuleni district,ekurhuleni district,28.12692,-26.26088,0,0,0,0,0,0,0,142,125,0,0,0,0,0,0,0,0,0,0,0,0,42,0,0,0,0,0,0,0,254,103,0
2008/2009,alexander bay,richtersveld,namakwa,16.49218,-28.60706,25,0,28,6,1,0,15,45,0,1,23,2,6,6,23,0,1,23,3,4,0,0,0,0,2,7,0,1,3,3,1,0
2009/2010,alexander bay,richtersveld,namakwa,16.49218,-28.60706,11,0,25,3,1,0,3,17,0,2,13,0,7,6,13,0,1,9,1,5,0,0,0,0,1,8,0,1,1,1,4,0
2010/2011,alexander bay,richtersveld,namakwa,16.49218,-28.60706,22,2,12,3,1,0,5,12,0,3,28,1,6,3,12,1,1,6,1,6,0,1,0,1,1,8,0,1,0,0,0,0
2011/2012,alexander bay,richtersveld,namakwa,16.49218,-28.60706,15,0,28,6,0,0,7,24,0,3,14,1,6,1,14,2,1,15,2,3,0,0,0,0,1,4,0,1,1,0,3,0
2012/2013,alexander bay,richtersveld,namakwa,16.49218,-28.60706,16,1,20,3,0,0,7,6,0,1,7,1,7,1,12,0,1,12,1,1,0,0,0,0,2,4,0,0,2,1,2,0
2013/2014,alexander bay,richtersveld,namakwa,16.49218,-28.60706,11,1,22,2,1,0,19,14,0,2,16,1,6,0,12,0,13,9,0,4,1,0,0,1,1,6,0,0,1,0,3,0
2014/2015,alexander bay,richtersveld,namakwa,16.49218,-28.60706,12,0,13,2,0,0,10,14,0,0,11,0,6,0,14,0,13,8,0,1,0,0,0,0,5,6,0,0,2,0,4,0
2015/2016,alexander bay,richtersveld,namakwa,16.49218,-28.60706,22,3,20,4,1,0,17,35,0,1,16,1,6,0,19,1,13,9,1,1,0,0,0,0,0,2,0,0,1,1,5,0
2016/2017,alexander bay,richtersveld,namakwa,16.49218,-28.60706,13,1,27,5,1,0,10,36,0,3,8,1,6,2,17,0,13,13,1,0,0,0,0,2,1,2,0,1,0,0,0,0
2017/2018,alexander bay,richtersveld,namakwa,16.49218,-28.60706,8,0,15,8,0,0,14,31,0,1,13,1,6,1,21,0,13,7,0,4,0,1,0,3,3,7,0,0,3,0,6,0
2018/2019,alexander bay,richtersveld,namakwa,16.49218,-28.60706,19,1,23,11,1,0,15,35,1,0,8,0,7,0,12,0,13,19,1,2,3,2,0,6,0,4,0,0,3,2,8,0
2019/2020,alexander bay,richtersveld,namakwa,16.49218,-28.60706,29,2,12,5,1,0,8,28,1,1,13,0,6,0,29,0,13,13,1,1,2,0,0,3,1,3,0,0,6,0,2,0
2020/2021,alexander bay,richtersveld,namakwa,16.49218,-28.60706,12,1,5,0,2,0,9,19,0,0,7,0,6,0,10,2,13,8,1,0,0,1,0,1,1,3,0,0,2,0,3,0
2021/2022,alexander bay,richtersveld,namakwa,16.49218,-28.60706,7,0,12,3,0,0,4,13,0,3,14,0,6,0,14,0,13,6,1,1,0,0,0,1,0,1,0,0,2,0,1,0
2022/2023,alexander bay,richtersveld,namakwa,16.49218,-28.60706,8,3,13,3,3,0,7,24,0,2,8,0,6,1,14,1,13,8,1,2,0,0,0,0,0,5,0,0,2,0,1,0
2023/2024,alexander bay,namakwa district,namakwa district,16.49218,-28.60706,0,0,0,0,0,0,0,10,1,0,0,0,0,0,0,0,0,0,0,0,0,0,0,0,0,0,0,0,0,0,0,0
2024/2025,alexander bay,namakwa district,namakwa district,16.49218,-28.60706,0,0,0,0,0,0,0,15,0,0,0,0,0,0,0,0,0,0,0,0,0,0,0,0,0,0,0,0,0,0,0,0
2008/2009,alexandra,city of johannesburg,city of johannesburg,28.10089,-26.10548,839,25,685,105,26,0,50,486,49,90,1195,209,37,72,36,78,1,437,93,220,31,55,0,519,11,275,0,181,0,229,191,0
2009/2010,alexandra,city of johannesburg,city of johannesburg,28.10089,-26.10548,846,25,850,105,14,2,58,449,55,117,1101,204,30,50,59,104,1,466,84,180,26,27,0,412,4,227,0,229,1,141,201,1
2010/2011,alexandra,city of johannesburg,city of johannesburg,28.10089,-26.10548,743,25,847,105,7,0,100,455,56,138,785,212,15,123,115,109,1,432,73,198,45,47,2,402,21,243,0,177,0,136,165,0
2011/2012,alexandra,city of johannesburg,city of johannesburg,28.10089,-26.10548,726,23,860,70,6,0,73,355,34,153,875,190,12,160,172,82,1,415,58,183,71,49,0,430,18,214,1,164,0,126,181,1
2012/2013,alexandra,city of johannesburg,city of johannesburg,28.10089,-26.10548,732,18,810,93,19,0,83,388,55,200,833,181,12,215,190,77,1,436,76,226,106,47,1,583,24,276,2,190,0,134,182,1
2013/2014,alexandra,city of johannesburg,city of johannesburg,28.10089,-26.10548,752,20,928,142,12,0,79,395,86,168,807,228,16,242,1042,76,26,449,78,211,81,102,0,643,25,258,3,224,0,141,180,3
2014/2015,alexandra,city of johannesburg,city of johannesburg,28.10089,-26.10548,744,27,792,126,12,0,92,391,143,132,723,215,4,269,835,82,39,480,68,184,74,92,0,715,21,219,0,174,0,118,241,2
2015/2016,alexandra,city of johannesburg,city of johannesburg,28.10089,-26.10548,758,8,756,84,4,0,121,504,106,135,809,249,8,371,297,109,27,493,65,142,77,47,1,649,29,179,2,169,0,148,188,1
2016/2017,alexandra,city of johannesburg,city of johannesburg,28.10089,-26.10548,677,2,509,80,4,0,102,483,107,91,818,188,4,465,423,84,3,439,71,142,67,58,0,600,16,164,0,154,0,207,189,2
2017/2018,alexandra,city of johannesburg,city of johannesburg,28.10089,-26.10548,780,4,587,84,7,0,103,320,120,131,999,175,8,504,605,108,26,386,90,162,81,49,0,702,18,191,0,162,0,186,198,0
2018/2019,alexandra,city of johannesburg,city of johannesburg,28.10089,-26.10548,742,3,518,71,8,0,97,352,131,91,1096,229,5,433,414,69,16,398,87,116,68,40,0,812,17,144,0,203,0,125,181,1
2019/2020,alexandra,city of johannesburg,city of johannesburg,28.10089,-26.10548,694,4,633,91,5,0,71,320,130,117,958,226,5,435,116,64,26,423,95,151,68,65,1,850,21,180,1,205,0,170,212,1
2020/2021,alexandra,city of johannesburg,city of johannesburg,28.10089,-26.10548,619,6,705,91,5,0,112,296,134,95,1003,160,8,43,103,46,37,443,79,130,52,58,1,676,36,175,2,167,0,118,142,2
2021/2022,alexandra,city of johannesburg,city of johannesburg,28.10089,-26.10548,717,13,777,104,4,0,213,269,201,131,1239,224,4,114,159,72,10,633,137,182,32,71,0,807,34,222,1,143,0,129,125,3
2022/2023,alexandra,city of johannesburg,city of johannesburg,28.10089,-26.10548,804,10,808,133,6,0,46,256,163,162,1412,232,5,286,212,72,69,592,123,145,37,44,1,727,29,183,0,184,0,124,145,7
2023/2024,alexandra,johannesburg district,johannesburg district,28.10089,-26.10548,0,0,0,0,0,0,0,184,101,0,0,0,0,0,0,0,0,0,0,0,0,22,0,0,0,0,0,0,0,90,98,0
2024/2025,alexandra,johannesburg district,johannesburg district,28.10089,-26.10548,0,0,0,0,0,0,0,189,138,0,0,0,0,0,0,0,0,0,0,0,0,28,0,0,0,0,0,0,0,165,114,0
2008/2009,alexandra road,the msunduzi,umgungundlovu,30.38773,-29.61901,622,8,110,15,0,0,48,518,28,188,202,47,8,641,231,11,1,193,28,51,17,42,0,188,20,75,0,75,6,295,337,0
2009/2010,alexandra road,the msunduzi,umgungundlovu,30.38773,-29.61901,535,7,173,25,2,0,107,556,16,172,301,46,8,446,297,16,1,220,18,65,28,47,0,247,23,94,0,87,6,328,406,4
2010/2011,alexandra road,the msunduzi,umgungundlovu,30.38773,-29.61901,697,6,140,24,1,0,84,584,17,209,332,70,12,104,225,14,1,282,30,66,13,33,0,189,13,87,0,89,10,362,364,1
2011/2012,alexandra road,the msunduzi,umgungundlovu,30.38773,-29.61901,692,3,148,21,2,0,88,815,15,119,303,68,9,72,212,17,1,224,19,77,12,50,0,214,21,105,0,77,5,334,314,1
2012/2013,alexandra road,the msunduzi,umgungundlovu,30.38773,-29.61901,606,3,135,18,0,0,109,706,19,122,294,75,5,53,211,33,1,222,28,82,25,43,0,242,19,104,2,80,5,254,256,2
2013/2014,alexandra road,the msunduzi,umgungundlovu,30.38773,-29.61901,526,6,102,12,0,0,122,566,19,126,242,59,6,49,249,28,23,169,12,57,11,33,0,175,15,72,1,125,3,194,270,1
2014/2015,alexandra road,the msunduzi,umgungundlovu,30.38773,-29.61901,490,3,88,10,0,0,98,670,15,104,191,28,4,45,367,24,14,116,19,48,19,31,0,144,6,56,1,88,7,159,286,1
2015/2016,alexandra road,the msunduzi,umgungundlovu,30.38773,-29.61901,568,4,128,15,0,0,82,842,12,125,240,47,4,42,422,11,17,137,28,50,13,36,1,182,14,66,2,96,4,175,242,0
2016/2017,alexandra road,the msunduzi,umgungundlovu,30.38773,-29.61901,602,8,127,18,0,0,82,853,21,110,247,66,7,39,464,22,24,194,15,71,20,46,0,214,7,79,3,82,12,160,277,2
2017/2018,alexandra road,the msunduzi,umgungundlovu,30.38773,-29.61901,588,3,112,28,1,0,87,943,23,121,252,74,4,73,494,22,22,163,25,51,29,61,0,291,16,70,0,62,11,128,215,0
2018/2019,alexandra road,the msunduzi,umgungundlovu,30.38773,-29.61901,644,5,115,21,0,0,121,955,29,138,257,60,7,73,318,11,28,147,26,74,21,30,0,224,17,92,0,94,13,168,232,1
2019/2020,alexandra road,the msunduzi,umgungundlovu,30.38773,-29.61901,716,5,147,20,1,0,104,830,35,158,295,69,7,380,119,25,22,134,28,55,15,55,0,275,15,72,1,107,9,175,230,2
2020/2021,alexandra road,the msunduzi,umgungundlovu,30.38773,-29.61901,514,0,116,22,0,0,107,628,45,175,246,60,7,137,110,13,28,112,22,47,23,79,0,277,14,62,0,78,11,88,189,0
2021/2022,alexandra road,the msunduzi,umgungundlovu,30.38773,-29.61901,478,7,155,38,1,0,134,530,49,258,238,61,6,148,229,16,28,121,42,67,31,64,0,298,10,78,0,78,12,112,157,1
2022/2023,alexandra road,the msunduzi,umgungundlovu,30.38773,-29.61901,548,3,174,63,1,0,110,537,61,313,260,83,6,39,263,14,6,105,51,60,28,86,1,394,10,71,0,69,8,130,178,0
2023/2024,alexandra road,umgungundlovu district,umgungundlovu district,30.38773,-29.61901,0,0,0,0,0,0,0,497,42,0,0,0,0,0,0,0,0,0,0,0,0,82,0,0,0,0,0,0,0,106,161,0
2024/2025,alexandra road,umgungundlovu district,umgungundlovu district,30.38773,-29.61901,0,0,0,0,0,0,0,602,9,0,0,0,0,0,0,0,0,0,0,0,0,55,0,0,0,0,0,0,0,93,168,0
2008/2009,alexandria,sundays river valley,sarah baartman,26.412,-33.65057,122,1,125,6,2,0,52,200,0,4,140,11,6,11,17,3,1,42,5,15,6,2,0,16,3,20,0,19,67,13,35,1
2009/2010,alexandria,sundays river valley,sarah baartman,26.412,-33.65057,121,1,122,12,3,0,53,165,0,16,123,13,4,9,21,1,1,53,4,19,6,2,0,24,0,24,0,6,70,18,21,1
2010/2011,alexandria,sundays river valley,sarah baartman,26.412,-33.65057,117,3,98,9,2,0,27,155,0,50,92,10,4,13,26,1,1,37,5,28,3,2,0,12,2,34,0,5,38,11,23,0
2011/2012,alexandria,sundays river valley,sarah baartman,26.412,-33.65057,103,2,103,15,2,0,25,135,1,9,80,6,5,2,37,1,1,37,2,32,4,3,0,16,2,39,2,2,39,3,7,0
2012/2013,alexandria,sundays river valley,sarah baartman,26.412,-33.65057,109,1,107,14,1,0,60,164,1,6,77,13,5,18,36,3,1,42,5,25,8,5,0,20,6,35,1,2,43,5,20,0
2013/2014,alexandria,sundays river valley,sarah baartman,26.412,-33.65057,87,0,86,8,4,0,24,128,0,13,91,20,7,6,54,3,21,41,4,27,11,1,0,18,3,35,0,9,33,4,28,0
2014/2015,alexandria,sundays river valley,sarah baartman,26.412,-33.65057,86,3,96,15,6,0,26,132,0,13,80,6,4,17,52,0,13,40,0,35,8,5,0,21,4,47,0,2,34,7,24,0
2015/2016,alexandria,sundays river valley,sarah baartman,26.412,-33.65057,76,0,86,17,1,0,27,116,2,14,81,5,7,14,37,1,13,33,9,35,8,6,0,36,4,41,0,5,35,6,13,3
2016/2017,alexandria,sundays river valley,sarah baartman,26.412,-33.65057,90,4,67,11,3,0,27,152,0,8,94,8,6,11,51,1,13,32,5,26,2,4,0,19,2,31,0,4,43,9,10,1
2017/2018,alexandria,sundays river valley,sarah baartman,26.412,-33.65057,124,0,72,19,2,0,28,148,0,6,103,11,6,4,53,6,13,47,6,20,4,1,0,15,3,25,0,5,34,3,14,1
2018/2019,alexandria,sundays river valley,sarah baartman,26.412,-33.65057,107,2,54,12,3,0,39,193,0,19,73,14,6,5,22,2,12,32,3,17,4,8,0,26,1,21,0,3,53,3,22,0
2019/2020,alexandria,sundays river valley,sarah baartman,26.412,-33.65057,100,2,59,7,2,0,17,135,0,12,75,7,6,4,18,2,12,51,5,23,9,3,0,25,4,29,0,2,51,3,27,1
2020/2021,alexandria,sundays river valley,sarah baartman,26.412,-33.65057,104,0,66,13,1,0,28,87,0,13,89,2,4,2,23,3,13,23,2,21,6,4,0,22,2,26,0,0,30,1,23,1
2021/2022,alexandria,sundays river valley,sarah baartman,26.412,-33.65057,87,0,84,5,0,0,14,86,0,19,80,9,6,5,25,4,21,37,1,14,2,3,0,14,2,16,0,0,17,2,8,1
2022/2023,alexandria,sundays river valley,sarah baartman,26.412,-33.65057,146,3,72,12,0,0,22,98,1,18,107,5,6,7,33,1,17,60,5,12,2,4,0,12,2,14,0,2,16,3,12,0
2023/2024,alexandria,sarah baartman district,sarah baartman district,26.412,-33.65057,0,0,0,0,0,0,0,88,0,0,0,0,0,0,0,0,0,0,0,0,0,0,0,0,0,0,0,0,0,0,31,0
2024/2025,alexandria,sarah baartman district,sarah baartman district,26.412,-33.65057,0,0,0,0,0,0,0,74,0,0,0,0,0,0,0,0,0,0,0,0,0,1,0,0,0,0,0,0,0,1,12,0
2008/2009,algoapark,nelson mandela bay,nelson mandela bay,25.57071,-33.90246,670,13,130,16,1,0,320,287,17,124,408,59,8,248,58,15,1,202,25,73,52,14,7,224,16,94,0,94,1,109,204,2
2009/2010,algoapark,nelson mandela bay,nelson mandela bay,25.57071,-33.90246,523,9,158,14,3,0,303,265,15,124,369,54,19,194,43,12,1,188,20,63,48,14,2,236,10,90,0,102,0,136,246,7
2010/2011,algoapark,nelson mandela bay,nelson mandela bay,25.57071,-33.90246,653,13,174,16,3,0,263,243,10,104,343,70,9,122,39,5,1,264,17,64,41,14,0,201,10,82,0,72,2,130,339,1
2011/2012,algoapark,nelson mandela bay,nelson mandela bay,25.57071,-33.90246,571,7,171,12,4,0,222,271,16,66,280,60,5,145,38,2,1,250,22,48,60,22,0,251,19,74,3,51,0,111,303,3
2012/2013,algoapark,nelson mandela bay,nelson mandela bay,25.57071,-33.90246,521,9,164,13,8,0,253,287,17,154,254,84,7,61,50,14,1,284,17,55,59,22,0,258,10,74,2,60,1,111,326,1
2013/2014,algoapark,nelson mandela bay,nelson mandela bay,25.57071,-33.90246,543,6,148,17,2,0,194,238,12,87,226,76,7,55,102,28,14,252,14,54,42,16,0,240,7,64,0,133,2,88,365,1
2014/2015,algoapark,nelson mandela bay,nelson mandela bay,25.57071,-33.90246,523,6,161,16,2,0,259,288,26,79,181,67,4,56,141,14,17,239,22,50,37,20,0,276,8,62,3,169,1,90,337,2
2015/2016,algoapark,nelson mandela bay,nelson mandela bay,25.57071,-33.90246,505,4,137,14,1,0,259,259,24,103,174,103,5,67,151,25,17,246,22,38,67,34,0,325,11,53,1,223,2,89,429,1
2016/2017,algoapark,nelson mandela bay,nelson mandela bay,25.57071,-33.90246,481,7,129,25,0,0,272,240,39,147,148,88,5,59,144,29,14,237,10,46,49,23,0,311,9,58,0,279,0,77,355,1
2017/2018,algoapark,nelson mandela bay,nelson mandela bay,25.57071,-33.90246,444,6,103,19,3,0,266,202,37,157,174,59,8,45,141,23,21,180,26,44,68,19,0,330,14,65,0,198,0,69,325,2
2018/2019,algoapark,nelson mandela bay,nelson mandela bay,25.57071,-33.90246,487,8,137,23,0,0,212,253,31,129,223,81,12,79,195,21,17,196,23,52,55,19,0,262,12,71,0,227,0,47,357,4
2019/2020,algoapark,nelson mandela bay,nelson mandela bay,25.57071,-33.90246,406,7,127,41,1,0,209,229,40,184,199,72,4,30,171,34,2,204,35,45,49,18,0,347,16,64,0,205,0,48,350,5
2020/2021,algoapark,nelson mandela bay,nelson mandela bay,25.57071,-33.90246,325,9,83,37,3,0,170,114,33,192,146,76,4,16,61,22,2,177,46,40,30,21,1,292,9,54,1,71,1,39,312,4
2021/2022,algoapark,nelson mandela bay,nelson mandela bay,25.57071,-33.90246,406,5,94,35,3,0,154,156,35,222,168,57,7,24,40,24,17,226,37,36,29,18,0,289,13,53,0,47,0,39,174,9
2022/2023,algoapark,nelson mandela bay,nelson mandela bay,25.57071,-33.90246,413,15,78,53,4,0,86,161,54,179,162,59,4,30,55,19,27,184,48,33,27,49,0,300,11,50,0,127,0,27,136,16
2023/2024,algoapark,nelson mandela district,nelson mandela district,25.57071,-33.90246,0,0,0,0,0,0,0,163,64,0,0,0,0,0,0,0,0,0,0,0,0,45,0,0,0,0,0,0,0,30,127,0
2024/2025,algoapark,nelson mandela district,nelson mandela district,25.57071,-33.90246,0,0,0,0,0,0,0,174,39,0,0,0,0,0,0,0,0,0,0,0,0,21,0,0,0,0,0,0,0,31,131,0
2008/2009,alice,raymond mhlaba,amathole,26.83583,-32.79033,193,10,384,7,15,0,25,254,4,62,92,36,4,52,41,4,1,143,27,49,6,7,0,47,2,68,0,29,71,20,22,0
2009/2010,alice,raymond mhlaba,amathole,26.83583,-32.79033,209,11,395,16,15,0,18,280,3,47,72,58,7,71,13,8,1,107,14,48,11,7,0,73,10,74,0,39,51,19,24,0
2010/2011,alice,raymond mhlaba,amathole,26.83583,-32.79033,132,9,359,6,17,0,16,243,3,49,58,47,5,80,32,10,1,91,13,45,3,8,1,49,15,80,0,40,55,13,22,0
2011/2012,alice,raymond mhlaba,amathole,26.83583,-32.79033,145,1,342,9,10,0,41,272,3,58,55,39,6,44,31,11,1,82,21,55,18,3,0,83,10,75,0,49,67,13,36,0
2012/2013,alice,raymond mhlaba,amathole,26.83583,-32.79033,217,10,310,8,11,0,30,201,1,145,39,35,4,59,45,10,1,114,15,67,12,5,0,64,3,83,0,50,76,14,41,0
2013/2014,alice,raymond mhlaba,amathole,26.83583,-32.79033,209,4,315,4,13,0,32,206,1,52,39,31,5,28,78,10,13,81,20,57,17,9,0,87,3,76,0,44,89,10,49,0
2014/2015,alice,raymond mhlaba,amathole,26.83583,-32.79033,179,2,280,6,8,0,75,250,3,48,26,35,6,30,85,6,12,84,9,49,24,11,1,84,0,57,0,29,77,12,49,0
2015/2016,alice,raymond mhlaba,amathole,26.83583,-32.79033,183,3,299,7,11,0,62,245,4,54,35,35,7,30,90,8,14,77,19,50,17,18,0,112,2,64,0,32,82,1,28,1
2016/2017,alice,raymond mhlaba,amathole,26.83583,-32.79033,177,5,280,3,5,0,59,327,3,65,36,40,4,30,102,11,25,98,19,44,16,17,2,122,1,52,0,21,115,4,38,0
2017/2018,alice,raymond mhlaba,amathole,26.83583,-32.79033,171,2,270,10,7,0,67,263,2,66,22,42,6,23,119,5,14,99,45,43,32,25,1,137,10,60,0,35,80,7,36,1
2018/2019,alice,raymond mhlaba,amathole,26.83583,-32.79033,199,5,265,14,5,0,75,250,4,71,30,28,6,21,102,16,21,111,25,49,15,20,1,121,13,67,0,37,104,16,24,0
2019/2020,alice,raymond mhlaba,amathole,26.83583,-32.79033,184,7,309,13,11,0,56,220,3,92,27,23,6,37,128,17,23,101,25,45,32,28,0,156,4,60,1,38,123,11,28,0
2020/2021,alice,raymond mhlaba,amathole,26.83583,-32.79033,190,7,191,10,3,0,63,194,5,86,36,15,6,15,162,9,21,80,12,34,15,17,0,77,4,41,1,9,70,5,36,1
2021/2022,alice,raymond mhlaba,amathole,26.83583,-32.79033,208,6,282,11,8,0,63,187,2,114,60,29,8,42,93,3,23,87,22,41,17,13,0,70,3,56,0,20,70,18,40,0
2022/2023,alice,raymond mhlaba,amathole,26.83583,-32.79033,226,6,285,19,9,0,86,245,3,73,51,26,6,9,89,20,23,120,34,37,28,11,1,102,4,50,0,16,73,17,45,0
2023/2024,alice,amathole district,amathole district,26.83583,-32.79033,0,0,0,0,0,0,0,216,8,0,0,0,0,0,0,0,0,0,0,0,0,24,0,0,0,0,0,0,0,10,44,0
2024/2025,alice,amathole district,amathole district,26.83583,-32.79033,0,0,0,0,0,0,0,220,4,0,0,0,0,0,0,0,0,0,0,0,0,21,0,0,0,0,0,0,0,6,45,0
2008/2009,alicedale,makana,sarah baartman,26.08514,-33.31668,23,1,54,2,2,0,7,17,0,2,37,3,7,5,8,1,1,18,2,2,0,0,0,0,0,5,0,1,15,1,7,0
2009/2010,alicedale,makana,sarah baartman,26.08514,-33.31668,23,0,33,6,2,0,9,33,0,0,31,1,6,4,4,1,1,18,1,5,2,2,0,5,0,7,0,1,11,2,4,0
2010/2011,alicedale,makana,sarah baartman,26.08514,-33.31668,22,0,43,1,1,0,7,30,0,0,36,0,6,3,11,0,1,10,1,2,0,0,0,0,0,3,0,1,8,1,10,0
2011/2012,alicedale,makana,sarah baartman,26.08514,-33.31668,24,1,31,0,0,0,10,23,0,3,27,0,6,1,15,0,1,5,1,8,1,0,0,1,0,8,0,1,11,0,11,0
2012/2013,alicedale,makana,sarah baartman,26.08514,-33.31668,17,0,23,1,1,0,4,18,0,1,35,0,6,2,18,0,1,7,0,5,0,2,0,2,0,6,0,0,9,1,8,0
2013/2014,alicedale,makana,sarah baartman,26.08514,-33.31668,13,0,29,1,1,0,4,20,0,0,27,1,6,4,8,0,13,11,0,1,1,0,0,1,0,2,0,0,4,0,3,0
2014/2015,alicedale,makana,sarah baartman,26.08514,-33.31668,11,1,14,0,0,0,3,13,0,0,23,1,6,2,7,0,13,5,0,3,1,0,0,1,0,3,0,0,2,0,0,0
2015/2016,alicedale,makana,sarah baartman,26.08514,-33.31668,16,0,28,1,0,0,6,12,0,0,44,0,6,0,7,0,13,4,2,5,1,0,0,1,1,6,0,0,3,1,0,0
2016/2017,alicedale,makana,sarah baartman,26.08514,-33.31668,22,0,22,0,0,0,9,28,0,2,27,1,6,0,14,0,13,6,1,3,0,1,0,2,0,3,0,0,5,0,4,0
2017/2018,alicedale,makana,sarah baartman,26.08514,-33.31668,11,0,15,0,0,0,4,16,0,0,17,0,6,1,17,0,13,4,1,1,0,0,0,0,0,1,0,0,3,0,2,0
2018/2019,alicedale,makana,sarah baartman,26.08514,-33.31668,11,0,23,0,0,0,5,14,0,1,21,0,6,0,7,0,13,1,2,2,0,0,0,0,0,2,0,0,6,1,2,0
2019/2020,alicedale,makana,sarah baartman,26.08514,-33.31668,12,0,23,1,0,0,8,12,0,0,62,0,6,1,4,0,13,9,2,2,0,2,0,4,2,4,0,0,11,0,0,0
2020/2021,alicedale,makana,sarah baartman,26.08514,-33.31668,23,1,18,0,0,0,10,26,0,0,38,2,7,0,4,1,12,9,1,2,0,0,0,1,0,3,0,0,8,0,0,1
2021/2022,alicedale,makana,sarah baartman,26.08514,-33.31668,29,2,13,1,0,0,4,19,0,0,26,1,6,0,10,0,12,12,0,2,0,1,0,1,2,4,0,0,1,0,1,0
2022/2023,alicedale,makana,sarah baartman,26.08514,-33.31668,15,0,20,0,0,0,1,19,0,1,31,1,6,1,4,0,12,7,1,4,1,0,0,1,3,7,0,0,1,0,2,0
2023/2024,alicedale,sarah baartman district,sarah baartman district,26.08514,-33.31668,0,0,0,0,0,0,0,16,0,0,0,0,0,0,0,0,0,0,0,0,0,1,0,0,0,0,0,0,0,0,2,0
2024/2025,alicedale,sarah baartman district,sarah baartman district,26.08514,-33.31668,0,0,0,0,0,0,0,20,0,0,0,0,0,0,0,0,0,0,0,0,0,0,0,0,0,0,0,0,0,0,0,0
2008/2009,aliwal north,walter sisulu,joe gqabi,26.71103,-30.68748,217,4,230,0,11,0,80,83,0,36,88,24,5,76,45,0,1,64,9,20,4,3,0,38,7,41,0,75,38,10,29,0
2009/2010,aliwal north,walter sisulu,joe gqabi,26.71103,-30.68748,141,3,248,4,9,0,58,113,1,24,87,24,7,120,46,0,1,45,6,14,2,0,2,22,3,27,0,93,36,7,17,0
2010/2011,aliwal north,walter sisulu,joe gqabi,26.71103,-30.68748,164,1,209,0,7,0,53,93,0,34,92,16,6,31,45,2,1,52,5,18,6,3,0,41,1,26,0,64,43,23,40,0
2011/2012,aliwal north,walter sisulu,joe gqabi,26.71103,-30.68748,175,2,200,3,4,0,48,123,0,27,94,29,7,38,111,4,1,35,7,30,6,1,0,30,8,43,0,66,50,29,23,0
2012/2013,aliwal north,walter sisulu,joe gqabi,26.71103,-30.68748,166,5,171,0,2,0,44,108,1,54,62,17,7,109,73,6,1,39,6,26,2,2,1,27,7,36,1,79,32,23,26,0
2013/2014,aliwal north,walter sisulu,joe gqabi,26.71103,-30.68748,142,3,136,1,2,0,36,116,0,43,70,19,6,63,122,5,13,41,7,24,4,2,0,20,3,29,0,83,42,25,26,0
2014/2015,aliwal north,walter sisulu,joe gqabi,26.71103,-30.68748,186,3,176,1,7,0,63,100,0,23,83,17,4,65,124,1,13,44,5,20,1,2,0,21,3,32,1,75,45,17,41,0
2015/2016,aliwal north,walter sisulu,joe gqabi,26.71103,-30.68748,205,1,140,0,2,0,69,141,1,37,70,23,6,37,90,1,13,50,6,22,4,2,0,33,1,25,0,74,47,15,71,0
2016/2017,aliwal north,walter sisulu,joe gqabi,26.71103,-30.68748,185,4,146,3,2,0,40,114,2,34,66,17,6,40,122,4,12,28,5,30,4,0,0,29,4,36,0,58,51,7,83,0
2017/2018,aliwal north,walter sisulu,joe gqabi,26.71103,-30.68748,208,5,123,1,1,0,48,112,2,31,88,18,6,44,121,4,13,35,6,24,4,4,0,37,4,29,0,43,40,7,63,0
2018/2019,aliwal north,walter sisulu,joe gqabi,26.71103,-30.68748,223,2,134,2,1,0,54,157,0,44,108,20,6,81,67,2,21,45,11,19,3,2,0,37,10,30,0,74,39,17,78,0
2019/2020,aliwal north,walter sisulu,joe gqabi,26.71103,-30.68748,188,3,136,3,1,0,40,112,0,57,82,20,6,51,68,1,13,47,10,18,0,2,0,28,3,22,0,65,40,8,59,0
2020/2021,aliwal north,walter sisulu,joe gqabi,26.71103,-30.68748,198,1,104,8,0,0,54,83,0,90,98,10,6,14,39,1,12,60,8,18,1,1,0,35,5,23,0,52,42,11,54,0
2021/2022,aliwal north,walter sisulu,joe gqabi,26.71103,-30.68748,225,2,162,10,2,0,50,164,0,82,103,15,7,64,46,0,23,73,9,36,5,0,0,35,8,47,0,29,43,4,94,0
2022/2023,aliwal north,walter sisulu,joe gqabi,26.71103,-30.68748,282,6,184,14,2,0,103,202,2,105,119,15,7,25,60,4,14,85,4,17,5,0,0,57,4,24,0,45,42,2,89,0
2023/2024,aliwal north,joe gqabi district,joe gqabi district,26.71103,-30.68748,0,0,0,0,0,0,0,153,1,0,0,0,0,0,0,0,0,0,0,0,0,1,0,0,0,0,0,0,0,4,96,0
2024/2025,aliwal north,joe gqabi district,joe gqabi district,26.71103,-30.68748,0,0,0,0,0,0,0,133,1,0,0,0,0,0,0,0,0,0,0,0,0,2,0,0,0,0,0,0,0,2,83,0
2008/2009,allanridge,matjhabeng,lejweleputswa,26.64818,-27.75013,127,0,122,4,2,0,24,112,0,4,111,19,7,4,21,1,1,55,14,33,2,3,0,14,5,41,0,0,3,1,12,0
2009/2010,allanridge,matjhabeng,lejweleputswa,26.64818,-27.75013,120,0,142,4,0,0,25,82,0,4,112,23,6,5,14,3,1,46,5,22,0,1,0,11,5,27,0,1,7,3,10,0
2010/2011,allanridge,matjhabeng,lejweleputswa,26.64818,-27.75013,89,1,119,6,0,0,25,95,0,6,87,13,7,6,17,0,1,43,5,25,7,2,0,20,7,33,0,0,5,0,12,0
2011/2012,allanridge,matjhabeng,lejweleputswa,26.64818,-27.75013,132,2,130,4,0,0,27,87,0,1,86,11,7,19,36,2,1,57,4,17,3,3,0,15,6,24,0,0,9,2,21,0
2012/2013,allanridge,matjhabeng,lejweleputswa,26.64818,-27.75013,106,2,140,5,0,0,25,92,0,1,95,10,6,9,54,0,1,44,8,38,5,1,0,13,9,47,0,0,4,3,17,0
2013/2014,allanridge,matjhabeng,lejweleputswa,26.64818,-27.75013,127,0,141,3,0,0,20,69,1,3,105,10,7,10,58,2,14,54,7,28,3,1,0,16,2,31,0,0,6,4,20,0
2014/2015,allanridge,matjhabeng,lejweleputswa,26.64818,-27.75013,113,2,128,6,4,0,18,70,1,5,102,15,6,7,80,1,12,56,6,26,6,1,0,24,7,37,0,0,4,4,32,0
2015/2016,allanridge,matjhabeng,lejweleputswa,26.64818,-27.75013,110,1,122,3,6,0,27,56,1,1,122,12,7,12,62,0,12,55,6,21,4,1,0,10,3,31,1,0,8,7,13,0
2016/2017,allanridge,matjhabeng,lejweleputswa,26.64818,-27.75013,115,0,128,4,2,0,26,52,1,8,137,9,4,21,75,5,12,39,2,31,6,2,0,18,7,42,0,0,5,4,9,0
2017/2018,allanridge,matjhabeng,lejweleputswa,26.64818,-27.75013,64,1,110,2,1,0,12,64,0,6,73,13,6,11,80,5,13,38,9,24,6,3,0,14,4,29,0,0,7,3,5,0
2018/2019,allanridge,matjhabeng,lejweleputswa,26.64818,-27.75013,64,3,81,11,2,0,12,85,0,6,84,17,6,15,48,3,13,27,12,36,11,10,0,38,2,40,0,0,9,0,2,0
2019/2020,allanridge,matjhabeng,lejweleputswa,26.64818,-27.75013,62,2,93,6,0,0,11,48,1,6,69,5,6,3,11,7,13,15,10,18,10,6,0,31,6,24,0,0,12,6,5,1
2020/2021,allanridge,matjhabeng,lejweleputswa,26.64818,-27.75013,48,0,47,3,1,0,17,42,1,12,72,7,6,6,12,2,13,20,5,15,3,4,0,12,4,20,0,0,10,4,8,0
2021/2022,allanridge,matjhabeng,lejweleputswa,26.64818,-27.75013,83,1,80,7,0,0,15,74,1,9,110,4,6,6,10,0,14,22,3,17,8,0,0,19,11,28,0,0,12,3,8,0
2022/2023,allanridge,matjhabeng,lejweleputswa,26.64818,-27.75013,124,3,72,20,2,0,20,89,0,8,83,8,6,7,14,2,12,34,7,18,11,3,0,30,4,24,0,0,7,1,10,0
2023/2024,allanridge,lejweleputswa district,lejweleputswa district,26.64818,-27.75013,0,0,0,0,0,0,0,61,0,0,0,0,0,0,0,0,0,0,0,0,0,4,0,0,0,0,0,0,0,2,11,0
2024/2025,allanridge,lejweleputswa district,lejweleputswa district,26.64818,-27.75013,0,0,0,0,0,0,0,57,0,0,0,0,0,0,0,0,0,0,0,0,0,3,0,0,0,0,0,0,0,1,20,0
2008/2009,alldays,musina,vhembe,29.10417,-22.68226,41,0,27,2,0,0,11,10,0,4,16,1,7,4,3,0,1,10,1,4,0,0,0,0,0,5,0,1,18,0,2,0
2009/2010,alldays,musina,vhembe,29.10417,-22.68226,53,1,29,2,0,0,11,18,0,5,31,1,6,3,3,1,1,12,1,7,1,1,0,4,1,8,0,0,20,0,3,0
2010/2011,alldays,musina,vhembe,29.10417,-22.68226,45,3,43,2,2,0,7,20,0,0,17,1,6,2,6,2,1,8,1,2,0,0,0,1,0,4,0,0,20,0,6,0
2011/2012,alldays,musina,vhembe,29.10417,-22.68226,64,1,58,3,0,0,3,14,0,2,22,3,4,2,3,1,1,12,0,4,0,2,0,3,0,6,0,0,12,0,5,0
2012/2013,alldays,musina,vhembe,29.10417,-22.68226,47,1,36,1,1,0,5,18,0,6,36,1,6,4,9,1,1,15,1,4,1,0,0,2,0,5,0,0,15,0,2,0
2013/2014,alldays,musina,vhembe,29.10417,-22.68226,43,0,21,0,0,0,5,20,0,5,28,2,7,0,13,5,13,23,0,4,2,2,0,4,2,7,1,0,22,1,2,0
2014/2015,alldays,musina,vhembe,29.10417,-22.68226,45,1,24,0,1,0,16,29,0,4,17,2,6,11,24,2,13,11,2,4,1,1,0,3,2,7,1,1,32,4,2,0
2015/2016,alldays,musina,vhembe,29.10417,-22.68226,53,0,23,3,0,0,19,20,0,4,21,3,6,0,13,1,13,15,1,2,0,0,0,1,0,2,1,0,24,4,5,0
2016/2017,alldays,musina,vhembe,29.10417,-22.68226,55,0,32,0,0,0,17,25,1,8,15,2,6,3,19,0,12,19,1,3,1,1,0,3,0,3,2,0,18,1,4,0
2017/2018,alldays,musina,vhembe,29.10417,-22.68226,58,0,21,0,1,0,15,23,0,1,24,1,6,2,20,0,13,16,0,2,0,3,0,5,1,4,0,1,10,0,4,0
2018/2019,alldays,musina,vhembe,29.10417,-22.68226,53,0,18,2,0,0,17,23,0,7,14,2,6,1,13,17,13,18,0,2,2,3,0,6,0,2,0,1,18,0,1,0
2019/2020,alldays,musina,vhembe,29.10417,-22.68226,39,0,25,2,0,0,7,14,0,4,22,2,6,1,0,0,13,24,0,3,1,0,0,2,0,3,0,2,12,0,5,0
2020/2021,alldays,musina,vhembe,29.10417,-22.68226,40,0,17,1,0,0,10,15,0,4,9,2,7,0,1,0,13,26,0,5,1,1,0,2,0,6,0,4,29,0,1,0
2021/2022,alldays,musina,vhembe,29.10417,-22.68226,45,0,19,1,0,0,6,15,0,9,12,1,6,3,4,2,13,21,0,4,1,3,0,5,0,4,1,1,41,0,0,0
2022/2023,alldays,musina,vhembe,29.10417,-22.68226,39,0,22,6,0,0,13,14,1,6,10,0,6,1,5,1,13,43,0,7,0,8,0,10,1,8,0,3,15,4,3,0
2023/2024,alldays,capricorn district,capricorn district,29.10417,-22.68226,0,0,0,0,0,0,0,5,1,0,0,0,0,0,0,0,0,0,0,0,0,3,0,0,0,0,0,0,0,1,6,0
2024/2025,alldays,capricorn district,capricorn district,29.10417,-22.68226,0,0,0,0,0,0,0,18,0,0,0,0,0,0,0,0,0,0,0,0,0,1,0,0,0,0,0,0,0,2,4,0
2008/2009,amalia,mamusa,dr ruth segomotsi mompati,25.05068,-27.24996,46,2,51,2,3,0,3,46,0,0,19,2,6,2,6,0,1,16,2,6,0,1,0,6,0,9,0,2,25,0,4,0
2009/2010,amalia,mamusa,dr ruth segomotsi mompati,25.05068,-27.24996,54,1,43,2,2,0,4,25,0,2,18,1,5,3,7,0,1,15,0,13,6,2,0,10,0,18,0,0,27,1,4,0
2010/2011,amalia,mamusa,dr ruth segomotsi mompati,25.05068,-27.24996,49,3,41,1,0,0,7,20,0,4,13,4,6,1,5,1,1,17,1,7,4,1,0,5,1,8,0,0,39,1,0,0
2011/2012,amalia,mamusa,dr ruth segomotsi mompati,25.05068,-27.24996,43,2,43,2,0,0,5,22,0,0,12,3,6,0,1,0,1,13,0,5,5,1,0,9,0,5,0,0,16,0,1,0
2012/2013,amalia,mamusa,dr ruth segomotsi mompati,25.05068,-27.24996,40,3,49,2,0,0,5,28,0,0,11,1,6,0,1,0,1,6,2,11,1,0,0,2,0,11,0,0,20,1,1,0
2013/2014,amalia,mamusa,dr ruth segomotsi mompati,25.05068,-27.24996,46,3,60,3,0,0,5,43,0,3,14,7,6,0,8,1,13,11,1,5,1,3,0,6,0,5,0,0,22,2,5,1
2014/2015,amalia,mamusa,dr ruth segomotsi mompati,25.05068,-27.24996,31,1,42,3,1,0,5,27,0,0,10,1,7,2,6,2,13,8,5,5,1,1,0,2,0,7,0,0,23,1,4,0
2015/2016,amalia,mamusa,dr ruth segomotsi mompati,25.05068,-27.24996,21,2,42,2,0,0,10,44,0,0,17,1,7,0,10,2,13,11,0,2,1,3,0,5,2,5,0,0,35,0,3,0
2016/2017,amalia,mamusa,dr ruth segomotsi mompati,25.05068,-27.24996,26,0,35,3,1,0,6,47,0,3,14,3,7,0,14,1,13,6,1,3,3,1,0,4,2,7,0,1,55,1,2,0
2017/2018,amalia,mamusa,dr ruth segomotsi mompati,25.05068,-27.24996,20,0,59,2,0,0,1,32,0,0,17,6,6,1,11,1,13,15,3,4,2,2,0,6,4,8,0,0,26,2,2,0
2018/2019,amalia,mamusa,dr ruth segomotsi mompati,25.05068,-27.24996,24,1,45,1,0,0,3,19,0,1,11,2,6,2,5,0,12,13,1,6,3,0,0,5,0,6,0,0,15,1,0,0
2019/2020,amalia,mamusa,dr ruth segomotsi mompati,25.05068,-27.24996,16,0,39,0,0,0,6,21,1,3,14,2,6,0,1,0,13,8,0,5,2,1,0,5,1,6,0,0,38,0,1,0
2020/2021,amalia,mamusa,dr ruth segomotsi mompati,25.05068,-27.24996,19,3,42,2,0,0,13,34,0,1,14,3,6,0,1,0,13,8,2,5,2,2,0,5,0,5,0,0,30,1,1,0
2021/2022,amalia,mamusa,dr ruth segomotsi mompati,25.05068,-27.24996,16,1,35,6,0,0,5,27,1,2,12,5,6,0,3,1,12,10,2,3,0,0,0,3,1,4,0,1,33,0,3,0
2022/2023,amalia,mamusa,dr ruth segomotsi mompati,25.05068,-27.24996,9,1,25,1,1,0,4,17,0,2,16,2,7,0,4,3,12,2,0,8,0,0,0,0,1,11,0,0,18,0,0,0
2023/2024,amalia,dr ruth segomotsi mompati district,dr ruth segomotsi mompati district,25.05068,-27.24996,0,0,0,0,0,0,0,9,0,0,0,0,0,0,0,0,0,0,0,0,0,1,0,0,0,0,0,0,0,0,0,0
2024/2025,amalia,dr ruth segomotsi mompati district,dr ruth segomotsi mompati district,25.05068,-27.24996,0,0,0,0,0,0,0,8,0,0,0,0,0,0,0,0,0,0,0,0,0,0,0,0,0,0,0,0,0,1,2,0
2008/2009,amangwe,inkosi langalibalele,uthukela,29.61758,-28.94127,19,9,55,22,0,0,5,92,0,0,25,5,5,0,26,56,1,21,28,32,0,11,0,18,0,35,0,0,99,8,7,0
2009/2010,amangwe,inkosi langalibalele,uthukela,29.61758,-28.94127,20,5,57,21,0,0,15,100,0,4,47,9,5,1,17,50,1,30,24,32,1,14,0,21,2,37,0,0,125,4,6,0
2010/2011,amangwe,inkosi langalibalele,uthukela,29.61758,-28.94127,50,6,102,18,2,0,10,105,0,2,39,8,10,2,20,59,1,26,15,33,3,14,0,27,3,44,0,0,127,5,10,0
2011/2012,amangwe,inkosi langalibalele,uthukela,29.61758,-28.94127,42,8,64,22,1,0,21,107,0,3,44,10,11,4,33,65,1,17,16,39,1,20,0,35,0,48,1,0,110,2,12,0
2012/2013,amangwe,inkosi langalibalele,uthukela,29.61758,-28.94127,32,5,87,26,4,0,9,91,0,0,45,13,17,3,14,47,1,18,17,42,4,26,0,41,0,55,0,0,115,3,19,0
2013/2014,amangwe,inkosi langalibalele,uthukela,29.61758,-28.94127,92,1,68,38,2,0,11,103,1,1,21,16,4,1,35,61,21,17,7,29,8,12,0,33,1,34,0,0,130,3,18,0
2014/2015,amangwe,inkosi langalibalele,uthukela,29.61758,-28.94127,40,4,81,22,1,0,18,97,0,0,23,9,11,0,11,21,21,18,14,27,2,11,0,23,0,36,0,0,162,8,11,0
2015/2016,amangwe,inkosi langalibalele,uthukela,29.61758,-28.94127,60,4,99,25,1,0,18,105,0,1,32,10,8,2,46,30,21,17,21,42,5,19,0,33,1,48,0,0,151,7,22,0
2016/2017,amangwe,inkosi langalibalele,uthukela,29.61758,-28.94127,29,0,45,12,0,0,20,55,1,0,11,7,6,4,94,36,21,11,15,40,8,8,0,19,3,43,0,0,89,4,2,0
2017/2018,amangwe,inkosi langalibalele,uthukela,29.61758,-28.94127,15,3,53,50,0,0,14,62,1,2,18,2,8,19,141,59,23,20,39,31,10,7,0,24,4,39,0,0,107,2,3,0
2018/2019,amangwe,inkosi langalibalele,uthukela,29.61758,-28.94127,15,3,90,28,0,0,27,69,1,8,25,3,4,28,128,60,21,16,32,38,11,6,0,21,0,40,0,0,151,1,7,0
2019/2020,amangwe,inkosi langalibalele,uthukela,29.61758,-28.94127,19,5,86,37,0,0,34,50,5,15,23,6,8,27,98,50,21,14,44,34,3,11,0,31,4,42,0,0,182,1,2,0
2020/2021,amangwe,inkosi langalibalele,uthukela,29.61758,-28.94127,42,5,85,39,1,0,33,48,1,7,24,5,10,23,2,64,12,12,53,29,9,12,0,32,0,36,0,0,187,5,2,0
2021/2022,amangwe,inkosi langalibalele,uthukela,29.61758,-28.94127,34,4,80,46,2,0,48,71,2,10,26,12,8,23,2,66,17,28,75,57,9,45,0,74,10,73,0,1,201,1,3,0
2022/2023,amangwe,inkosi langalibalele,uthukela,29.61758,-28.94127,25,2,87,48,0,0,40,68,1,10,35,7,5,13,1,89,23,36,42,61,6,34,0,65,8,72,0,0,182,7,2,0
2023/2024,amangwe,uthukela district,uthukela district,29.61758,-28.94127,0,0,0,0,0,0,0,44,2,0,0,0,0,0,0,0,0,0,0,0,0,26,0,0,0,0,0,0,0,4,1,0
2024/2025,amangwe,uthukela district,uthukela district,29.61758,-28.94127,0,0,0,0,0,0,0,51,1,0,0,0,0,0,0,0,0,0,0,0,0,9,0,0,0,0,0,0,0,1,4,0
2008/2009,amanzimtoti,ethekwini,ethekwini,30.88011,-30.05182,621,4,69,14,4,0,85,589,63,121,136,91,36,457,348,28,1,161,16,36,22,54,0,205,10,66,0,169,5,298,184,0
2009/2010,amanzimtoti,ethekwini,ethekwini,30.88011,-30.05182,663,4,66,25,4,0,106,541,62,199,174,70,10,549,304,41,1,194,21,39,13,40,0,218,8,57,0,284,5,345,235,0
2010/2011,amanzimtoti,ethekwini,ethekwini,30.88011,-30.05182,611,0,64,17,2,0,58,555,35,212,157,62,18,619,383,36,1,186,15,44,13,27,2,166,12,69,0,350,10,272,205,3
2011/2012,amanzimtoti,ethekwini,ethekwini,30.88011,-30.05182,640,4,72,14,4,0,91,582,90,218,177,90,8,432,301,29,1,136,20,38,15,33,0,252,7,53,0,358,6,288,283,0
2012/2013,amanzimtoti,ethekwini,ethekwini,30.88011,-30.05182,563,3,62,28,2,0,113,914,80,206,133,77,4,496,229,23,1,148,13,34,15,47,0,251,11,49,0,387,3,318,283,1
2013/2014,amanzimtoti,ethekwini,ethekwini,30.88011,-30.05182,517,4,83,24,4,0,97,854,43,269,136,77,8,309,223,20,23,165,8,41,17,34,0,209,12,61,0,431,8,263,358,1
2014/2015,amanzimtoti,ethekwini,ethekwini,30.88011,-30.05182,531,6,68,18,1,0,68,633,33,196,95,48,6,143,224,6,3,125,30,32,13,43,0,179,6,39,1,429,16,275,264,1
2015/2016,amanzimtoti,ethekwini,ethekwini,30.88011,-30.05182,453,1,82,20,0,0,81,575,37,196,125,52,5,164,269,16,23,145,25,27,16,27,0,169,16,46,8,328,4,212,311,1
2016/2017,amanzimtoti,ethekwini,ethekwini,30.88011,-30.05182,461,5,82,18,1,0,95,533,42,260,117,36,6,165,310,19,22,126,17,24,21,33,0,186,10,35,3,227,8,215,190,0
2017/2018,amanzimtoti,ethekwini,ethekwini,30.88011,-30.05182,452,3,92,23,2,0,102,526,32,257,134,59,4,245,368,25,23,145,16,35,20,48,0,182,10,49,30,198,1,238,141,0
2018/2019,amanzimtoti,ethekwini,ethekwini,30.88011,-30.05182,491,13,91,21,3,0,116,504,42,336,124,28,8,330,232,24,14,115,13,30,10,52,0,206,12,49,52,218,3,259,136,1
2019/2020,amanzimtoti,ethekwini,ethekwini,30.88011,-30.05182,515,6,82,24,4,0,102,458,46,272,121,44,7,391,126,25,25,125,23,39,24,46,0,206,15,59,61,254,8,220,185,1
2020/2021,amanzimtoti,ethekwini,ethekwini,30.88011,-30.05182,441,6,75,17,0,0,115,464,26,275,129,41,7,24,52,13,2,112,17,32,22,22,0,156,11,44,4,264,3,185,145,2
2021/2022,amanzimtoti,ethekwini,ethekwini,30.88011,-30.05182,522,10,78,32,1,0,208,368,17,339,140,43,6,21,51,24,26,155,30,26,17,23,0,145,7,34,6,258,10,195,138,0
2022/2023,amanzimtoti,ethekwini,ethekwini,30.88011,-30.05182,515,1,88,33,2,0,65,373,40,321,151,53,6,35,102,9,51,132,33,33,35,35,1,211,11,46,1,265,1,166,141,2
2023/2024,amanzimtoti,ethekwini district,ethekwini district,30.88011,-30.05182,0,0,0,0,0,0,0,339,38,0,0,0,0,0,0,0,0,0,0,0,0,39,0,0,0,0,0,0,0,151,104,0
2024/2025,amanzimtoti,ethekwini district,ethekwini district,30.88011,-30.05182,0,0,0,0,0,0,0,300,30,0,0,0,0,0,0,0,0,0,0,0,0,28,0,0,0,0,0,0,0,114,122,0
2008/2009,amersfoort,dr pixley ka isaka seme,gert sibande,29.87218,-27.00869,164,4,111,2,8,0,24,186,1,6,173,38,7,11,5,1,1,72,8,26,10,3,0,29,0,35,0,9,242,12,27,2
2009/2010,amersfoort,dr pixley ka isaka seme,gert sibande,29.87218,-27.00869,147,8,101,11,7,0,40,225,0,9,215,34,4,21,12,4,1,78,8,24,7,4,1,24,1,34,0,2,218,19,24,0
2010/2011,amersfoort,dr pixley ka isaka seme,gert sibande,29.87218,-27.00869,130,1,99,2,0,0,20,212,0,11,197,46,4,12,17,2,1,70,10,26,7,8,0,18,2,30,0,12,216,20,38,0
2011/2012,amersfoort,dr pixley ka isaka seme,gert sibande,29.87218,-27.00869,156,3,82,2,0,0,17,178,0,10,162,23,7,29,66,10,1,63,10,22,14,7,0,22,2,25,0,10,169,26,15,1
2012/2013,amersfoort,dr pixley ka isaka seme,gert sibande,29.87218,-27.00869,149,3,74,4,2,0,23,159,0,13,149,28,10,23,67,2,1,45,6,34,18,9,0,28,1,43,0,8,137,10,27,0
2013/2014,amersfoort,dr pixley ka isaka seme,gert sibande,29.87218,-27.00869,229,3,97,3,4,0,50,182,3,10,142,39,7,25,82,7,17,66,8,17,22,9,0,41,3,25,0,4,132,12,45,2
2014/2015,amersfoort,dr pixley ka isaka seme,gert sibande,29.87218,-27.00869,230,0,85,3,4,0,49,244,0,12,157,41,8,26,92,3,13,80,5,26,13,12,0,28,1,35,0,3,120,10,36,1
2015/2016,amersfoort,dr pixley ka isaka seme,gert sibande,29.87218,-27.00869,247,4,109,6,3,0,76,184,0,15,185,34,6,23,106,6,12,71,6,20,13,9,0,36,1,24,1,8,111,10,55,0
2016/2017,amersfoort,dr pixley ka isaka seme,gert sibande,29.87218,-27.00869,189,1,87,7,7,0,46,183,0,12,205,29,7,30,118,2,25,93,6,33,12,7,0,26,2,43,0,11,136,4,37,0
2017/2018,amersfoort,dr pixley ka isaka seme,gert sibande,29.87218,-27.00869,193,3,107,4,0,0,48,179,0,18,189,28,4,21,82,14,21,58,11,24,8,12,0,39,3,29,0,7,173,7,26,1
2018/2019,amersfoort,dr pixley ka isaka seme,gert sibande,29.87218,-27.00869,97,0,45,3,1,0,26,71,0,5,111,12,4,23,88,3,12,35,5,9,5,0,0,6,0,12,0,2,84,1,27,0
2019/2020,amersfoort,dr pixley ka isaka seme,gert sibande,29.87218,-27.00869,85,0,44,3,0,0,16,48,1,4,78,12,6,26,65,1,13,29,3,7,1,0,0,11,1,8,0,1,46,4,19,0
2020/2021,amersfoort,dr pixley ka isaka seme,gert sibande,29.87218,-27.00869,107,0,38,0,0,0,8,67,2,19,88,6,6,12,9,0,21,42,2,8,1,0,0,8,3,11,0,1,54,4,9,0
2021/2022,amersfoort,dr pixley ka isaka seme,gert sibande,29.87218,-27.00869,84,1,47,7,0,0,11,30,0,14,102,11,7,21,3,5,13,34,3,12,6,1,0,11,4,17,0,1,63,4,16,0
2022/2023,amersfoort,dr pixley ka isaka seme,gert sibande,29.87218,-27.00869,99,4,31,1,0,0,24,75,0,13,115,11,6,4,9,2,14,47,6,7,5,3,0,14,2,9,0,0,61,1,24,1
2023/2024,amersfoort,gert sibande district,gert sibande district,29.87218,-27.00869,0,0,0,0,0,0,0,73,0,0,0,0,0,0,0,0,0,0,0,0,0,2,0,0,0,0,0,0,0,6,20,0
2024/2025,amersfoort,gert sibande district,gert sibande district,29.87218,-27.00869,0,0,0,0,0,0,0,63,0,0,0,0,0,0,0,0,0,0,0,0,0,9,0,0,0,0,0,0,0,0,18,0
2008/2009,amsterdam,mkhondo,gert sibande,30.66041,-26.62306,117,4,120,8,4,0,24,72,0,9,58,9,7,12,16,2,1,37,7,12,3,5,0,25,1,18,0,6,63,14,23,0
2009/2010,amsterdam,mkhondo,gert sibande,30.66041,-26.62306,165,1,99,10,3,0,18,86,0,4,84,18,6,6,27,7,1,41,4,8,8,4,0,19,2,13,0,6,60,15,33,0
2010/2011,amsterdam,mkhondo,gert sibande,30.66041,-26.62306,179,1,97,2,2,0,51,98,0,12,62,18,6,3,23,2,1,42,1,22,13,4,0,27,0,24,0,2,37,7,33,2
2011/2012,amsterdam,mkhondo,gert sibande,30.66041,-26.62306,110,1,106,3,4,0,24,119,4,13,65,20,6,3,25,0,1,47,5,17,4,3,0,20,1,22,0,6,75,16,27,0
2012/2013,amsterdam,mkhondo,gert sibande,30.66041,-26.62306,92,3,80,3,3,0,34,72,1,11,66,16,6,6,27,8,1,25,2,17,5,6,0,18,4,24,0,1,66,10,36,0
2013/2014,amsterdam,mkhondo,gert sibande,30.66041,-26.62306,80,2,86,6,4,0,35,83,3,13,56,10,7,4,31,3,13,27,3,13,6,2,0,22,3,21,1,3,66,12,30,0
2014/2015,amsterdam,mkhondo,gert sibande,30.66041,-26.62306,86,2,69,3,0,0,31,69,0,11,91,13,7,5,37,4,12,26,4,20,4,3,0,14,3,24,1,4,74,8,25,0
2015/2016,amsterdam,mkhondo,gert sibande,30.66041,-26.62306,68,1,72,1,1,0,36,48,0,18,74,10,6,2,60,5,13,32,6,13,7,3,0,12,5,19,0,3,44,6,14,0
2016/2017,amsterdam,mkhondo,gert sibande,30.66041,-26.62306,73,2,63,4,0,0,33,53,1,9,52,12,4,6,95,2,13,26,1,13,9,2,0,19,8,23,0,10,90,6,12,0
2017/2018,amsterdam,mkhondo,gert sibande,30.66041,-26.62306,55,3,91,8,1,0,22,50,0,21,47,12,4,12,94,2,21,38,7,24,7,3,0,21,7,34,0,9,68,4,17,0
2018/2019,amsterdam,mkhondo,gert sibande,30.66041,-26.62306,82,1,68,4,2,0,28,46,0,6,62,16,5,12,58,0,13,34,3,24,6,0,0,11,6,35,2,13,50,3,9,0
2019/2020,amsterdam,mkhondo,gert sibande,30.66041,-26.62306,61,3,87,9,0,0,23,49,0,22,49,12,4,21,44,0,14,39,6,19,4,4,0,20,5,26,0,13,64,6,18,0
2020/2021,amsterdam,mkhondo,gert sibande,30.66041,-26.62306,59,1,57,2,0,0,17,32,0,17,20,5,6,8,49,2,13,26,3,18,4,3,0,13,2,20,0,6,35,8,9,0
2021/2022,amsterdam,mkhondo,gert sibande,30.66041,-26.62306,74,2,81,0,1,0,23,42,0,13,47,14,5,11,28,0,12,30,1,21,4,3,0,13,2,27,0,3,26,2,23,0
2022/2023,amsterdam,mkhondo,gert sibande,30.66041,-26.62306,74,2,70,3,3,0,25,45,0,11,48,10,6,6,30,0,21,33,1,16,5,1,0,11,7,26,0,10,20,1,13,1
2023/2024,amsterdam,gert sibande district,gert sibande district,30.66041,-26.62306,0,0,0,0,0,0,0,41,0,0,0,0,0,0,0,0,0,0,0,0,0,4,0,0,0,0,0,0,0,2,17,0
2024/2025,amsterdam,gert sibande district,gert sibande district,30.66041,-26.62306,0,0,0,0,0,0,0,57,0,0,0,0,0,0,0,0,0,0,0,0,0,2,0,0,0,0,0,0,0,3,13,0
2008/2009,apel,fetakgomo tubatse,sekhukhune,29.78591,-24.42233,123,1,111,8,4,1,73,55,1,9,29,11,8,7,27,3,1,49,9,25,7,6,0,28,3,36,0,5,42,3,7,0
2009/2010,apel,fetakgomo tubatse,sekhukhune,29.78591,-24.42233,124,2,136,9,6,0,75,45,2,5,32,12,8,11,42,3,1,65,7,24,3,4,0,16,2,36,0,8,37,6,8,0
2010/2011,apel,fetakgomo tubatse,sekhukhune,29.78591,-24.42233,96,0,127,13,2,0,65,48,5,17,52,12,9,11,43,8,1,67,6,19,17,7,0,33,0,26,0,12,30,3,11,0
2011/2012,apel,fetakgomo tubatse,sekhukhune,29.78591,-24.42233,126,2,105,17,2,0,85,57,2,21,52,19,7,6,10,10,1,81,5,26,12,8,0,29,0,29,0,6,31,4,13,0
2012/2013,apel,fetakgomo tubatse,sekhukhune,29.78591,-24.42233,127,3,103,5,1,0,112,45,5,26,43,17,12,21,53,9,1,82,9,24,10,3,0,23,1,33,18,5,29,6,18,0
2013/2014,apel,fetakgomo tubatse,sekhukhune,29.78591,-24.42233,166,4,100,11,2,0,111,94,6,29,66,23,7,17,109,8,21,76,8,25,29,6,0,44,1,29,7,8,26,8,19,0
2014/2015,apel,fetakgomo tubatse,sekhukhune,29.78591,-24.42233,154,7,109,9,4,0,92,89,3,18,54,26,6,54,150,2,13,78,7,11,45,16,0,68,5,20,6,6,28,9,13,0
2015/2016,apel,fetakgomo tubatse,sekhukhune,29.78591,-24.42233,127,7,129,19,5,0,112,63,7,32,53,25,7,54,173,6,21,122,18,26,29,7,0,58,3,35,1,17,29,9,14,0
2016/2017,apel,fetakgomo tubatse,sekhukhune,29.78591,-24.42233,164,8,131,12,1,0,136,122,7,33,54,27,7,87,230,1,23,73,14,17,31,9,1,60,5,24,1,9,22,14,14,0
2017/2018,apel,fetakgomo tubatse,sekhukhune,29.78591,-24.42233,150,3,127,12,0,0,107,73,9,30,66,38,7,103,282,7,17,90,14,19,28,12,0,78,3,23,0,20,40,10,10,0
2018/2019,apel,fetakgomo tubatse,sekhukhune,29.78591,-24.42233,161,2,101,18,1,0,111,48,5,24,61,21,7,121,196,5,21,127,10,37,39,4,0,67,4,43,0,12,51,1,18,0
2019/2020,apel,fetakgomo tubatse,sekhukhune,29.78591,-24.42233,116,4,89,15,0,0,94,61,4,25,52,25,6,135,30,14,13,82,13,22,39,5,0,69,7,29,0,15,23,9,10,0
2020/2021,apel,fetakgomo tubatse,sekhukhune,29.78591,-24.42233,105,2,77,11,2,0,78,158,3,39,51,18,6,63,43,8,23,78,8,30,37,7,0,64,4,36,3,9,25,3,16,0
2021/2022,apel,fetakgomo tubatse,sekhukhune,29.78591,-24.42233,99,2,112,11,1,0,96,80,7,19,57,29,6,27,36,4,12,79,10,31,33,6,2,80,7,39,1,30,34,10,10,1
2022/2023,apel,fetakgomo tubatse,sekhukhune,29.78591,-24.42233,199,2,136,15,0,0,114,91,8,59,82,31,6,4,25,5,14,94,8,33,25,9,0,74,8,41,1,25,49,5,8,2
2023/2024,apel,sekhukhune district,sekhukhune district,29.78591,-24.42233,0,0,0,0,0,0,0,66,9,0,0,0,0,0,0,0,0,0,0,0,0,8,0,0,0,0,0,0,0,5,7,0
2024/2025,apel,sekhukhune district,sekhukhune district,29.78591,-24.42233,0,0,0,0,0,0,0,64,4,0,0,0,0,0,0,0,0,0,0,0,0,16,0,0,0,0,0,0,0,6,9,0
2008/2009,arlington,nketoana,thabo mofutsanyane,27.85058,-28.02889,27,1,27,0,0,0,1,25,0,0,33,6,6,3,21,0,1,12,2,1,0,0,0,2,2,3,0,0,17,0,1,1
2009/2010,arlington,nketoana,thabo mofutsanyane,27.85058,-28.02889,16,0,19,1,0,0,6,18,0,2,37,1,6,2,14,0,1,8,2,1,0,0,0,1,0,1,0,0,9,0,2,1
2010/2011,arlington,nketoana,thabo mofutsanyane,27.85058,-28.02889,17,0,19,0,0,0,6,30,0,5,32,0,7,2,7,0,1,5,0,5,1,0,0,1,2,8,0,0,6,0,1,0
2011/2012,arlington,nketoana,thabo mofutsanyane,27.85058,-28.02889,27,0,16,0,1,0,0,15,0,2,34,0,6,3,16,0,1,9,0,0,1,0,0,1,0,1,0,0,8,0,1,0
2012/2013,arlington,nketoana,thabo mofutsanyane,27.85058,-28.02889,13,2,15,0,3,0,5,22,0,0,16,0,6,3,25,0,1,5,0,3,0,1,0,1,2,8,0,0,15,1,0,0
2013/2014,arlington,nketoana,thabo mofutsanyane,27.85058,-28.02889,14,2,7,0,0,0,3,12,0,1,25,0,6,7,30,0,13,8,0,3,0,2,0,2,2,5,0,0,15,4,1,0
2014/2015,arlington,nketoana,thabo mofutsanyane,27.85058,-28.02889,20,0,15,0,1,0,3,11,0,0,10,0,6,4,33,0,13,6,2,1,1,0,0,1,1,3,0,0,15,5,1,0
2015/2016,arlington,nketoana,thabo mofutsanyane,27.85058,-28.02889,16,0,13,0,1,0,7,14,0,0,28,1,6,2,26,0,13,11,0,1,0,0,0,1,0,2,0,0,22,0,0,0
2016/2017,arlington,nketoana,thabo mofutsanyane,27.85058,-28.02889,5,0,12,0,0,0,1,4,0,4,13,0,6,4,18,1,13,5,0,4,1,1,0,2,1,5,0,0,18,0,0,0
2017/2018,arlington,nketoana,thabo mofutsanyane,27.85058,-28.02889,7,0,13,0,0,0,5,6,0,3,14,0,6,8,23,1,13,3,0,1,0,0,0,1,0,1,0,0,8,2,0,0
2018/2019,arlington,nketoana,thabo mofutsanyane,27.85058,-28.02889,24,0,10,0,0,0,8,8,0,0,12,1,6,16,21,1,13,9,1,3,0,0,0,1,1,4,0,0,15,0,0,1
2019/2020,arlington,nketoana,thabo mofutsanyane,27.85058,-28.02889,15,0,22,1,0,0,7,10,0,1,10,2,7,14,7,1,12,2,0,7,0,0,0,0,0,8,0,0,23,0,0,0
2020/2021,arlington,nketoana,thabo mofutsanyane,27.85058,-28.02889,16,0,21,0,1,0,4,9,0,2,19,0,6,4,11,1,13,7,1,4,3,0,0,3,0,5,0,0,30,0,2,0
2021/2022,arlington,nketoana,thabo mofutsanyane,27.85058,-28.02889,30,0,11,0,0,0,9,9,0,5,24,0,7,8,3,0,13,10,0,2,0,0,0,0,2,5,0,0,14,0,2,0
2022/2023,arlington,nketoana,thabo mofutsanyane,27.85058,-28.02889,12,0,21,0,1,0,9,12,0,4,22,1,6,5,16,1,13,10,1,5,0,0,0,0,0,6,0,0,25,0,1,0
2023/2024,arlington,thabo mofutsanyana district,thabo mofutsanyana district,27.85058,-28.02889,0,0,0,0,0,0,0,9,1,0,0,0,0,0,0,0,0,0,0,0,0,1,0,0,0,0,0,0,0,0,0,0
2024/2025,arlington,thabo mofutsanyana district,thabo mofutsanyana district,27.85058,-28.02889,0,0,0,0,0,0,0,7,0,0,0,0,0,0,0,0,0,0,0,0,0,0,0,0,0,0,0,0,0,2,1,0
2008/2009,ashton,langeberg,cape winelands,20.06699,-33.83361,60,0,106,1,0,0,28,51,0,4,86,8,7,24,152,1,1,28,5,23,0,0,0,7,6,30,0,10,4,2,14,0
2009/2010,ashton,langeberg,cape winelands,20.06699,-33.83361,111,2,156,3,0,0,21,51,0,2,177,11,4,42,144,1,1,51,10,27,0,1,0,5,9,38,0,2,5,4,23,0
2010/2011,ashton,langeberg,cape winelands,20.06699,-33.83361,128,2,140,1,4,0,27,54,0,6,137,12,8,121,163,0,1,51,13,32,6,1,0,13,8,48,0,3,6,7,21,1
2011/2012,ashton,langeberg,cape winelands,20.06699,-33.83361,157,4,151,3,0,0,18,80,0,4,196,11,4,60,186,0,1,84,7,40,3,1,0,7,8,50,0,1,5,2,45,0
2012/2013,ashton,langeberg,cape winelands,20.06699,-33.83361,146,5,152,1,2,0,43,81,0,3,168,11,7,65,195,1,1,67,5,25,2,5,0,7,12,40,0,3,3,6,47,0
2013/2014,ashton,langeberg,cape winelands,20.06699,-33.83361,197,1,166,1,0,0,35,103,0,6,197,6,4,43,242,0,12,89,9,26,2,1,0,6,8,36,0,1,1,4,36,0
2014/2015,ashton,langeberg,cape winelands,20.06699,-33.83361,190,3,153,1,2,0,50,107,0,9,168,13,7,56,260,2,12,69,8,25,8,2,0,12,13,41,0,4,4,7,37,0
2015/2016,ashton,langeberg,cape winelands,20.06699,-33.83361,175,1,152,2,0,0,49,130,0,10,156,17,6,47,217,3,12,78,7,11,4,0,0,10,5,16,0,3,6,8,60,0
2016/2017,ashton,langeberg,cape winelands,20.06699,-33.83361,200,4,146,1,1,0,55,90,0,9,137,6,6,51,279,4,13,95,7,19,7,1,0,10,3,23,0,2,5,2,76,0
2017/2018,ashton,langeberg,cape winelands,20.06699,-33.83361,211,3,125,0,0,0,39,89,0,10,117,8,7,49,428,6,21,77,6,9,5,2,0,15,4,14,1,2,2,2,39,0
2018/2019,ashton,langeberg,cape winelands,20.06699,-33.83361,176,5,138,2,0,0,27,104,0,7,121,12,6,43,200,1,12,84,8,8,2,1,0,6,3,11,0,0,3,3,87,0
2019/2020,ashton,langeberg,cape winelands,20.06699,-33.83361,180,3,125,2,0,0,31,128,1,15,153,8,6,49,83,1,12,88,7,20,12,0,0,21,3,23,1,9,3,2,69,0
2020/2021,ashton,langeberg,cape winelands,20.06699,-33.83361,178,3,134,4,1,0,16,115,0,15,157,13,5,16,22,0,13,96,5,11,6,2,0,18,3,18,1,3,6,0,38,0
2021/2022,ashton,langeberg,cape winelands,20.06699,-33.83361,194,7,157,2,0,0,36,107,0,15,144,10,6,45,41,0,13,92,8,10,5,2,0,17,5,15,0,2,5,3,34,1
2022/2023,ashton,langeberg,cape winelands,20.06699,-33.83361,222,2,127,4,2,0,28,139,0,23,157,9,5,69,32,0,21,73,13,12,10,2,0,20,8,25,0,1,8,0,31,0
2023/2024,ashton,cape winelands district,cape winelands district,20.06699,-33.83361,0,0,0,0,0,0,0,126,0,0,0,0,0,0,0,0,0,0,0,0,0,2,0,0,0,0,0,0,0,0,41,0
2024/2025,ashton,cape winelands district,cape winelands district,20.06699,-33.83361,0,0,0,0,0,0,0,118,0,0,0,0,0,0,0,0,0,0,0,0,0,2,0,0,0,0,0,0,0,1,30,0
2008/2009,assen,local municipality of madibeng,bojanala,27.60201,-25.16766,98,1,15,3,1,0,7,81,2,4,3,6,7,1,7,0,1,11,0,3,1,1,0,5,0,5,0,0,16,7,4,1
2009/2010,assen,local municipality of madibeng,bojanala,27.60201,-25.16766,108,0,10,1,1,0,7,61,1,1,6,5,7,2,4,2,1,14,1,5,5,5,0,17,0,7,0,0,5,12,4,2
2010/2011,assen,local municipality of madibeng,bojanala,27.60201,-25.16766,140,0,18,2,0,0,2,49,1,5,9,3,6,0,6,2,1,11,3,1,0,0,0,6,0,1,0,0,5,3,9,1
2011/2012,assen,local municipality of madibeng,bojanala,27.60201,-25.16766,108,1,14,1,0,0,8,48,0,4,4,0,6,2,16,2,1,19,3,4,0,3,0,8,2,6,0,0,12,6,8,0
2012/2013,assen,local municipality of madibeng,bojanala,27.60201,-25.16766,129,1,14,1,0,0,5,59,0,0,7,2,6,0,40,7,1,30,1,9,0,12,0,27,0,9,0,0,12,8,11,0
2013/2014,assen,local municipality of madibeng,bojanala,27.60201,-25.16766,107,1,42,8,0,0,3,40,0,3,9,1,6,2,103,2,12,10,5,3,0,8,0,12,0,3,0,0,19,8,12,0
2014/2015,assen,local municipality of madibeng,bojanala,27.60201,-25.16766,95,3,22,2,0,0,5,39,0,2,6,3,6,1,121,2,21,13,2,1,0,11,0,17,1,2,0,0,7,5,9,1
2015/2016,assen,local municipality of madibeng,bojanala,27.60201,-25.16766,68,2,21,5,0,0,2,35,0,1,7,3,6,1,115,0,12,11,0,3,0,2,0,4,0,3,0,0,10,5,4,0
2016/2017,assen,local municipality of madibeng,bojanala,27.60201,-25.16766,41,0,16,3,0,0,7,36,0,2,5,0,6,0,118,2,12,8,2,1,2,3,0,12,0,1,0,0,12,2,3,1
2017/2018,assen,local municipality of madibeng,bojanala,27.60201,-25.16766,33,0,17,4,1,0,12,36,1,1,9,1,6,1,139,1,13,3,0,4,2,4,0,12,1,6,0,0,13,0,4,0
2018/2019,assen,local municipality of madibeng,bojanala,27.60201,-25.16766,64,0,6,3,0,0,16,25,0,7,1,3,6,0,118,0,13,5,2,3,1,7,0,12,0,3,1,0,10,3,10,0
2019/2020,assen,local municipality of madibeng,bojanala,27.60201,-25.16766,44,0,13,1,0,0,3,19,0,2,3,2,6,15,72,2,13,2,0,3,0,2,0,4,0,3,23,0,3,2,11,0
2020/2021,assen,local municipality of madibeng,bojanala,27.60201,-25.16766,40,0,8,3,0,0,4,29,0,0,7,1,6,0,4,19,13,3,2,1,0,3,0,6,0,1,2,0,8,0,2,1
2021/2022,assen,local municipality of madibeng,bojanala,27.60201,-25.16766,55,1,15,3,1,0,3,30,0,5,11,1,7,12,30,11,13,4,1,2,1,1,0,5,0,4,19,0,9,3,5,0
2022/2023,assen,local municipality of madibeng,bojanala,27.60201,-25.16766,78,0,10,1,0,0,5,33,0,4,12,0,6,15,56,2,21,3,2,4,0,2,0,5,0,4,32,0,15,0,4,0
2023/2024,assen,bojanala district,bojanala district,27.60201,-25.16766,0,0,0,0,0,0,0,22,2,0,0,0,0,0,0,0,0,0,0,0,0,3,0,0,0,0,0,0,0,0,1,0
2024/2025,assen,bojanala district,bojanala district,27.60201,-25.16766,0,0,0,0,0,0,0,9,0,0,0,0,0,0,0,0,0,0,0,0,0,7,0,0,0,0,0,0,0,1,3,0
2008/2009,atamelang,tswaing,ngaka modiri molema,25.37052,-26.50534,37,3,141,1,2,0,41,67,0,5,31,9,7,2,31,2,1,40,6,53,5,2,0,19,0,56,0,2,58,3,3,0
2009/2010,atamelang,tswaing,ngaka modiri molema,25.37052,-26.50534,39,1,133,5,7,0,30,61,0,13,48,10,5,8,34,1,1,25,6,58,7,2,0,16,1,69,0,0,68,2,7,0
2010/2011,atamelang,tswaing,ngaka modiri molema,25.37052,-26.50534,40,5,118,4,4,0,29,41,0,1,31,8,7,4,27,2,1,20,10,39,19,4,0,24,4,48,0,1,43,2,4,0
2011/2012,atamelang,tswaing,ngaka modiri molema,25.37052,-26.50534,44,3,98,3,5,0,52,50,2,5,17,10,6,2,49,3,1,17,12,43,29,2,0,35,1,49,0,1,35,2,5,0
2012/2013,atamelang,tswaing,ngaka modiri molema,25.37052,-26.50534,36,3,101,2,6,0,39,44,0,2,28,8,6,5,69,8,1,25,3,44,13,5,0,22,1,51,0,0,26,1,3,0
2013/2014,atamelang,tswaing,ngaka modiri molema,25.37052,-26.50534,28,2,107,3,2,0,34,40,0,0,25,8,6,4,98,3,13,18,4,26,15,6,0,23,0,28,0,0,35,3,4,0
2014/2015,atamelang,tswaing,ngaka modiri molema,25.37052,-26.50534,31,1,117,1,1,0,58,34,0,3,20,6,7,3,57,7,12,28,11,40,18,4,0,25,0,42,0,0,36,2,7,0
2015/2016,atamelang,tswaing,ngaka modiri molema,25.37052,-26.50534,36,1,126,2,2,0,36,46,0,0,17,9,7,4,63,4,13,22,7,38,21,1,0,29,1,42,0,0,26,2,1,0
2016/2017,atamelang,tswaing,ngaka modiri molema,25.37052,-26.50534,20,0,86,3,1,0,47,31,1,0,15,9,7,0,91,5,17,16,12,39,16,6,0,32,0,41,0,0,38,0,4,0
2017/2018,atamelang,tswaing,ngaka modiri molema,25.37052,-26.50534,15,4,121,3,2,0,54,55,0,1,23,4,7,1,102,9,23,14,9,38,13,2,0,22,2,43,0,0,42,6,0,0
2018/2019,atamelang,tswaing,ngaka modiri molema,25.37052,-26.50534,33,2,99,3,3,0,47,63,3,2,34,11,6,2,56,2,12,21,10,39,27,5,0,43,3,45,0,0,72,4,2,0
2019/2020,atamelang,tswaing,ngaka modiri molema,25.37052,-26.50534,33,3,114,3,2,0,61,50,0,4,28,7,6,3,12,2,21,26,6,36,9,8,0,17,0,38,0,0,44,1,4,0
2020/2021,atamelang,tswaing,ngaka modiri molema,25.37052,-26.50534,17,2,80,1,2,0,20,30,0,4,36,1,6,3,18,0,14,26,4,30,11,4,0,18,2,34,0,0,43,0,4,0
2021/2022,atamelang,tswaing,ngaka modiri molema,25.37052,-26.50534,22,3,98,4,3,0,31,38,0,134,34,5,6,6,22,5,12,14,5,34,16,1,0,26,2,39,0,0,59,1,3,0
2022/2023,atamelang,tswaing,ngaka modiri molema,25.37052,-26.50534,22,2,89,5,1,0,22,46,3,38,36,4,6,2,5,1,13,35,5,21,26,8,0,41,5,27,0,0,34,1,1,0
2023/2024,atamelang,ngaka modiri molema district,ngaka modiri molema district,25.37052,-26.50534,0,0,0,0,0,0,0,38,2,0,0,0,0,0,0,0,0,0,0,0,0,3,0,0,0,0,0,0,0,1,2,0
2024/2025,atamelang,ngaka modiri molema district,ngaka modiri molema district,25.37052,-26.50534,0,0,0,0,0,0,0,37,0,0,0,0,0,0,0,0,0,0,0,0,0,3,0,0,0,0,0,0,0,0,5,0
2008/2009,athlone,city of cape town,city of cape town,18.50724,-33.96157,1447,5,185,25,2,1,103,450,24,296,352,274,32,134,519,30,1,378,16,33,14,2,0,237,24,71,0,844,0,307,771,3
2009/2010,athlone,city of cape town,city of cape town,18.50724,-33.96157,1385,6,222,51,3,0,166,581,7,317,453,262,29,94,736,29,1,450,20,42,19,8,2,215,19,86,0,707,0,268,819,2
2010/2011,athlone,city of cape town,city of cape town,18.50724,-33.96157,1474,8,178,48,3,0,142,617,10,236,401,227,36,192,1019,57,1,460,12,35,13,16,1,211,23,77,0,831,0,253,768,1
2011/2012,athlone,city of cape town,city of cape town,18.50724,-33.96157,1835,5,214,35,1,0,193,570,10,206,368,303,10,153,1136,37,1,473,12,50,12,25,0,262,32,89,6,393,0,207,860,0
2012/2013,athlone,city of cape town,city of cape town,18.50724,-33.96157,1714,9,214,65,3,0,268,545,27,263,456,255,8,131,989,52,1,458,20,37,30,24,0,418,28,72,2,553,0,195,896,0
2013/2014,athlone,city of cape town,city of cape town,18.50724,-33.96157,1794,13,216,71,4,0,223,646,22,234,494,271,8,163,1111,69,28,496,20,39,37,12,0,370,26,73,0,573,0,213,854,0
2014/2015,athlone,city of cape town,city of cape town,18.50724,-33.96157,1797,13,249,67,5,0,181,501,23,183,590,296,9,145,1227,41,3,549,22,39,31,17,0,411,31,80,0,437,0,219,781,1
2015/2016,athlone,city of cape town,city of cape town,18.50724,-33.96157,1621,5,217,38,5,0,195,490,19,189,533,231,5,125,1377,50,25,529,16,24,26,23,1,359,32,64,0,236,0,219,703,0
2016/2017,athlone,city of cape town,city of cape town,18.50724,-33.96157,1499,7,166,47,0,0,173,388,23,165,494,215,7,207,1831,33,3,515,25,41,27,15,2,377,29,71,0,213,0,187,614,0
2017/2018,athlone,city of cape town,city of cape town,18.50724,-33.96157,1432,6,162,39,0,0,165,390,19,188,505,217,6,138,2096,60,17,509,14,29,34,14,1,392,27,56,1,182,0,200,649,0
2018/2019,athlone,city of cape town,city of cape town,18.50724,-33.96157,1535,5,146,63,0,0,142,327,26,152,446,211,9,153,1549,73,37,451,35,34,31,14,0,388,30,69,0,192,0,203,461,1
2019/2020,athlone,city of cape town,city of cape town,18.50724,-33.96157,924,5,143,58,0,0,172,230,41,172,442,204,5,182,1090,77,26,455,31,24,36,6,0,509,28,55,1,232,0,155,481,2
2020/2021,athlone,city of cape town,city of cape town,18.50724,-33.96157,729,8,133,29,1,0,112,156,14,188,459,135,6,44,959,40,17,396,17,28,19,13,0,240,29,58,0,271,0,121,325,2
2021/2022,athlone,city of cape town,city of cape town,18.50724,-33.96157,907,8,131,55,3,0,141,147,21,256,521,117,4,84,1090,46,2,409,19,28,22,11,0,269,29,62,0,200,0,147,249,0
2022/2023,athlone,city of cape town,city of cape town,18.50724,-33.96157,792,5,126,52,0,0,123,217,39,187,508,174,5,138,1142,53,28,389,32,34,23,12,0,347,28,65,0,190,0,144,341,0
2023/2024,athlone,city of cape town district,city of cape town district,18.50724,-33.96157,0,0,0,0,0,0,0,166,54,0,0,0,0,0,0,0,0,0,0,0,0,11,0,0,0,0,0,0,0,114,461,0
2024/2025,athlone,city of cape town district,city of cape town district,18.50724,-33.96157,0,0,0,0,0,0,0,135,36,0,0,0,0,0,0,0,0,0,0,0,0,10,0,0,0,0,0,0,0,97,323,0
2008/2009,atlantis,city of cape town,city of cape town,18.49318,-33.56479,1206,6,323,69,7,0,156,581,6,71,492,113,5,71,529,92,1,348,26,96,8,7,0,153,33,139,0,241,5,30,296,0
2009/2010,atlantis,city of cape town,city of cape town,18.49318,-33.56479,1003,14,352,43,6,0,158,498,1,48,628,193,10,138,844,60,1,339,22,87,7,2,0,154,25,124,0,233,23,28,338,0
2010/2011,atlantis,city of cape town,city of cape town,18.49318,-33.56479,802,9,257,48,7,0,133,410,0,53,456,157,8,149,963,57,1,270,26,88,5,5,0,125,28,127,0,138,23,27,284,0
2011/2012,atlantis,city of cape town,city of cape town,18.49318,-33.56479,842,8,275,43,21,0,131,379,1,66,459,183,10,273,1267,55,1,287,19,87,11,3,1,136,27,141,1,93,15,33,317,0
2012/2013,atlantis,city of cape town,city of cape town,18.49318,-33.56479,847,7,253,51,6,0,125,424,1,53,458,202,6,244,1424,52,1,271,38,57,7,7,0,111,24,87,1,101,22,27,377,0
2013/2014,atlantis,city of cape town,city of cape town,18.49318,-33.56479,863,16,284,57,4,0,118,400,1,66,482,213,8,208,1669,57,23,320,37,63,9,3,0,183,27,98,0,214,17,22,364,0
2014/2015,atlantis,city of cape town,city of cape town,18.49318,-33.56479,1152,12,316,62,4,0,102,495,2,47,558,269,9,214,1853,71,2,371,34,60,13,10,0,271,27,96,0,243,18,29,366,0
2015/2016,atlantis,city of cape town,city of cape town,18.49318,-33.56479,1269,6,331,71,12,0,156,681,3,39,619,275,12,183,2078,77,38,431,49,73,24,18,0,277,17,109,0,237,19,30,402,0
2016/2017,atlantis,city of cape town,city of cape town,18.49318,-33.56479,1210,9,265,93,3,0,173,592,6,57,675,239,4,188,2638,86,24,458,62,41,6,14,0,214,23,69,0,264,14,32,401,0
2017/2018,atlantis,city of cape town,city of cape town,18.49318,-33.56479,1066,9,312,81,4,0,75,550,10,67,785,181,4,211,3041,120,17,504,68,50,13,17,0,191,30,86,1,264,14,23,360,1
2018/2019,atlantis,city of cape town,city of cape town,18.49318,-33.56479,1012,10,300,83,5,0,86,427,4,82,780,172,7,142,2819,80,21,543,55,42,13,23,0,183,24,72,1,256,28,39,307,0
2019/2020,atlantis,city of cape town,city of cape town,18.49318,-33.56479,880,12,266,50,3,0,88,373,5,102,731,159,5,123,1609,80,25,507,62,45,11,15,0,171,25,76,1,216,22,30,278,2
2020/2021,atlantis,city of cape town,city of cape town,18.49318,-33.56479,573,9,204,72,4,0,51,231,1,81,644,99,5,32,1340,59,25,420,52,46,6,18,0,91,17,70,0,200,14,25,198,0
2021/2022,atlantis,city of cape town,city of cape town,18.49318,-33.56479,675,6,202,74,4,0,68,245,3,153,668,83,4,46,2156,93,14,454,64,58,12,8,0,120,29,93,1,187,8,18,175,0
2022/2023,atlantis,city of cape town,city of cape town,18.49318,-33.56479,657,6,246,48,8,0,67,257,6,117,792,124,7,112,2164,61,22,451,44,69,8,4,0,106,36,114,0,123,9,14,162,0
2023/2024,atlantis,city of cape town district,city of cape town district,18.49318,-33.56479,0,0,0,0,0,0,0,229,4,0,0,0,0,0,0,0,0,0,0,0,0,20,0,0,0,0,0,0,0,24,148,0
2024/2025,atlantis,city of cape town district,city of cape town district,18.49318,-33.56479,0,0,0,0,0,0,0,254,5,0,0,0,0,0,0,0,0,0,0,0,0,13,0,0,0,0,0,0,0,17,155,0
2008/2009,atteridgeville,city of tshwane,city of tshwane,28.07173,-25.77462,1001,45,932,95,19,0,54,947,56,76,271,283,19,36,307,34,1,350,41,138,24,23,1,451,1,172,0,146,0,93,295,2
2009/2010,atteridgeville,city of tshwane,city of tshwane,28.07173,-25.77462,603,27,710,85,3,0,36,759,40,101,245,160,36,50,234,51,1,316,41,120,32,27,0,336,5,144,0,188,0,85,222,0
2010/2011,atteridgeville,city of tshwane,city of tshwane,28.07173,-25.77462,615,16,711,75,6,0,60,712,62,113,290,115,32,29,264,50,1,333,45,110,56,39,1,371,7,135,0,158,0,108,231,0
2011/2012,atteridgeville,city of tshwane,city of tshwane,28.07173,-25.77462,1057,27,804,50,6,0,82,784,44,98,397,165,4,34,332,45,1,411,52,114,45,23,0,303,6,128,0,186,0,74,291,1
2012/2013,atteridgeville,city of tshwane,city of tshwane,28.07173,-25.77462,1124,23,763,55,7,0,78,728,41,98,432,174,5,83,560,35,1,447,38,121,37,33,0,320,16,147,2,283,0,89,295,1
2013/2014,atteridgeville,city of tshwane,city of tshwane,28.07173,-25.77462,1265,23,668,47,5,0,104,609,41,138,501,172,4,119,1283,53,16,412,24,125,63,69,0,433,11,143,1,242,0,103,216,0
2014/2015,atteridgeville,city of tshwane,city of tshwane,28.07173,-25.77462,1255,36,365,84,5,0,113,716,74,112,689,245,7,190,1231,52,2,388,39,92,62,69,1,533,10,108,0,308,0,114,292,1
2015/2016,atteridgeville,city of tshwane,city of tshwane,28.07173,-25.77462,1061,21,387,92,3,0,99,745,89,85,601,237,6,138,1207,67,25,447,53,103,121,66,0,616,11,117,0,203,0,92,336,8
2016/2017,atteridgeville,city of tshwane,city of tshwane,28.07173,-25.77462,893,18,374,90,3,0,204,608,94,101,530,217,4,133,1351,41,28,431,56,101,64,130,0,605,11,117,0,210,2,102,296,3
2017/2018,atteridgeville,city of tshwane,city of tshwane,28.07173,-25.77462,837,9,388,98,2,0,108,451,113,139,576,197,7,118,1180,34,3,462,59,103,53,97,0,586,12,118,0,144,0,102,406,13
2018/2019,atteridgeville,city of tshwane,city of tshwane,28.07173,-25.77462,530,9,372,77,0,0,99,389,98,99,405,130,5,189,1150,45,24,250,58,112,37,61,2,433,17,132,3,174,1,83,282,1
2019/2020,atteridgeville,city of tshwane,city of tshwane,28.07173,-25.77462,448,2,297,41,0,0,93,313,82,82,322,98,6,231,1309,71,17,193,48,114,47,45,1,378,12,126,3,166,0,106,131,1
2020/2021,atteridgeville,city of tshwane,city of tshwane,28.07173,-25.77462,361,1,244,58,0,0,115,160,119,74,250,60,6,136,593,96,14,169,82,82,78,60,1,418,12,94,4,163,0,45,90,1
2021/2022,atteridgeville,city of tshwane,city of tshwane,28.07173,-25.77462,396,2,256,54,0,0,67,159,109,117,383,76,6,176,473,48,44,176,122,110,48,69,0,384,9,119,2,103,1,109,113,2
2022/2023,atteridgeville,city of tshwane,city of tshwane,28.07173,-25.77462,488,7,334,67,0,0,95,181,115,135,387,79,6,104,553,48,54,177,75,114,56,46,2,405,19,133,2,148,1,103,149,1
2023/2024,atteridgeville,tshwane district,tshwane district,28.07173,-25.77462,0,0,0,0,0,0,0,226,127,0,0,0,0,0,0,0,0,0,0,0,0,44,0,0,0,0,0,0,0,105,170,0
2024/2025,atteridgeville,tshwane district,tshwane district,28.07173,-25.77462,0,0,0,0,0,0,0,256,101,0,0,0,0,0,0,0,0,0,0,0,0,73,0,0,0,0,0,0,0,64,157,0
2008/2009,augrabies,kai !garib,z f mgcawu,20.4225,-28.66908,0,0,0,0,0,0,0,0,0,0,0,0,6,0,0,0,1,0,0,0,0,0,0,0,0,0,0,0,0,0,0,0
2009/2010,augrabies,kai !garib,z f mgcawu,20.4225,-28.66908,59,4,79,4,1,0,13,56,0,2,81,2,7,0,62,2,1,26,8,24,0,0,0,0,9,35,0,0,8,1,8,0
2010/2011,augrabies,kai !garib,z f mgcawu,20.4225,-28.66908,45,0,83,0,2,0,8,33,0,1,72,1,6,2,102,1,1,20,7,31,1,0,0,2,14,47,0,0,6,1,7,0
2011/2012,augrabies,kai !garib,z f mgcawu,20.4225,-28.66908,46,1,54,2,2,0,17,27,0,3,42,4,6,0,124,1,1,14,5,29,0,1,0,1,8,39,0,0,4,1,2,0
2012/2013,augrabies,kai !garib,z f mgcawu,20.4225,-28.66908,50,0,75,7,6,0,13,33,1,3,29,0,4,1,72,0,1,19,8,22,1,0,0,2,4,34,0,0,4,0,5,0
2013/2014,augrabies,kai !garib,z f mgcawu,20.4225,-28.66908,37,1,70,4,2,0,12,36,0,5,18,0,6,2,33,0,13,9,6,18,0,0,0,1,4,24,0,1,6,3,2,0
2014/2015,augrabies,kai !garib,z f mgcawu,20.4225,-28.66908,36,0,79,4,0,0,17,41,0,7,29,1,6,5,38,0,12,25,11,20,1,0,0,5,5,25,0,0,3,1,5,0
2015/2016,augrabies,kai !garib,z f mgcawu,20.4225,-28.66908,50,4,65,9,0,0,17,43,0,5,30,2,6,2,46,1,13,28,8,13,2,0,0,4,5,18,0,1,6,1,10,0
2016/2017,augrabies,kai !garib,z f mgcawu,20.4225,-28.66908,56,3,59,6,0,0,18,63,0,3,29,2,5,1,37,1,13,23,0,21,0,0,0,1,4,28,1,0,4,0,9,0
2017/2018,augrabies,kai !garib,z f mgcawu,20.4225,-28.66908,54,0,58,2,2,0,14,41,0,6,18,6,6,0,20,1,12,18,3,18,4,1,0,13,6,26,0,0,3,1,6,0
2018/2019,augrabies,kai !garib,z f mgcawu,20.4225,-28.66908,62,1,69,1,2,0,13,33,0,6,31,8,6,1,38,0,13,26,4,24,2,0,0,7,3,29,0,0,10,1,7,0
2019/2020,augrabies,kai !garib,z f mgcawu,20.4225,-28.66908,58,2,47,3,2,0,19,50,0,5,12,5,6,0,16,0,12,18,5,22,1,0,0,6,7,31,0,0,2,3,14,0
2020/2021,augrabies,kai !garib,z f mgcawu,20.4225,-28.66908,59,1,58,7,2,0,27,77,0,3,24,2,6,1,17,1,12,35,2,12,3,2,0,9,2,16,0,1,2,0,8,0
2021/2022,augrabies,kai !garib,z f mgcawu,20.4225,-28.66908,73,2,59,9,0,0,19,79,0,12,25,1,6,3,27,0,13,32,3,9,4,0,0,6,1,10,0,1,7,1,18,0
2022/2023,augrabies,kai !garib,z f mgcawu,20.4225,-28.66908,80,0,49,8,0,0,23,69,0,10,42,1,6,0,16,2,21,41,9,11,7,1,0,15,4,15,0,1,3,2,6,0
2023/2024,augrabies,zf mgcawu district,zf mgcawu district,20.4225,-28.66908,0,0,0,0,0,0,0,35,0,0,0,0,0,0,0,0,0,0,0,0,0,1,0,0,0,0,0,0,0,2,6,0
2024/2025,augrabies,zf mgcawu district,zf mgcawu district,20.4225,-28.66908,0,0,0,0,0,0,0,33,0,0,0,0,0,0,0,0,0,0,0,0,0,0,0,0,0,0,0,0,0,0,1,0
2008/2009,avondale,matatiele,alfred nzo,28.40448,-30.29751,32,8,83,1,5,0,0,24,1,0,21,2,4,2,18,1,1,13,11,14,0,3,0,5,1,22,0,0,62,0,0,0
2009/2010,avondale,matatiele,alfred nzo,28.40448,-30.29751,21,2,91,1,1,0,2,15,0,0,24,2,7,1,24,8,1,8,13,15,0,2,0,3,1,18,0,0,87,0,0,0
2010/2011,avondale,matatiele,alfred nzo,28.40448,-30.29751,24,2,65,3,3,0,0,22,0,0,20,3,4,0,5,1,1,11,14,27,1,0,0,1,0,32,0,0,76,0,1,0
2011/2012,avondale,matatiele,alfred nzo,28.40448,-30.29751,19,5,70,1,3,0,0,31,0,0,15,8,6,0,16,2,1,3,8,27,5,2,0,8,0,30,0,0,87,2,0,0
2012/2013,avondale,matatiele,alfred nzo,28.40448,-30.29751,33,7,73,3,3,0,0,19,0,1,8,3,4,1,20,2,1,4,9,21,0,0,0,1,0,26,0,0,64,0,0,0
2013/2014,avondale,matatiele,alfred nzo,28.40448,-30.29751,14,3,63,3,4,0,0,31,0,0,7,0,4,0,23,2,13,14,7,23,0,0,0,1,2,31,0,0,59,0,0,0
2014/2015,avondale,matatiele,alfred nzo,28.40448,-30.29751,30,1,88,2,4,0,0,25,1,0,5,2,4,0,11,4,21,8,10,17,0,0,0,7,0,23,0,0,47,0,0,0
2015/2016,avondale,matatiele,alfred nzo,28.40448,-30.29751,12,3,87,4,2,0,0,46,0,1,5,2,6,0,7,4,13,9,8,22,1,1,0,15,2,26,0,0,43,1,1,0
2016/2017,avondale,matatiele,alfred nzo,28.40448,-30.29751,20,1,70,1,3,0,0,32,0,0,7,1,6,0,14,2,12,16,9,31,3,2,0,9,2,36,0,0,63,1,1,0
2017/2018,avondale,matatiele,alfred nzo,28.40448,-30.29751,22,5,84,1,3,0,0,31,0,1,5,2,6,0,7,3,13,16,15,29,2,1,0,4,1,33,0,0,40,1,2,0
2018/2019,avondale,matatiele,alfred nzo,28.40448,-30.29751,8,2,60,2,11,0,0,29,0,1,8,1,7,0,10,5,21,18,20,30,2,3,0,12,0,42,0,0,46,0,0,0
2019/2020,avondale,matatiele,alfred nzo,28.40448,-30.29751,16,3,58,2,0,0,0,23,0,0,5,1,7,0,3,6,13,13,11,23,3,0,0,5,2,26,0,0,54,1,1,0
2020/2021,avondale,matatiele,alfred nzo,28.40448,-30.29751,16,5,48,6,4,0,1,26,0,4,5,0,6,1,4,12,13,14,17,24,3,0,0,17,1,29,0,0,74,1,0,0
2021/2022,avondale,matatiele,alfred nzo,28.40448,-30.29751,13,2,47,5,2,0,0,29,0,0,3,1,6,0,0,4,13,10,30,29,1,0,0,4,1,32,0,0,36,0,0,0
2022/2023,avondale,matatiele,alfred nzo,28.40448,-30.29751,9,0,54,7,4,0,11,22,0,5,4,1,6,0,0,11,13,8,21,35,1,0,0,4,1,40,0,0,47,0,0,0
2023/2024,avondale,alfred nzo district,alfred nzo district,28.40448,-30.29751,0,0,0,0,0,0,0,10,0,0,0,0,0,0,0,0,0,0,0,0,0,1,0,0,0,0,0,0,0,0,0,0
2024/2025,avondale,alfred nzo district,alfred nzo district,28.40448,-30.29751,0,0,0,0,0,0,0,4,0,0,0,0,0,0,0,0,0,0,0,0,0,0,0,0,0,0,0,0,0,1,0,0
2008/2009,babanango,nqutu,umzinyathi,31.08263,-28.37593,80,2,81,4,2,0,16,23,1,4,26,8,6,7,16,8,1,32,8,16,2,1,0,18,0,18,0,2,63,2,6,0
2009/2010,babanango,nqutu,umzinyathi,31.08263,-28.37593,71,4,81,13,5,0,12,25,0,3,30,11,5,10,38,4,1,24,4,20,2,4,0,14,0,28,0,1,79,3,4,0
2010/2011,babanango,nqutu,umzinyathi,31.08263,-28.37593,37,7,86,5,1,0,17,21,1,1,33,4,6,3,20,8,1,24,9,19,2,7,1,16,3,23,0,0,53,3,8,0
2011/2012,babanango,nqutu,umzinyathi,31.08263,-28.37593,53,3,56,4,0,0,7,26,0,2,26,6,6,1,33,10,1,27,5,19,0,3,0,7,6,25,0,0,55,1,6,0
2012/2013,babanango,nqutu,umzinyathi,31.08263,-28.37593,47,6,67,0,1,0,14,17,0,5,24,10,4,4,25,13,1,21,6,13,1,4,1,12,2,18,0,0,93,4,16,0
2013/2014,babanango,nqutu,umzinyathi,31.08263,-28.37593,72,3,56,6,2,0,21,28,0,4,37,3,6,11,43,15,12,21,7,12,3,2,0,14,1,15,0,0,96,2,9,0
2014/2015,babanango,nqutu,umzinyathi,31.08263,-28.37593,25,3,46,5,0,0,8,13,0,2,18,2,6,10,36,9,12,7,11,6,0,3,0,6,1,7,0,2,78,2,2,0
2015/2016,babanango,nqutu,umzinyathi,31.08263,-28.37593,39,0,40,4,2,0,10,12,0,1,2,1,6,14,30,11,12,6,8,12,1,5,0,12,0,14,0,1,61,1,3,0
2016/2017,babanango,nqutu,umzinyathi,31.08263,-28.37593,35,0,23,3,0,0,7,15,0,3,12,1,6,16,31,12,12,8,4,11,3,2,0,11,1,12,0,1,51,3,2,0
2017/2018,babanango,nqutu,umzinyathi,31.08263,-28.37593,23,1,39,1,1,0,17,12,1,2,5,1,6,48,52,16,13,8,9,11,2,6,1,11,2,14,0,0,54,1,5,0
2018/2019,babanango,nqutu,umzinyathi,31.08263,-28.37593,31,1,31,2,0,0,8,18,0,2,7,1,6,18,36,13,12,13,9,15,0,1,0,7,1,16,0,1,61,1,2,0
2019/2020,babanango,nqutu,umzinyathi,31.08263,-28.37593,30,5,45,6,0,0,10,21,1,2,7,3,6,61,33,12,12,17,7,11,3,5,0,13,2,13,0,1,43,2,5,0
2020/2021,babanango,nqutu,umzinyathi,31.08263,-28.37593,30,1,43,10,3,0,14,15,0,5,3,1,6,25,7,8,25,21,7,14,0,2,1,12,1,18,0,0,46,0,4,0
2021/2022,babanango,nqutu,umzinyathi,31.08263,-28.37593,44,2,58,11,3,0,21,11,1,4,6,0,6,37,5,23,25,26,10,18,3,4,0,14,1,22,0,1,60,0,3,0
2022/2023,babanango,nqutu,umzinyathi,31.08263,-28.37593,35,3,42,10,0,0,10,10,2,4,3,2,6,0,8,14,14,24,13,18,4,2,0,12,2,20,0,0,35,0,1,0
2023/2024,babanango,zululand district,zululand district,31.08263,-28.37593,0,0,0,0,0,0,0,14,1,0,0,0,0,0,0,0,0,0,0,0,0,2,0,0,0,0,0,0,0,0,2,0
2024/2025,babanango,zululand district,zululand district,31.08263,-28.37593,0,0,0,0,0,0,0,15,0,0,0,0,0,0,0,0,0,0,0,0,0,7,0,0,0,0,0,0,0,1,3,0
2008/2009,badplaas,chief albert luthuli,gert sibande,30.56857,-25.95836,111,1,46,6,1,0,18,50,2,12,46,16,4,8,5,1,1,35,2,15,3,2,0,16,1,19,0,0,33,1,8,0
2009/2010,badplaas,chief albert luthuli,gert sibande,30.56857,-25.95836,101,0,37,7,1,0,19,60,1,7,41,13,4,10,12,3,1,31,2,10,1,8,0,16,1,14,0,2,43,1,23,0
2010/2011,badplaas,chief albert luthuli,gert sibande,30.56857,-25.95836,79,2,43,2,0,0,15,49,0,24,62,15,7,10,6,3,1,12,1,14,4,4,0,28,3,18,0,10,39,5,13,0
2011/2012,badplaas,chief albert luthuli,gert sibande,30.56857,-25.95836,79,3,40,1,1,0,11,46,1,10,57,7,7,16,23,1,1,22,5,8,0,0,0,6,2,12,1,0,33,6,9,0
2012/2013,badplaas,chief albert luthuli,gert sibande,30.56857,-25.95836,63,0,41,3,1,0,14,47,0,22,39,7,7,27,19,5,1,8,4,7,5,2,0,9,0,9,0,0,23,14,3,0
2013/2014,badplaas,chief albert luthuli,gert sibande,30.56857,-25.95836,48,1,44,4,1,0,16,34,0,3,27,2,7,17,20,0,21,6,0,9,4,3,0,12,1,12,0,1,37,8,11,0
2014/2015,badplaas,chief albert luthuli,gert sibande,30.56857,-25.95836,53,0,52,0,0,0,12,23,0,7,40,2,6,15,27,4,21,14,1,5,3,2,0,17,1,6,0,1,28,2,9,1
2015/2016,badplaas,chief albert luthuli,gert sibande,30.56857,-25.95836,44,0,51,1,1,0,14,27,0,4,25,7,6,25,18,2,13,12,2,10,1,0,0,2,0,11,0,0,43,1,13,0
2016/2017,badplaas,chief albert luthuli,gert sibande,30.56857,-25.95836,66,0,50,2,1,0,23,44,1,12,30,10,6,21,21,7,12,23,5,3,3,3,0,9,0,4,0,0,40,3,15,0
2017/2018,badplaas,chief albert luthuli,gert sibande,30.56857,-25.95836,65,1,42,5,1,0,24,54,1,14,30,8,6,13,26,5,12,26,0,10,2,0,0,8,2,13,0,1,44,5,11,0
2018/2019,badplaas,chief albert luthuli,gert sibande,30.56857,-25.95836,44,3,40,5,0,0,22,53,3,13,21,11,6,8,22,2,21,15,4,14,3,2,0,12,0,14,0,0,52,5,12,0
2019/2020,badplaas,chief albert luthuli,gert sibande,30.56857,-25.95836,48,0,40,7,1,0,22,50,1,16,20,6,6,2,3,7,21,18,3,13,5,5,0,18,1,15,0,0,64,5,10,0
2020/2021,badplaas,chief albert luthuli,gert sibande,30.56857,-25.95836,50,2,42,5,1,0,43,55,0,17,38,6,6,8,4,0,21,30,8,9,6,4,0,13,1,11,0,0,62,7,3,0
2021/2022,badplaas,chief albert luthuli,gert sibande,30.56857,-25.95836,50,1,49,7,0,0,33,47,1,11,32,10,6,4,3,1,2,28,4,9,9,4,1,36,2,11,0,3,67,2,8,1
2022/2023,badplaas,chief albert luthuli,gert sibande,30.56857,-25.95836,54,2,36,5,0,0,34,62,6,9,20,8,6,3,8,2,22,29,7,8,15,4,1,40,0,8,0,3,36,3,6,0
2023/2024,badplaas,gert sibande district,gert sibande district,30.56857,-25.95836,0,0,0,0,0,0,0,43,1,0,0,0,0,0,0,0,0,0,0,0,0,4,0,0,0,0,0,0,0,1,7,0
2024/2025,badplaas,gert sibande district,gert sibande district,30.56857,-25.95836,0,0,0,0,0,0,0,53,5,0,0,0,0,0,0,0,0,0,0,0,0,8,0,0,0,0,0,0,0,3,4,0
2008/2009,bainsvlei,mangaung,mangaung,26.12837,-29.06613,238,4,109,19,2,0,37,191,0,31,146,18,8,7,29,3,1,72,7,24,1,6,0,22,4,34,0,2,42,67,78,1
2009/2010,bainsvlei,mangaung,mangaung,26.12837,-29.06613,328,1,97,14,1,0,23,171,1,84,128,11,10,10,18,3,1,47,8,25,3,4,0,24,2,34,0,27,27,65,80,1
2010/2011,bainsvlei,mangaung,mangaung,26.12837,-29.06613,260,3,96,8,3,0,44,213,1,95,159,16,6,14,11,2,1,63,3,23,1,4,0,9,2,28,0,16,38,52,69,0
2011/2012,bainsvlei,mangaung,mangaung,26.12837,-29.06613,282,3,71,13,2,0,41,195,3,99,118,16,4,7,24,1,1,65,1,35,1,5,0,13,7,46,1,12,20,41,104,0
2012/2013,bainsvlei,mangaung,mangaung,26.12837,-29.06613,240,0,83,9,3,0,43,288,0,59,117,8,9,10,20,2,1,54,7,25,2,10,0,17,11,44,0,11,22,64,97,0
2013/2014,bainsvlei,mangaung,mangaung,26.12837,-29.06613,261,3,75,4,2,0,29,262,2,55,111,12,7,17,38,0,13,36,7,24,2,10,0,18,5,32,0,11,30,86,146,1
2014/2015,bainsvlei,mangaung,mangaung,26.12837,-29.06613,220,1,52,3,2,0,32,245,2,33,99,4,6,24,67,7,13,28,6,19,6,4,0,16,7,28,3,11,30,63,68,0
2015/2016,bainsvlei,mangaung,mangaung,26.12837,-29.06613,252,0,52,8,2,0,26,169,1,113,68,7,31,40,89,5,12,30,4,26,3,10,1,21,2,49,0,6,15,38,81,1
2016/2017,bainsvlei,mangaung,mangaung,26.12837,-29.06613,174,2,39,2,1,0,24,220,0,60,91,4,7,40,91,2,13,38,4,12,3,3,0,10,7,21,2,20,11,43,58,0
2017/2018,bainsvlei,mangaung,mangaung,26.12837,-29.06613,258,1,55,4,0,0,61,151,1,72,74,6,7,43,78,0,13,37,3,14,2,7,0,15,7,22,3,26,26,32,90,0
2018/2019,bainsvlei,mangaung,mangaung,26.12837,-29.06613,255,0,53,6,1,0,47,221,0,90,74,7,7,69,48,4,13,44,9,19,1,4,0,14,8,29,2,27,18,32,119,0
2019/2020,bainsvlei,mangaung,mangaung,26.12837,-29.06613,286,1,45,10,1,0,41,161,1,70,59,16,4,64,16,2,12,22,5,18,2,2,0,15,10,31,1,30,26,27,133,0
2020/2021,bainsvlei,mangaung,mangaung,26.12837,-29.06613,210,0,35,9,2,0,28,131,1,101,68,10,9,53,9,2,21,27,2,10,3,6,0,18,3,20,0,30,9,18,35,0
2021/2022,bainsvlei,mangaung,mangaung,26.12837,-29.06613,230,1,36,13,1,0,38,162,0,120,85,8,8,36,4,5,21,32,4,12,4,1,0,13,10,27,2,34,5,21,57,2
2022/2023,bainsvlei,mangaung,mangaung,26.12837,-29.06613,258,2,39,10,1,0,51,166,1,26,88,4,4,49,20,2,13,20,5,17,2,4,0,16,4,24,0,57,6,15,77,0
2023/2024,bainsvlei,mangaung district,mangaung district,26.12837,-29.06613,0,0,0,0,0,0,0,94,1,0,0,0,0,0,0,0,0,0,0,0,0,2,0,0,0,0,0,0,0,19,82,0
2024/2025,bainsvlei,mangaung district,mangaung district,26.12837,-29.06613,0,0,0,0,0,0,0,81,0,0,0,0,0,0,0,0,0,0,0,0,0,3,0,0,0,0,0,0,0,14,64,0
2008/2009,balfour,raymond mhlaba,amathole,26.67652,-32.53628,16,2,44,1,0,0,1,33,0,3,6,2,6,1,2,1,1,4,2,8,2,1,0,4,2,10,0,0,12,0,3,0
2009/2010,balfour,raymond mhlaba,amathole,26.67652,-32.53628,9,2,53,1,2,0,2,34,0,0,3,3,4,2,5,0,1,6,2,13,0,2,0,3,0,17,0,0,7,0,1,0
2010/2011,balfour,raymond mhlaba,amathole,26.67652,-32.53628,18,0,37,2,1,0,0,19,0,0,4,3,6,1,1,2,1,5,1,4,1,0,0,1,1,6,0,0,15,0,3,0
2011/2012,balfour,raymond mhlaba,amathole,26.67652,-32.53628,15,1,31,0,3,0,0,31,0,0,4,1,6,3,8,1,1,9,2,9,0,1,0,3,3,15,0,0,9,0,4,0
2012/2013,balfour,raymond mhlaba,amathole,26.67652,-32.53628,30,6,46,2,1,0,0,26,0,1,6,2,6,3,2,1,1,10,2,5,0,0,0,1,1,7,0,0,13,0,4,0
2013/2014,balfour,raymond mhlaba,amathole,26.67652,-32.53628,18,1,38,0,1,0,0,28,0,2,6,1,7,0,4,0,13,11,2,13,0,0,0,0,0,15,0,0,9,0,5,0
2014/2015,balfour,raymond mhlaba,amathole,26.67652,-32.53628,23,0,33,1,1,0,0,21,0,0,6,0,6,2,3,0,13,13,5,10,1,1,0,7,1,12,0,0,9,2,1,0
2015/2016,balfour,raymond mhlaba,amathole,26.67652,-32.53628,7,0,37,0,0,0,3,22,1,0,7,0,6,0,8,1,13,12,5,6,0,1,0,2,0,6,0,0,14,0,3,0
2016/2017,balfour,raymond mhlaba,amathole,26.67652,-32.53628,13,2,31,1,0,0,5,30,0,0,7,0,6,0,10,0,13,7,2,8,2,0,0,2,0,8,0,0,20,2,4,0
2017/2018,balfour,raymond mhlaba,amathole,26.67652,-32.53628,21,1,30,1,1,0,2,36,0,2,7,1,6,1,6,1,12,10,3,1,0,0,0,0,2,4,0,0,24,2,3,0
2018/2019,balfour,raymond mhlaba,amathole,26.67652,-32.53628,17,2,35,3,1,0,0,30,0,0,9,0,6,1,7,0,12,13,2,8,0,0,0,0,0,9,0,0,27,0,3,0
2019/2020,balfour,raymond mhlaba,amathole,26.67652,-32.53628,17,0,43,2,0,0,3,38,0,1,0,1,6,0,2,0,13,9,6,7,1,1,0,2,1,8,0,0,26,1,3,0
2020/2021,balfour,raymond mhlaba,amathole,26.67652,-32.53628,15,1,36,2,0,0,0,28,0,0,4,0,6,1,2,1,13,14,6,8,0,1,0,4,2,10,0,0,21,0,4,0
2021/2022,balfour,raymond mhlaba,amathole,26.67652,-32.53628,16,2,38,1,1,0,3,9,0,0,3,0,6,0,0,0,13,12,4,3,1,1,0,2,3,7,0,0,19,1,5,0
2022/2023,balfour,raymond mhlaba,amathole,26.67652,-32.53628,14,0,30,3,0,0,1,22,0,1,4,1,6,0,2,0,13,12,6,8,0,0,0,0,3,11,0,0,19,1,2,0
2023/2024,balfour,amathole district,amathole district,26.67652,-32.53628,0,0,0,0,0,0,0,17,0,0,0,0,0,0,0,0,0,0,0,0,0,0,0,0,0,0,0,0,0,0,0,0
2024/2025,balfour,amathole district,amathole district,26.67652,-32.53628,0,0,0,0,0,0,0,7,0,0,0,0,0,0,0,0,0,0,0,0,0,1,0,0,0,0,0,0,0,0,1,0
2008/2009,balfour tvl,dipaleseng,gert sibande,28.58695,-26.66282,221,6,161,4,2,0,28,145,12,30,97,22,4,17,29,2,1,60,6,45,6,1,0,41,1,50,0,7,6,44,24,3
2009/2010,balfour tvl,dipaleseng,gert sibande,28.58695,-26.66282,234,10,150,12,6,0,42,181,6,26,89,29,5,12,27,5,1,79,6,35,7,7,0,54,0,44,0,7,25,31,42,4
2010/2011,balfour tvl,dipaleseng,gert sibande,28.58695,-26.66282,263,9,179,8,6,0,29,236,11,57,89,41,10,31,31,7,1,78,13,47,5,8,0,56,0,59,0,12,35,31,34,3
2011/2012,balfour tvl,dipaleseng,gert sibande,28.58695,-26.66282,221,1,149,2,2,0,62,224,14,76,88,24,6,18,33,5,1,74,3,42,14,5,0,71,1,45,0,8,31,21,44,7
2012/2013,balfour tvl,dipaleseng,gert sibande,28.58695,-26.66282,230,3,130,5,3,0,72,227,4,92,67,27,6,45,67,2,1,42,9,35,13,5,0,41,2,40,0,4,16,27,44,7
2013/2014,balfour tvl,dipaleseng,gert sibande,28.58695,-26.66282,130,1,98,7,0,0,52,173,2,58,59,21,6,28,47,3,12,53,11,16,8,3,0,36,1,17,0,7,23,18,52,10
2014/2015,balfour tvl,dipaleseng,gert sibande,28.58695,-26.66282,152,4,133,6,0,0,66,213,11,37,66,29,6,33,60,12,21,53,3,17,14,9,0,55,0,17,0,2,28,11,44,5
2015/2016,balfour tvl,dipaleseng,gert sibande,28.58695,-26.66282,144,2,125,3,4,0,78,231,10,28,72,30,7,41,68,2,13,68,7,13,13,6,0,42,2,20,0,9,27,28,47,2
2016/2017,balfour tvl,dipaleseng,gert sibande,28.58695,-26.66282,188,3,115,9,0,0,54,180,12,29,69,24,6,34,123,18,22,62,6,12,17,5,0,61,2,14,0,13,35,17,46,6
2017/2018,balfour tvl,dipaleseng,gert sibande,28.58695,-26.66282,175,0,107,7,4,0,66,176,8,27,74,20,7,37,127,2,21,48,5,16,12,8,0,45,0,21,0,5,44,9,34,3
2018/2019,balfour tvl,dipaleseng,gert sibande,28.58695,-26.66282,263,3,126,4,3,0,87,180,15,36,85,16,6,20,109,3,14,76,5,13,15,9,0,74,1,17,0,9,43,20,28,7
2019/2020,balfour tvl,dipaleseng,gert sibande,28.58695,-26.66282,158,3,122,3,2,0,87,217,9,23,72,18,7,26,143,3,17,60,8,21,29,4,0,74,2,26,0,9,37,16,28,11
2020/2021,balfour tvl,dipaleseng,gert sibande,28.58695,-26.66282,130,3,91,2,0,0,68,175,3,37,69,13,4,17,154,9,23,67,7,23,13,6,0,51,5,30,0,23,53,8,29,9
2021/2022,balfour tvl,dipaleseng,gert sibande,28.58695,-26.66282,101,2,96,2,1,0,51,146,15,33,48,30,5,16,175,5,23,74,5,21,11,2,0,54,3,28,0,5,42,13,23,8
2022/2023,balfour tvl,dipaleseng,gert sibande,28.58695,-26.66282,95,0,78,4,3,0,62,131,15,33,31,13,6,12,214,4,25,44,9,21,7,3,0,45,3,27,0,15,37,6,34,4
2023/2024,balfour tvl,gert sibande district,gert sibande district,28.58695,-26.66282,0,0,0,0,0,0,0,95,23,0,0,0,0,0,0,0,0,0,0,0,0,4,0,0,0,0,0,0,0,4,19,0
2024/2025,balfour tvl,gert sibande district,gert sibande district,28.58695,-26.66282,0,0,0,0,0,0,0,76,6,0,0,0,0,0,0,0,0,0,0,0,0,4,0,0,0,0,0,0,0,5,15,0
2008/2009,bandelierkop,makhado,vhembe,29.8039,-23.3176,0,0,0,0,0,0,0,0,0,0,0,0,6,0,0,0,1,0,0,0,0,0,0,0,0,0,0,0,0,0,0,0
2009/2010,bandelierkop,makhado,vhembe,29.8039,-23.3176,0,0,0,0,0,0,0,0,0,0,0,0,6,0,0,0,1,0,0,0,0,0,0,0,0,0,0,0,0,0,0,0
2010/2011,bandelierkop,makhado,vhembe,29.8039,-23.3176,0,0,0,0,0,0,0,0,0,0,0,0,6,0,0,0,1,0,0,0,0,0,0,0,0,0,0,0,0,0,0,0
2011/2012,bandelierkop,makhado,vhembe,29.8039,-23.3176,0,0,0,0,0,0,0,0,0,0,0,0,6,0,0,0,1,0,0,0,0,0,0,0,0,0,0,0,0,0,0,0
2012/2013,bandelierkop,makhado,vhembe,29.8039,-23.3176,0,0,0,0,0,0,0,0,0,0,0,0,6,0,0,0,1,0,0,0,0,0,0,0,0,0,0,0,0,0,0,0
2013/2014,bandelierkop,makhado,vhembe,29.8039,-23.3176,0,0,0,0,0,0,0,0,0,0,0,0,6,0,0,0,13,0,0,0,0,0,0,0,0,0,0,0,0,0,0,0
2014/2015,bandelierkop,makhado,vhembe,29.8039,-23.3176,0,0,0,0,0,0,0,0,0,0,0,0,6,0,0,0,13,0,0,0,0,0,0,0,0,0,0,0,0,0,0,0
2015/2016,bandelierkop,makhado,vhembe,29.8039,-23.3176,0,0,0,0,0,0,0,0,0,0,0,0,6,0,0,0,13,0,0,0,0,0,0,0,0,0,0,0,0,0,0,0
2016/2017,bandelierkop,makhado,vhembe,29.8039,-23.3176,0,0,0,0,0,0,0,0,0,0,0,0,6,0,0,0,13,0,0,0,0,0,0,0,0,0,0,0,0,0,0,0
2017/2018,bandelierkop,makhado,vhembe,29.8039,-23.3176,0,0,0,0,0,0,0,0,0,0,0,0,6,0,0,0,13,0,0,0,0,0,0,0,0,0,0,0,0,0,0,0
2018/2019,bandelierkop,makhado,vhembe,29.8039,-23.3176,81,1,29,3,0,0,12,50,3,3,18,7,6,1,6,0,13,60,3,10,8,4,0,27,0,10,2,0,7,1,5,0
2019/2020,bandelierkop,makhado,vhembe,29.8039,-23.3176,86,0,28,3,1,0,9,42,2,10,26,15,6,1,2,4,12,61,1,7,8,4,0,27,1,9,0,1,18,0,0,0
2020/2021,bandelierkop,makhado,vhembe,29.8039,-23.3176,69,1,30,2,0,0,14,47,2,13,18,8,6,1,5,1,12,59,1,5,3,5,1,25,1,6,0,2,28,1,0,0
2021/2022,bandelierkop,makhado,vhembe,29.8039,-23.3176,141,1,35,7,1,0,14,77,11,6,48,4,6,10,2,2,14,47,3,10,8,6,0,42,4,15,0,2,16,3,3,0
2022/2023,bandelierkop,makhado,vhembe,29.8039,-23.3176,46,0,61,3,2,0,25,51,1,6,49,5,7,4,9,1,12,55,1,9,2,3,0,11,1,13,8,0,4,1,6,0
2023/2024,bandelierkop,vhembe district,vhembe district,29.8039,-23.3176,0,0,0,0,0,0,0,80,1,0,0,0,0,0,0,0,0,0,0,0,0,2,0,0,0,0,0,0,0,0,11,0
2024/2025,bandelierkop,vhembe district,vhembe district,29.8039,-23.3176,0,0,0,0,0,0,0,54,0,0,0,0,0,0,0,0,0,0,0,0,0,0,0,0,0,0,0,0,0,0,3,0
2008/2009,barberton,city of mbombela,ehlanzeni,31.05178,-25.79074,393,13,588,36,15,1,34,381,6,47,227,78,17,26,21,19,1,202,9,53,9,12,0,62,3,80,0,56,15,50,58,0
2009/2010,barberton,city of mbombela,ehlanzeni,31.05178,-25.79074,443,14,504,62,11,0,22,375,9,57,237,51,16,26,25,6,1,147,31,92,14,40,0,124,0,113,0,70,33,17,60,1
2010/2011,barberton,city of mbombela,ehlanzeni,31.05178,-25.79074,409,1,436,12,12,0,51,427,5,59,246,51,9,32,68,6,1,164,8,71,11,23,0,70,7,95,0,37,31,17,85,0
2011/2012,barberton,city of mbombela,ehlanzeni,31.05178,-25.79074,459,6,418,7,5,0,47,453,4,69,273,68,8,65,40,6,1,186,9,70,22,26,0,84,4,83,0,66,47,26,103,0
2012/2013,barberton,city of mbombela,ehlanzeni,31.05178,-25.79074,350,9,318,13,6,0,85,374,9,62,265,57,5,140,43,12,1,143,9,68,17,19,0,69,5,82,0,48,26,32,52,0
2013/2014,barberton,city of mbombela,ehlanzeni,31.05178,-25.79074,271,9,244,10,6,0,75,375,1,67,210,57,4,138,75,7,12,124,11,78,11,23,0,58,5,91,0,58,28,32,57,0
2014/2015,barberton,city of mbombela,ehlanzeni,31.05178,-25.79074,274,8,272,12,1,0,60,325,1,64,187,50,7,173,110,24,21,135,19,48,9,32,1,79,8,58,1,42,28,28,67,0
2015/2016,barberton,city of mbombela,ehlanzeni,31.05178,-25.79074,292,8,206,20,1,0,51,300,2,70,125,55,5,178,119,21,17,119,14,74,11,20,0,66,2,80,0,47,19,23,73,0
2016/2017,barberton,city of mbombela,ehlanzeni,31.05178,-25.79074,287,5,208,21,3,0,81,262,5,96,161,55,6,120,101,20,25,95,16,53,12,16,0,81,1,57,0,40,8,36,58,1
2017/2018,barberton,city of mbombela,ehlanzeni,31.05178,-25.79074,330,1,261,26,4,0,94,356,10,86,195,67,4,112,102,15,22,141,27,48,21,28,0,139,6,60,0,45,17,33,93,0
2018/2019,barberton,city of mbombela,ehlanzeni,31.05178,-25.79074,358,6,264,33,4,0,78,423,9,76,203,65,7,116,67,7,25,143,19,58,17,25,1,103,10,73,0,37,21,41,115,1
2019/2020,barberton,city of mbombela,ehlanzeni,31.05178,-25.79074,393,10,287,38,3,0,85,336,18,89,252,54,8,127,42,10,25,164,33,48,35,52,0,176,6,61,0,47,24,28,126,1
2020/2021,barberton,city of mbombela,ehlanzeni,31.05178,-25.79074,397,8,248,40,1,0,77,212,13,84,219,33,8,75,28,11,36,140,27,56,29,61,1,186,6,67,1,70,12,13,65,1
2021/2022,barberton,city of mbombela,ehlanzeni,31.05178,-25.79074,526,4,299,43,0,0,82,173,23,101,195,51,4,29,34,15,27,120,23,67,40,63,0,229,6,75,1,68,25,24,71,4
2022/2023,barberton,city of mbombela,ehlanzeni,31.05178,-25.79074,512,8,362,30,1,0,66,196,15,121,255,74,5,27,44,23,36,145,37,52,27,78,0,230,5,61,0,60,50,19,63,1
2023/2024,barberton,ehlanzeni district,ehlanzeni district,31.05178,-25.79074,0,0,0,0,0,0,0,186,13,0,0,0,0,0,0,0,0,0,0,0,0,53,0,0,0,0,0,0,0,13,50,0
2024/2025,barberton,ehlanzeni district,ehlanzeni district,31.05178,-25.79074,0,0,0,0,0,0,0,204,13,0,0,0,0,0,0,0,0,0,0,0,0,84,0,0,0,0,0,0,0,22,42,0
2008/2009,barkly east,senqu,joe gqabi,27.59774,-30.96913,40,0,100,0,1,0,8,38,1,5,10,5,4,6,26,1,1,10,4,10,1,0,0,2,0,13,0,7,48,5,2,0
2009/2010,barkly east,senqu,joe gqabi,27.59774,-30.96913,32,1,101,2,1,0,7,49,0,6,11,9,6,2,40,0,1,12,2,13,0,1,0,1,0,14,0,3,57,7,7,0
2010/2011,barkly east,senqu,joe gqabi,27.59774,-30.96913,44,1,83,2,0,0,10,42,0,8,7,3,6,5,38,0,1,18,3,10,2,1,0,3,5,15,0,7,54,5,3,0
2011/2012,barkly east,senqu,joe gqabi,27.59774,-30.96913,54,3,115,1,1,0,20,61,0,14,14,17,6,5,35,1,1,37,10,17,1,0,0,3,0,18,0,6,62,4,12,0
2012/2013,barkly east,senqu,joe gqabi,27.59774,-30.96913,26,1,85,5,1,0,13,58,0,22,6,2,6,3,101,1,1,16,7,15,1,0,0,4,3,19,0,4,63,10,7,0
2013/2014,barkly east,senqu,joe gqabi,27.59774,-30.96913,39,1,81,4,0,0,17,49,0,7,6,1,6,3,70,0,13,20,6,16,0,1,0,2,1,17,0,2,67,0,5,0
2014/2015,barkly east,senqu,joe gqabi,27.59774,-30.96913,40,1,91,1,0,0,19,57,0,8,14,5,11,6,51,0,13,15,6,13,5,4,0,8,1,22,1,0,53,1,3,0
2015/2016,barkly east,senqu,joe gqabi,27.59774,-30.96913,23,1,124,6,2,0,26,54,0,9,7,8,5,4,37,1,13,26,8,14,1,2,0,7,1,20,0,1,66,4,6,0
2016/2017,barkly east,senqu,joe gqabi,27.59774,-30.96913,21,0,110,4,0,0,29,78,0,11,10,4,6,3,35,1,13,16,7,26,4,2,0,8,2,28,0,2,48,4,6,0
2017/2018,barkly east,senqu,joe gqabi,27.59774,-30.96913,25,3,120,3,0,0,18,59,1,10,17,6,6,3,37,1,13,17,6,13,3,2,0,13,3,16,0,0,62,0,6,0
2018/2019,barkly east,senqu,joe gqabi,27.59774,-30.96913,28,2,83,4,1,0,20,67,0,13,9,2,5,2,25,2,13,29,5,23,0,2,0,8,5,32,0,0,78,0,10,0
2019/2020,barkly east,senqu,joe gqabi,27.59774,-30.96913,37,2,98,2,1,0,28,70,0,16,9,8,4,2,21,0,13,26,9,15,2,1,0,5,0,18,0,2,52,2,10,0
2020/2021,barkly east,senqu,joe gqabi,27.59774,-30.96913,40,1,78,4,0,0,11,69,0,16,13,9,5,0,27,2,13,14,5,16,2,0,0,9,1,20,0,4,45,0,5,0
2021/2022,barkly east,senqu,joe gqabi,27.59774,-30.96913,56,1,108,3,0,0,5,72,0,11,15,14,8,0,12,0,21,31,9,20,0,3,0,7,3,27,0,2,47,3,4,0
2022/2023,barkly east,senqu,joe gqabi,27.59774,-30.96913,82,1,129,5,0,0,20,75,0,17,24,9,16,0,20,0,13,29,9,17,1,4,0,11,1,28,0,8,55,2,10,0
2023/2024,barkly east,joe gqabi district,joe gqabi district,27.59774,-30.96913,0,0,0,0,0,0,0,73,0,0,0,0,0,0,0,0,0,0,0,0,0,1,0,0,0,0,0,0,0,1,10,0
2024/2025,barkly east,joe gqabi district,joe gqabi district,27.59774,-30.96913,0,0,0,0,0,0,0,101,0,0,0,0,0,0,0,0,0,0,0,0,0,0,0,0,0,0,0,0,0,0,15,0
2008/2009,barkly west,dikgatlong,frances baard,24.52533,-28.53715,80,2,109,25,5,0,35,57,0,8,41,7,7,18,23,2,1,26,12,18,2,0,0,9,10,34,0,32,18,0,13,0
2009/2010,barkly west,dikgatlong,frances baard,24.52533,-28.53715,85,5,170,20,1,0,23,90,0,11,72,14,6,14,20,0,1,34,5,23,2,0,0,10,8,32,0,26,6,4,12,0
2010/2011,barkly west,dikgatlong,frances baard,24.52533,-28.53715,112,1,105,10,4,0,38,94,0,17,57,10,4,24,18,2,1,33,5,11,8,1,0,11,2,19,0,16,13,2,11,0
2011/2012,barkly west,dikgatlong,frances baard,24.52533,-28.53715,130,0,114,10,1,0,46,69,0,4,50,3,6,13,39,0,1,23,2,22,1,1,0,5,4,27,0,13,9,3,16,0
2012/2013,barkly west,dikgatlong,frances baard,24.52533,-28.53715,65,5,97,11,7,0,33,52,0,5,49,11,6,17,51,0,1,26,3,17,3,0,0,13,3,27,0,8,12,5,11,0
2013/2014,barkly west,dikgatlong,frances baard,24.52533,-28.53715,61,1,83,9,5,0,28,60,0,10,50,8,6,30,77,3,12,20,7,20,4,2,0,11,1,26,0,19,12,3,13,0
2014/2015,barkly west,dikgatlong,frances baard,24.52533,-28.53715,98,13,123,17,6,0,45,76,0,14,44,12,6,20,88,3,13,29,11,23,5,2,0,12,1,30,0,10,16,2,12,0
2015/2016,barkly west,dikgatlong,frances baard,24.52533,-28.53715,111,6,118,17,6,0,27,103,0,13,44,15,6,25,79,1,13,22,4,16,8,3,0,21,5,27,0,12,6,5,13,0
2016/2017,barkly west,dikgatlong,frances baard,24.52533,-28.53715,118,2,87,5,7,0,42,93,0,8,47,12,7,20,116,0,12,21,4,13,5,1,0,26,2,23,0,19,26,2,7,0
2017/2018,barkly west,dikgatlong,frances baard,24.52533,-28.53715,100,2,94,7,3,0,31,87,1,15,39,10,7,21,146,0,21,38,4,17,8,2,0,31,5,26,0,7,37,3,14,0
2018/2019,barkly west,dikgatlong,frances baard,24.52533,-28.53715,118,0,110,1,0,0,29,55,0,4,118,12,6,19,338,6,13,38,2,17,0,0,0,3,4,21,0,0,42,1,8,0
2019/2020,barkly west,dikgatlong,frances baard,24.52533,-28.53715,109,1,115,1,0,0,11,33,0,0,115,7,5,11,313,3,13,49,4,6,0,0,0,5,10,19,0,1,45,0,21,0
2020/2021,barkly west,dikgatlong,frances baard,24.52533,-28.53715,124,2,80,23,1,0,19,40,0,3,109,7,6,7,179,0,13,42,4,12,1,1,0,10,3,16,0,0,45,0,18,0
2021/2022,barkly west,dikgatlong,frances baard,24.52533,-28.53715,111,0,131,4,1,0,20,48,0,4,87,1,6,4,119,2,13,42,4,17,1,0,0,5,5,23,0,0,22,0,7,0
2022/2023,barkly west,dikgatlong,frances baard,24.52533,-28.53715,127,3,88,2,0,0,26,71,0,9,111,7,6,3,118,1,12,47,3,12,2,0,0,8,8,20,0,1,29,0,23,0
2023/2024,barkly west,frances baard district,frances baard district,24.52533,-28.53715,0,0,0,0,0,0,0,72,0,0,0,0,0,0,0,0,0,0,0,0,0,1,0,0,0,0,0,0,0,2,36,0
2024/2025,barkly west,frances baard district,frances baard district,24.52533,-28.53715,0,0,0,0,0,0,0,80,1,0,0,0,0,0,0,0,0,0,0,0,0,1,0,0,0,0,0,0,0,0,29,0
2008/2009,barrydale,swellendam,overberg,20.72117,-33.90276,45,1,85,0,0,0,9,36,0,3,53,0,8,18,156,2,1,36,1,13,0,0,0,0,10,27,0,2,4,0,4,0
2009/2010,barrydale,swellendam,overberg,20.72117,-33.90276,37,1,85,2,1,0,11,34,0,3,59,0,7,25,190,0,1,20,1,16,0,0,0,0,3,21,0,3,6,2,5,0
2010/2011,barrydale,swellendam,overberg,20.72117,-33.90276,32,3,82,0,2,0,6,35,0,1,63,2,4,57,179,1,1,21,1,15,0,2,0,2,9,28,0,5,4,1,1,0
2011/2012,barrydale,swellendam,overberg,20.72117,-33.90276,29,0,60,1,0,0,9,22,0,2,77,3,6,30,134,1,1,24,4,11,0,0,0,0,2,13,0,1,2,1,1,0
2012/2013,barrydale,swellendam,overberg,20.72117,-33.90276,40,3,66,4,0,0,8,24,0,2,68,0,6,25,147,1,1,18,1,12,1,0,0,1,6,18,2,1,3,0,2,0
2013/2014,barrydale,swellendam,overberg,20.72117,-33.90276,33,1,103,1,1,0,5,29,0,2,77,4,7,22,185,0,13,37,1,6,0,0,0,0,8,16,0,4,7,0,6,0
2014/2015,barrydale,swellendam,overberg,20.72117,-33.90276,35,1,98,3,0,0,8,22,0,2,79,6,6,15,210,1,13,52,2,2,2,0,0,2,10,12,0,2,4,0,10,0
2015/2016,barrydale,swellendam,overberg,20.72117,-33.90276,42,2,78,1,1,0,11,33,0,6,81,9,7,7,245,0,13,39,1,7,0,0,0,3,2,11,0,0,6,0,10,0
2016/2017,barrydale,swellendam,overberg,20.72117,-33.90276,29,4,49,3,2,0,16,33,0,6,48,4,7,13,258,1,13,25,0,8,0,1,0,1,2,13,0,4,5,0,11,0
2017/2018,barrydale,swellendam,overberg,20.72117,-33.90276,43,3,67,1,0,0,22,55,0,3,80,11,6,7,157,2,12,36,2,4,0,1,0,1,4,8,0,3,1,0,10,0
2018/2019,barrydale,swellendam,overberg,20.72117,-33.90276,37,0,67,0,0,0,37,46,0,6,46,5,6,13,80,0,13,38,0,7,0,2,0,5,7,14,0,0,3,1,12,0
2019/2020,barrydale,swellendam,overberg,20.72117,-33.90276,22,0,71,0,1,0,26,34,0,7,67,3,6,6,84,0,13,30,1,8,1,0,0,1,3,12,0,3,1,0,7,0
2020/2021,barrydale,swellendam,overberg,20.72117,-33.90276,32,0,51,1,0,0,13,37,0,11,61,2,4,6,46,4,13,31,2,8,1,0,0,2,3,13,0,1,4,4,10,0
2021/2022,barrydale,swellendam,overberg,20.72117,-33.90276,39,1,60,1,1,0,9,37,0,7,47,4,7,7,75,1,13,26,2,3,0,1,0,2,2,7,0,1,5,1,11,0
2022/2023,barrydale,swellendam,overberg,20.72117,-33.90276,40,1,44,2,0,0,22,29,0,13,80,2,6,6,114,2,13,30,0,16,0,0,0,0,2,18,0,3,1,1,11,0
2023/2024,barrydale,overberg district,overberg district,20.72117,-33.90276,0,0,0,0,0,0,0,45,0,0,0,0,0,0,0,0,0,0,0,0,0,0,0,0,0,0,0,0,0,0,11,0
2024/2025,barrydale,overberg district,overberg district,20.72117,-33.90276,0,0,0,0,0,0,0,53,0,0,0,0,0,0,0,0,0,0,0,0,0,0,0,0,0,0,0,0,0,0,12,0
2008/2009,batho,mangaung,mangaung,26.22531,-29.13468,124,7,180,18,3,0,26,146,2,5,236,43,5,6,65,2,1,99,5,32,6,7,0,63,7,45,0,0,0,13,42,0
2009/2010,batho,mangaung,mangaung,26.22531,-29.13468,120,8,176,15,1,0,18,116,6,2,171,38,9,12,65,1,1,82,6,22,7,1,0,71,0,28,0,0,0,11,45,0
2010/2011,batho,mangaung,mangaung,26.22531,-29.13468,95,6,187,13,1,0,36,97,5,12,170,25,4,11,42,3,1,79,9,37,8,5,0,58,2,42,0,0,0,4,29,0
2011/2012,batho,mangaung,mangaung,26.22531,-29.13468,91,2,163,6,2,0,24,107,5,18,154,16,7,11,99,0,1,58,8,33,14,2,0,63,1,37,0,0,0,10,37,0
2012/2013,batho,mangaung,mangaung,26.22531,-29.13468,73,5,166,13,3,0,23,104,2,7,182,27,8,17,159,7,1,62,7,39,6,3,0,48,2,48,0,0,0,10,38,0
2013/2014,batho,mangaung,mangaung,26.22531,-29.13468,75,10,140,18,0,0,10,84,7,4,170,15,5,5,122,4,13,64,2,36,5,3,0,49,2,41,0,0,0,13,25,0
2014/2015,batho,mangaung,mangaung,26.22531,-29.13468,80,3,122,3,1,0,19,79,8,5,142,21,7,8,124,3,13,60,9,25,2,7,0,38,5,32,0,0,0,11,26,0
2015/2016,batho,mangaung,mangaung,26.22531,-29.13468,67,4,117,6,2,0,14,85,0,5,160,14,6,13,171,6,23,43,16,14,1,2,0,38,4,20,3,2,0,6,18,0
2016/2017,batho,mangaung,mangaung,26.22531,-29.13468,71,0,93,4,1,0,11,104,3,13,95,11,7,23,159,4,21,41,9,24,4,3,0,38,2,28,0,0,0,6,29,0
2017/2018,batho,mangaung,mangaung,26.22531,-29.13468,79,1,111,10,0,0,11,85,5,10,156,15,8,25,145,1,13,66,8,19,6,5,0,60,5,28,0,0,0,12,19,0
2018/2019,batho,mangaung,mangaung,26.22531,-29.13468,65,2,116,7,1,0,17,93,2,11,146,22,7,8,60,1,12,66,13,22,0,5,0,50,3,27,1,0,0,3,21,0
2019/2020,batho,mangaung,mangaung,26.22531,-29.13468,80,1,123,3,0,0,19,71,3,6,147,20,12,7,43,2,13,72,10,28,4,6,0,53,8,43,0,2,0,3,22,0
2020/2021,batho,mangaung,mangaung,26.22531,-29.13468,63,0,85,4,1,0,27,44,2,8,87,14,8,4,32,3,23,52,3,17,4,2,0,51,5,27,0,1,0,0,36,0
2021/2022,batho,mangaung,mangaung,26.22531,-29.13468,68,1,95,3,0,0,31,78,4,7,109,12,7,2,15,2,13,47,8,10,4,5,0,59,2,13,0,0,0,0,20,0
2022/2023,batho,mangaung,mangaung,26.22531,-29.13468,80,0,94,4,1,0,27,59,3,2,144,7,4,9,23,2,12,68,5,24,8,1,0,36,1,28,0,2,0,2,12,0
2023/2024,batho,mangaung district,mangaung district,26.22531,-29.13468,0,0,0,0,0,0,0,35,2,0,0,0,0,0,0,0,0,0,0,0,0,2,0,0,0,0,0,0,0,3,23,0
2024/2025,batho,mangaung district,mangaung district,26.22531,-29.13468,0,0,0,0,0,0,0,46,0,0,0,0,0,0,0,0,0,0,0,0,0,4,0,0,0,0,0,0,0,7,17,0
2008/2009,bathurst,ndlambe,sarah baartman,26.83917,-33.50484,69,0,85,0,2,0,23,110,0,1,23,2,6,11,16,0,1,26,3,16,2,1,0,7,1,19,0,2,23,9,19,0
2009/2010,bathurst,ndlambe,sarah baartman,26.83917,-33.50484,43,1,102,2,1,0,14,118,1,13,23,4,6,16,26,1,1,25,3,17,5,4,0,10,1,19,0,0,24,15,13,0
2010/2011,bathurst,ndlambe,sarah baartman,26.83917,-33.50484,45,2,80,4,1,0,4,115,0,3,41,4,4,17,27,1,1,19,4,20,0,3,0,10,0,23,0,1,17,1,14,0
2011/2012,bathurst,ndlambe,sarah baartman,26.83917,-33.50484,29,1,81,3,2,0,5,69,0,2,23,2,7,24,26,1,1,12,4,21,3,1,0,6,0,24,0,1,6,1,8,0
2012/2013,bathurst,ndlambe,sarah baartman,26.83917,-33.50484,34,0,64,3,0,0,10,93,4,0,21,8,6,19,33,4,1,27,4,25,7,8,0,24,1,26,0,2,16,2,6,0
2013/2014,bathurst,ndlambe,sarah baartman,26.83917,-33.50484,44,1,72,0,4,0,12,115,0,3,22,1,7,22,43,0,13,22,7,16,11,2,0,17,3,24,0,1,17,1,10,0
2014/2015,bathurst,ndlambe,sarah baartman,26.83917,-33.50484,44,0,47,2,1,0,17,87,0,3,12,1,7,18,31,1,12,25,1,9,6,3,0,15,4,15,0,2,12,2,8,0
2015/2016,bathurst,ndlambe,sarah baartman,26.83917,-33.50484,22,1,55,2,3,0,7,68,0,4,28,5,6,18,24,0,13,13,0,11,7,1,0,10,2,16,0,0,7,1,5,0
2016/2017,bathurst,ndlambe,sarah baartman,26.83917,-33.50484,31,1,65,2,1,0,10,113,0,4,17,0,6,13,28,1,13,17,4,11,6,2,0,15,3,15,0,1,11,1,5,0
2017/2018,bathurst,ndlambe,sarah baartman,26.83917,-33.50484,29,2,59,2,1,0,6,104,0,3,39,3,6,17,20,3,13,22,10,10,4,0,0,7,6,17,0,1,10,1,14,0
2018/2019,bathurst,ndlambe,sarah baartman,26.83917,-33.50484,54,8,70,3,1,0,8,131,0,2,48,8,6,12,10,0,13,47,6,17,3,3,0,14,3,21,0,0,15,0,9,0
2019/2020,bathurst,ndlambe,sarah baartman,26.83917,-33.50484,45,0,59,2,1,0,7,112,0,3,50,5,6,5,8,0,13,34,5,14,2,2,0,9,1,16,0,2,12,0,13,0
2020/2021,bathurst,ndlambe,sarah baartman,26.83917,-33.50484,52,4,58,3,1,0,1,131,0,4,36,2,6,8,14,0,12,17,2,12,2,4,0,14,1,14,0,0,12,0,9,0
2021/2022,bathurst,ndlambe,sarah baartman,26.83917,-33.50484,36,2,63,1,0,0,2,85,0,10,59,0,6,5,11,0,12,22,3,11,2,1,0,4,3,14,0,0,11,0,2,0
2022/2023,bathurst,ndlambe,sarah baartman,26.83917,-33.50484,47,0,61,3,2,0,3,86,0,8,54,6,6,2,10,1,21,29,1,18,0,4,0,7,3,23,0,0,15,0,3,0
2023/2024,bathurst,sarah baartman district,sarah baartman district,26.83917,-33.50484,0,0,0,0,0,0,0,104,0,0,0,0,0,0,0,0,0,0,0,0,0,6,0,0,0,0,0,0,0,1,9,0
2024/2025,bathurst,sarah baartman district,sarah baartman district,26.83917,-33.50484,0,0,0,0,0,0,0,127,0,0,0,0,0,0,0,0,0,0,0,0,0,0,0,0,0,0,0,0,0,0,14,0
2008/2009,batlharos,joe morolong,john taolo gaetsewe,23.34164,-27.30544,51,5,133,6,11,0,34,75,2,5,50,31,5,12,31,2,1,59,5,25,6,2,0,15,1,40,0,2,33,2,7,0
2009/2010,batlharos,joe morolong,john taolo gaetsewe,23.34164,-27.30544,47,0,147,2,2,0,36,48,0,0,29,18,4,7,25,0,1,30,2,17,2,0,0,12,1,22,0,6,40,2,4,0
2010/2011,batlharos,joe morolong,john taolo gaetsewe,23.34164,-27.30544,21,6,125,7,2,0,20,48,0,0,21,14,7,3,12,0,1,33,4,20,4,2,0,12,0,23,0,0,39,1,4,0
2011/2012,batlharos,joe morolong,john taolo gaetsewe,23.34164,-27.30544,51,4,142,6,5,0,46,98,1,4,16,12,5,0,3,1,1,27,8,27,13,7,0,24,0,35,1,5,32,3,4,0
2012/2013,batlharos,joe morolong,john taolo gaetsewe,23.34164,-27.30544,99,3,201,4,1,0,48,114,0,4,28,24,4,4,6,0,1,57,9,31,14,4,0,32,3,37,0,3,41,7,6,0
2013/2014,batlharos,joe morolong,john taolo gaetsewe,23.34164,-27.30544,98,2,184,5,3,0,50,112,1,3,24,18,7,7,7,1,12,60,4,34,21,3,0,36,0,38,0,2,17,8,9,0
2014/2015,batlharos,joe morolong,john taolo gaetsewe,23.34164,-27.30544,99,4,188,5,4,0,41,100,0,4,16,18,6,4,9,1,22,38,2,35,12,6,0,27,4,43,0,0,14,0,12,0
2015/2016,batlharos,joe morolong,john taolo gaetsewe,23.34164,-27.30544,64,4,230,5,2,0,40,83,1,0,34,29,7,6,3,0,13,44,7,43,11,2,0,24,2,48,0,0,8,3,4,0
2016/2017,batlharos,joe morolong,john taolo gaetsewe,23.34164,-27.30544,68,5,213,17,6,0,55,53,0,3,21,16,7,1,8,1,21,54,5,27,15,4,0,31,4,38,0,0,12,5,10,0
2017/2018,batlharos,joe morolong,john taolo gaetsewe,23.34164,-27.30544,48,7,196,13,0,0,24,64,0,5,32,20,7,5,11,2,12,63,14,34,17,4,0,35,3,38,1,0,7,2,5,0
2018/2019,batlharos,joe morolong,john taolo gaetsewe,23.34164,-27.30544,50,4,164,10,3,0,47,50,3,4,27,10,7,3,6,1,12,65,6,30,8,5,0,30,4,38,0,0,12,1,12,0
2019/2020,batlharos,joe morolong,john taolo gaetsewe,23.34164,-27.30544,46,1,144,7,4,0,16,51,1,5,26,27,7,0,6,2,12,50,7,31,4,3,0,17,2,38,0,0,6,2,9,1
2020/2021,batlharos,joe morolong,john taolo gaetsewe,23.34164,-27.30544,53,3,134,5,4,0,29,44,1,6,29,16,6,3,4,0,13,55,8,32,3,4,0,26,2,38,0,0,11,4,7,0
2021/2022,batlharos,joe morolong,john taolo gaetsewe,23.34164,-27.30544,48,1,155,21,2,0,57,45,2,4,34,9,6,3,5,1,17,50,6,21,6,2,0,18,2,25,0,1,15,5,6,0
2022/2023,batlharos,joe morolong,john taolo gaetsewe,23.34164,-27.30544,166,1,120,36,3,0,42,55,3,8,44,16,6,1,7,0,14,71,4,51,2,3,0,21,1,55,0,12,20,2,6,0
2023/2024,batlharos,john taolo gaetsewe district,john taolo gaetsewe district,23.34164,-27.30544,0,0,0,0,0,0,0,49,4,0,0,0,0,0,0,0,0,0,0,0,0,1,0,0,0,0,0,0,0,4,8,0
2024/2025,batlharos,john taolo gaetsewe district,john taolo gaetsewe district,23.34164,-27.30544,0,0,0,0,0,0,0,54,0,0,0,0,0,0,0,0,0,0,0,0,0,2,0,0,0,0,0,0,0,2,7,0
2008/2009,baviaanskloof,dr beyers naude,sarah baartman,23.98058,-33.53938,7,0,4,0,0,0,1,6,0,0,9,0,6,1,5,0,1,3,0,1,0,0,0,0,0,1,0,0,2,0,0,0
2009/2010,baviaanskloof,dr beyers naude,sarah baartman,23.98058,-33.53938,4,0,3,0,0,0,3,7,0,0,10,1,6,0,1,0,1,5,0,0,0,0,0,0,0,0,0,0,0,0,0,0
2010/2011,baviaanskloof,dr beyers naude,sarah baartman,23.98058,-33.53938,2,0,3,0,0,0,0,2,0,0,1,0,6,3,6,0,1,0,0,1,0,0,0,0,0,1,0,0,0,0,0,0
2011/2012,baviaanskloof,dr beyers naude,sarah baartman,23.98058,-33.53938,1,0,0,0,0,0,2,3,0,0,1,0,6,3,4,0,1,2,1,0,0,0,0,0,0,0,0,0,1,0,0,0
2012/2013,baviaanskloof,dr beyers naude,sarah baartman,23.98058,-33.53938,0,0,2,0,0,0,2,3,0,0,1,0,7,0,6,0,1,1,0,0,0,0,0,0,0,1,0,0,0,0,0,0
2013/2014,baviaanskloof,dr beyers naude,sarah baartman,23.98058,-33.53938,5,0,5,0,0,0,0,8,0,0,3,0,6,1,5,0,13,1,0,3,0,0,0,0,0,3,0,0,0,0,1,0
2014/2015,baviaanskloof,dr beyers naude,sarah baartman,23.98058,-33.53938,3,0,3,0,0,0,1,5,0,0,2,0,6,0,9,0,13,0,1,0,0,1,0,1,0,0,0,0,2,0,1,0
2015/2016,baviaanskloof,dr beyers naude,sarah baartman,23.98058,-33.53938,0,0,1,0,0,0,3,3,0,0,3,0,6,0,8,0,13,1,0,0,0,0,0,0,1,1,0,0,2,0,0,0
2016/2017,baviaanskloof,dr beyers naude,sarah baartman,23.98058,-33.53938,1,0,1,0,0,0,2,3,0,0,2,0,6,3,2,0,13,0,0,1,0,0,0,0,0,1,0,2,1,0,1,0
2017/2018,baviaanskloof,dr beyers naude,sarah baartman,23.98058,-33.53938,0,0,3,0,0,0,1,1,0,0,7,0,6,0,7,0,13,2,1,0,0,0,0,0,0,0,0,0,2,0,0,0
2018/2019,baviaanskloof,dr beyers naude,sarah baartman,23.98058,-33.53938,0,0,1,0,0,0,0,3,0,0,3,0,6,0,4,0,13,0,1,0,0,0,0,1,0,0,0,0,4,1,1,0
2019/2020,baviaanskloof,dr beyers naude,sarah baartman,23.98058,-33.53938,0,0,2,0,0,0,1,4,0,0,4,0,6,0,0,0,13,1,0,1,0,0,0,0,0,1,0,0,0,0,0,0
2020/2021,baviaanskloof,dr beyers naude,sarah baartman,23.98058,-33.53938,1,0,4,0,0,0,2,0,0,0,2,0,6,0,0,0,13,4,0,1,0,0,0,0,1,2,0,0,0,1,0,0
2021/2022,baviaanskloof,dr beyers naude,sarah baartman,23.98058,-33.53938,3,0,0,0,0,0,1,3,0,0,1,0,6,0,1,0,13,3,0,0,0,0,0,0,1,1,0,0,0,0,1,0
2022/2023,baviaanskloof,dr beyers naude,sarah baartman,23.98058,-33.53938,1,0,3,0,1,0,1,5,0,0,1,0,6,0,3,0,13,4,0,0,0,0,0,1,0,1,0,1,2,0,3,0
2023/2024,baviaanskloof,sarah baartman district,sarah baartman district,23.98058,-33.53938,0,0,0,0,0,0,0,4,0,0,0,0,0,0,0,0,0,0,0,0,0,0,0,0,0,0,0,0,0,0,2,0
2024/2025,baviaanskloof,sarah baartman district,sarah baartman district,23.98058,-33.53938,0,0,0,0,0,0,0,1,0,0,0,0,0,0,0,0,0,0,0,0,0,0,0,0,0,0,0,0,0,0,0,0
2008/2009,bayswater,mangaung,mangaung,26.23033,-29.08896,286,0,25,7,0,0,40,183,2,48,77,15,8,10,35,1,1,53,1,6,4,5,0,32,0,10,0,14,2,95,144,0
2009/2010,bayswater,mangaung,mangaung,26.23033,-29.08896,294,0,18,8,0,0,13,224,2,79,84,17,7,11,27,2,1,40,2,3,8,14,1,50,3,7,0,13,4,123,78,0
2010/2011,bayswater,mangaung,mangaung,26.23033,-29.08896,241,1,16,3,2,0,17,258,2,137,65,12,7,5,22,0,1,35,1,3,3,8,0,27,4,10,0,16,4,91,82,0
2011/2012,bayswater,mangaung,mangaung,26.23033,-29.08896,229,0,13,1,0,0,13,270,0,58,60,7,6,9,29,2,1,29,0,4,5,8,0,18,2,6,0,8,1,67,107,0
2012/2013,bayswater,mangaung,mangaung,26.23033,-29.08896,234,0,16,4,1,0,12,300,1,93,69,12,5,4,34,1,1,30,3,8,1,5,0,14,6,18,0,17,2,74,88,0
2013/2014,bayswater,mangaung,mangaung,26.23033,-29.08896,278,0,21,1,0,0,22,377,0,88,73,9,7,11,332,3,21,41,1,11,5,7,1,18,3,15,0,21,5,58,120,0
2014/2015,bayswater,mangaung,mangaung,26.23033,-29.08896,267,0,13,1,2,0,24,511,0,87,66,6,8,12,130,4,13,30,1,2,5,12,0,28,2,10,1,20,8,40,89,0
2015/2016,bayswater,mangaung,mangaung,26.23033,-29.08896,210,0,8,2,0,0,21,325,0,118,69,8,5,9,91,0,13,32,1,5,1,2,0,7,3,11,0,19,0,36,86,0
2016/2017,bayswater,mangaung,mangaung,26.23033,-29.08896,222,0,11,2,1,0,26,232,0,99,68,10,7,23,184,3,13,29,1,3,2,4,1,16,1,6,4,19,3,40,77,0
2017/2018,bayswater,mangaung,mangaung,26.23033,-29.08896,164,0,10,1,0,0,23,262,1,99,35,9,4,24,126,7,12,23,0,10,5,19,0,31,4,16,2,13,3,34,68,0
2018/2019,bayswater,mangaung,mangaung,26.23033,-29.08896,162,0,5,2,1,0,15,264,3,115,57,4,6,14,97,5,13,27,1,3,2,6,0,20,6,10,1,11,1,37,85,0
2019/2020,bayswater,mangaung,mangaung,26.23033,-29.08896,204,0,14,4,0,0,14,169,1,104,39,6,6,13,6,1,13,21,2,12,0,4,0,12,3,15,1,22,2,34,103,0
2020/2021,bayswater,mangaung,mangaung,26.23033,-29.08896,183,0,7,3,1,0,14,134,0,94,44,3,7,10,5,0,13,15,1,12,1,6,0,12,5,19,1,17,2,13,64,0
2021/2022,bayswater,mangaung,mangaung,26.23033,-29.08896,256,0,11,2,1,0,28,153,2,165,53,7,4,8,6,1,12,30,2,8,4,5,0,19,7,18,0,30,6,7,52,1
2022/2023,bayswater,mangaung,mangaung,26.23033,-29.08896,310,0,9,2,1,0,17,180,3,199,57,9,7,8,17,0,13,18,0,4,3,3,0,16,7,13,0,50,0,13,120,0
2023/2024,bayswater,mangaung district,mangaung district,26.23033,-29.08896,0,0,0,0,0,0,0,158,0,0,0,0,0,0,0,0,0,0,0,0,0,3,0,0,0,0,0,0,0,9,75,0
2024/2025,bayswater,mangaung district,mangaung district,26.23033,-29.08896,0,0,0,0,0,0,0,157,1,0,0,0,0,0,0,0,0,0,0,0,0,5,0,0,0,0,0,0,0,14,83,0
2008/2009,bayview,ethekwini,ethekwini,30.9117,-29.92278,245,4,80,41,0,0,23,215,160,38,178,68,18,65,241,8,1,76,15,15,16,48,0,295,6,32,0,8,0,187,49,0
2009/2010,bayview,ethekwini,ethekwini,30.9117,-29.92278,237,3,96,16,0,0,20,264,107,51,247,40,31,44,462,5,1,86,6,17,12,27,0,200,10,46,0,5,0,135,112,0
2010/2011,bayview,ethekwini,ethekwini,30.9117,-29.92278,311,4,110,20,0,0,45,311,46,47,212,49,36,53,448,18,1,121,12,17,8,37,0,139,8,41,0,3,0,177,156,0
2011/2012,bayview,ethekwini,ethekwini,30.9117,-29.92278,255,2,109,10,1,0,35,293,85,23,237,61,5,99,350,4,1,115,9,13,10,15,0,177,9,26,0,5,0,142,161,0
2012/2013,bayview,ethekwini,ethekwini,30.9117,-29.92278,213,7,97,19,0,0,55,390,98,22,181,35,8,51,327,3,1,92,1,12,10,49,0,205,7,23,13,1,0,148,133,0
2013/2014,bayview,ethekwini,ethekwini,30.9117,-29.92278,258,2,111,8,0,0,39,329,43,18,127,40,6,36,360,20,14,92,6,10,22,63,0,182,7,17,11,2,0,131,151,0
2014/2015,bayview,ethekwini,ethekwini,30.9117,-29.92278,228,3,96,9,0,0,83,287,71,18,106,37,6,43,414,18,17,55,13,8,16,42,0,179,5,13,21,3,0,109,88,0
2015/2016,bayview,ethekwini,ethekwini,30.9117,-29.92278,218,3,91,18,0,0,42,177,73,24,105,33,6,35,427,11,21,53,9,6,12,26,0,140,6,12,10,2,1,145,69,0
2016/2017,bayview,ethekwini,ethekwini,30.9117,-29.92278,135,1,62,8,0,0,22,233,70,20,95,26,4,42,486,4,12,27,8,8,8,29,0,147,5,15,13,2,0,160,43,1
2017/2018,bayview,ethekwini,ethekwini,30.9117,-29.92278,96,0,47,9,0,0,15,140,42,22,82,13,6,132,435,6,12,17,9,7,8,21,0,90,3,10,14,3,0,85,55,0
2018/2019,bayview,ethekwini,ethekwini,30.9117,-29.92278,168,3,46,6,0,0,15,211,48,29,114,13,6,178,205,3,13,41,11,9,14,33,0,135,7,16,8,4,0,49,31,1
2019/2020,bayview,ethekwini,ethekwini,30.9117,-29.92278,189,2,69,11,0,0,22,239,28,29,125,25,6,102,202,19,21,44,5,6,16,45,0,132,6,12,8,0,1,44,27,0
2020/2021,bayview,ethekwini,ethekwini,30.9117,-29.92278,131,3,64,13,0,0,33,106,25,23,107,22,6,3,127,3,12,36,12,6,14,25,0,103,2,8,3,3,0,45,39,0
2021/2022,bayview,ethekwini,ethekwini,30.9117,-29.92278,222,3,56,20,0,0,44,121,33,42,100,21,7,4,87,2,16,56,12,10,12,15,0,105,3,14,1,1,0,82,29,0
2022/2023,bayview,ethekwini,ethekwini,30.9117,-29.92278,220,1,56,28,0,0,21,125,32,69,153,23,7,4,92,6,16,77,19,4,9,41,0,147,2,7,1,2,0,150,37,1
2023/2024,bayview,ethekwini district,ethekwini district,30.9117,-29.92278,0,0,0,0,0,0,0,191,38,0,0,0,0,0,0,0,0,0,0,0,0,40,0,0,0,0,0,0,0,140,50,0
2024/2025,bayview,ethekwini district,ethekwini district,30.9117,-29.92278,0,0,0,0,0,0,0,164,33,0,0,0,0,0,0,0,0,0,0,0,0,50,0,0,0,0,0,0,0,146,29,0
2008/2009,beacon bay,buffalo city,buffalo city,27.93836,-32.96884,220,6,168,7,4,0,7,338,0,62,74,31,8,94,16,0,1,62,17,33,7,9,0,24,3,44,0,122,11,73,127,0
2009/2010,beacon bay,buffalo city,buffalo city,27.93836,-32.96884,164,2,147,11,1,0,2,372,1,64,62,34,5,128,16,5,1,51,15,28,2,9,2,33,0,32,0,107,7,72,100,0
2010/2011,beacon bay,buffalo city,buffalo city,27.93836,-32.96884,200,7,137,12,6,0,3,295,1,69,70,30,4,80,27,6,1,62,10,25,4,9,0,44,0,33,0,93,8,55,97,0
2011/2012,beacon bay,buffalo city,buffalo city,27.93836,-32.96884,210,2,142,10,4,0,10,321,1,61,62,20,7,112,71,5,1,54,15,34,2,13,1,57,6,45,1,86,14,71,83,0
2012/2013,beacon bay,buffalo city,buffalo city,27.93836,-32.96884,217,3,139,5,0,0,19,275,1,74,83,16,6,133,78,4,1,68,17,34,2,5,0,32,6,40,1,85,7,36,82,0
2013/2014,beacon bay,buffalo city,buffalo city,27.93836,-32.96884,262,3,133,1,0,0,14,286,0,30,62,13,6,120,63,5,13,55,21,41,0,3,0,37,4,45,0,75,11,40,98,0
2014/2015,beacon bay,buffalo city,buffalo city,27.93836,-32.96884,260,2,177,9,0,0,17,315,0,42,67,18,6,143,78,8,13,66,11,37,4,7,0,66,1,38,0,91,6,43,97,1
2015/2016,beacon bay,buffalo city,buffalo city,27.93836,-32.96884,205,2,170,2,0,0,23,346,1,47,53,12,7,96,77,8,21,61,22,29,15,14,0,75,2,32,0,81,8,11,67,1
2016/2017,beacon bay,buffalo city,buffalo city,27.93836,-32.96884,202,0,140,5,0,0,7,279,0,27,54,11,6,71,81,6,12,51,20,16,6,2,0,44,8,24,1,65,5,10,54,0
2017/2018,beacon bay,buffalo city,buffalo city,27.93836,-32.96884,218,0,163,1,0,0,19,263,4,25,38,9,7,38,78,4,14,52,12,34,5,11,0,72,4,39,0,38,8,9,94,1
2018/2019,beacon bay,buffalo city,buffalo city,27.93836,-32.96884,178,1,135,2,0,0,17,295,4,40,50,19,4,56,77,14,21,46,18,36,12,9,0,62,0,38,1,29,4,22,106,1
2019/2020,beacon bay,buffalo city,buffalo city,27.93836,-32.96884,217,0,125,7,0,0,31,317,4,89,65,17,7,53,79,10,12,65,17,38,7,12,0,66,6,45,0,42,1,18,97,0
2020/2021,beacon bay,buffalo city,buffalo city,27.93836,-32.96884,199,0,95,5,0,0,32,263,1,166,60,16,7,25,8,1,21,47,13,39,7,14,0,56,9,49,0,37,1,19,58,0
2021/2022,beacon bay,buffalo city,buffalo city,27.93836,-32.96884,242,1,172,8,2,0,26,303,4,169,93,19,6,35,10,2,14,56,25,32,9,10,0,66,4,38,0,52,1,10,50,0
2022/2023,beacon bay,buffalo city,buffalo city,27.93836,-32.96884,308,1,168,10,2,0,31,364,6,195,111,24,8,9,5,0,17,105,20,41,8,6,0,68,4,51,0,46,0,16,99,2
2023/2024,beacon bay,buffalo city district,buffalo city district,27.93836,-32.96884,0,0,0,0,0,0,0,343,4,0,0,0,0,0,0,0,0,0,0,0,0,5,0,0,0,0,0,0,0,17,95,0
2024/2025,beacon bay,buffalo city district,buffalo city district,27.93836,-32.96884,0,0,0,0,0,0,0,341,1,0,0,0,0,0,0,0,0,0,0,0,0,4,0,0,0,0,0,0,0,14,80,0
2008/2009,beaufort west,beaufort west,central karoo,22.58486,-32.34946,781,2,401,4,1,0,128,372,0,68,543,70,12,123,436,5,1,319,14,26,2,4,0,72,8,42,0,175,50,6,153,0
2009/2010,beaufort west,beaufort west,central karoo,22.58486,-32.34946,708,2,399,8,2,0,135,397,0,50,553,98,9,119,466,12,1,299,20,70,1,3,0,109,16,93,0,163,53,6,156,0
2010/2011,beaufort west,beaufort west,central karoo,22.58486,-32.34946,693,3,420,9,4,0,147,382,1,65,624,91,10,123,542,7,1,282,15,93,3,8,0,88,10,113,0,196,43,4,268,0
2011/2012,beaufort west,beaufort west,central karoo,22.58486,-32.34946,860,8,411,4,3,0,139,452,0,119,595,111,4,97,429,6,1,299,18,61,11,6,0,98,19,85,1,157,57,7,378,0
2012/2013,beaufort west,beaufort west,central karoo,22.58486,-32.34946,709,6,401,5,2,0,131,530,0,77,567,153,7,84,396,6,1,288,8,47,9,10,0,108,18,68,0,128,52,5,538,0
2013/2014,beaufort west,beaufort west,central karoo,22.58486,-32.34946,795,9,465,18,5,0,212,589,0,57,644,148,5,71,367,17,21,386,27,39,17,21,0,170,12,59,0,125,56,5,579,0
2014/2015,beaufort west,beaufort west,central karoo,22.58486,-32.34946,692,9,408,48,2,0,206,519,0,69,673,165,4,66,502,15,22,416,20,54,17,12,0,151,17,75,0,119,80,9,594,0
2015/2016,beaufort west,beaufort west,central karoo,22.58486,-32.34946,643,3,378,24,4,0,163,574,0,54,624,116,8,61,545,14,17,321,31,59,7,37,0,180,8,75,0,149,78,6,538,0
2016/2017,beaufort west,beaufort west,central karoo,22.58486,-32.34946,600,9,333,13,5,0,128,538,0,50,518,94,8,51,530,5,23,321,21,46,7,18,0,127,11,66,0,156,90,3,382,0
2017/2018,beaufort west,beaufort west,central karoo,22.58486,-32.34946,504,8,387,26,5,0,139,499,1,63,493,87,4,67,450,8,17,263,22,37,14,16,0,143,13,57,0,158,81,3,369,0
2018/2019,beaufort west,beaufort west,central karoo,22.58486,-32.34946,625,7,408,13,5,0,120,362,0,73,445,78,7,58,269,4,23,357,11,42,10,10,0,105,10,58,0,179,68,5,349,0
2019/2020,beaufort west,beaufort west,central karoo,22.58486,-32.34946,641,8,326,10,1,0,95,392,1,98,455,63,5,103,346,11,17,288,17,25,12,4,0,73,11,40,0,120,58,0,268,0
2020/2021,beaufort west,beaufort west,central karoo,22.58486,-32.34946,470,7,276,28,1,0,95,267,0,141,395,56,6,17,450,6,21,267,11,20,7,7,0,63,16,37,0,90,57,1,211,0
2021/2022,beaufort west,beaufort west,central karoo,22.58486,-32.34946,602,1,287,23,3,0,83,226,1,132,413,35,7,27,325,14,23,346,14,29,6,4,0,44,17,50,0,69,47,4,168,0
2022/2023,beaufort west,beaufort west,central karoo,22.58486,-32.34946,569,8,308,30,1,0,52,265,1,121,551,40,7,127,316,4,23,356,14,19,9,8,0,56,12,33,0,97,42,7,215,0
2023/2024,beaufort west,central karoo district,central karoo district,22.58486,-32.34946,0,0,0,0,0,0,0,186,0,0,0,0,0,0,0,0,0,0,0,0,0,6,0,0,0,0,0,0,0,2,172,0
2024/2025,beaufort west,central karoo district,central karoo district,22.58486,-32.34946,0,0,0,0,0,0,0,255,1,0,0,0,0,0,0,0,0,0,0,0,0,10,0,0,0,0,0,0,0,4,210,0
2008/2009,bedford,blue crane route,sarah baartman,26.08275,-32.68363,62,2,107,4,5,0,7,63,1,2,43,17,6,3,21,1,1,44,2,13,1,3,0,12,1,19,0,7,23,5,4,0
2009/2010,bedford,blue crane route,sarah baartman,26.08275,-32.68363,57,7,108,1,7,0,12,55,0,16,53,8,6,4,24,1,1,28,7,19,6,2,0,17,2,28,0,6,46,1,5,1
2010/2011,bedford,blue crane route,sarah baartman,26.08275,-32.68363,36,1,87,7,2,0,13,47,0,5,42,12,7,11,42,1,1,23,2,20,2,1,0,6,1,24,0,6,39,3,7,0
2011/2012,bedford,blue crane route,sarah baartman,26.08275,-32.68363,44,1,97,2,2,0,5,34,0,6,25,6,7,8,40,1,1,23,2,12,3,0,0,4,12,27,0,3,28,4,2,0
2012/2013,bedford,blue crane route,sarah baartman,26.08275,-32.68363,20,3,75,4,1,0,10,37,1,7,32,5,7,7,40,2,1,29,7,12,3,3,0,8,5,19,0,5,26,2,6,0
2013/2014,bedford,blue crane route,sarah baartman,26.08275,-32.68363,24,2,60,4,1,0,9,23,0,5,19,3,6,5,33,2,12,16,4,12,0,0,0,5,4,17,0,6,18,7,5,0
2014/2015,bedford,blue crane route,sarah baartman,26.08275,-32.68363,40,1,89,3,1,0,25,20,0,7,32,8,4,9,34,0,12,20,5,9,2,3,0,8,6,18,0,1,25,3,3,0
2015/2016,bedford,blue crane route,sarah baartman,26.08275,-32.68363,45,0,83,1,4,0,19,48,0,7,21,5,6,9,50,1,13,20,4,14,1,1,0,7,4,22,0,3,29,1,4,0
2016/2017,bedford,blue crane route,sarah baartman,26.08275,-32.68363,31,0,59,3,1,0,12,45,0,6,16,3,7,20,50,2,13,29,1,14,0,2,0,6,0,16,1,2,32,2,5,0
2017/2018,bedford,blue crane route,sarah baartman,26.08275,-32.68363,55,1,65,3,0,0,14,41,0,11,27,6,4,12,58,0,13,28,2,5,1,1,0,10,1,8,1,1,25,3,4,0
2018/2019,bedford,blue crane route,sarah baartman,26.08275,-32.68363,54,1,73,2,2,0,11,37,0,16,12,7,6,16,66,2,13,35,2,12,1,1,0,7,5,19,1,11,38,2,18,0
2019/2020,bedford,blue crane route,sarah baartman,26.08275,-32.68363,28,2,42,5,0,0,7,46,0,14,24,8,7,7,57,6,13,21,5,9,3,0,0,14,1,11,0,5,14,3,20,0
2020/2021,bedford,blue crane route,sarah baartman,26.08275,-32.68363,42,2,53,2,2,0,10,41,0,13,24,2,6,9,7,2,13,16,3,2,0,0,1,7,3,7,0,3,24,1,12,0
2021/2022,bedford,blue crane route,sarah baartman,26.08275,-32.68363,38,1,51,5,0,0,8,45,0,17,31,2,6,2,2,0,13,15,4,6,0,0,0,8,4,10,0,3,22,1,5,2
2022/2023,bedford,blue crane route,sarah baartman,26.08275,-32.68363,39,3,40,2,0,0,10,29,0,9,28,4,7,1,8,1,12,23,2,6,1,1,0,4,1,8,0,2,9,1,6,0
2023/2024,bedford,amathole district,amathole district,26.08275,-32.68363,0,0,0,0,0,0,0,26,0,0,0,0,0,0,0,0,0,0,0,0,0,2,0,0,0,0,0,0,0,0,3,0
2024/2025,bedford,amathole district,amathole district,26.08275,-32.68363,0,0,0,0,0,0,0,50,0,0,0,0,0,0,0,0,0,0,0,0,0,1,0,0,0,0,0,0,0,0,3,0
2008/2009,bedfordview,ekurhuleni,ekurhuleni,28.13719,-26.1796,940,1,73,22,0,0,204,220,50,514,228,66,12,55,20,12,1,179,8,11,72,88,0,362,5,23,0,634,0,464,163,10
2009/2010,bedfordview,ekurhuleni,ekurhuleni,28.13719,-26.1796,775,4,62,23,3,0,262,247,45,505,205,67,9,70,10,14,1,194,7,8,66,89,2,366,2,18,0,635,0,349,162,10
2010/2011,bedfordview,ekurhuleni,ekurhuleni,28.13719,-26.1796,796,3,93,13,0,0,153,212,41,462,181,48,5,36,10,18,1,218,6,17,55,66,1,277,8,28,0,561,0,268,185,9
2011/2012,bedfordview,ekurhuleni,ekurhuleni,28.13719,-26.1796,755,1,67,13,3,0,156,136,23,411,189,51,5,57,17,20,1,158,3,6,35,60,0,222,10,22,1,457,0,231,165,3
2012/2013,bedfordview,ekurhuleni,ekurhuleni,28.13719,-26.1796,750,0,63,9,0,0,143,192,25,333,146,59,6,56,22,6,1,149,3,12,25,69,0,244,6,18,2,403,0,217,237,11
2013/2014,bedfordview,ekurhuleni,ekurhuleni,28.13719,-26.1796,768,2,50,10,1,0,159,244,33,309,152,49,7,105,130,5,23,147,8,11,39,82,1,284,2,15,2,360,0,229,340,9
2014/2015,bedfordview,ekurhuleni,ekurhuleni,28.13719,-26.1796,896,1,55,15,0,0,122,153,21,346,148,73,4,146,198,20,17,164,4,15,40,93,1,302,4,21,0,372,0,261,399,12
2015/2016,bedfordview,ekurhuleni,ekurhuleni,28.13719,-26.1796,822,5,46,17,0,0,134,145,35,254,126,59,6,183,172,6,21,167,7,9,48,69,0,344,7,16,1,399,0,243,296,28
2016/2017,bedfordview,ekurhuleni,ekurhuleni,28.13719,-26.1796,765,3,52,15,0,0,149,154,68,235,122,81,7,151,241,20,2,129,5,12,57,69,0,367,5,18,0,274,0,185,269,29
2017/2018,bedfordview,ekurhuleni,ekurhuleni,28.13719,-26.1796,653,0,47,18,3,0,155,140,51,207,148,61,4,217,275,13,22,118,1,4,47,42,0,299,4,13,0,335,0,151,289,21
2018/2019,bedfordview,ekurhuleni,ekurhuleni,28.13719,-26.1796,722,0,56,5,1,0,112,182,46,234,145,49,7,177,162,5,21,151,5,14,38,57,1,313,5,21,0,294,0,223,341,28
2019/2020,bedfordview,ekurhuleni,ekurhuleni,28.13719,-26.1796,621,2,44,10,0,0,108,123,51,279,176,47,7,265,37,16,17,122,7,7,58,36,0,311,4,12,0,244,0,236,293,19
2020/2021,bedfordview,ekurhuleni,ekurhuleni,28.13719,-26.1796,498,2,46,18,1,0,92,70,89,216,123,53,6,196,25,14,17,86,6,11,70,29,0,327,7,19,0,268,0,125,163,23
2021/2022,bedfordview,ekurhuleni,ekurhuleni,28.13719,-26.1796,514,0,61,13,1,0,75,65,72,266,142,47,6,164,22,10,36,95,3,8,47,37,2,317,8,17,0,213,0,138,128,32
2022/2023,bedfordview,ekurhuleni,ekurhuleni,28.13719,-26.1796,539,1,52,15,1,0,78,52,80,266,125,51,6,128,22,15,7,105,6,13,53,24,0,302,8,22,0,208,0,163,119,32
2023/2024,bedfordview,ekurhuleni district,ekurhuleni district,28.13719,-26.1796,0,0,0,0,0,0,0,57,99,0,0,0,0,0,0,0,0,0,0,0,0,45,0,0,0,0,0,0,0,205,168,0
2024/2025,bedfordview,ekurhuleni district,ekurhuleni district,28.13719,-26.1796,0,0,0,0,0,0,0,42,103,0,0,0,0,0,0,0,0,0,0,0,0,28,0,0,0,0,0,0,0,135,111,0
2008/2009,bedwang,moretele,bojanala,27.96893,-25.087,34,1,33,1,2,0,7,32,1,1,16,8,7,0,84,4,1,18,0,10,4,3,0,16,1,14,0,0,28,4,2,0
2009/2010,bedwang,moretele,bojanala,27.96893,-25.087,24,2,38,6,3,0,9,22,0,2,20,4,6,2,80,2,1,14,2,12,6,3,0,15,1,16,0,0,25,7,3,0
2010/2011,bedwang,moretele,bojanala,27.96893,-25.087,48,0,40,3,3,0,9,24,0,2,15,7,6,4,92,1,1,14,5,15,6,1,0,11,1,19,0,0,29,1,4,0
2011/2012,bedwang,moretele,bojanala,27.96893,-25.087,200,1,39,2,2,0,10,21,1,0,17,4,6,1,97,5,1,19,6,14,5,3,0,19,0,16,0,0,34,1,6,0
2012/2013,bedwang,moretele,bojanala,27.96893,-25.087,96,1,36,2,1,0,17,22,0,1,16,3,7,2,136,1,1,15,0,11,2,3,0,7,0,13,0,0,14,2,3,0
2013/2014,bedwang,moretele,bojanala,27.96893,-25.087,58,0,27,4,0,0,7,27,0,1,22,4,6,1,141,2,13,6,4,10,8,1,0,13,1,11,0,0,13,1,4,0
2014/2015,bedwang,moretele,bojanala,27.96893,-25.087,48,1,27,1,2,0,15,31,3,1,10,2,7,1,144,1,12,5,2,12,12,3,0,24,0,15,0,0,21,1,2,0
2015/2016,bedwang,moretele,bojanala,27.96893,-25.087,60,1,39,4,1,0,10,17,1,2,27,5,6,2,155,5,12,18,2,12,11,4,0,22,1,14,1,0,19,0,4,0
2016/2017,bedwang,moretele,bojanala,27.96893,-25.087,50,4,26,3,0,0,8,29,1,2,13,2,6,4,155,2,21,21,3,11,3,6,0,15,0,11,2,0,28,2,0,0
2017/2018,bedwang,moretele,bojanala,27.96893,-25.087,30,4,35,0,3,0,8,24,2,4,12,4,6,13,214,4,21,11,7,13,7,5,0,19,0,16,0,0,26,3,6,0
2018/2019,bedwang,moretele,bojanala,27.96893,-25.087,15,1,43,1,1,0,11,24,1,4,19,2,6,5,182,5,12,9,1,10,6,1,0,14,1,12,67,0,28,3,4,0
2019/2020,bedwang,moretele,bojanala,27.96893,-25.087,19,1,38,1,0,0,20,22,1,4,14,3,6,20,205,2,12,20,1,17,3,2,0,10,0,17,82,0,25,1,3,0
2020/2021,bedwang,moretele,bojanala,27.96893,-25.087,27,2,35,2,0,0,14,21,2,6,29,2,6,0,12,0,23,16,2,13,10,1,0,19,0,13,8,0,4,3,3,0
2021/2022,bedwang,moretele,bojanala,27.96893,-25.087,51,1,39,6,1,0,4,19,1,4,52,7,6,11,69,1,21,19,2,11,9,4,0,23,2,14,71,0,9,4,0,1
2022/2023,bedwang,moretele,bojanala,27.96893,-25.087,52,1,29,3,5,0,13,20,0,3,52,6,6,12,95,4,12,26,1,12,5,1,0,13,0,17,88,1,10,1,1,0
2023/2024,bedwang,bojanala district,bojanala district,27.96893,-25.087,0,0,0,0,0,0,0,23,2,0,0,0,0,0,0,0,0,0,0,0,0,3,0,0,0,0,0,0,0,2,6,0
2024/2025,bedwang,bojanala district,bojanala district,27.96893,-25.087,0,0,0,0,0,0,0,22,0,0,0,0,0,0,0,0,0,0,0,0,0,2,0,0,0,0,0,0,0,2,1,0
2008/2009,bekkersdal,rand west city,west rand,27.69873,-26.28711,0,0,0,0,0,0,0,0,0,0,0,0,6,0,0,0,1,0,0,0,0,0,0,0,0,0,0,0,0,0,0,0
2009/2010,bekkersdal,rand west city,west rand,27.69873,-26.28711,0,0,0,0,0,0,0,0,0,0,0,0,6,0,0,0,1,0,0,0,0,0,0,0,0,0,0,0,0,0,0,0
2010/2011,bekkersdal,rand west city,west rand,27.69873,-26.28711,0,0,0,0,0,0,0,0,0,0,0,0,6,0,0,0,1,0,0,0,0,0,0,0,0,0,0,0,0,0,0,0
2011/2012,bekkersdal,rand west city,west rand,27.69873,-26.28711,0,0,0,0,0,0,0,0,0,0,0,0,6,0,0,0,1,0,0,0,0,0,0,0,0,0,0,0,0,0,0,0
2012/2013,bekkersdal,rand west city,west rand,27.69873,-26.28711,210,7,182,31,0,1,58,293,30,22,299,68,7,63,65,26,1,129,59,95,28,45,0,218,3,99,0,0,10,39,74,10
2013/2014,bekkersdal,rand west city,west rand,27.69873,-26.28711,248,7,196,29,1,0,84,235,51,14,270,43,5,79,422,26,17,168,62,86,35,23,0,203,3,93,3,1,6,44,46,7
2014/2015,bekkersdal,rand west city,west rand,27.69873,-26.28711,228,9,204,27,1,0,60,292,48,12,227,36,9,145,384,20,24,138,53,82,34,37,0,224,6,94,0,0,4,47,71,15
2015/2016,bekkersdal,rand west city,west rand,27.69873,-26.28711,252,6,269,35,2,0,80,277,50,10,120,36,7,150,224,24,2,115,54,82,33,58,0,247,1,86,1,1,5,63,44,13
2016/2017,bekkersdal,rand west city,west rand,27.69873,-26.28711,203,6,249,37,0,0,58,293,56,11,100,30,7,152,293,28,27,77,43,58,28,27,0,200,4,63,0,0,9,94,37,12
2017/2018,bekkersdal,rand west city,west rand,27.69873,-26.28711,151,5,219,24,1,0,72,203,43,12,95,19,7,172,405,37,22,65,50,86,26,37,0,171,7,95,0,1,12,82,30,12
2018/2019,bekkersdal,rand west city,west rand,27.69873,-26.28711,156,2,261,36,2,0,62,241,35,29,156,32,6,130,501,52,43,105,31,84,26,30,0,160,6,92,1,1,11,41,68,11
2019/2020,bekkersdal,rand west city,west rand,27.69873,-26.28711,186,0,224,53,1,0,51,171,60,20,230,33,6,201,658,54,37,117,56,73,24,22,0,200,13,87,0,1,10,54,31,5
2020/2021,bekkersdal,rand west city,west rand,27.69873,-26.28711,164,2,235,58,3,0,61,153,67,20,208,25,6,175,225,121,37,121,48,45,34,32,1,212,6,54,4,0,7,50,30,1
2021/2022,bekkersdal,rand west city,west rand,27.69873,-26.28711,195,1,267,39,1,0,42,143,57,24,242,36,4,194,228,48,51,133,73,96,24,30,0,192,9,108,6,0,12,37,23,1
2022/2023,bekkersdal,rand west city,west rand,27.69873,-26.28711,154,1,282,69,2,0,54,125,79,19,220,23,6,125,155,77,120,116,69,83,32,61,2,261,7,92,2,0,14,17,19,22
2023/2024,bekkersdal,west rand district,west rand district,27.69873,-26.28711,0,0,0,0,0,0,0,113,113,0,0,0,0,0,0,0,0,0,0,0,0,99,0,0,0,0,0,0,0,17,19,0
2024/2025,bekkersdal,west rand district,west rand district,27.69873,-26.28711,0,0,0,0,0,0,0,76,51,0,0,0,0,0,0,0,0,0,0,0,0,53,0,0,0,0,0,0,0,13,19,0
2008/2009,bela-bela,bela-bela,waterberg,28.29453,-24.87751,638,7,210,11,2,0,108,379,3,76,184,46,16,25,48,6,1,105,11,47,18,6,0,47,7,66,0,151,37,35,90,1
2009/2010,bela-bela,bela-bela,waterberg,28.29453,-24.87751,539,10,208,12,1,0,105,583,3,70,170,54,32,31,88,4,1,113,11,41,18,11,0,68,7,61,0,121,38,54,80,2
2010/2011,bela-bela,bela-bela,waterberg,28.29453,-24.87751,482,5,156,5,2,0,89,392,3,99,141,47,5,26,201,3,1,80,6,40,15,4,0,40,5,50,0,99,35,54,75,2
2011/2012,bela-bela,bela-bela,waterberg,28.29453,-24.87751,582,7,181,11,1,0,88,412,1,74,194,49,5,23,296,10,1,120,9,50,12,7,0,61,7,61,2,95,35,25,81,0
2012/2013,bela-bela,bela-bela,waterberg,28.29453,-24.87751,549,9,164,6,0,0,102,490,3,70,182,45,7,52,425,8,1,102,14,42,9,5,0,48,4,47,4,92,24,30,119,7
2013/2014,bela-bela,bela-bela,waterberg,28.29453,-24.87751,479,5,165,3,0,0,110,505,1,92,170,35,6,48,482,13,23,72,10,26,5,9,0,46,8,34,0,113,30,42,131,4
2014/2015,bela-bela,bela-bela,waterberg,28.29453,-24.87751,521,6,203,5,5,0,136,616,0,77,215,49,6,52,545,8,2,114,7,29,9,11,0,81,4,38,0,116,18,42,127,4
2015/2016,bela-bela,bela-bela,waterberg,28.29453,-24.87751,443,14,220,35,2,0,123,583,0,85,193,56,7,41,458,8,14,106,10,40,15,11,0,73,4,47,0,110,21,54,162,0
2016/2017,bela-bela,bela-bela,waterberg,28.29453,-24.87751,497,4,251,14,5,0,98,490,2,80,227,56,7,28,610,11,23,104,10,51,23,19,0,89,6,63,0,89,28,20,105,1
2017/2018,bela-bela,bela-bela,waterberg,28.29453,-24.87751,481,4,226,15,1,0,86,408,5,71,280,59,7,34,853,16,21,152,10,40,8,10,0,79,6,48,21,82,40,44,85,0
2018/2019,bela-bela,bela-bela,waterberg,28.29453,-24.87751,566,9,214,11,1,0,124,426,1,105,214,62,4,44,599,12,23,111,9,31,11,21,0,95,3,37,38,94,29,22,125,2
2019/2020,bela-bela,bela-bela,waterberg,28.29453,-24.87751,390,1,112,16,1,0,85,492,1,87,133,43,7,73,325,16,17,94,11,24,12,12,0,88,5,31,62,81,30,24,101,1
2020/2021,bela-bela,bela-bela,waterberg,28.29453,-24.87751,287,4,68,1,1,0,84,348,0,90,90,25,4,58,450,11,21,74,6,30,17,3,0,60,3,36,61,56,47,17,68,1
2021/2022,bela-bela,bela-bela,waterberg,28.29453,-24.87751,280,2,84,6,2,0,42,324,2,121,144,23,6,65,520,19,21,71,15,35,12,9,1,73,6,43,84,70,23,17,60,6
2022/2023,bela-bela,bela-bela,waterberg,28.29453,-24.87751,379,2,71,13,1,0,50,278,1,159,143,31,6,72,578,29,23,108,12,38,5,6,1,71,6,45,118,35,19,26,50,4
2023/2024,bela-bela,waterberg district,waterberg district,28.29453,-24.87751,0,0,0,0,0,0,0,317,2,0,0,0,0,0,0,0,0,0,0,0,0,15,0,0,0,0,0,0,0,21,69,0
2024/2025,bela-bela,waterberg district,waterberg district,28.29453,-24.87751,0,0,0,0,0,0,0,358,2,0,0,0,0,0,0,0,0,0,0,0,0,9,0,0,0,0,0,0,0,14,67,0
2008/2009,belfast,emakhazeni,nkangala,30.04588,-25.70144,239,9,132,7,1,0,35,109,2,37,54,25,8,18,5,1,1,94,6,18,11,4,0,29,1,24,0,18,54,24,29,4
2009/2010,belfast,emakhazeni,nkangala,30.04588,-25.70144,165,8,125,8,3,0,60,110,2,38,53,13,4,12,12,3,1,74,2,14,2,5,0,33,1,20,0,44,56,25,43,12
2010/2011,belfast,emakhazeni,nkangala,30.04588,-25.70144,147,3,116,4,1,0,42,133,3,43,49,19,4,13,9,2,1,67,5,18,3,3,0,26,8,29,0,54,60,18,37,6
2011/2012,belfast,emakhazeni,nkangala,30.04588,-25.70144,151,2,111,3,0,0,46,136,1,37,55,22,5,39,20,5,1,67,3,12,6,4,0,26,4,19,2,49,64,19,53,9
2012/2013,belfast,emakhazeni,nkangala,30.04588,-25.70144,166,4,102,4,0,0,68,165,1,42,51,20,5,77,40,4,1,56,5,22,14,6,0,30,0,25,0,24,97,22,50,3
2013/2014,belfast,emakhazeni,nkangala,30.04588,-25.70144,193,0,101,1,1,0,59,85,2,31,55,20,7,68,58,7,12,38,6,9,13,5,0,45,6,17,0,8,66,12,33,15
2014/2015,belfast,emakhazeni,nkangala,30.04588,-25.70144,184,6,80,3,0,0,54,163,2,26,73,23,7,45,85,9,21,64,5,15,14,5,0,41,2,18,1,33,84,14,53,6
2015/2016,belfast,emakhazeni,nkangala,30.04588,-25.70144,167,5,91,3,1,0,85,203,1,36,72,26,6,20,84,5,21,67,4,12,13,4,0,59,3,16,0,27,68,22,44,8
2016/2017,belfast,emakhazeni,nkangala,30.04588,-25.70144,184,1,93,7,0,0,67,151,3,24,80,19,7,27,121,7,21,52,6,16,21,12,1,58,2,19,0,26,121,21,51,0
2017/2018,belfast,emakhazeni,nkangala,30.04588,-25.70144,169,2,65,8,0,0,102,151,5,33,56,16,7,22,87,1,13,40,2,6,10,6,0,55,2,9,1,43,102,14,64,3
2018/2019,belfast,emakhazeni,nkangala,30.04588,-25.70144,151,1,67,5,0,0,56,163,0,29,65,22,6,43,43,0,12,47,7,9,13,6,0,53,1,10,0,34,84,12,70,1
2019/2020,belfast,emakhazeni,nkangala,30.04588,-25.70144,178,2,62,9,0,0,73,141,4,47,83,13,7,32,10,2,13,51,9,9,12,0,0,40,4,14,0,51,74,20,74,0
2020/2021,belfast,emakhazeni,nkangala,30.04588,-25.70144,147,0,86,12,0,0,73,152,1,32,78,17,6,8,10,3,12,58,9,6,12,3,1,39,1,7,0,47,77,14,33,2
2021/2022,belfast,emakhazeni,nkangala,30.04588,-25.70144,142,5,110,11,0,0,61,109,1,55,93,9,7,15,10,2,21,60,7,19,26,7,0,68,2,22,0,39,105,25,33,3
2022/2023,belfast,emakhazeni,nkangala,30.04588,-25.70144,153,0,94,6,0,0,64,92,3,64,104,17,4,5,5,0,21,65,5,11,15,3,0,38,2,15,0,47,84,20,31,1
2023/2024,belfast,nkangala district,nkangala district,30.04588,-25.70144,0,0,0,0,0,0,0,97,2,0,0,0,0,0,0,0,0,0,0,0,0,2,0,0,0,0,0,0,0,11,42,0
2024/2025,belfast,nkangala district,nkangala district,30.04588,-25.70144,0,0,0,0,0,0,0,95,2,0,0,0,0,0,0,0,0,0,0,0,0,4,0,0,0,0,0,0,0,13,30,0
2008/2009,belhar,city of cape town,city of cape town,18.64877,-33.94692,837,4,165,19,1,0,12,332,5,21,298,147,9,51,238,14,1,212,5,42,4,11,0,142,11,59,0,125,0,80,180,0
2009/2010,belhar,city of cape town,city of cape town,18.64877,-33.94692,710,4,176,30,3,0,28,359,3,27,260,208,8,114,291,21,1,182,8,58,7,4,0,165,22,87,0,133,0,80,350,0
2010/2011,belhar,city of cape town,city of cape town,18.64877,-33.94692,746,1,198,18,3,0,62,356,2,11,246,160,9,133,583,25,1,229,11,33,6,8,0,175,26,67,0,96,0,42,299,0
2011/2012,belhar,city of cape town,city of cape town,18.64877,-33.94692,839,3,160,19,1,0,34,299,0,23,260,131,5,159,840,30,1,206,14,33,1,3,1,127,13,50,2,65,0,57,296,0
2012/2013,belhar,city of cape town,city of cape town,18.64877,-33.94692,762,4,159,60,1,0,29,310,9,14,203,124,5,123,1117,64,1,223,26,40,5,7,0,164,12,56,0,73,0,46,277,0
2013/2014,belhar,city of cape town,city of cape town,18.64877,-33.94692,882,8,158,51,6,0,43,357,6,28,201,147,5,131,1197,56,17,217,34,27,14,11,0,194,6,42,0,54,0,50,253,1
2014/2015,belhar,city of cape town,city of cape town,18.64877,-33.94692,1015,6,173,59,3,0,48,352,16,27,212,170,8,117,1237,37,14,275,30,38,11,9,0,222,6,51,1,103,0,54,284,2
2015/2016,belhar,city of cape town,city of cape town,18.64877,-33.94692,829,7,164,87,0,0,34,298,11,24,239,150,4,221,1401,71,12,322,36,24,7,8,1,243,9,35,0,90,0,41,364,0
2016/2017,belhar,city of cape town,city of cape town,18.64877,-33.94692,699,3,180,23,2,0,25,325,15,36,237,151,8,204,1831,36,23,274,19,27,5,8,1,184,12,45,0,203,0,59,197,0
2017/2018,belhar,city of cape town,city of cape town,18.64877,-33.94692,633,2,126,48,4,0,41,284,19,48,248,133,4,99,2276,39,21,262,26,19,2,9,0,151,14,39,2,174,0,35,177,0
2018/2019,belhar,city of cape town,city of cape town,18.64877,-33.94692,118,0,110,1,0,0,29,55,0,4,118,12,6,19,338,6,13,38,2,17,0,0,0,3,4,21,0,0,42,1,8,0
2019/2020,belhar,city of cape town,city of cape town,18.64877,-33.94692,109,1,115,1,0,0,11,33,0,0,115,7,5,11,313,3,13,49,4,6,0,0,0,5,10,19,0,1,45,0,21,0
2020/2021,belhar,city of cape town,city of cape town,18.64877,-33.94692,124,2,80,23,1,0,19,40,0,3,109,7,6,7,179,0,13,42,4,12,1,1,0,10,3,16,0,0,45,0,18,0
2021/2022,belhar,city of cape town,city of cape town,18.64877,-33.94692,111,0,131,4,1,0,20,48,0,4,87,1,6,4,119,2,13,42,4,17,1,0,0,5,5,23,0,0,22,0,7,0
2022/2023,belhar,city of cape town,city of cape town,18.64877,-33.94692,127,3,88,2,0,0,26,71,0,9,111,7,6,3,118,1,12,47,3,12,2,0,0,8,8,20,0,1,29,0,23,0
2023/2024,belhar,city of cape town district,city of cape town district,18.64877,-33.94692,0,0,0,0,0,0,0,133,17,0,0,0,0,0,0,0,0,0,0,0,0,2,0,0,0,0,0,0,0,25,93,0
2024/2025,belhar,city of cape town district,city of cape town district,18.64877,-33.94692,0,0,0,0,0,0,0,110,20,0,0,0,0,0,0,0,0,0,0,0,0,6,0,0,0,0,0,0,0,29,84,0
2008/2009,bell,ngqushwa,amathole,27.35953,-33.24744,41,1,49,1,1,0,6,41,0,0,14,6,7,6,10,2,1,11,4,10,5,2,0,17,0,12,0,0,15,1,5,0
2009/2010,bell,ngqushwa,amathole,27.35953,-33.24744,46,0,43,1,2,0,2,50,0,2,5,6,6,3,3,2,1,10,6,12,2,1,0,5,0,14,0,0,32,3,3,0
2010/2011,bell,ngqushwa,amathole,27.35953,-33.24744,50,2,49,2,3,0,1,46,1,3,3,9,7,4,1,2,1,10,5,13,1,2,0,7,0,17,0,0,33,1,8,0
2011/2012,bell,ngqushwa,amathole,27.35953,-33.24744,83,4,46,0,2,0,0,56,0,0,15,7,8,5,1,0,1,23,4,10,6,0,0,10,0,16,1,0,35,0,7,0
2012/2013,bell,ngqushwa,amathole,27.35953,-33.24744,37,2,40,0,1,0,6,40,0,2,5,5,6,5,7,2,1,11,3,10,6,0,0,8,0,11,0,1,37,3,2,0
2013/2014,bell,ngqushwa,amathole,27.35953,-33.24744,28,2,29,1,0,0,18,44,0,1,8,1,6,7,13,0,12,13,4,11,4,1,0,9,0,11,0,0,21,2,9,0
2014/2015,bell,ngqushwa,amathole,27.35953,-33.24744,22,1,27,2,0,0,3,21,1,0,5,1,6,4,12,1,13,10,3,7,7,0,0,10,1,8,0,0,37,0,8,0
2015/2016,bell,ngqushwa,amathole,27.35953,-33.24744,22,1,20,2,1,0,3,29,0,2,2,0,6,1,10,0,13,11,5,10,4,3,0,7,2,13,0,0,17,1,6,0
2016/2017,bell,ngqushwa,amathole,27.35953,-33.24744,20,3,16,3,0,0,9,16,0,0,8,0,6,0,6,2,13,18,3,10,6,1,0,8,0,10,0,0,29,1,3,0
2017/2018,bell,ngqushwa,amathole,27.35953,-33.24744,23,3,25,0,0,0,5,19,0,0,10,0,6,2,10,4,13,23,3,10,5,1,0,11,1,11,0,0,41,2,37,0
2018/2019,bell,ngqushwa,amathole,27.35953,-33.24744,41,1,29,2,0,0,15,43,0,0,6,1,6,1,3,9,13,27,2,9,2,2,0,16,2,11,0,0,35,0,46,0
2019/2020,bell,ngqushwa,amathole,27.35953,-33.24744,59,0,32,1,0,0,12,24,1,0,6,2,6,0,5,0,12,14,7,11,1,0,0,5,1,12,0,0,39,4,33,0
2020/2021,bell,ngqushwa,amathole,27.35953,-33.24744,66,2,21,3,0,0,7,24,0,3,11,1,6,2,4,2,13,17,4,6,5,4,0,11,0,6,0,0,14,2,13,1
2021/2022,bell,ngqushwa,amathole,27.35953,-33.24744,29,1,32,2,0,0,9,14,0,2,12,0,6,2,6,0,13,11,7,9,4,3,0,11,3,12,0,0,22,2,23,0
2022/2023,bell,ngqushwa,amathole,27.35953,-33.24744,36,1,29,1,1,0,4,15,0,2,17,2,6,0,1,0,12,16,4,9,2,1,0,6,1,11,0,0,21,1,9,0
2023/2024,bell,amathole district,amathole district,27.35953,-33.24744,0,0,0,0,0,0,0,20,0,0,0,0,0,0,0,0,0,0,0,0,0,1,0,0,0,0,0,0,0,0,16,0
2024/2025,bell,amathole district,amathole district,27.35953,-33.24744,0,0,0,0,0,0,0,17,0,0,0,0,0,0,0,0,0,0,0,0,0,0,0,0,0,0,0,0,0,0,8,0
2008/2009,bellair,ethekwini,ethekwini,30.94137,-29.88968,168,1,29,8,0,0,22,246,12,35,115,17,19,70,91,6,1,39,6,21,12,25,0,95,5,40,0,45,0,113,63,1
2009/2010,bellair,ethekwini,ethekwini,30.94137,-29.88968,197,0,52,4,0,0,27,215,27,69,82,28,16,51,129,5,1,59,3,19,7,17,0,86,5,34,0,28,0,136,65,1
2010/2011,bellair,ethekwini,ethekwini,30.94137,-29.88968,294,1,56,3,1,0,26,401,16,47,80,21,84,57,181,5,1,57,4,14,7,14,0,76,7,243,0,43,0,143,111,2
2011/2012,bellair,ethekwini,ethekwini,30.94137,-29.88968,361,3,40,6,1,0,27,505,21,72,100,18,10,178,220,11,1,53,2,14,3,15,0,86,9,30,165,34,0,193,96,0
2012/2013,bellair,ethekwini,ethekwini,30.94137,-29.88968,324,6,45,1,0,0,36,534,48,71,103,40,5,208,298,2,1,54,3,10,9,30,0,138,6,19,171,37,0,120,138,1
2013/2014,bellair,ethekwini,ethekwini,30.94137,-29.88968,323,1,68,4,0,0,32,374,22,47,91,70,6,69,278,7,13,43,7,9,4,30,1,100,7,16,136,36,0,129,95,1
2014/2015,bellair,ethekwini,ethekwini,30.94137,-29.88968,284,2,50,8,1,0,17,335,17,56,70,64,7,62,237,8,12,61,3,5,2,10,0,70,3,10,262,54,0,128,97,0
2015/2016,bellair,ethekwini,ethekwini,30.94137,-29.88968,312,3,39,5,0,0,13,326,38,30,84,63,6,31,176,3,12,64,1,6,16,19,0,124,6,12,89,37,0,145,88,3
2016/2017,bellair,ethekwini,ethekwini,30.94137,-29.88968,255,1,34,4,0,0,15,324,35,46,75,49,7,25,173,6,21,48,6,7,17,25,0,136,1,9,121,21,0,109,68,4
2017/2018,bellair,ethekwini,ethekwini,30.94137,-29.88968,204,2,33,6,1,0,29,241,31,49,65,36,4,112,146,5,17,49,5,5,27,32,0,147,2,10,81,33,0,107,119,1
2018/2019,bellair,ethekwini,ethekwini,30.94137,-29.88968,332,3,47,7,0,0,25,323,44,60,91,51,6,71,56,4,13,58,2,7,15,19,0,140,7,14,89,23,0,158,179,3
2019/2020,bellair,ethekwini,ethekwini,30.94137,-29.88968,282,3,49,14,0,0,19,216,44,64,107,25,6,125,38,5,16,44,9,6,26,58,0,211,3,9,41,33,0,130,113,4
2020/2021,bellair,ethekwini,ethekwini,30.94137,-29.88968,188,2,17,18,0,0,38,151,15,99,77,28,6,8,46,3,16,37,3,12,26,33,0,167,3,15,36,25,0,163,103,4
2021/2022,bellair,ethekwini,ethekwini,30.94137,-29.88968,240,4,43,20,0,0,32,186,19,90,104,33,6,7,49,3,38,48,11,8,24,20,0,151,6,14,42,38,0,167,122,2
2022/2023,bellair,ethekwini,ethekwini,30.94137,-29.88968,257,1,56,25,0,0,32,147,46,96,97,29,7,14,146,7,30,43,7,7,27,51,0,218,2,10,51,13,1,119,91,4
2023/2024,bellair,ethekwini district,ethekwini district,30.94137,-29.88968,0,0,0,0,0,0,0,127,26,0,0,0,0,0,0,0,0,0,0,0,0,37,0,0,0,0,0,0,0,90,108,0
2024/2025,bellair,ethekwini district,ethekwini district,30.94137,-29.88968,0,0,0,0,0,0,0,142,36,0,0,0,0,0,0,0,0,0,0,0,0,33,0,0,0,0,0,0,0,82,181,0
2008/2009,bellville,city of cape town,city of cape town,18.6221,-33.90206,2911,7,126,7,0,0,398,871,14,698,465,81,85,175,314,15,1,613,5,35,24,15,0,304,12,277,0,774,0,588,861,2
2009/2010,bellville,city of cape town,city of cape town,18.6221,-33.90206,2691,3,157,7,2,0,368,715,9,722,467,172,86,212,352,19,1,512,9,53,24,24,1,284,21,119,0,842,0,541,953,2
2010/2011,bellville,city of cape town,city of cape town,18.6221,-33.90206,2180,2,164,8,2,0,340,962,3,675,432,583,11,230,511,24,1,584,3,39,15,22,0,263,29,78,0,682,0,550,1338,0
2011/2012,bellville,city of cape town,city of cape town,18.6221,-33.90206,2435,5,177,8,3,0,456,1046,7,798,408,471,11,332,735,17,1,394,19,42,16,29,0,341,15,68,92,672,0,518,1586,0
2012/2013,bellville,city of cape town,city of cape town,18.6221,-33.90206,2231,9,153,15,3,0,440,1036,9,663,395,487,5,359,776,19,1,267,10,28,28,24,0,354,12,46,19,587,0,582,1490,1
2013/2014,bellville,city of cape town,city of cape town,18.6221,-33.90206,2249,3,123,14,1,0,433,1193,18,607,404,482,8,218,725,13,2,314,11,38,47,43,0,546,11,54,7,611,0,560,1465,0
2014/2015,bellville,city of cape town,city of cape town,18.6221,-33.90206,2136,0,141,19,2,0,417,1013,18,520,420,485,7,135,766,19,43,312,6,32,45,29,2,526,15,50,4,594,0,529,1732,0
2015/2016,bellville,city of cape town,city of cape town,18.6221,-33.90206,1839,2,122,8,2,0,341,853,26,550,376,400,8,159,1456,7,43,298,5,38,31,31,0,461,18,62,18,587,0,389,1487,0
2016/2017,bellville,city of cape town,city of cape town,18.6221,-33.90206,1680,2,115,12,1,0,210,796,23,504,339,371,9,172,1650,9,17,244,14,31,44,18,1,468,11,48,29,663,0,234,1454,0
2017/2018,bellville,city of cape town,city of cape town,18.6221,-33.90206,1699,4,97,25,2,0,206,624,27,529,330,389,6,196,1521,38,39,258,18,33,36,42,0,503,20,55,38,702,0,208,1121,3
2018/2019,bellville,city of cape town,city of cape town,18.6221,-33.90206,1577,3,103,16,0,0,215,623,23,558,305,353,8,206,1296,27,30,215,10,37,28,30,0,553,24,65,46,647,0,211,1176,3
2019/2020,bellville,city of cape town,city of cape town,18.6221,-33.90206,1358,6,90,11,0,0,234,564,28,555,293,323,5,152,1273,26,4,198,17,28,53,31,1,523,18,49,48,555,0,213,1068,1
2020/2021,bellville,city of cape town,city of cape town,18.6221,-33.90206,984,1,69,19,0,0,187,467,22,527,191,201,7,93,647,26,42,148,22,34,26,37,0,343,15,50,46,399,0,143,771,3
2021/2022,bellville,city of cape town,city of cape town,18.6221,-33.90206,1030,6,74,18,4,2,170,486,18,656,200,242,4,105,772,11,5,176,18,34,29,32,0,330,7,47,1,292,0,143,763,3
2022/2023,bellville,city of cape town,city of cape town,18.6221,-33.90206,1182,0,64,25,2,0,213,445,30,703,261,259,7,268,703,17,30,197,9,48,36,25,0,454,16,67,0,194,0,163,819,5
2023/2024,bellville,city of cape town district,city of cape town district,18.6221,-33.90206,0,0,0,0,0,0,0,460,40,0,0,0,0,0,0,0,0,0,0,0,0,29,0,0,0,0,0,0,0,177,879,0
2024/2025,bellville,city of cape town district,city of cape town district,18.6221,-33.90206,0,0,0,0,0,0,0,346,27,0,0,0,0,0,0,0,0,0,0,0,0,24,0,0,0,0,0,0,0,138,717,0
2008/2009,bellville south,city of cape town,city of cape town,18.64655,-33.91541,623,2,98,6,1,0,114,186,2,24,171,54,5,23,331,3,1,122,7,21,4,2,0,57,9,34,0,4,0,42,146,0
2009/2010,bellville south,city of cape town,city of cape town,18.64655,-33.91541,577,2,148,3,3,0,127,201,0,27,174,62,9,41,433,11,1,117,3,33,5,3,0,65,14,55,0,1,0,36,174,1
2010/2011,bellville south,city of cape town,city of cape town,18.64655,-33.91541,650,3,134,13,2,0,66,197,1,31,179,51,17,49,524,8,1,125,4,20,9,5,0,56,15,46,0,1,0,21,167,0
2011/2012,bellville south,city of cape town,city of cape town,18.64655,-33.91541,691,1,143,14,1,0,56,175,1,30,137,60,5,120,713,13,1,160,3,20,7,4,0,61,6,30,0,1,0,24,170,0
2012/2013,bellville south,city of cape town,city of cape town,18.64655,-33.91541,624,3,125,15,1,0,48,167,3,42,185,82,4,104,725,16,1,138,3,20,7,5,0,78,8,31,1,2,0,21,176,0
2013/2014,bellville south,city of cape town,city of cape town,18.64655,-33.91541,742,1,117,13,1,0,63,200,5,27,217,76,5,98,646,7,23,143,3,21,8,5,0,82,7,32,0,4,0,25,165,0
2014/2015,bellville south,city of cape town,city of cape town,18.64655,-33.91541,590,3,140,9,0,0,78,192,4,28,182,67,5,111,730,26,13,179,9,30,4,1,0,100,10,43,0,2,0,24,187,0
2015/2016,bellville south,city of cape town,city of cape town,18.64655,-33.91541,443,11,112,19,0,0,108,172,1,23,187,74,6,92,762,24,23,213,13,19,4,7,0,89,8,27,0,4,0,22,212,0
2016/2017,bellville south,city of cape town,city of cape town,18.64655,-33.91541,436,14,106,12,2,0,48,132,5,38,175,49,7,78,700,11,13,157,6,26,5,1,0,86,8,37,1,5,0,17,198,0
2017/2018,bellville south,city of cape town,city of cape town,18.64655,-33.91541,508,6,121,17,0,0,92,140,5,43,190,68,4,97,529,10,17,209,13,24,7,5,0,125,4,30,0,6,0,21,231,0
2018/2019,bellville south,city of cape town,city of cape town,18.64655,-33.91541,491,12,118,18,2,0,81,154,4,54,188,75,4,86,315,12,12,147,6,10,9,3,0,109,9,23,1,4,0,18,219,1
2019/2020,bellville south,city of cape town,city of cape town,18.64655,-33.91541,426,8,122,26,0,0,71,149,9,46,152,64,6,49,283,16,21,167,16,22,10,4,0,113,8,30,0,2,0,11,199,4
2020/2021,bellville south,city of cape town,city of cape town,18.64655,-33.91541,282,3,77,9,0,0,41,83,8,53,153,43,5,8,342,12,21,142,2,17,7,3,0,82,5,25,0,6,0,12,163,1
2021/2022,bellville south,city of cape town,city of cape town,18.64655,-33.91541,437,3,106,15,2,0,41,83,5,64,135,47,5,30,279,2,17,205,13,27,7,2,0,91,6,38,0,3,0,14,149,0
2022/2023,bellville south,city of cape town,city of cape town,18.64655,-33.91541,406,2,97,16,4,0,25,105,11,83,202,55,4,40,231,10,22,201,3,16,3,4,0,139,10,32,0,6,0,7,178,1
2023/2024,bellville south,city of cape town district,city of cape town district,18.64655,-33.91541,0,0,0,0,0,0,0,102,5,0,0,0,0,0,0,0,0,0,0,0,0,0,0,0,0,0,0,0,0,12,114,0
2024/2025,bellville south,city of cape town district,city of cape town district,18.64655,-33.91541,0,0,0,0,0,0,0,77,3,0,0,0,0,0,0,0,0,0,0,0,0,3,0,0,0,0,0,0,0,16,145,0
2008/2009,belmont,siyancuma,pixley ka seme,24.36647,-29.41678,6,2,4,0,2,0,0,1,0,0,2,0,7,1,2,0,1,1,0,0,0,0,0,0,0,3,0,0,11,1,2,0
2009/2010,belmont,siyancuma,pixley ka seme,24.36647,-29.41678,4,0,4,0,0,0,0,1,0,2,6,0,6,5,2,0,1,0,0,0,0,0,0,0,0,0,0,0,17,0,0,0
2010/2011,belmont,siyancuma,pixley ka seme,24.36647,-29.41678,3,0,10,1,0,0,1,1,0,1,5,0,6,4,6,0,1,1,0,0,0,0,0,0,0,0,0,0,24,0,0,0
2011/2012,belmont,siyancuma,pixley ka seme,24.36647,-29.41678,8,0,1,0,0,0,0,0,0,0,1,0,6,4,2,0,1,1,0,2,0,0,0,0,0,2,0,0,24,0,0,0
2012/2013,belmont,siyancuma,pixley ka seme,24.36647,-29.41678,3,0,5,1,0,0,0,3,0,0,1,0,6,3,1,0,1,2,0,0,0,0,0,0,0,0,0,0,20,0,0,0
2013/2014,belmont,siyancuma,pixley ka seme,24.36647,-29.41678,2,0,1,0,0,0,0,1,0,1,1,0,6,3,1,0,13,1,0,1,0,0,0,0,0,1,0,0,10,0,1,0
2014/2015,belmont,siyancuma,pixley ka seme,24.36647,-29.41678,16,0,4,0,0,0,2,2,0,0,0,0,6,1,4,0,13,2,1,1,0,0,0,0,0,1,0,0,8,0,1,0
2015/2016,belmont,siyancuma,pixley ka seme,24.36647,-29.41678,5,0,7,1,0,0,0,5,0,0,1,0,6,1,8,0,13,2,0,2,0,0,0,0,0,2,0,0,4,0,1,0
2016/2017,belmont,siyancuma,pixley ka seme,24.36647,-29.41678,3,0,2,0,0,0,2,1,0,0,2,0,6,0,1,0,13,2,0,2,0,0,0,0,1,3,0,0,10,0,0,0
2017/2018,belmont,siyancuma,pixley ka seme,24.36647,-29.41678,7,0,2,0,0,0,3,2,0,0,1,0,6,0,3,0,13,0,0,1,0,0,0,0,1,2,0,0,7,1,0,0
2018/2019,belmont,siyancuma,pixley ka seme,24.36647,-29.41678,9,0,1,0,0,0,10,3,0,1,0,0,6,0,3,0,13,1,0,0,0,0,0,0,0,0,0,0,11,0,1,0
2019/2020,belmont,siyancuma,pixley ka seme,24.36647,-29.41678,2,0,0,0,0,0,3,4,0,1,0,0,6,1,1,0,13,0,0,0,0,0,0,0,1,1,0,0,6,1,0,0
2020/2021,belmont,siyancuma,pixley ka seme,24.36647,-29.41678,1,0,1,0,1,0,3,3,0,1,2,0,6,0,0,0,13,1,0,1,0,0,0,0,0,2,0,0,13,0,0,0
2021/2022,belmont,siyancuma,pixley ka seme,24.36647,-29.41678,1,0,0,0,0,0,3,1,0,1,0,0,6,0,0,0,13,1,0,0,0,0,0,0,0,0,0,0,5,0,0,0
2022/2023,belmont,siyancuma,pixley ka seme,24.36647,-29.41678,7,0,1,0,0,0,2,0,0,0,0,0,6,0,0,0,13,0,0,0,0,0,0,0,0,0,0,0,7,0,1,0
2023/2024,belmont,pixley ka seme district,pixley ka seme district,24.36647,-29.41678,0,0,0,0,0,0,0,0,0,0,0,0,0,0,0,0,0,0,0,0,0,0,0,0,0,0,0,0,0,0,0,0
2024/2025,belmont,pixley ka seme district,pixley ka seme district,24.36647,-29.41678,0,0,0,0,0,0,0,0,0,0,0,0,0,0,0,0,0,0,0,0,0,0,0,0,0,0,0,0,0,0,0,0
2008/2009,benoni,ekurhuleni,ekurhuleni,28.31337,-26.19655,1702,15,267,40,5,0,524,729,163,700,524,152,69,120,87,32,1,560,24,82,134,111,1,703,9,141,0,537,0,762,816,22
2009/2010,benoni,ekurhuleni,ekurhuleni,28.31337,-26.19655,1601,13,287,47,3,2,517,961,196,783,491,193,27,133,77,28,1,558,39,82,108,127,3,686,13,123,0,640,0,806,946,17
2010/2011,benoni,ekurhuleni,ekurhuleni,28.31337,-26.19655,1500,11,345,40,6,0,513,972,174,997,490,202,51,88,171,56,1,586,29,72,93,104,1,628,15,130,0,516,0,698,941,16
2011/2012,benoni,ekurhuleni,ekurhuleni,28.31337,-26.19655,1445,17,378,39,4,1,440,1210,113,750,496,196,10,151,266,48,1,412,37,90,67,158,1,609,19,119,2,475,1,606,1028,14
2012/2013,benoni,ekurhuleni,ekurhuleni,28.31337,-26.19655,1446,8,271,59,5,0,352,979,74,791,522,168,8,153,593,58,1,487,29,69,87,95,3,484,28,106,1,545,1,633,947,18
2013/2014,benoni,ekurhuleni,ekurhuleni,28.31337,-26.19655,1418,14,302,51,4,0,414,944,95,599,462,155,8,183,908,61,37,445,46,52,88,124,1,565,14,74,2,553,0,579,603,16
2014/2015,benoni,ekurhuleni,ekurhuleni,28.31337,-26.19655,1316,10,325,43,4,0,396,791,62,490,446,213,9,210,568,49,24,391,44,69,88,119,3,601,21,99,4,488,1,540,464,16
2015/2016,benoni,ekurhuleni,ekurhuleni,28.31337,-26.19655,1114,13,330,53,4,0,375,690,71,492,462,217,5,293,272,72,2,360,58,61,95,88,3,546,17,85,3,488,0,386,441,7
2016/2017,benoni,ekurhuleni,ekurhuleni,28.31337,-26.19655,1345,3,316,56,1,0,337,522,61,493,446,172,5,481,472,75,37,324,55,54,87,94,1,584,22,80,5,410,0,330,532,9
2017/2018,benoni,ekurhuleni,ekurhuleni,28.31337,-26.19655,1173,3,333,44,4,0,297,480,61,481,440,171,9,495,526,73,26,307,45,59,89,88,0,516,19,87,9,317,0,316,538,13
2018/2019,benoni,ekurhuleni,ekurhuleni,28.31337,-26.19655,1142,7,357,50,7,0,244,554,62,495,434,163,4,340,346,38,36,321,46,70,82,72,0,503,18,97,10,342,0,353,540,8
2019/2020,benoni,ekurhuleni,ekurhuleni,28.31337,-26.19655,1071,1,274,32,3,0,295,543,74,452,433,164,6,447,400,44,37,293,53,61,82,92,0,571,23,87,11,282,0,390,543,5
2020/2021,benoni,ekurhuleni,ekurhuleni,28.31337,-26.19655,830,2,229,46,2,0,235,346,50,439,339,117,5,132,262,41,36,165,51,59,63,89,2,455,22,86,1,209,1,369,421,10
2021/2022,benoni,ekurhuleni,ekurhuleni,28.31337,-26.19655,1033,4,233,43,2,0,246,450,68,596,415,153,9,123,405,31,30,203,54,56,66,70,1,483,25,88,3,226,0,303,413,12
2022/2023,benoni,ekurhuleni,ekurhuleni,28.31337,-26.19655,1038,2,259,59,0,0,256,464,68,588,427,142,7,166,459,32,68,263,56,76,71,97,0,518,12,89,18,201,3,388,323,10
2023/2024,benoni,ekurhuleni district,ekurhuleni district,28.31337,-26.19655,0,0,0,0,0,0,0,318,85,0,0,0,0,0,0,0,0,0,0,0,0,123,0,0,0,0,0,0,0,364,318,0
2024/2025,benoni,ekurhuleni district,ekurhuleni district,28.31337,-26.19655,0,0,0,0,0,0,0,200,83,0,0,0,0,0,0,0,0,0,0,0,0,50,0,0,0,0,0,0,0,272,193,0
2008/2009,berea,ethekwini,ethekwini,31.00409,-29.84813,742,0,28,3,0,0,98,342,79,228,158,59,17,176,68,8,1,160,10,15,15,30,0,289,6,30,0,210,0,588,283,0
2009/2010,berea,ethekwini,ethekwini,31.00409,-29.84813,645,1,30,9,1,0,106,377,86,192,165,91,9,140,94,5,1,157,2,14,7,16,0,286,1,21,0,215,0,497,314,0
2010/2011,berea,ethekwini,ethekwini,31.00409,-29.84813,660,2,39,1,3,0,147,410,69,236,171,73,4,151,94,10,1,198,2,19,5,21,0,230,3,27,0,126,0,467,381,0
2011/2012,berea,ethekwini,ethekwini,31.00409,-29.84813,752,0,32,5,0,0,173,539,64,156,159,61,4,172,113,14,1,226,4,11,7,14,0,194,8,21,12,149,0,663,547,0
2012/2013,berea,ethekwini,ethekwini,31.00409,-29.84813,569,0,29,5,0,0,154,357,47,171,144,64,7,348,156,7,1,171,2,7,11,8,0,172,2,10,12,159,0,707,572,0
2013/2014,berea,ethekwini,ethekwini,31.00409,-29.84813,672,0,36,13,0,0,141,483,34,187,125,69,7,122,168,6,21,185,2,6,12,19,0,208,2,9,8,176,0,719,708,0
2014/2015,berea,ethekwini,ethekwini,31.00409,-29.84813,550,0,26,10,2,0,138,456,28,239,128,77,7,101,89,8,23,103,2,8,13,15,1,202,0,11,1,149,0,672,521,0
2015/2016,berea,ethekwini,ethekwini,31.00409,-29.84813,503,0,30,12,0,0,153,384,41,182,99,102,7,61,57,0,21,85,3,8,11,11,0,218,3,12,1,165,0,729,383,0
2016/2017,berea,ethekwini,ethekwini,31.00409,-29.84813,494,3,24,22,0,0,101,446,129,171,116,108,6,75,74,18,23,130,8,8,13,27,0,338,5,13,0,146,1,763,458,1
2017/2018,berea,ethekwini,ethekwini,31.00409,-29.84813,446,1,22,16,0,0,110,361,45,164,83,92,7,188,98,11,23,101,5,3,29,28,0,242,5,9,2,164,0,515,472,0
2018/2019,berea,ethekwini,ethekwini,31.00409,-29.84813,508,1,30,11,0,0,109,349,28,181,94,99,7,123,70,6,23,136,7,5,31,41,0,244,1,7,4,130,0,591,425,0
2019/2020,berea,ethekwini,ethekwini,31.00409,-29.84813,492,2,38,13,1,0,127,305,41,188,112,138,7,281,74,7,14,94,7,3,29,26,0,289,5,10,0,136,0,623,566,0
2020/2021,berea,ethekwini,ethekwini,31.00409,-29.84813,369,1,16,17,0,0,112,276,24,165,94,100,7,7,38,6,17,94,3,19,34,11,0,196,3,23,0,138,0,398,190,1
2021/2022,berea,ethekwini,ethekwini,31.00409,-29.84813,445,3,23,11,0,0,130,279,33,218,105,108,6,21,45,3,4,136,3,9,30,21,0,224,5,14,0,118,0,386,244,0
2022/2023,berea,ethekwini,ethekwini,31.00409,-29.84813,507,1,10,18,1,0,118,249,35,240,88,133,6,9,62,11,26,71,11,16,20,16,1,271,2,19,0,137,0,426,373,1
2023/2024,berea,ethekwini district,ethekwini district,31.00409,-29.84813,0,0,0,0,0,0,0,212,37,0,0,0,0,0,0,0,0,0,0,0,0,8,0,0,0,0,0,0,0,279,266,0
2024/2025,berea,ethekwini district,ethekwini district,31.00409,-29.84813,0,0,0,0,0,0,0,106,21,0,0,0,0,0,0,0,0,0,0,0,0,4,0,0,0,0,0,0,0,218,225,0
2008/2009,bergville,okhahlamba,uthukela,29.35523,-28.73144,158,12,137,27,0,0,43,147,9,25,89,16,9,7,48,45,1,42,28,32,1,5,0,31,14,51,0,20,221,7,19,2
2009/2010,bergville,okhahlamba,uthukela,29.35523,-28.73144,176,11,101,15,1,0,49,146,2,12,108,17,10,13,45,29,1,52,19,35,6,16,0,34,11,53,0,25,192,13,14,0
2010/2011,bergville,okhahlamba,uthukela,29.35523,-28.73144,161,5,117,17,0,0,45,124,0,16,85,8,9,7,33,38,1,51,18,50,0,15,0,21,6,61,0,42,155,9,25,0
2011/2012,bergville,okhahlamba,uthukela,29.35523,-28.73144,224,11,124,9,0,0,43,89,2,16,108,17,16,9,25,33,1,59,16,50,4,14,0,29,9,69,0,37,175,11,15,0
2012/2013,bergville,okhahlamba,uthukela,29.35523,-28.73144,249,5,127,12,2,0,43,129,2,26,103,19,12,34,43,42,1,49,14,52,4,9,0,29,8,69,0,75,159,8,12,1
2013/2014,bergville,okhahlamba,uthukela,29.35523,-28.73144,249,11,111,14,3,0,27,104,1,24,79,18,10,45,81,26,17,52,16,65,6,8,0,31,5,79,0,65,160,6,14,2
2014/2015,bergville,okhahlamba,uthukela,29.35523,-28.73144,208,8,147,18,2,0,40,62,2,19,69,15,18,38,49,27,23,41,21,40,17,9,0,39,4,57,0,59,130,9,22,0
2015/2016,bergville,okhahlamba,uthukela,29.35523,-28.73144,186,6,134,23,0,0,51,55,0,21,61,9,5,27,39,20,21,46,29,23,7,8,0,24,3,29,0,67,134,12,13,0
2016/2017,bergville,okhahlamba,uthukela,29.35523,-28.73144,160,10,99,18,1,0,61,68,3,14,54,17,12,27,30,25,23,41,25,40,25,9,1,54,7,55,0,40,158,14,15,1
2017/2018,bergville,okhahlamba,uthukela,29.35523,-28.73144,144,4,133,5,1,0,44,63,1,23,69,10,7,66,65,34,14,42,20,43,10,8,0,27,3,48,0,84,168,8,14,0
2018/2019,bergville,okhahlamba,uthukela,29.35523,-28.73144,130,8,125,19,4,0,55,65,1,23,65,15,12,90,24,24,14,47,35,54,9,9,0,24,6,71,0,59,213,18,16,0
2019/2020,bergville,okhahlamba,uthukela,29.35523,-28.73144,124,4,135,14,2,0,91,78,2,12,54,12,5,73,6,11,14,73,20,52,5,12,0,30,5,62,0,63,134,5,14,1
2020/2021,bergville,okhahlamba,uthukela,29.35523,-28.73144,133,5,109,16,7,0,53,68,3,30,41,7,5,47,6,23,17,50,19,45,23,7,1,44,10,65,0,48,138,7,9,0
2021/2022,bergville,okhahlamba,uthukela,29.35523,-28.73144,129,3,102,13,3,0,40,53,0,34,51,10,12,36,4,22,12,58,24,43,21,16,0,43,9,62,0,61,155,14,13,0
2022/2023,bergville,okhahlamba,uthukela,29.35523,-28.73144,88,2,109,13,5,0,44,51,4,38,42,15,8,12,10,15,21,44,24,40,13,5,0,32,3,52,0,52,108,6,15,0
2023/2024,bergville,uthukela district,uthukela district,29.35523,-28.73144,0,0,0,0,0,0,0,54,2,0,0,0,0,0,0,0,0,0,0,0,0,6,0,0,0,0,0,0,0,4,7,0
2024/2025,bergville,uthukela district,uthukela district,29.35523,-28.73144,0,0,0,0,0,0,0,60,3,0,0,0,0,0,0,0,0,0,0,0,0,8,0,0,0,0,0,0,0,3,9,0
2008/2009,berlin,,,,,67,3,57,0,1,0,17,29,1,5,21,13,6,29,10,4,1,25,6,22,0,4,0,13,2,25,0,4,27,1,7,0
2009/2010,berlin,,,,,77,1,61,3,2,0,12,39,2,3,16,15,6,33,6,3,1,26,9,19,0,0,0,8,0,21,0,1,37,3,4,0
2010/2011,berlin,,,,,62,1,60,0,2,0,10,43,0,9,9,14,6,34,10,1,1,19,5,16,7,0,0,15,1,19,0,1,20,3,9,0
2011/2012,berlin,,,,,56,0,38,3,4,0,17,59,0,14,9,10,6,39,22,6,1,10,0,16,0,2,0,10,0,20,0,1,31,6,8,0
2012/2013,berlin,,,,,29,1,51,2,1,0,15,33,1,19,10,6,7,81,30,4,1,14,3,9,6,2,0,23,2,13,0,1,21,3,6,0
2013/2014,berlin,,,,,43,4,42,3,0,0,23,42,2,7,9,6,7,89,30,1,12,13,3,13,6,5,0,16,1,15,0,2,37,6,13,0
2014/2015,berlin,,,,,27,0,44,0,5,0,13,41,1,8,8,5,7,132,21,0,13,11,6,15,3,3,0,13,1,22,0,2,29,8,4,0
2015/2016,berlin,,,,,27,1,37,0,2,0,11,25,0,7,11,5,6,110,16,7,13,8,9,13,4,2,0,10,2,17,0,0,21,5,10,0
2016/2017,berlin,,,,,20,1,36,4,1,0,19,33,1,8,7,5,6,96,32,5,12,15,6,18,9,5,0,24,2,21,0,1,24,3,8,1
2017/2018,berlin,,,,,37,0,28,4,2,0,11,41,1,10,10,1,7,74,19,7,12,8,8,9,8,2,0,26,2,14,0,0,18,3,8,0
2018/2019,berlin,,,,,58,1,33,3,4,0,21,34,4,7,11,2,6,77,8,0,13,18,4,15,9,3,0,36,1,20,0,0,31,2,2,0
2019/2020,berlin,,,,,60,1,43,3,0,0,17,29,2,5,30,7,6,100,13,5,12,25,1,11,10,3,0,31,1,12,0,2,17,4,9,1
2020/2021,berlin,,,,,47,1,32,8,1,0,16,22,2,11,10,7,6,19,3,0,13,16,6,12,4,5,0,21,2,15,0,2,17,6,4,1
2021/2022,berlin,,,,,63,2,32,10,4,0,12,45,7,16,12,1,6,41,4,0,12,24,5,19,13,6,0,42,0,23,0,0,6,4,7,2
2022/2023,berlin,,,,,47,1,34,7,1,0,15,25,2,10,9,6,6,11,1,4,23,10,6,10,10,3,0,24,0,11,0,0,16,2,4,0
2008/2009,besters,alfred duma,uthukela,29.64116,-28.43673,116,1,69,10,0,0,10,68,1,1,64,12,4,2,2,3,1,28,3,22,3,3,1,36,1,25,0,0,48,0,61,4
2009/2010,besters,alfred duma,uthukela,29.64116,-28.43673,100,3,94,16,1,0,20,62,1,4,83,17,7,6,5,16,1,42,6,26,2,3,0,116,7,35,0,0,57,4,67,2
2010/2011,besters,alfred duma,uthukela,29.64116,-28.43673,57,5,88,3,1,0,13,52,1,6,75,14,4,10,2,12,1,27,7,25,4,3,0,62,5,33,0,0,89,4,21,2
2011/2012,besters,alfred duma,uthukela,29.64116,-28.43673,74,1,84,11,1,0,16,43,0,3,66,9,6,12,16,7,1,38,7,22,1,3,0,38,2,25,0,0,108,1,16,2
2012/2013,besters,alfred duma,uthukela,29.64116,-28.43673,56,0,83,13,1,0,13,44,0,2,72,14,4,12,8,14,1,42,9,15,0,6,0,22,0,18,0,0,96,3,20,7
2013/2014,besters,alfred duma,uthukela,29.64116,-28.43673,47,3,77,4,0,0,15,52,0,3,56,2,6,5,9,3,12,32,7,21,2,8,0,29,0,21,0,0,81,3,23,4
2014/2015,besters,alfred duma,uthukela,29.64116,-28.43673,72,5,80,8,1,0,7,53,2,2,67,10,7,1,1,6,12,30,11,22,5,6,0,37,2,26,0,0,67,4,22,12
2015/2016,besters,alfred duma,uthukela,29.64116,-28.43673,51,0,59,7,2,0,16,33,0,2,55,6,7,5,2,8,12,35,6,16,2,2,0,23,4,23,0,0,78,2,16,2
2016/2017,besters,alfred duma,uthukela,29.64116,-28.43673,76,2,65,11,2,0,17,45,1,10,62,4,4,10,6,12,12,33,5,17,7,5,0,34,0,21,5,0,93,2,14,3
2017/2018,besters,alfred duma,uthukela,29.64116,-28.43673,55,3,75,5,0,0,20,48,1,6,41,8,7,5,19,12,12,33,11,19,0,4,0,14,0,20,41,0,81,1,32,1
2018/2019,besters,alfred duma,uthukela,29.64116,-28.43673,55,3,77,8,1,0,11,61,1,3,68,8,6,8,15,10,12,47,3,21,3,1,0,12,2,24,47,0,68,1,51,0
2019/2020,besters,alfred duma,uthukela,29.64116,-28.43673,61,2,76,5,0,0,14,49,1,2,64,9,7,0,3,2,12,48,10,13,1,0,0,10,2,16,50,0,54,1,28,1
2020/2021,besters,alfred duma,uthukela,29.64116,-28.43673,43,0,84,2,0,0,32,64,0,9,67,6,6,0,3,2,21,48,2,17,3,1,0,10,1,18,0,0,57,1,26,0
2021/2022,besters,alfred duma,uthukela,29.64116,-28.43673,61,1,69,4,0,0,17,36,0,8,89,7,7,0,0,2,13,45,8,15,4,4,0,20,1,17,6,0,34,2,22,0
2022/2023,besters,alfred duma,uthukela,29.64116,-28.43673,74,0,72,3,0,0,33,39,0,15,101,8,6,0,5,9,22,33,6,23,2,3,0,10,3,26,0,0,40,3,9,2
2023/2024,besters,uthukela district,uthukela district,29.64116,-28.43673,0,0,0,0,0,0,0,44,0,0,0,0,0,0,0,0,0,0,0,0,0,3,0,0,0,0,0,0,0,1,10,0
2024/2025,besters,uthukela district,uthukela district,29.64116,-28.43673,0,0,0,0,0,0,0,37,0,0,0,0,0,0,0,0,0,0,0,0,0,2,0,0,0,0,0,0,0,0,14,0
2008/2009,bethal,govan mbeki,gert sibande,29.46955,-26.46098,354,3,49,5,1,0,134,94,4,39,133,31,7,55,23,3,1,103,3,16,12,0,0,54,1,19,0,47,52,59,122,11
2009/2010,bethal,govan mbeki,gert sibande,29.46955,-26.46098,241,3,46,5,5,1,135,143,5,47,91,21,4,44,21,6,1,78,6,14,20,6,0,51,0,21,0,86,59,57,53,2
2010/2011,bethal,govan mbeki,gert sibande,29.46955,-26.46098,246,2,39,1,2,0,82,52,2,39,76,15,5,49,21,3,1,64,4,13,12,3,0,47,0,18,0,61,39,41,47,15
2011/2012,bethal,govan mbeki,gert sibande,29.46955,-26.46098,262,2,53,2,1,0,44,72,1,42,81,27,9,69,24,1,1,41,4,10,16,1,0,31,4,20,2,57,39,36,64,6
2012/2013,bethal,govan mbeki,gert sibande,29.46955,-26.46098,251,0,40,1,2,0,52,79,1,55,65,32,4,74,24,3,1,45,4,14,14,2,0,37,4,22,1,88,42,24,68,3
2013/2014,bethal,govan mbeki,gert sibande,29.46955,-26.46098,246,0,33,5,0,0,59,126,3,53,66,17,5,33,42,2,12,46,8,11,11,11,0,38,3,17,1,62,37,31,99,4
2014/2015,bethal,govan mbeki,gert sibande,29.46955,-26.46098,240,1,54,5,0,0,76,126,2,47,39,21,5,26,67,2,23,35,0,14,15,5,0,34,0,17,0,76,35,28,101,0
2015/2016,bethal,govan mbeki,gert sibande,29.46955,-26.46098,307,2,54,6,0,0,99,163,2,62,58,24,7,41,56,2,13,51,7,11,24,5,1,49,3,15,1,59,36,22,93,2
2016/2017,bethal,govan mbeki,gert sibande,29.46955,-26.46098,309,1,58,4,0,0,82,196,6,51,63,27,4,27,61,13,12,41,2,4,27,6,1,55,8,14,0,57,37,21,121,0
2017/2018,bethal,govan mbeki,gert sibande,29.46955,-26.46098,248,2,40,5,0,0,74,178,6,46,49,16,6,50,85,0,21,34,3,11,12,0,0,30,1,12,0,50,44,20,56,2
2018/2019,bethal,govan mbeki,gert sibande,29.46955,-26.46098,255,0,52,4,1,0,87,216,3,62,66,17,6,75,68,4,13,36,6,10,15,3,0,39,2,13,0,61,45,22,73,1
2019/2020,bethal,govan mbeki,gert sibande,29.46955,-26.46098,275,3,53,5,0,0,48,131,1,94,65,17,4,89,43,8,13,41,6,11,15,3,0,32,8,21,1,68,58,22,48,3
2020/2021,bethal,govan mbeki,gert sibande,29.46955,-26.46098,182,1,35,2,1,0,57,140,6,106,68,24,7,46,21,3,21,43,5,7,9,9,0,50,4,13,1,51,26,27,58,0
2021/2022,bethal,govan mbeki,gert sibande,29.46955,-26.46098,242,0,34,5,1,0,73,81,7,93,52,16,7,43,56,3,23,39,7,11,22,4,1,56,5,18,0,43,39,21,47,0
2022/2023,bethal,govan mbeki,gert sibande,29.46955,-26.46098,203,1,34,5,0,0,69,81,8,104,87,15,6,30,78,4,23,27,4,21,19,1,0,49,6,27,0,77,45,19,48,3
2023/2024,bethal,gert sibande district,gert sibande district,29.46955,-26.46098,0,0,0,0,0,0,0,79,11,0,0,0,0,0,0,0,0,0,0,0,0,4,0,0,0,0,0,0,0,10,28,0
2024/2025,bethal,gert sibande district,gert sibande district,29.46955,-26.46098,0,0,0,0,0,0,0,102,12,0,0,0,0,0,0,0,0,0,0,0,0,4,0,0,0,0,0,0,0,7,40,0
2008/2009,bethanie,rustenburg,bojanala,27.60139,-25.55175,256,10,170,10,13,0,69,140,11,7,97,30,5,21,36,8,1,72,17,70,26,50,0,140,0,86,0,2,12,24,4,0
2009/2010,bethanie,rustenburg,bojanala,27.60139,-25.55175,218,8,189,15,4,0,57,199,16,8,115,40,8,8,41,5,1,79,17,47,35,43,0,136,2,57,0,0,19,28,13,3
2010/2011,bethanie,rustenburg,bojanala,27.60139,-25.55175,190,13,204,17,2,0,65,228,7,7,112,27,10,24,68,13,1,69,13,72,33,34,0,110,1,81,0,0,6,35,25,0
2011/2012,bethanie,rustenburg,bojanala,27.60139,-25.55175,224,18,176,11,5,0,41,209,8,16,102,31,7,20,99,12,1,139,19,50,45,17,0,116,1,57,0,0,10,38,23,1
2012/2013,bethanie,rustenburg,bojanala,27.60139,-25.55175,186,8,178,9,6,0,80,191,14,18,50,21,7,19,138,10,1,91,16,59,33,30,0,136,5,71,0,20,10,41,22,0
2013/2014,bethanie,rustenburg,bojanala,27.60139,-25.55175,239,8,136,20,5,0,64,232,9,23,80,22,6,41,177,13,14,70,14,65,40,27,0,134,3,73,0,57,16,35,23,1
2014/2015,bethanie,rustenburg,bojanala,27.60139,-25.55175,352,5,168,19,2,0,59,214,6,8,82,11,7,64,232,8,17,91,26,51,33,29,0,104,2,56,0,54,16,40,21,1
2015/2016,bethanie,rustenburg,bojanala,27.60139,-25.55175,67,1,60,2,1,0,32,96,2,1,47,7,7,66,221,7,21,35,3,23,12,6,0,31,1,26,0,1,5,3,6,0
2016/2017,bethanie,rustenburg,bojanala,27.60139,-25.55175,91,1,51,3,1,0,43,88,1,5,36,13,6,68,213,4,21,30,5,22,4,5,0,33,2,25,0,0,13,6,3,1
2017/2018,bethanie,rustenburg,bojanala,27.60139,-25.55175,96,2,55,7,0,0,28,66,2,2,44,6,6,76,235,3,23,20,3,24,16,4,0,36,1,25,0,2,30,0,11,0
2018/2019,bethanie,rustenburg,bojanala,27.60139,-25.55175,73,1,62,5,4,0,24,70,1,4,47,4,6,81,163,6,14,35,1,18,20,10,0,46,1,23,0,0,38,5,7,0
2019/2020,bethanie,rustenburg,bojanala,27.60139,-25.55175,112,5,60,5,1,0,20,124,2,6,37,4,6,100,68,4,12,33,2,9,13,7,0,31,4,14,4,1,8,6,15,0
2020/2021,bethanie,rustenburg,bojanala,27.60139,-25.55175,52,3,61,8,0,0,26,77,1,4,45,10,6,7,16,6,12,32,4,13,13,9,0,29,2,15,2,0,14,4,9,0
2021/2022,bethanie,rustenburg,bojanala,27.60139,-25.55175,89,2,77,9,4,0,10,70,3,5,67,5,6,33,58,7,23,57,0,17,14,9,0,40,0,21,3,1,16,3,6,0
2022/2023,bethanie,rustenburg,bojanala,27.60139,-25.55175,131,0,88,4,2,0,24,65,3,4,87,11,7,57,115,2,23,37,2,15,8,6,0,34,1,19,21,1,12,4,8,0
2023/2024,bethanie,bojanala district,bojanala district,27.60139,-25.55175,0,0,0,0,0,0,0,66,3,0,0,0,0,0,0,0,0,0,0,0,0,9,0,0,0,0,0,0,0,2,11,0
2024/2025,bethanie,bojanala district,bojanala district,27.60139,-25.55175,0,0,0,0,0,0,0,69,2,0,0,0,0,0,0,0,0,0,0,0,0,10,0,0,0,0,0,0,0,5,8,0
2008/2009,bethelsdorp,nelson mandela bay,nelson mandela bay,25.51261,-33.87062,1227,38,853,103,21,0,30,688,21,27,542,272,17,112,87,28,1,792,68,198,9,36,2,323,31,259,0,5,3,68,439,0
2009/2010,bethelsdorp,nelson mandela bay,nelson mandela bay,25.51261,-33.87062,934,30,752,93,21,0,56,560,19,41,465,177,49,103,94,38,1,687,66,200,21,31,1,356,16,273,0,12,0,51,469,1
2010/2011,bethelsdorp,nelson mandela bay,nelson mandela bay,25.51261,-33.87062,1058,40,774,81,19,0,49,670,18,31,622,211,11,106,98,32,1,714,55,185,29,20,0,341,28,240,0,13,3,57,369,0
2011/2012,bethelsdorp,nelson mandela bay,nelson mandela bay,25.51261,-33.87062,1073,17,764,89,17,0,61,641,16,18,561,152,16,85,185,60,1,614,66,220,43,29,0,401,29,276,0,11,6,63,342,1
2012/2013,bethelsdorp,nelson mandela bay,nelson mandela bay,25.51261,-33.87062,882,38,665,100,18,0,107,793,12,19,553,157,12,43,341,67,1,583,67,161,67,53,0,470,38,224,1,15,2,70,340,0
2013/2014,bethelsdorp,nelson mandela bay,nelson mandela bay,25.51261,-33.87062,784,19,611,126,8,0,85,821,37,31,490,117,17,36,365,64,22,627,68,169,57,52,0,482,20,206,0,8,3,49,354,0
2014/2015,bethelsdorp,nelson mandela bay,nelson mandela bay,25.51261,-33.87062,792,25,592,91,8,0,101,745,51,34,467,92,12,38,388,67,16,587,89,192,49,60,0,455,15,222,0,15,8,81,327,1
2015/2016,bethelsdorp,nelson mandela bay,nelson mandela bay,25.51261,-33.87062,593,19,473,127,8,0,115,594,42,29,377,98,9,31,327,90,2,509,137,116,43,46,0,371,23,152,0,14,2,103,234,1
2016/2017,bethelsdorp,nelson mandela bay,nelson mandela bay,25.51261,-33.87062,610,27,492,133,2,0,103,511,26,20,408,96,10,37,390,110,22,582,117,114,44,58,0,397,12,134,0,9,7,80,251,1
2017/2018,bethelsdorp,nelson mandela bay,nelson mandela bay,25.51261,-33.87062,538,23,407,201,3,0,58,461,46,22,362,96,8,39,471,156,22,549,127,136,40,112,0,516,28,171,0,9,2,37,184,4
2018/2019,bethelsdorp,nelson mandela bay,nelson mandela bay,25.51261,-33.87062,561,28,380,226,4,0,78,404,52,31,399,112,12,36,454,121,27,646,143,117,33,81,0,515,24,152,2,8,4,39,226,5
2019/2020,bethelsdorp,nelson mandela bay,nelson mandela bay,25.51261,-33.87062,577,22,378,246,4,0,80,381,30,47,412,107,3,21,477,153,22,606,152,110,14,73,0,363,39,166,0,9,9,39,221,0
2020/2021,bethelsdorp,nelson mandela bay,nelson mandela bay,25.51261,-33.87062,374,15,295,221,1,0,79,241,21,62,403,77,5,22,376,84,14,475,151,112,20,49,0,252,29,145,0,10,10,22,156,1
2021/2022,bethelsdorp,nelson mandela bay,nelson mandela bay,25.51261,-33.87062,505,13,274,95,4,0,83,252,27,93,521,66,5,28,267,54,14,456,89,96,15,29,0,188,29,132,0,6,9,18,107,8
2022/2023,bethelsdorp,nelson mandela bay,nelson mandela bay,25.51261,-33.87062,682,15,350,120,7,0,117,286,37,115,480,54,8,44,267,105,17,405,154,90,23,29,0,194,27,128,0,44,9,17,95,4
2023/2024,bethelsdorp,nelson mandela district,nelson mandela district,25.51261,-33.87062,0,0,0,0,0,0,0,198,21,0,0,0,0,0,0,0,0,0,0,0,0,24,0,0,0,0,0,0,0,9,59,0
2024/2025,bethelsdorp,nelson mandela district,nelson mandela district,25.51261,-33.87062,0,0,0,0,0,0,0,152,20,0,0,0,0,0,0,0,0,0,0,0,0,23,0,0,0,0,0,0,0,12,72,0
2008/2009,bethlehem,dihlabeng,thabo mofutsanyane,28.30889,-28.23108,843,18,453,15,7,0,226,541,0,163,1007,91,32,44,188,15,1,487,11,109,9,3,0,98,19,147,0,228,118,37,205,0
2009/2010,bethlehem,dihlabeng,thabo mofutsanyane,28.30889,-28.23108,828,11,431,10,9,0,187,696,3,189,990,88,18,43,205,8,1,456,16,121,10,14,1,111,19,160,0,213,134,41,217,2
2010/2011,bethlehem,dihlabeng,thabo mofutsanyane,28.30889,-28.23108,760,3,427,16,8,0,195,606,3,204,842,71,8,55,101,8,1,392,18,121,16,12,0,117,19,152,0,177,101,34,180,2
2011/2012,bethlehem,dihlabeng,thabo mofutsanyane,28.30889,-28.23108,698,20,427,18,9,0,213,558,1,946,842,73,12,59,99,4,1,401,24,140,24,9,0,129,26,182,0,202,111,65,228,0
2012/2013,bethlehem,dihlabeng,thabo mofutsanyane,28.30889,-28.23108,702,13,439,29,8,0,287,640,6,241,839,83,9,57,100,3,1,405,21,112,14,7,0,103,25,150,0,228,151,53,243,3
2013/2014,bethlehem,dihlabeng,thabo mofutsanyane,28.30889,-28.23108,618,12,435,21,10,0,207,590,0,197,859,87,12,47,111,4,26,411,25,125,23,9,0,128,33,175,2,170,146,141,288,1
2014/2015,bethlehem,dihlabeng,thabo mofutsanyane,28.30889,-28.23108,661,11,443,23,13,0,178,554,2,234,875,93,8,76,92,7,26,374,21,112,28,12,2,108,22,151,1,189,143,126,335,2
2015/2016,bethlehem,dihlabeng,thabo mofutsanyane,28.30889,-28.23108,609,21,489,30,8,0,243,632,5,287,874,70,5,85,206,9,4,414,26,113,26,8,0,110,31,155,0,169,112,82,277,1
2016/2017,bethlehem,dihlabeng,thabo mofutsanyane,28.30889,-28.23108,575,7,365,43,7,0,156,486,3,264,662,102,12,103,184,11,3,336,27,107,34,14,1,145,14,135,0,169,92,73,271,2
2017/2018,bethlehem,dihlabeng,thabo mofutsanyane,28.30889,-28.23108,430,9,332,29,6,0,175,414,7,242,592,70,5,118,201,17,42,272,37,89,32,17,2,160,25,123,103,99,120,88,237,2
2018/2019,bethlehem,dihlabeng,thabo mofutsanyane,28.30889,-28.23108,472,7,359,33,3,0,129,442,7,263,554,68,9,144,165,11,65,291,23,85,38,13,1,170,17,110,133,140,125,86,224,2
2019/2020,bethlehem,dihlabeng,thabo mofutsanyane,28.30889,-28.23108,355,1,148,19,1,0,165,261,4,420,290,39,9,67,58,6,28,132,12,41,19,10,0,111,12,59,287,115,102,66,162,2
2020/2021,bethlehem,dihlabeng,thabo mofutsanyane,28.30889,-28.23108,260,0,65,10,0,0,132,79,1,197,178,19,4,32,36,2,22,88,6,20,12,12,0,47,14,36,184,114,65,18,127,0
2021/2022,bethlehem,dihlabeng,thabo mofutsanyane,28.30889,-28.23108,393,3,73,7,1,0,116,143,3,241,178,38,4,32,76,3,17,103,6,28,10,4,1,67,8,39,187,95,51,24,142,3
2022/2023,bethlehem,dihlabeng,thabo mofutsanyane,28.30889,-28.23108,387,1,79,10,3,0,188,128,2,198,221,40,7,27,106,4,2,112,6,28,12,6,0,49,6,38,238,79,37,19,147,1
2023/2024,bethlehem,thabo mofutsanyana district,thabo mofutsanyana district,28.30889,-28.23108,0,0,0,0,0,0,0,138,0,0,0,0,0,0,0,0,0,0,0,0,0,16,0,0,0,0,0,0,0,41,125,0
2024/2025,bethlehem,thabo mofutsanyana district,thabo mofutsanyana district,28.30889,-28.23108,0,0,0,0,0,0,0,89,0,0,0,0,0,0,0,0,0,0,0,0,0,4,0,0,0,0,0,0,0,17,98,0
2008/2009,bethulie,kopanong,xhariep,25.97663,-30.49887,42,2,64,1,0,0,15,40,0,3,66,3,7,5,23,1,1,21,1,12,3,1,0,6,0,13,0,4,19,0,2,0
2009/2010,bethulie,kopanong,xhariep,25.97663,-30.49887,46,3,35,2,0,0,13,45,0,2,51,2,7,1,8,0,1,13,1,14,0,1,0,3,1,16,0,5,27,3,2,0
2010/2011,bethulie,kopanong,xhariep,25.97663,-30.49887,31,0,55,3,1,0,9,30,0,7,61,0,6,1,13,1,1,14,5,17,2,0,0,3,2,20,0,5,29,4,2,0
2011/2012,bethulie,kopanong,xhariep,25.97663,-30.49887,35,1,53,2,0,0,23,50,0,3,50,0,4,1,11,2,1,16,1,18,3,0,0,3,0,20,0,3,38,0,3,0
2012/2013,bethulie,kopanong,xhariep,25.97663,-30.49887,27,1,48,1,0,0,15,35,0,3,39,3,6,1,18,1,1,17,2,11,0,3,0,4,1,12,0,3,36,2,0,0
2013/2014,bethulie,kopanong,xhariep,25.97663,-30.49887,24,2,48,1,0,0,31,33,0,6,37,1,6,1,16,1,12,12,4,16,2,0,0,3,1,17,0,0,28,1,0,0
2014/2015,bethulie,kopanong,xhariep,25.97663,-30.49887,24,2,30,0,2,0,13,36,0,6,27,2,6,0,31,0,13,14,3,12,2,0,0,2,1,15,0,1,37,0,1,0
2015/2016,bethulie,kopanong,xhariep,25.97663,-30.49887,24,1,30,1,0,0,19,44,0,0,23,1,6,1,30,0,13,4,3,8,1,0,0,2,0,8,0,1,14,0,4,0
2016/2017,bethulie,kopanong,xhariep,25.97663,-30.49887,23,0,35,0,1,0,10,28,0,3,17,0,6,2,25,0,13,11,3,7,0,0,0,0,0,8,0,0,23,0,3,0
2017/2018,bethulie,kopanong,xhariep,25.97663,-30.49887,11,1,30,0,2,0,15,33,0,1,26,0,6,1,41,2,13,12,3,5,1,0,0,1,0,7,0,1,28,1,1,0
2018/2019,bethulie,kopanong,xhariep,25.97663,-30.49887,24,0,36,1,4,0,19,43,0,2,31,0,7,2,20,0,12,16,5,13,1,0,0,1,0,18,0,1,25,2,0,0
2019/2020,bethulie,kopanong,xhariep,25.97663,-30.49887,33,0,36,0,2,0,19,44,0,3,30,0,6,0,11,1,12,16,4,13,0,1,0,3,1,16,0,1,43,3,6,0
2020/2021,bethulie,kopanong,xhariep,25.97663,-30.49887,24,0,32,0,3,0,12,49,0,4,45,0,7,0,9,0,13,16,2,9,1,1,0,3,2,15,1,1,44,1,2,0
2021/2022,bethulie,kopanong,xhariep,25.97663,-30.49887,29,0,59,1,1,0,7,45,0,10,52,1,6,0,15,0,13,22,3,12,1,1,0,6,0,13,0,3,27,0,2,0
2022/2023,bethulie,kopanong,xhariep,25.97663,-30.49887,45,0,61,0,3,0,15,49,0,7,79,7,6,1,10,0,13,22,1,10,0,0,0,1,1,14,0,0,31,6,7,0
2023/2024,bethulie,xhariep district,xhariep district,25.97663,-30.49887,0,0,0,0,0,0,0,69,0,0,0,0,0,0,0,0,0,0,0,0,0,0,0,0,0,0,0,0,0,1,6,0
2024/2025,bethulie,xhariep district,xhariep district,25.97663,-30.49887,0,0,0,0,0,0,0,29,0,0,0,0,0,0,0,0,0,0,0,0,0,1,0,0,0,0,0,0,0,0,3,0
2008/2009,bhekithemba,ethekwini,ethekwini,30.86016,-29.97721,124,3,375,61,7,0,39,254,117,7,131,36,12,75,201,64,1,146,76,166,15,42,0,269,3,183,0,24,3,25,21,0
2009/2010,bhekithemba,ethekwini,ethekwini,30.86016,-29.97721,193,8,422,53,6,0,38,319,82,30,217,65,10,129,228,54,1,184,74,152,19,87,0,293,5,169,0,45,3,30,52,0
2010/2011,bhekithemba,ethekwini,ethekwini,30.86016,-29.97721,156,13,400,40,7,0,37,280,66,29,151,40,12,82,166,47,1,128,55,115,12,54,0,205,10,139,0,38,8,38,64,0
2011/2012,bhekithemba,ethekwini,ethekwini,30.86016,-29.97721,230,10,438,37,8,0,34,329,34,28,178,64,5,160,205,35,1,134,43,115,24,28,0,154,5,131,1,53,12,32,55,0
2012/2013,bhekithemba,ethekwini,ethekwini,30.86016,-29.97721,220,9,447,47,1,0,59,513,32,60,196,58,8,221,297,40,1,143,52,133,18,73,0,209,6,144,2,13,13,49,74,0
2013/2014,bhekithemba,ethekwini,ethekwini,30.86016,-29.97721,253,15,353,32,8,0,57,499,34,29,177,67,17,276,228,27,2,171,52,111,25,35,0,160,8,136,0,6,8,33,79,0
2014/2015,bhekithemba,ethekwini,ethekwini,30.86016,-29.97721,274,11,420,47,2,0,58,349,30,12,141,68,4,285,262,21,36,161,42,93,17,37,0,171,12,109,0,5,16,30,54,0
2015/2016,bhekithemba,ethekwini,ethekwini,30.86016,-29.97721,202,14,385,53,3,0,82,409,47,11,131,55,4,237,259,32,42,170,43,86,16,28,0,180,6,97,0,3,9,27,59,0
2016/2017,bhekithemba,ethekwini,ethekwini,30.86016,-29.97721,208,6,368,53,3,0,42,419,60,28,130,51,5,326,198,27,38,166,39,69,18,26,0,183,5,80,1,4,7,35,59,0
2017/2018,bhekithemba,ethekwini,ethekwini,30.86016,-29.97721,223,1,359,44,2,0,42,337,63,51,147,65,6,365,178,46,36,164,54,65,18,47,0,216,7,74,0,7,14,44,63,0
2018/2019,bhekithemba,ethekwini,ethekwini,30.86016,-29.97721,162,11,294,43,5,0,51,331,61,59,120,40,7,208,108,35,4,159,56,89,26,30,0,203,6,101,0,3,13,32,47,0
2019/2020,bhekithemba,ethekwini,ethekwini,30.86016,-29.97721,214,5,308,66,4,0,63,256,59,60,144,46,6,181,66,27,26,165,60,64,29,41,0,236,9,77,0,7,10,30,35,1
2020/2021,bhekithemba,ethekwini,ethekwini,30.86016,-29.97721,137,11,315,50,1,0,54,196,76,73,169,45,7,5,34,14,4,153,44,61,35,42,0,228,7,70,0,2,15,26,35,1
2021/2022,bhekithemba,ethekwini,ethekwini,30.86016,-29.97721,169,10,322,85,0,0,69,166,88,74,178,44,6,10,32,15,32,188,69,63,31,110,0,337,17,80,0,0,10,23,31,2
2022/2023,bhekithemba,ethekwini,ethekwini,30.86016,-29.97721,148,7,280,66,3,0,34,186,93,90,159,54,6,46,116,14,51,185,80,55,26,96,1,323,11,69,0,1,4,25,27,1
2023/2024,bhekithemba,ethekwini district,ethekwini district,30.86016,-29.97721,0,0,0,0,0,0,0,224,163,0,0,0,0,0,0,0,0,0,0,0,0,97,0,0,0,0,0,0,0,22,42,0
2024/2025,bhekithemba,ethekwini district,ethekwini district,30.86016,-29.97721,0,0,0,0,0,0,0,211,129,0,0,0,0,0,0,0,0,0,0,0,0,82,0,0,0,0,0,0,0,31,32,0
2008/2009,bhisho,buffalo city,buffalo city,27.44085,-32.85029,242,7,166,8,4,0,9,161,2,34,72,95,6,36,24,1,1,77,9,19,2,0,0,14,0,23,0,1,21,13,23,0
2009/2010,bhisho,buffalo city,buffalo city,27.44085,-32.85029,180,4,134,4,1,0,25,113,0,44,48,67,4,81,29,2,1,58,3,19,2,0,0,7,2,24,0,0,19,14,27,0
2010/2011,bhisho,buffalo city,buffalo city,27.44085,-32.85029,164,5,124,4,2,0,26,100,0,25,40,46,6,34,26,1,1,42,5,25,5,3,0,18,1,28,0,0,13,6,47,0
2011/2012,bhisho,buffalo city,buffalo city,27.44085,-32.85029,181,4,130,4,8,0,28,106,2,39,52,27,6,54,13,4,1,66,5,27,9,5,0,44,2,37,0,0,11,5,48,0
2012/2013,bhisho,buffalo city,buffalo city,27.44085,-32.85029,163,5,165,3,2,0,16,166,0,48,46,20,7,32,16,3,1,76,10,26,10,1,0,36,4,33,0,0,12,8,31,0
2013/2014,bhisho,buffalo city,buffalo city,27.44085,-32.85029,174,9,165,2,8,0,44,110,2,28,41,35,6,44,23,1,14,67,8,31,14,6,0,61,4,43,0,1,18,17,28,0
2014/2015,bhisho,buffalo city,buffalo city,27.44085,-32.85029,148,3,124,2,2,0,33,105,3,21,36,26,6,74,23,3,14,78,5,37,10,4,0,43,3,42,0,1,25,4,32,0
2015/2016,bhisho,buffalo city,buffalo city,27.44085,-32.85029,119,1,126,2,4,0,16,115,0,29,31,29,5,54,21,3,12,50,5,23,6,7,0,34,4,34,0,0,19,2,35,0
2016/2017,bhisho,buffalo city,buffalo city,27.44085,-32.85029,97,2,128,1,0,0,23,143,0,38,24,19,6,54,13,0,13,61,5,14,0,4,0,16,3,17,0,0,20,2,21,0
2017/2018,bhisho,buffalo city,buffalo city,27.44085,-32.85029,105,2,115,5,3,0,8,121,0,26,16,24,7,59,7,9,21,63,5,18,1,3,0,24,5,27,0,0,16,3,36,0
2018/2019,bhisho,buffalo city,buffalo city,27.44085,-32.85029,94,4,111,0,1,0,10,121,2,28,19,16,6,22,10,1,13,42,5,17,3,11,0,36,6,24,0,0,21,3,39,1
2019/2020,bhisho,buffalo city,buffalo city,27.44085,-32.85029,131,1,125,1,6,0,9,153,1,26,28,35,6,51,8,4,12,60,6,14,7,7,0,43,5,25,0,0,11,0,21,0
2020/2021,bhisho,buffalo city,buffalo city,27.44085,-32.85029,95,1,92,1,0,0,15,111,1,43,16,16,6,11,7,0,12,49,4,14,3,3,0,20,8,22,0,0,16,2,30,0
2021/2022,bhisho,buffalo city,buffalo city,27.44085,-32.85029,105,1,92,4,0,0,12,78,3,56,43,16,7,41,11,4,12,48,5,13,5,1,0,21,4,18,0,0,19,5,12,0
2022/2023,bhisho,buffalo city,buffalo city,27.44085,-32.85029,88,3,159,1,2,0,17,130,3,41,37,24,6,23,25,2,23,56,1,19,2,4,0,27,3,24,0,0,28,4,48,0
2023/2024,bhisho,buffalo city district,buffalo city district,27.44085,-32.85029,0,0,0,0,0,0,0,133,1,0,0,0,0,0,0,0,0,0,0,0,0,5,0,0,0,0,0,0,0,2,47,0
2024/2025,bhisho,buffalo city district,buffalo city district,27.44085,-32.85029,0,0,0,0,0,0,0,135,1,0,0,0,0,0,0,0,0,0,0,0,0,3,0,0,0,0,0,0,0,2,44,0
2023/2024,bhityi,or tambo district,or tambo district,,,0,0,0,0,0,0,0,50,12,0,0,0,0,0,0,0,0,0,0,0,0,83,0,0,0,0,0,0,0,5,7,0
2024/2025,bhityi,or tambo district,or tambo district,,,0,0,0,0,0,0,0,32,13,0,0,0,0,0,0,0,0,0,0,0,0,43,0,0,0,0,0,0,0,3,4,0
2008/2009,bholo,amahlathi,amathole,27.62414,-32.3882,14,0,23,2,1,0,0,27,0,0,7,1,6,0,2,0,1,11,0,3,0,2,0,2,0,4,0,0,45,0,0,0
2009/2010,bholo,amahlathi,amathole,27.62414,-32.3882,17,0,22,0,4,0,1,23,0,0,6,2,6,0,1,2,1,8,1,3,0,0,0,1,0,7,0,0,40,0,2,0
2010/2011,bholo,amahlathi,amathole,27.62414,-32.3882,23,1,28,2,4,0,2,21,0,0,9,2,6,2,1,1,1,12,5,5,0,1,0,1,0,9,0,0,37,1,3,0
2011/2012,bholo,amahlathi,amathole,27.62414,-32.3882,23,1,13,0,3,0,8,14,0,0,5,0,6,0,0,0,1,8,2,4,0,0,0,1,0,7,0,0,61,0,1,0
2012/2013,bholo,amahlathi,amathole,27.62414,-32.3882,14,0,30,0,1,0,6,17,0,1,3,1,6,0,0,0,1,9,1,6,1,1,0,2,0,7,0,0,44,0,1,0
2013/2014,bholo,amahlathi,amathole,27.62414,-32.3882,13,1,20,1,3,0,4,8,1,0,5,0,6,0,0,0,13,11,1,5,2,3,0,7,0,8,0,0,56,0,2,0
2014/2015,bholo,amahlathi,amathole,27.62414,-32.3882,6,2,14,4,1,0,15,13,0,1,7,2,6,1,2,2,13,5,1,9,1,1,0,2,0,10,0,0,40,0,0,0
2015/2016,bholo,amahlathi,amathole,27.62414,-32.3882,14,0,17,0,2,0,8,10,0,0,2,0,6,0,0,1,13,6,4,5,1,1,0,2,1,8,0,0,26,0,0,0
2016/2017,bholo,amahlathi,amathole,27.62414,-32.3882,6,0,16,1,0,0,4,18,0,1,4,0,6,0,2,6,13,7,3,1,0,0,0,1,0,1,0,0,16,0,1,0
2017/2018,bholo,amahlathi,amathole,27.62414,-32.3882,13,1,19,0,0,0,8,18,0,1,0,0,6,0,1,0,13,6,0,4,0,1,0,1,0,4,0,0,41,0,1,0
2018/2019,bholo,amahlathi,amathole,27.62414,-32.3882,2,1,14,0,0,0,11,15,0,1,2,0,6,0,0,0,13,8,3,3,0,0,0,1,1,4,0,0,36,1,0,0
2019/2020,bholo,amahlathi,amathole,27.62414,-32.3882,4,2,10,0,0,0,7,11,0,2,3,0,6,0,1,3,12,3,4,2,0,0,0,0,2,4,0,0,43,0,0,0
2020/2021,bholo,amahlathi,amathole,27.62414,-32.3882,10,0,18,0,0,0,5,21,0,1,0,0,6,0,1,1,13,5,1,6,1,2,0,5,0,6,0,0,59,1,1,0
2021/2022,bholo,amahlathi,amathole,27.62414,-32.3882,9,1,17,0,0,0,4,26,0,1,4,4,6,0,3,0,13,4,1,3,0,2,0,3,2,5,0,0,28,0,0,0
2022/2023,bholo,amahlathi,amathole,27.62414,-32.3882,9,0,13,0,1,0,2,21,0,0,3,1,6,0,0,0,13,4,1,5,1,0,0,1,1,7,0,0,24,0,0,0
2023/2024,bholo,amathole district,amathole district,27.62414,-32.3882,0,0,0,0,0,0,0,3,0,0,0,0,0,0,0,0,0,0,0,0,0,1,0,0,0,0,0,0,0,0,1,0
2024/2025,bholo,amathole district,amathole district,27.62414,-32.3882,0,0,0,0,0,0,0,4,0,0,0,0,0,0,0,0,0,0,0,0,0,2,0,0,0,0,0,0,0,0,0,0
2008/2009,bholothwa,emalahleni,chris hani,27.1992,-31.9862,25,2,50,0,0,0,0,15,0,1,13,1,6,1,5,0,1,12,6,13,0,1,0,2,1,14,0,1,12,1,0,0
2009/2010,bholothwa,emalahleni,chris hani,27.1992,-31.9862,14,0,61,1,2,0,1,25,0,0,15,1,7,0,6,3,1,14,8,10,2,4,0,6,0,13,0,1,0,0,2,0
2010/2011,bholothwa,emalahleni,chris hani,27.1992,-31.9862,18,1,53,1,3,0,0,18,0,0,25,1,6,0,15,2,1,12,11,11,4,2,0,7,1,15,0,0,7,1,1,0
2011/2012,bholothwa,emalahleni,chris hani,27.1992,-31.9862,20,1,44,1,2,0,0,31,0,0,7,0,6,0,3,1,1,9,5,10,7,4,0,12,0,12,0,0,10,3,4,0
2012/2013,bholothwa,emalahleni,chris hani,27.1992,-31.9862,17,1,47,2,2,0,2,16,0,0,14,0,6,0,3,1,1,17,13,23,2,2,0,4,0,25,0,0,17,1,0,0
2013/2014,bholothwa,emalahleni,chris hani,27.1992,-31.9862,27,3,43,2,2,0,8,16,0,0,11,2,6,0,3,2,13,11,7,12,1,0,0,1,3,17,0,0,7,0,0,0
2014/2015,bholothwa,emalahleni,chris hani,27.1992,-31.9862,14,1,34,3,0,0,9,10,0,0,9,0,6,0,5,5,13,11,12,10,9,4,0,13,3,13,0,0,6,0,0,0
2015/2016,bholothwa,emalahleni,chris hani,27.1992,-31.9862,8,0,35,4,0,0,14,10,0,0,5,0,6,0,11,2,12,12,13,19,3,0,0,6,0,19,0,0,4,0,0,0
2016/2017,bholothwa,emalahleni,chris hani,27.1992,-31.9862,9,4,42,3,2,0,4,13,0,8,4,1,6,0,41,1,13,9,12,13,2,3,0,5,0,15,0,1,6,0,0,0
2017/2018,bholothwa,emalahleni,chris hani,27.1992,-31.9862,7,0,32,2,0,0,8,11,0,1,5,0,6,0,43,6,13,9,9,16,1,3,0,5,2,18,0,0,4,0,0,0
2018/2019,bholothwa,emalahleni,chris hani,27.1992,-31.9862,5,0,30,1,0,0,4,8,0,0,2,0,6,0,6,2,13,10,19,18,2,0,0,3,0,18,1,0,10,1,0,0
2019/2020,bholothwa,emalahleni,chris hani,27.1992,-31.9862,13,2,44,4,2,0,13,19,0,2,7,3,7,0,3,7,13,15,13,18,4,3,0,10,1,22,0,0,8,2,2,0
2020/2021,bholothwa,emalahleni,chris hani,27.1992,-31.9862,14,2,36,3,6,0,12,7,0,2,0,1,6,0,6,0,13,19,9,16,3,0,0,6,1,23,0,0,5,1,3,0
2021/2022,bholothwa,emalahleni,chris hani,27.1992,-31.9862,14,0,42,5,1,0,17,24,2,3,7,4,6,0,6,4,13,20,10,17,0,2,0,4,0,18,0,0,6,1,0,0
2022/2023,bholothwa,emalahleni,chris hani,27.1992,-31.9862,12,1,37,3,1,0,12,14,1,0,10,3,6,1,3,0,21,11,20,15,6,6,0,15,0,16,0,0,10,0,0,0
2023/2024,bholothwa,chris hani district,chris hani district,27.1992,-31.9862,0,0,0,0,0,0,0,11,1,0,0,0,0,0,0,0,0,0,0,0,0,0,0,0,0,0,0,0,0,0,0,0
2024/2025,bholothwa,chris hani district,chris hani district,27.1992,-31.9862,0,0,0,0,0,0,0,8,0,0,0,0,0,0,0,0,0,0,0,0,0,0,0,0,0,0,0,0,0,0,1,0
2008/2009,biesiesvlei,ditsobotla,ngaka modiri molema,25.90384,-26.37833,40,3,33,0,1,0,9,24,0,4,26,0,7,2,26,0,1,8,2,5,0,0,0,1,6,13,0,0,13,0,4,0
2009/2010,biesiesvlei,ditsobotla,ngaka modiri molema,25.90384,-26.37833,34,0,28,2,2,0,12,22,0,2,17,1,4,3,15,0,1,13,0,3,2,1,0,5,2,9,0,1,29,4,2,0
2010/2011,biesiesvlei,ditsobotla,ngaka modiri molema,25.90384,-26.37833,36,0,34,1,0,0,26,23,0,0,19,0,6,0,15,0,1,12,2,16,1,1,0,4,6,22,0,0,22,1,0,0
2011/2012,biesiesvlei,ditsobotla,ngaka modiri molema,25.90384,-26.37833,31,1,25,0,0,0,21,19,0,1,11,1,7,3,12,2,1,11,1,15,0,2,0,4,3,19,0,0,26,4,2,0
2012/2013,biesiesvlei,ditsobotla,ngaka modiri molema,25.90384,-26.37833,52,3,35,0,2,0,17,28,0,2,18,1,7,5,28,2,1,8,3,14,0,1,0,1,1,18,0,0,17,6,4,0
2013/2014,biesiesvlei,ditsobotla,ngaka modiri molema,25.90384,-26.37833,28,0,24,0,1,0,11,15,0,4,12,2,6,5,60,0,13,8,2,7,1,0,0,1,1,9,0,0,24,4,4,0
2014/2015,biesiesvlei,ditsobotla,ngaka modiri molema,25.90384,-26.37833,43,1,41,1,0,0,6,15,0,2,22,1,6,1,64,0,12,8,0,4,2,0,0,4,0,4,1,0,27,1,1,1
2015/2016,biesiesvlei,ditsobotla,ngaka modiri molema,25.90384,-26.37833,29,2,48,2,0,0,15,14,0,2,26,1,6,4,47,2,13,2,3,4,3,1,0,5,0,4,0,0,18,3,2,0
2016/2017,biesiesvlei,ditsobotla,ngaka modiri molema,25.90384,-26.37833,21,1,34,4,0,0,10,6,0,1,8,4,6,4,24,12,13,10,0,8,2,1,0,5,0,8,0,0,15,0,2,0
2017/2018,biesiesvlei,ditsobotla,ngaka modiri molema,25.90384,-26.37833,22,1,35,1,1,0,10,15,1,1,15,4,6,3,17,0,12,14,0,8,3,0,0,7,0,9,0,0,28,0,2,0
2018/2019,biesiesvlei,ditsobotla,ngaka modiri molema,25.90384,-26.37833,20,0,32,2,1,0,12,23,1,1,9,3,6,4,16,3,13,7,3,16,2,1,0,8,2,19,0,0,28,7,1,0
2019/2020,biesiesvlei,ditsobotla,ngaka modiri molema,25.90384,-26.37833,12,0,42,2,2,0,25,26,3,1,13,4,6,3,3,0,13,6,3,10,3,1,0,10,0,12,0,0,25,5,3,0
2020/2021,biesiesvlei,ditsobotla,ngaka modiri molema,25.90384,-26.37833,18,0,40,2,1,0,17,15,0,0,12,3,6,1,4,1,13,11,0,5,0,1,0,1,1,7,0,0,17,3,0,0
2021/2022,biesiesvlei,ditsobotla,ngaka modiri molema,25.90384,-26.37833,20,0,36,1,0,0,8,9,0,7,24,3,6,2,1,4,13,8,1,6,3,0,0,6,2,8,0,0,15,1,1,0
2022/2023,biesiesvlei,ditsobotla,ngaka modiri molema,25.90384,-26.37833,17,0,53,1,0,0,8,18,1,2,36,1,7,2,4,0,13,23,2,11,1,0,0,5,0,12,0,0,6,0,2,1
2023/2024,biesiesvlei,ngaka modiri molema district,ngaka modiri molema district,25.90384,-26.37833,0,0,0,0,0,0,0,13,0,0,0,0,0,0,0,0,0,0,0,0,0,1,0,0,0,0,0,0,0,0,2,0
2024/2025,biesiesvlei,ngaka modiri molema district,ngaka modiri molema district,25.90384,-26.37833,0,0,0,0,0,0,0,11,0,0,0,0,0,0,0,0,0,0,0,0,0,0,0,0,0,0,0,0,0,2,1,0
2008/2009,bishop lavis,city of cape town,city of cape town,18.57224,-33.94634,1855,2,290,101,0,0,125,405,8,37,433,96,3,153,1430,155,1,505,46,69,10,9,0,257,19,101,0,251,0,115,466,0
2009/2010,bishop lavis,city of cape town,city of cape town,18.57224,-33.94634,1810,10,474,83,2,0,210,392,18,44,662,162,18,237,1759,122,1,562,36,78,11,2,0,343,33,124,0,284,0,82,659,0
2010/2011,bishop lavis,city of cape town,city of cape town,18.57224,-33.94634,1211,3,424,121,1,0,114,311,6,39,408,249,12,245,2459,237,1,522,36,80,14,5,0,254,23,111,0,273,0,44,521,1
2011/2012,bishop lavis,city of cape town,city of cape town,18.57224,-33.94634,1508,18,464,89,3,0,147,335,8,43,465,272,8,344,2753,135,1,475,54,78,15,7,0,249,38,123,0,132,0,47,580,2
2012/2013,bishop lavis,city of cape town,city of cape town,18.57224,-33.94634,1423,10,436,172,2,0,194,413,14,54,591,296,11,181,2977,167,1,570,59,85,17,20,1,300,37,132,0,135,0,54,628,1
2013/2014,bishop lavis,city of cape town,city of cape town,18.57224,-33.94634,1483,19,451,165,5,0,218,394,14,52,581,328,12,156,2577,94,24,605,73,86,18,14,0,362,31,129,2,99,0,53,633,0
2014/2015,bishop lavis,city of cape town,city of cape town,18.57224,-33.94634,1594,18,436,192,0,0,254,436,32,35,579,334,11,186,2738,96,17,704,82,58,21,7,0,450,19,85,1,109,0,53,809,1
2015/2016,bishop lavis,city of cape town,city of cape town,18.57224,-33.94634,1409,16,431,122,2,0,155,369,32,63,735,279,11,80,2472,72,22,728,77,57,15,15,0,408,32,99,1,135,0,59,623,2
2016/2017,bishop lavis,city of cape town,city of cape town,18.57224,-33.94634,1173,13,427,143,1,0,146,383,25,62,652,295,10,71,2898,99,2,804,97,58,14,18,0,429,29,94,0,157,0,52,771,2
2017/2018,bishop lavis,city of cape town,city of cape town,18.57224,-33.94634,1116,12,400,156,0,0,117,300,25,71,689,271,5,93,3432,145,28,720,98,51,22,18,0,388,28,82,1,141,0,49,636,7
2018/2019,bishop lavis,city of cape town,city of cape town,18.57224,-33.94634,1029,16,404,251,0,0,124,294,32,82,610,237,7,88,1855,214,14,761,144,47,4,9,0,369,41,89,0,128,0,40,763,4
2019/2020,bishop lavis,city of cape town,city of cape town,18.57224,-33.94634,933,7,341,98,1,0,71,214,41,97,568,195,5,94,2009,132,24,650,77,46,14,8,0,363,44,94,0,103,0,54,687,3
2020/2021,bishop lavis,city of cape town,city of cape town,18.57224,-33.94634,622,11,304,83,1,0,84,126,22,69,473,164,4,14,1371,108,2,614,74,48,11,13,1,221,29,80,0,115,1,45,554,9
2021/2022,bishop lavis,city of cape town,city of cape town,18.57224,-33.94634,714,9,319,80,2,0,63,173,24,131,524,159,4,29,1354,67,36,574,71,45,14,15,2,253,28,77,0,79,0,53,488,3
2022/2023,bishop lavis,city of cape town,city of cape town,18.57224,-33.94634,766,9,356,79,3,0,92,193,28,154,529,171,4,49,1396,87,22,630,65,48,20,6,0,223,27,80,0,39,0,30,444,4
2023/2024,bishop lavis,city of cape town district,city of cape town district,18.57224,-33.94634,0,0,0,0,0,0,0,174,30,0,0,0,0,0,0,0,0,0,0,0,0,10,0,0,0,0,0,0,0,35,295,0
2024/2025,bishop lavis,city of cape town district,city of cape town district,18.57224,-33.94634,0,0,0,0,0,0,0,140,30,0,0,0,0,0,0,0,0,0,0,0,0,5,0,0,0,0,0,0,0,20,161,0
2008/2009,bishopstowe,mkhambathini,umgungundlovu,30.47682,-29.58422,8,1,14,8,1,0,3,16,0,0,6,1,7,1,56,2,1,7,5,11,1,1,0,2,1,14,0,0,6,3,5,0
2009/2010,bishopstowe,mkhambathini,umgungundlovu,30.47682,-29.58422,14,1,11,1,0,0,3,19,0,1,3,4,6,0,64,7,1,1,2,9,0,0,0,4,0,9,0,0,4,1,0,0
2010/2011,bishopstowe,mkhambathini,umgungundlovu,30.47682,-29.58422,39,1,21,3,0,0,0,21,0,0,10,1,6,1,72,1,1,5,7,10,0,2,0,4,1,11,0,0,7,2,5,0
2011/2012,bishopstowe,mkhambathini,umgungundlovu,30.47682,-29.58422,40,0,13,3,0,0,3,25,0,1,19,3,6,2,74,9,1,4,4,15,0,1,0,3,2,17,0,0,7,1,3,0
2012/2013,bishopstowe,mkhambathini,umgungundlovu,30.47682,-29.58422,46,0,16,1,1,0,6,41,0,1,19,4,4,1,75,9,1,12,4,11,0,1,0,3,0,14,0,0,6,0,1,0
2013/2014,bishopstowe,mkhambathini,umgungundlovu,30.47682,-29.58422,27,0,32,2,1,0,5,51,1,2,19,7,6,0,75,10,12,13,5,12,0,0,0,5,2,15,0,0,7,0,4,0
2014/2015,bishopstowe,mkhambathini,umgungundlovu,30.47682,-29.58422,36,1,48,3,0,0,5,64,0,3,14,9,7,0,63,5,13,13,0,8,0,2,0,4,2,11,0,0,4,1,0,1
2015/2016,bishopstowe,mkhambathini,umgungundlovu,30.47682,-29.58422,46,2,38,7,0,0,2,84,0,0,8,6,6,0,64,0,12,13,5,9,2,7,0,15,4,13,0,0,3,5,2,0
2016/2017,bishopstowe,mkhambathini,umgungundlovu,30.47682,-29.58422,35,5,49,3,0,0,7,93,0,5,16,5,6,0,54,9,12,14,10,12,0,1,0,8,2,14,0,0,6,10,7,0
2017/2018,bishopstowe,mkhambathini,umgungundlovu,30.47682,-29.58422,34,0,29,1,0,0,10,72,0,2,14,8,6,0,50,0,13,12,5,6,0,2,0,6,3,9,0,0,10,4,4,0
2018/2019,bishopstowe,mkhambathini,umgungundlovu,30.47682,-29.58422,43,0,33,5,0,0,4,81,0,2,14,4,6,0,22,10,13,7,10,12,3,3,0,10,2,14,0,0,11,1,1,0
2019/2020,bishopstowe,mkhambathini,umgungundlovu,30.47682,-29.58422,21,0,30,11,0,0,3,85,1,1,14,2,7,1,3,3,12,9,11,9,3,1,0,9,2,12,0,0,5,6,4,0
2020/2021,bishopstowe,mkhambathini,umgungundlovu,30.47682,-29.58422,33,1,22,1,0,0,7,64,3,2,15,0,7,0,0,0,13,11,8,4,1,7,0,12,3,8,0,0,6,6,2,0
2021/2022,bishopstowe,mkhambathini,umgungundlovu,30.47682,-29.58422,19,1,44,11,0,0,8,65,1,2,15,3,7,0,0,5,13,13,12,11,12,6,0,20,2,14,0,0,3,8,4,0
2022/2023,bishopstowe,mkhambathini,umgungundlovu,30.47682,-29.58422,29,1,26,9,1,0,6,72,1,4,27,3,6,1,7,2,14,13,10,11,15,27,0,47,0,12,0,0,18,2,4,0
2023/2024,bishopstowe,umgungundlovu district,umgungundlovu district,30.47682,-29.58422,0,0,0,0,0,0,0,47,2,0,0,0,0,0,0,0,0,0,0,0,0,15,0,0,0,0,0,0,0,1,4,0
2024/2025,bishopstowe,umgungundlovu district,umgungundlovu district,30.47682,-29.58422,0,0,0,0,0,0,0,42,1,0,0,0,0,0,0,0,0,0,0,0,0,3,0,0,0,0,0,0,0,2,1,0
2008/2009,bityi,,,,,52,7,146,12,1,0,18,45,0,0,29,3,8,2,36,10,1,29,27,40,7,7,0,26,5,50,0,3,138,4,7,1
2009/2010,bityi,,,,,52,4,158,9,0,0,14,70,0,2,44,17,9,9,34,14,1,27,41,35,10,6,0,24,0,40,0,2,188,7,6,0
2010/2011,bityi,,,,,67,1,166,9,0,0,26,58,8,3,29,11,8,8,57,18,1,38,43,68,11,10,0,40,2,74,0,1,237,7,7,1
2011/2012,bityi,,,,,68,8,192,21,1,0,32,56,1,2,28,7,6,3,68,15,1,55,49,73,12,27,0,55,3,77,0,0,233,9,9,0
2012/2013,bityi,,,,,63,5,160,21,1,0,26,57,0,6,36,4,5,1,99,26,1,48,50,67,13,15,0,52,6,77,0,0,214,10,14,0
2013/2014,bityi,,,,,72,5,127,12,0,0,39,31,1,5,35,6,7,0,131,33,12,43,42,65,17,13,0,52,2,68,0,0,108,5,7,1
2014/2015,bityi,,,,,62,3,116,22,0,0,34,33,3,2,17,8,4,0,160,46,14,32,41,69,11,15,0,48,6,77,0,2,109,7,9,0
2015/2016,bityi,,,,,56,3,102,24,0,0,33,28,1,2,28,4,4,0,122,38,14,51,57,67,15,13,0,45,7,76,0,1,161,4,12,0
2016/2017,bityi,,,,,65,11,152,28,0,0,55,35,4,3,27,11,5,3,125,23,14,76,44,58,14,22,0,73,5,66,0,0,214,4,13,1
2017/2018,bityi,,,,,64,10,129,29,0,0,57,43,7,6,18,6,5,2,106,34,23,67,48,65,16,13,0,57,9,77,0,0,179,7,5,2
2018/2019,bityi,,,,,62,8,131,37,2,0,68,42,14,5,11,8,4,1,28,23,21,73,87,88,32,13,0,107,5,97,0,1,261,3,5,3
2019/2020,bityi,,,,,47,8,136,55,0,0,53,49,7,6,29,7,6,0,20,87,25,71,73,92,18,39,2,105,8,100,0,2,231,5,8,2
2020/2021,bityi,,,,,68,6,137,52,2,0,43,55,5,15,38,7,6,1,8,53,23,93,77,66,26,52,0,144,2,70,0,0,244,1,3,2
2021/2022,bityi,,,,,63,7,174,38,1,0,37,64,4,15,42,10,6,1,10,94,12,54,74,74,16,49,0,133,4,79,0,0,168,4,2,2
2022/2023,bityi,,,,,58,9,149,41,3,0,63,45,9,16,53,6,7,1,11,27,23,71,122,72,15,89,1,155,7,83,0,1,176,4,6,1
2008/2009,blinkpan,steve tshwete,nkangala,29.45108,-26.09934,495,2,46,3,1,0,65,58,7,5,105,13,4,5,4,2,1,42,9,16,7,1,0,36,6,25,0,0,6,27,26,2
2009/2010,blinkpan,steve tshwete,nkangala,29.45108,-26.09934,460,4,39,10,0,0,55,42,4,4,118,23,4,15,18,0,1,46,10,12,10,0,1,39,2,16,0,0,13,17,32,5
2010/2011,blinkpan,steve tshwete,nkangala,29.45108,-26.09934,449,1,33,5,0,0,34,41,2,2,65,9,4,13,35,2,1,40,7,17,8,2,0,25,3,22,0,2,6,35,15,5
2011/2012,blinkpan,steve tshwete,nkangala,29.45108,-26.09934,493,0,41,1,1,0,19,37,0,5,79,10,7,10,32,1,1,45,5,13,4,1,0,12,0,15,1,2,10,21,16,1
2012/2013,blinkpan,steve tshwete,nkangala,29.45108,-26.09934,441,0,34,1,0,0,23,42,3,5,41,11,6,25,39,6,1,63,3,9,8,3,0,21,0,9,0,9,8,25,16,0
2013/2014,blinkpan,steve tshwete,nkangala,29.45108,-26.09934,522,2,29,4,0,0,38,29,2,1,50,8,7,8,21,0,13,26,5,12,10,4,0,21,3,16,0,3,3,16,12,0
2014/2015,blinkpan,steve tshwete,nkangala,29.45108,-26.09934,506,3,42,3,0,0,36,17,2,1,45,10,6,0,20,4,12,17,3,8,11,4,0,25,2,10,0,3,13,9,22,0
2015/2016,blinkpan,steve tshwete,nkangala,29.45108,-26.09934,524,0,28,3,0,0,21,33,1,4,27,9,7,10,33,9,13,11,2,5,5,1,0,12,0,6,0,5,12,15,15,0
2016/2017,blinkpan,steve tshwete,nkangala,29.45108,-26.09934,462,0,31,5,1,0,14,23,0,0,16,2,6,26,37,1,12,12,3,4,10,0,1,17,1,6,0,5,9,9,20,0
2017/2018,blinkpan,steve tshwete,nkangala,29.45108,-26.09934,392,1,28,0,1,0,13,29,1,0,19,4,6,20,29,1,13,12,0,4,8,3,0,20,2,7,0,1,0,3,26,1
2018/2019,blinkpan,steve tshwete,nkangala,29.45108,-26.09934,254,0,28,2,0,0,10,35,2,1,29,2,6,33,30,1,13,11,5,0,5,1,0,15,0,0,0,1,4,9,23,0
2019/2020,blinkpan,steve tshwete,nkangala,29.45108,-26.09934,233,1,19,7,0,0,5,22,0,2,16,4,6,25,6,0,12,14,4,4,3,0,0,12,1,5,0,0,5,3,1,1
2020/2021,blinkpan,steve tshwete,nkangala,29.45108,-26.09934,208,0,21,4,0,0,8,2,0,2,20,0,6,3,2,1,13,9,1,2,1,1,0,14,0,2,0,0,4,2,1,0
2021/2022,blinkpan,steve tshwete,nkangala,29.45108,-26.09934,167,0,33,7,0,0,9,14,3,2,23,2,7,3,3,0,13,10,9,4,4,1,0,18,0,5,0,0,8,5,5,0
2022/2023,blinkpan,steve tshwete,nkangala,29.45108,-26.09934,130,0,27,4,0,0,7,12,2,4,21,5,7,2,4,4,13,7,4,7,2,1,0,37,1,9,0,0,7,5,5,2
2023/2024,blinkpan,nkangala district,nkangala district,29.45108,-26.09934,0,0,0,0,0,0,0,12,2,0,0,0,0,0,0,0,0,0,0,0,0,0,0,0,0,0,0,0,0,2,5,0
2024/2025,blinkpan,nkangala district,nkangala district,29.45108,-26.09934,0,0,0,0,0,0,0,8,5,0,0,0,0,0,0,0,0,0,0,0,0,1,0,0,0,0,0,0,0,3,6,0
2008/2009,bloemhof,lekwa-teemane,dr ruth segomotsi mompati,25.60685,-27.65256,196,9,149,3,5,0,40,108,0,16,85,23,8,48,73,1,1,60,6,46,8,0,0,11,7,62,0,18,43,9,23,0
2009/2010,bloemhof,lekwa-teemane,dr ruth segomotsi mompati,25.60685,-27.65256,176,7,156,6,2,0,33,96,0,22,121,26,10,34,26,2,1,67,7,20,5,9,0,19,8,36,0,18,50,8,27,4
2010/2011,bloemhof,lekwa-teemane,dr ruth segomotsi mompati,25.60685,-27.65256,219,7,184,5,4,0,40,136,1,27,89,27,9,21,28,4,1,61,5,37,7,3,0,27,14,60,0,10,49,9,18,11
2011/2012,bloemhof,lekwa-teemane,dr ruth segomotsi mompati,25.60685,-27.65256,194,4,188,4,7,0,34,140,2,24,103,24,6,14,77,1,1,66,3,41,17,2,0,32,10,58,1,7,33,8,29,0
2012/2013,bloemhof,lekwa-teemane,dr ruth segomotsi mompati,25.60685,-27.65256,176,5,182,3,4,0,29,169,0,24,108,40,5,14,59,3,1,86,10,41,15,7,0,33,5,53,1,14,42,6,39,0
2013/2014,bloemhof,lekwa-teemane,dr ruth segomotsi mompati,25.60685,-27.65256,190,5,182,5,4,0,28,147,0,21,125,42,5,31,124,4,23,65,9,49,7,1,0,18,1,57,3,16,31,6,28,0
2014/2015,bloemhof,lekwa-teemane,dr ruth segomotsi mompati,25.60685,-27.65256,190,14,182,5,5,0,19,163,0,9,120,30,6,21,100,0,14,91,5,55,8,4,0,17,1,61,1,5,34,7,52,0
2015/2016,bloemhof,lekwa-teemane,dr ruth segomotsi mompati,25.60685,-27.65256,161,4,212,1,1,0,47,172,0,12,127,34,7,42,99,4,13,76,10,34,11,5,0,25,2,38,0,10,59,11,39,1
2016/2017,bloemhof,lekwa-teemane,dr ruth segomotsi mompati,25.60685,-27.65256,127,5,180,6,3,0,76,258,0,13,114,44,7,31,150,3,12,91,7,53,16,2,0,30,4,61,0,9,43,17,39,2
2017/2018,bloemhof,lekwa-teemane,dr ruth segomotsi mompati,25.60685,-27.65256,196,8,209,2,3,0,65,303,2,14,136,62,7,48,183,0,21,85,13,50,10,12,0,33,3,57,0,14,87,10,35,0
2018/2019,bloemhof,lekwa-teemane,dr ruth segomotsi mompati,25.60685,-27.65256,156,10,197,8,1,0,31,202,2,10,124,48,4,12,121,2,23,99,14,41,9,8,0,25,6,50,0,11,49,9,16,0
2019/2020,bloemhof,lekwa-teemane,dr ruth segomotsi mompati,25.60685,-27.65256,153,3,214,1,6,0,24,125,0,9,138,41,6,17,59,0,29,82,6,28,7,5,0,22,4,38,1,7,45,2,22,1
2020/2021,bloemhof,lekwa-teemane,dr ruth segomotsi mompati,25.60685,-27.65256,114,6,119,2,0,0,40,114,1,19,102,24,6,18,93,2,22,67,9,36,5,0,0,14,10,46,0,7,36,2,27,0
2021/2022,bloemhof,lekwa-teemane,dr ruth segomotsi mompati,25.60685,-27.65256,163,2,171,5,1,0,29,145,1,20,104,27,6,18,108,2,21,81,9,39,5,8,0,20,7,47,0,7,22,2,29,0
2022/2023,bloemhof,lekwa-teemane,dr ruth segomotsi mompati,25.60685,-27.65256,214,5,144,6,1,0,47,139,0,8,78,46,6,8,95,1,21,63,4,30,8,3,0,21,5,36,0,7,29,2,18,0
2023/2024,bloemhof,dr ruth segomotsi mompati district,dr ruth segomotsi mompati district,25.60685,-27.65256,0,0,0,0,0,0,0,110,0,0,0,0,0,0,0,0,0,0,0,0,0,7,0,0,0,0,0,0,0,2,22,0
2024/2025,bloemhof,dr ruth segomotsi mompati district,dr ruth segomotsi mompati district,25.60685,-27.65256,0,0,0,0,0,0,0,79,0,0,0,0,0,0,0,0,0,0,0,0,0,4,0,0,0,0,0,0,0,2,13,0
2008/2009,bloemspruit,mangaung,mangaung,26.27852,-29.1395,788,28,656,60,12,0,21,713,22,26,844,104,27,15,121,16,1,413,68,182,52,55,0,251,13,232,0,2,59,62,61,2
2009/2010,bloemspruit,mangaung,mangaung,26.27852,-29.1395,788,43,712,72,13,0,30,666,19,20,790,84,34,20,109,12,1,387,76,192,31,55,0,197,15,253,0,0,107,64,59,1
2010/2011,bloemspruit,mangaung,mangaung,26.27852,-29.1395,672,36,795,57,15,0,46,588,14,23,819,96,32,23,128,17,1,372,79,215,61,51,0,244,31,273,0,1,106,55,69,0
2011/2012,bloemspruit,mangaung,mangaung,26.27852,-29.1395,506,17,782,71,17,0,32,607,22,21,872,86,17,23,183,41,1,368,74,228,59,49,0,269,31,285,0,0,115,59,68,0
2012/2013,bloemspruit,mangaung,mangaung,26.27852,-29.1395,425,25,784,73,11,0,39,521,31,30,784,75,10,20,299,52,1,332,76,250,56,40,0,271,15,282,0,2,84,42,42,0
2013/2014,bloemspruit,mangaung,mangaung,26.27852,-29.1395,377,37,739,61,18,0,63,510,9,29,738,76,9,20,366,42,28,319,76,286,42,94,0,271,14,323,0,3,71,42,64,2
2014/2015,bloemspruit,mangaung,mangaung,26.27852,-29.1395,445,27,676,46,7,0,52,493,21,44,748,79,10,23,556,46,22,346,89,243,25,28,1,188,9,265,4,0,85,50,85,1
2015/2016,bloemspruit,mangaung,mangaung,26.27852,-29.1395,330,21,687,66,14,0,32,512,23,25,719,68,9,24,420,42,24,342,71,195,29,64,0,241,7,221,0,0,60,20,80,2
2016/2017,bloemspruit,mangaung,mangaung,26.27852,-29.1395,358,19,566,50,9,0,37,519,16,32,576,87,16,30,330,20,14,347,78,132,17,47,0,217,10,161,4,0,66,18,104,0
2017/2018,bloemspruit,mangaung,mangaung,26.27852,-29.1395,285,7,523,52,6,0,39,502,25,45,525,56,12,56,401,22,25,274,85,152,12,35,1,201,16,181,9,6,92,21,86,0
2018/2019,bloemspruit,mangaung,mangaung,26.27852,-29.1395,298,6,538,51,9,0,31,448,12,37,455,60,10,62,380,12,21,237,60,157,16,28,0,166,18,190,2,12,51,17,62,0
2019/2020,bloemspruit,mangaung,mangaung,26.27852,-29.1395,261,11,499,54,5,0,45,418,16,51,552,35,18,73,177,17,37,203,52,181,12,48,1,157,25,222,0,6,70,11,46,0
2020/2021,bloemspruit,mangaung,mangaung,26.27852,-29.1395,221,15,444,51,11,0,61,301,20,68,487,34,5,73,110,13,16,222,55,129,22,49,0,197,20,163,0,9,54,14,45,3
2021/2022,bloemspruit,mangaung,mangaung,26.27852,-29.1395,304,20,547,60,9,0,62,357,21,89,466,40,8,65,82,26,27,281,69,158,22,73,0,204,27,198,0,21,51,14,64,3
2022/2023,bloemspruit,mangaung,mangaung,26.27852,-29.1395,345,15,620,103,4,0,68,353,21,55,522,36,5,70,122,36,38,311,78,160,23,50,0,192,12,179,0,13,62,12,51,0
2023/2024,bloemspruit,mangaung district,mangaung district,26.27852,-29.1395,0,0,0,0,0,0,0,325,28,0,0,0,0,0,0,0,0,0,0,0,0,51,0,0,0,0,0,0,0,14,63,0
2024/2025,bloemspruit,mangaung district,mangaung district,26.27852,-29.1395,0,0,0,0,0,0,0,350,25,0,0,0,0,0,0,0,0,0,0,0,0,74,0,0,0,0,0,0,0,15,55,0
2008/2009,bluewater,great kei,amathole,27.95053,-32.72743,39,0,36,2,1,0,1,38,0,0,7,2,6,1,2,0,1,13,7,14,1,1,0,4,0,15,0,2,7,0,8,0
2009/2010,bluewater,great kei,amathole,27.95053,-32.72743,31,0,36,2,1,0,2,35,0,1,7,2,6,4,4,0,1,19,4,13,0,3,0,4,0,14,0,0,15,3,1,0
2010/2011,bluewater,great kei,amathole,27.95053,-32.72743,41,1,39,1,1,0,0,29,0,0,7,1,6,1,5,0,1,15,5,15,1,0,0,4,0,16,0,0,13,1,5,1
2011/2012,bluewater,great kei,amathole,27.95053,-32.72743,31,0,26,1,3,0,0,35,0,1,4,3,6,4,10,2,1,14,6,8,1,2,0,5,0,11,0,0,13,1,3,0
2012/2013,bluewater,great kei,amathole,27.95053,-32.72743,15,0,23,1,2,0,0,23,0,1,1,0,6,5,11,2,1,13,5,19,0,1,0,3,0,21,0,0,13,2,2,0
2013/2014,bluewater,great kei,amathole,27.95053,-32.72743,15,0,33,1,0,0,1,37,0,1,2,1,6,7,15,1,13,12,4,13,2,2,0,6,0,13,0,0,21,0,7,0
2014/2015,bluewater,great kei,amathole,27.95053,-32.72743,15,0,45,1,2,0,8,31,0,3,2,1,7,7,9,0,13,11,6,21,1,2,0,4,0,24,0,0,17,0,5,0
2015/2016,bluewater,great kei,amathole,27.95053,-32.72743,19,1,37,1,1,0,1,20,1,0,0,2,7,8,9,2,12,17,9,12,3,1,0,9,1,15,0,0,17,0,7,2
2016/2017,bluewater,great kei,amathole,27.95053,-32.72743,21,0,43,4,1,0,2,22,2,1,5,0,6,9,8,1,13,17,6,10,0,2,0,8,1,12,0,0,13,0,2,0
2017/2018,bluewater,great kei,amathole,27.95053,-32.72743,18,1,38,1,0,0,0,37,1,1,6,1,6,1,5,0,13,12,7,15,2,0,0,10,0,15,0,0,8,1,4,0
2018/2019,bluewater,great kei,amathole,27.95053,-32.72743,23,1,39,1,1,0,0,23,0,2,2,2,6,5,3,0,13,14,7,8,1,0,0,7,0,9,0,0,19,0,3,1
2019/2020,bluewater,great kei,amathole,27.95053,-32.72743,35,2,39,3,4,0,0,45,0,0,6,3,6,0,3,0,13,24,12,19,3,0,0,13,1,24,0,0,12,2,7,1
2020/2021,bluewater,great kei,amathole,27.95053,-32.72743,40,3,26,1,0,0,1,30,1,1,8,2,7,1,6,1,13,20,2,10,2,2,0,13,2,13,0,0,15,2,4,3
2021/2022,bluewater,great kei,amathole,27.95053,-32.72743,60,3,24,2,2,0,2,37,1,1,4,0,6,1,1,0,12,16,6,14,0,0,0,3,1,17,0,0,11,0,0,1
2022/2023,bluewater,great kei,amathole,27.95053,-32.72743,37,0,38,0,4,0,2,30,1,1,3,0,6,1,3,1,13,15,12,15,1,1,0,5,1,20,0,0,9,1,2,0
2023/2024,bluewater,amathole district,amathole district,27.95053,-32.72743,0,0,0,0,0,0,0,20,1,0,0,0,0,0,0,0,0,0,0,0,0,1,0,0,0,0,0,0,0,1,1,0
2024/2025,bluewater,amathole district,amathole district,27.95053,-32.72743,0,0,0,0,0,0,0,21,0,0,0,0,0,0,0,0,0,0,0,0,0,3,0,0,0,0,0,0,0,1,2,0
2008/2009,boetsap,dikgatlong,frances baard,24.45268,-27.9761,6,0,1,0,0,0,0,2,0,0,0,0,6,0,0,0,1,0,0,0,0,0,0,0,0,0,0,0,2,0,0,0
2009/2010,boetsap,dikgatlong,frances baard,24.45268,-27.9761,4,0,3,1,0,0,1,1,1,0,0,0,6,0,3,0,1,0,0,1,1,0,0,2,0,1,0,0,5,0,0,0
2010/2011,boetsap,dikgatlong,frances baard,24.45268,-27.9761,5,0,1,0,0,0,1,2,0,0,1,0,6,0,1,0,1,0,0,4,0,0,0,0,0,4,0,0,3,0,0,0
2011/2012,boetsap,dikgatlong,frances baard,24.45268,-27.9761,3,0,0,0,0,0,1,1,0,0,0,0,6,0,1,0,1,0,0,0,0,0,0,0,0,0,0,0,0,0,0,0
2012/2013,boetsap,dikgatlong,frances baard,24.45268,-27.9761,0,0,0,0,0,0,1,1,0,0,0,0,6,0,1,0,1,0,0,0,0,0,0,1,0,0,0,0,3,0,0,0
2013/2014,boetsap,dikgatlong,frances baard,24.45268,-27.9761,2,0,0,0,0,0,2,0,0,0,1,0,6,1,1,0,13,1,0,2,0,0,0,0,0,2,0,0,4,0,0,0
2014/2015,boetsap,dikgatlong,frances baard,24.45268,-27.9761,3,0,0,0,0,0,1,1,0,0,0,0,6,1,4,0,13,1,0,0,0,0,0,0,0,0,0,0,7,0,0,0
2015/2016,boetsap,dikgatlong,frances baard,24.45268,-27.9761,2,0,2,0,0,0,0,0,0,0,0,0,6,0,4,0,13,0,0,0,0,0,0,1,0,0,0,0,5,0,1,1
2016/2017,boetsap,dikgatlong,frances baard,24.45268,-27.9761,2,0,1,0,0,0,0,1,0,0,0,0,6,2,1,0,13,0,0,0,0,0,0,0,0,0,0,0,3,0,0,0
2017/2018,boetsap,dikgatlong,frances baard,24.45268,-27.9761,4,0,0,0,0,0,0,1,0,0,1,0,6,1,2,0,13,0,0,0,0,0,0,0,0,0,0,0,3,0,0,0
2018/2019,boetsap,dikgatlong,frances baard,24.45268,-27.9761,5,1,1,0,0,0,1,1,0,0,2,0,6,0,4,0,13,1,0,2,0,0,0,1,0,2,0,0,7,0,0,0
2019/2020,boetsap,dikgatlong,frances baard,24.45268,-27.9761,6,0,2,0,0,0,1,2,0,0,1,0,6,0,5,0,13,0,0,0,0,0,0,0,0,0,0,0,7,0,1,0
2020/2021,boetsap,dikgatlong,frances baard,24.45268,-27.9761,3,0,0,0,0,0,0,2,0,1,0,0,6,0,3,1,13,0,1,0,0,0,0,0,0,0,0,0,3,0,0,0
2021/2022,boetsap,dikgatlong,frances baard,24.45268,-27.9761,2,0,0,2,0,0,0,1,0,0,2,0,6,0,0,0,13,0,1,0,0,0,0,1,0,0,0,0,19,0,0,0
2022/2023,boetsap,dikgatlong,frances baard,24.45268,-27.9761,1,0,0,0,0,0,0,1,0,0,0,0,6,0,0,0,13,0,0,0,0,0,0,0,0,0,0,0,2,0,0,0
2023/2024,boetsap,frances baard district,frances baard district,24.45268,-27.9761,0,0,0,0,0,0,0,1,0,0,0,0,0,0,0,0,0,0,0,0,0,0,0,0,0,0,0,0,0,0,0,0
2024/2025,boetsap,frances baard district,frances baard district,24.45268,-27.9761,0,0,0,0,0,0,0,3,0,0,0,0,0,0,0,0,0,0,0,0,0,0,0,0,0,0,0,0,0,0,0,0
2023/2024,bohlokong,thabo mofutsanyana district,thabo mofutsanyana district,,,0,0,0,0,0,0,0,192,0,0,0,0,0,0,0,0,0,0,0,0,0,3,0,0,0,0,0,0,0,5,67,0
2024/2025,bohlokong,thabo mofutsanyana district,thabo mofutsanyana district,,,0,0,0,0,0,0,0,184,0,0,0,0,0,0,0,0,0,0,0,0,0,3,0,0,0,0,0,0,0,5,61,0
2008/2009,boipatong,emfuleni,sedibeng,27.84344,-26.66959,196,2,198,13,3,0,12,67,2,17,112,29,9,17,8,2,1,89,2,24,2,2,0,34,4,36,0,0,2,9,15,1
2009/2010,boipatong,emfuleni,sedibeng,27.84344,-26.66959,157,8,189,10,1,0,11,110,6,10,114,22,4,19,27,3,1,93,6,42,6,6,0,41,2,47,0,0,0,15,34,1
2010/2011,boipatong,emfuleni,sedibeng,27.84344,-26.66959,124,6,176,11,6,0,13,80,0,8,83,21,7,33,16,3,1,68,5,28,8,3,0,28,0,35,0,2,0,11,35,0
2011/2012,boipatong,emfuleni,sedibeng,27.84344,-26.66959,121,6,176,5,1,0,7,78,0,5,64,15,6,50,30,6,1,56,3,17,6,1,0,23,8,26,0,1,0,5,16,0
2012/2013,boipatong,emfuleni,sedibeng,27.84344,-26.66959,107,5,182,5,1,0,14,113,1,10,66,19,4,40,42,2,1,42,2,13,7,2,0,21,1,17,1,0,0,7,16,0
2013/2014,boipatong,emfuleni,sedibeng,27.84344,-26.66959,152,2,151,4,1,0,19,112,6,10,58,14,7,55,136,5,13,57,10,24,3,2,0,33,0,26,1,0,1,14,23,0
2014/2015,boipatong,emfuleni,sedibeng,27.84344,-26.66959,91,0,121,2,0,0,13,71,1,2,54,4,7,85,272,4,12,58,6,7,10,3,0,23,1,9,1,2,0,13,38,0
2015/2016,boipatong,emfuleni,sedibeng,27.84344,-26.66959,76,0,125,2,0,0,13,65,4,4,40,6,7,130,301,1,13,48,10,5,4,2,0,20,0,6,0,0,2,23,41,1
2016/2017,boipatong,emfuleni,sedibeng,27.84344,-26.66959,35,2,92,5,1,0,17,83,3,6,26,5,6,83,378,8,13,28,13,11,12,6,0,30,0,12,0,0,3,10,54,0
2017/2018,boipatong,emfuleni,sedibeng,27.84344,-26.66959,35,2,79,4,1,0,26,96,2,5,17,7,6,120,528,12,13,30,11,15,13,4,0,27,2,18,0,0,0,25,38,1
2018/2019,boipatong,emfuleni,sedibeng,27.84344,-26.66959,29,3,63,8,0,0,31,78,5,0,25,3,6,118,324,9,21,23,12,6,13,6,0,41,3,9,0,1,2,17,49,0
2019/2020,boipatong,emfuleni,sedibeng,27.84344,-26.66959,24,1,74,5,1,0,35,51,4,2,26,5,6,125,100,0,13,23,2,8,8,4,0,29,3,12,0,2,2,15,31,0
2020/2021,boipatong,emfuleni,sedibeng,27.84344,-26.66959,34,1,54,0,0,0,22,26,6,4,33,3,6,87,94,0,13,27,5,16,9,3,0,28,1,17,0,0,3,7,17,0
2021/2022,boipatong,emfuleni,sedibeng,27.84344,-26.66959,40,1,65,15,0,0,14,25,11,8,36,2,6,128,115,5,25,30,11,12,7,7,0,41,0,12,0,3,0,7,23,0
2022/2023,boipatong,emfuleni,sedibeng,27.84344,-26.66959,33,1,71,11,0,0,22,26,13,15,32,7,6,98,231,3,25,31,7,17,6,4,0,46,3,20,0,1,0,6,14,2
2023/2024,boipatong,sedibeng district,sedibeng district,27.84344,-26.66959,0,0,0,0,0,0,0,56,4,0,0,0,0,0,0,0,0,0,0,0,0,7,0,0,0,0,0,0,0,8,8,0
2024/2025,boipatong,sedibeng district,sedibeng district,27.84344,-26.66959,0,0,0,0,0,0,0,26,3,0,0,0,0,0,0,0,0,0,0,0,0,8,0,0,0,0,0,0,0,5,15,0
2008/2009,boitekong,rustenburg,bojanala,27.29704,-25.60465,141,11,375,14,6,1,36,310,8,5,82,61,4,21,328,16,1,87,17,59,19,16,0,118,7,74,0,3,0,34,31,0
2009/2010,boitekong,rustenburg,bojanala,27.29704,-25.60465,117,4,274,16,2,0,46,287,6,12,72,50,4,26,368,8,1,78,19,76,18,25,0,100,9,89,0,3,3,52,51,0
2010/2011,boitekong,rustenburg,bojanala,27.29704,-25.60465,376,12,566,35,8,0,73,504,13,12,140,56,8,29,307,9,1,138,48,128,47,31,0,179,3,143,0,2,8,89,80,1
2011/2012,boitekong,rustenburg,bojanala,27.29704,-25.60465,442,9,576,34,10,0,78,514,6,16,249,64,8,43,398,44,1,171,60,118,37,48,0,192,11,143,0,3,10,94,65,0
2012/2013,boitekong,rustenburg,bojanala,27.29704,-25.60465,354,12,537,43,10,0,75,504,13,70,215,51,4,42,404,23,1,165,53,166,41,58,0,218,8,186,0,31,8,91,81,1
2013/2014,boitekong,rustenburg,bojanala,27.29704,-25.60465,544,18,541,27,17,0,73,473,14,48,244,56,5,47,433,30,8,169,60,157,54,49,0,246,8,185,2,34,5,80,155,1
2014/2015,boitekong,rustenburg,bojanala,27.29704,-25.60465,529,15,597,46,8,0,87,566,15,30,312,56,9,54,551,29,36,174,58,151,49,50,0,276,13,177,0,48,8,80,160,0
2015/2016,boitekong,rustenburg,bojanala,27.29704,-25.60465,585,13,629,52,7,0,84,513,13,42,343,80,12,88,732,41,36,230,54,143,52,53,0,267,12,169,0,28,9,104,151,0
2016/2017,boitekong,rustenburg,bojanala,27.29704,-25.60465,515,25,655,54,17,0,74,443,26,25,313,99,4,91,629,41,42,249,66,171,58,53,0,277,3,193,0,28,28,107,151,1
2017/2018,boitekong,rustenburg,bojanala,27.29704,-25.60465,370,18,748,48,15,0,94,433,22,52,345,113,5,108,756,53,42,270,62,141,58,37,0,266,10,169,5,54,29,76,140,0
2018/2019,boitekong,rustenburg,bojanala,27.29704,-25.60465,407,24,777,53,16,0,113,395,17,53,521,117,7,106,498,27,42,268,73,146,29,42,0,225,6,169,9,61,42,89,98,0
2019/2020,boitekong,rustenburg,bojanala,27.29704,-25.60465,335,8,540,45,10,0,115,328,17,46,317,61,7,112,175,41,37,211,63,145,42,22,0,198,10,166,14,36,27,110,104,0
2020/2021,boitekong,rustenburg,bojanala,27.29704,-25.60465,312,8,509,40,8,0,78,281,21,65,312,57,7,43,42,25,24,185,36,114,29,42,0,247,8,131,2,40,14,103,66,2
2021/2022,boitekong,rustenburg,bojanala,27.29704,-25.60465,392,10,630,56,4,0,92,345,32,71,363,50,6,44,104,25,4,234,68,134,53,43,0,292,8,146,14,32,23,115,66,5
2022/2023,boitekong,rustenburg,bojanala,27.29704,-25.60465,449,9,709,61,15,0,67,338,37,88,477,79,10,48,120,51,30,260,84,136,34,51,1,349,5,162,33,40,22,124,74,9
2023/2024,boitekong,bojanala district,bojanala district,27.29704,-25.60465,0,0,0,0,0,0,0,292,78,0,0,0,0,0,0,0,0,0,0,0,0,67,0,0,0,0,0,0,0,101,56,0
2024/2025,boitekong,bojanala district,bojanala district,27.29704,-25.60465,0,0,0,0,0,0,0,220,59,0,0,0,0,0,0,0,0,0,0,0,0,61,0,0,0,0,0,0,0,106,81,0
2008/2009,boithuso,mangaung,mangaung,26.67399,-29.25967,224,3,601,19,18,0,79,370,3,11,492,70,16,39,135,6,1,253,24,102,17,6,0,63,6,136,0,0,27,9,10,0
2009/2010,boithuso,mangaung,mangaung,26.67399,-29.25967,179,3,594,14,18,0,70,344,4,6,517,54,18,36,247,15,1,217,29,121,14,13,0,86,29,179,0,0,35,7,25,0
2010/2011,boithuso,mangaung,mangaung,26.67399,-29.25967,181,2,596,17,2,0,74,375,1,5,609,64,12,24,156,10,1,264,32,149,30,15,0,75,15,173,0,0,37,11,26,0
2011/2012,boithuso,mangaung,mangaung,26.67399,-29.25967,180,6,555,20,7,0,76,373,6,4,597,58,5,16,84,6,1,280,40,127,27,17,0,107,12,149,0,1,67,8,20,0
2012/2013,boithuso,mangaung,mangaung,26.67399,-29.25967,170,3,585,15,3,0,66,391,5,13,650,56,11,38,123,9,1,292,34,147,54,17,0,165,13,171,0,0,63,11,29,0
2013/2014,boithuso,mangaung,mangaung,26.67399,-29.25967,151,7,586,18,1,0,80,300,6,9,642,27,7,28,209,8,17,348,33,112,28,15,0,111,15,129,0,0,54,26,25,0
2014/2015,boithuso,mangaung,mangaung,26.67399,-29.25967,181,6,537,26,3,0,66,270,6,14,508,51,8,35,217,8,25,265,28,124,23,20,0,119,10,141,0,0,54,6,16,3
2015/2016,boithuso,mangaung,mangaung,26.67399,-29.25967,183,6,519,16,9,0,99,301,1,3,598,46,4,45,250,8,23,267,28,115,21,28,0,126,13,139,0,0,40,14,33,0
2016/2017,boithuso,mangaung,mangaung,26.67399,-29.25967,153,2,526,12,1,0,78,352,6,4,465,43,4,63,270,8,14,238,31,110,35,17,0,144,12,125,0,0,47,6,31,1
2017/2018,boithuso,mangaung,mangaung,26.67399,-29.25967,103,6,440,10,4,0,76,242,2,16,359,27,4,62,256,8,21,200,32,95,16,7,0,68,9,110,0,0,52,2,26,0
2018/2019,boithuso,mangaung,mangaung,26.67399,-29.25967,120,2,446,23,2,0,52,244,5,15,435,35,5,57,106,8,21,202,27,85,26,8,0,98,6,96,0,0,26,4,29,0
2019/2020,boithuso,mangaung,mangaung,26.67399,-29.25967,144,3,504,17,1,0,51,192,0,16,394,44,4,80,93,5,36,172,32,76,18,7,0,124,12,91,0,0,24,4,31,0
2020/2021,boithuso,mangaung,mangaung,26.67399,-29.25967,137,6,412,11,6,0,41,164,1,22,437,43,7,23,103,3,23,222,27,79,30,14,0,138,14,100,0,0,32,3,44,0
2021/2022,boithuso,mangaung,mangaung,26.67399,-29.25967,223,5,458,20,3,0,36,200,4,34,541,28,8,41,138,9,22,238,31,106,14,15,0,121,15,128,0,0,25,6,30,0
2022/2023,boithuso,mangaung,mangaung,26.67399,-29.25967,242,5,510,38,4,0,51,249,12,19,565,38,5,42,168,20,2,269,33,108,19,8,0,92,11,126,3,0,31,4,19,1
2023/2024,boithuso,mangaung district,mangaung district,26.67399,-29.25967,0,0,0,0,0,0,0,239,7,0,0,0,0,0,0,0,0,0,0,0,0,22,0,0,0,0,0,0,0,2,22,0
2024/2025,boithuso,mangaung district,mangaung district,26.67399,-29.25967,0,0,0,0,0,0,0,224,2,0,0,0,0,0,0,0,0,0,0,0,0,24,0,0,0,0,0,0,0,6,42,0
2008/2009,boksburg,ekurhuleni,ekurhuleni,28.23787,-26.22025,746,8,187,18,3,1,112,317,135,215,270,153,69,47,28,15,1,290,15,46,56,30,0,387,7,101,0,131,0,480,388,4
2009/2010,boksburg,ekurhuleni,ekurhuleni,28.23787,-26.22025,674,6,186,18,4,4,132,483,135,312,257,120,33,25,42,11,1,249,17,43,44,52,2,343,3,65,0,112,0,447,389,12
2010/2011,boksburg,ekurhuleni,ekurhuleni,28.23787,-26.22025,551,4,147,21,3,0,108,341,71,280,244,107,16,25,53,11,1,259,15,31,36,36,0,267,3,47,0,108,0,418,335,5
2011/2012,boksburg,ekurhuleni,ekurhuleni,28.23787,-26.22025,519,6,124,11,1,0,109,364,54,209,219,102,5,37,75,7,1,263,14,25,32,20,1,189,11,40,5,104,0,334,336,2
2012/2013,boksburg,ekurhuleni,ekurhuleni,28.23787,-26.22025,553,1,136,17,0,0,114,376,77,198,202,105,5,100,148,11,1,227,14,30,53,38,0,272,8,41,9,73,1,319,314,1
2013/2014,boksburg,ekurhuleni,ekurhuleni,28.23787,-26.22025,676,12,161,16,2,0,144,395,73,218,223,86,5,110,322,9,14,222,16,26,58,56,0,328,10,41,4,69,0,313,238,5
2014/2015,boksburg,ekurhuleni,ekurhuleni,28.23787,-26.22025,796,7,145,20,0,0,98,460,42,158,241,92,4,81,245,21,3,208,24,29,55,67,0,315,10,41,7,52,0,350,285,5
2015/2016,boksburg,ekurhuleni,ekurhuleni,28.23787,-26.22025,605,11,180,30,3,0,117,547,37,212,223,113,4,84,157,26,25,221,42,40,68,80,0,353,8,53,3,38,0,336,338,1
2016/2017,boksburg,ekurhuleni,ekurhuleni,28.23787,-26.22025,683,2,132,33,0,0,157,441,32,217,214,71,6,42,145,13,24,279,37,45,42,72,0,323,17,62,11,74,0,292,303,6
2017/2018,boksburg,ekurhuleni,ekurhuleni,28.23787,-26.22025,549,3,122,26,3,0,94,360,55,193,212,78,7,66,194,12,16,282,42,42,49,75,0,325,13,59,1,108,1,271,355,5
2018/2019,boksburg,ekurhuleni,ekurhuleni,28.23787,-26.22025,577,5,171,31,1,0,147,335,30,270,219,95,5,89,268,8,3,286,44,44,45,101,0,315,14,62,1,80,0,359,351,5
2019/2020,boksburg,ekurhuleni,ekurhuleni,28.23787,-26.22025,574,1,151,33,1,0,154,352,37,240,263,99,6,140,214,14,28,255,40,64,54,84,0,373,13,78,0,137,0,229,340,3
2020/2021,boksburg,ekurhuleni,ekurhuleni,28.23787,-26.22025,390,8,148,33,2,0,116,215,39,255,246,61,7,51,92,9,2,198,25,29,41,46,1,231,9,41,3,80,0,203,252,11
2021/2022,boksburg,ekurhuleni,ekurhuleni,28.23787,-26.22025,403,2,145,20,0,0,89,179,51,278,240,79,7,62,93,6,38,230,41,34,37,37,0,239,18,53,0,73,0,140,282,10
2022/2023,boksburg,ekurhuleni,ekurhuleni,28.23787,-26.22025,408,5,146,26,0,0,122,255,59,331,265,78,6,77,140,16,61,219,43,34,43,29,0,282,18,52,0,87,0,185,254,21
2023/2024,boksburg,ekurhuleni district,ekurhuleni district,28.23787,-26.22025,0,0,0,0,0,0,0,226,86,0,0,0,0,0,0,0,0,0,0,0,0,35,0,0,0,0,0,0,0,181,217,0
2024/2025,boksburg,ekurhuleni district,ekurhuleni district,28.23787,-26.22025,0,0,0,0,0,0,0,158,47,0,0,0,0,0,0,0,0,0,0,0,0,27,0,0,0,0,0,0,0,186,187,0
2008/2009,boksburg north,ekurhuleni,ekurhuleni,28.25302,-26.206,1757,7,165,32,1,0,243,499,109,600,360,111,22,60,86,16,1,431,6,31,128,57,0,489,9,61,0,522,0,771,467,14
2009/2010,boksburg north,ekurhuleni,ekurhuleni,28.25302,-26.206,1679,4,180,24,1,1,326,585,104,593,350,114,20,33,95,17,1,446,8,24,108,62,4,467,9,60,0,568,0,808,531,13
2010/2011,boksburg north,ekurhuleni,ekurhuleni,28.25302,-26.206,1576,2,131,16,0,1,252,550,81,609,299,85,37,80,225,19,1,404,10,29,89,55,1,344,12,59,0,477,0,601,445,6
2011/2012,boksburg north,ekurhuleni,ekurhuleni,28.25302,-26.206,1422,4,165,8,2,1,205,576,49,539,269,56,8,38,394,14,1,389,13,21,65,46,0,282,16,43,2,433,0,487,368,7
2012/2013,boksburg north,ekurhuleni,ekurhuleni,28.25302,-26.206,1406,2,116,16,2,0,209,621,51,526,291,56,5,62,408,14,1,346,8,18,69,48,1,276,15,38,3,350,0,557,470,12
2013/2014,boksburg north,ekurhuleni,ekurhuleni,28.25302,-26.206,1517,6,107,12,1,0,187,643,62,470,276,41,9,78,710,23,22,312,6,15,95,58,0,324,11,32,4,424,0,550,502,11
2014/2015,boksburg north,ekurhuleni,ekurhuleni,28.25302,-26.206,1268,3,80,13,0,0,256,507,63,412,227,57,8,91,816,23,24,280,6,17,85,75,0,406,13,34,8,415,0,516,558,16
2015/2016,boksburg north,ekurhuleni,ekurhuleni,28.25302,-26.206,1311,2,102,9,0,0,272,453,47,535,267,57,8,86,705,18,22,292,11,16,93,55,0,377,20,40,3,357,0,521,515,20
2016/2017,boksburg north,ekurhuleni,ekurhuleni,28.25302,-26.206,1118,1,88,20,0,0,220,480,91,453,299,51,4,111,693,13,25,326,9,16,87,51,0,395,11,29,19,330,0,495,549,17
2017/2018,boksburg north,ekurhuleni,ekurhuleni,28.25302,-26.206,1046,1,140,23,0,0,236,384,78,445,306,64,4,179,788,42,28,283,9,26,83,61,0,419,17,45,9,328,0,416,567,14
2018/2019,boksburg north,ekurhuleni,ekurhuleni,28.25302,-26.206,1082,1,145,12,0,0,240,406,59,499,330,77,6,215,699,46,24,342,10,23,101,85,1,445,27,50,19,246,0,437,607,17
2019/2020,boksburg north,ekurhuleni,ekurhuleni,28.25302,-26.206,1124,3,141,23,0,0,262,392,60,596,349,79,4,290,790,42,16,349,13,26,105,71,1,447,15,43,37,276,0,367,593,7
2020/2021,boksburg north,ekurhuleni,ekurhuleni,28.25302,-26.206,758,0,128,25,2,0,195,252,65,492,303,51,12,191,613,45,25,164,8,24,87,55,1,393,10,43,38,258,0,379,363,17
2021/2022,boksburg north,ekurhuleni,ekurhuleni,28.25302,-26.206,760,2,155,20,1,0,185,235,85,670,300,45,5,118,202,42,15,129,9,27,107,17,0,418,26,57,2,227,0,341,420,20
2022/2023,boksburg north,ekurhuleni,ekurhuleni,28.25302,-26.206,788,0,118,43,1,0,177,259,97,677,338,45,6,70,163,39,109,163,12,30,97,42,0,477,23,54,0,249,0,410,358,37
2023/2024,boksburg north,ekurhuleni district,ekurhuleni district,28.25302,-26.206,0,0,0,0,0,0,0,314,111,0,0,0,0,0,0,0,0,0,0,0,0,52,0,0,0,0,0,0,0,411,295,0
2024/2025,boksburg north,ekurhuleni district,ekurhuleni district,28.25302,-26.206,0,0,0,0,0,0,0,199,101,0,0,0,0,0,0,0,0,0,0,0,0,35,0,0,0,0,0,0,0,286,302,0
2008/2009,bolobedu,greater letaba,mopani,30.22274,-23.64412,220,19,360,25,15,0,172,260,4,13,288,96,8,26,45,11,1,135,18,137,14,7,0,36,3,159,0,24,27,12,37,0
2009/2010,bolobedu,greater letaba,mopani,30.22274,-23.64412,152,18,414,14,12,0,135,309,3,28,254,108,4,27,69,9,1,114,21,140,9,8,0,45,7,161,0,10,22,5,20,1
2010/2011,bolobedu,greater letaba,mopani,30.22274,-23.64412,163,13,430,11,18,0,118,330,7,18,250,89,7,133,34,7,1,103,20,137,21,12,0,59,1,157,0,12,24,9,14,0
2011/2012,bolobedu,greater letaba,mopani,30.22274,-23.64412,173,6,461,19,15,0,186,388,1,13,249,86,4,34,30,3,1,111,20,148,30,16,0,58,1,166,1,20,29,11,45,0
2012/2013,bolobedu,greater letaba,mopani,30.22274,-23.64412,262,24,450,16,9,0,199,366,2,18,280,97,5,59,113,10,1,144,19,128,45,18,0,106,5,145,0,24,18,8,33,0
2013/2014,bolobedu,greater letaba,mopani,30.22274,-23.64412,269,21,433,8,10,0,188,349,3,26,222,83,4,36,69,7,17,132,24,145,45,25,0,121,3,160,1,27,24,13,53,0
2014/2015,bolobedu,greater letaba,mopani,30.22274,-23.64412,218,14,476,13,4,0,181,368,6,18,251,76,9,50,104,3,21,142,18,127,61,16,0,155,2,138,7,23,27,11,73,0
2015/2016,bolobedu,greater letaba,mopani,30.22274,-23.64412,209,10,363,22,5,0,149,266,6,24,239,66,9,51,85,2,17,116,20,117,27,16,0,96,1,128,3,32,16,9,43,0
2016/2017,bolobedu,greater letaba,mopani,30.22274,-23.64412,243,6,333,11,3,0,168,231,13,56,163,60,4,93,121,4,14,122,17,82,37,16,0,130,2,89,1,27,14,8,60,1
2017/2018,bolobedu,greater letaba,mopani,30.22274,-23.64412,86,9,240,16,7,0,117,216,12,44,68,47,5,150,158,3,21,81,16,60,29,20,0,86,1,71,0,13,17,6,27,0
2018/2019,bolobedu,greater letaba,mopani,30.22274,-23.64412,133,2,277,7,3,0,121,204,14,37,107,48,4,139,107,11,22,91,18,95,28,17,0,91,3,103,0,20,33,5,47,0
2019/2020,bolobedu,greater letaba,mopani,30.22274,-23.64412,97,5,237,9,1,0,126,185,8,27,105,36,5,158,11,4,21,94,16,86,26,10,1,81,7,97,12,9,17,7,31,0
2020/2021,bolobedu,greater letaba,mopani,30.22274,-23.64412,101,3,216,11,1,0,110,150,9,35,103,27,4,137,34,9,23,99,16,56,23,14,0,101,3,62,22,17,30,8,31,0
2021/2022,bolobedu,greater letaba,mopani,30.22274,-23.64412,123,5,343,16,6,0,123,166,14,52,195,45,7,68,57,4,25,130,19,79,50,7,2,148,6,92,40,29,22,7,34,0
2022/2023,bolobedu,greater letaba,mopani,30.22274,-23.64412,143,8,325,15,4,0,114,197,8,45,191,52,6,42,76,8,22,111,12,119,26,28,1,163,3,126,62,41,25,7,46,0
2023/2024,bolobedu,mopani district,mopani district,30.22274,-23.64412,0,0,0,0,0,0,0,164,8,0,0,0,0,0,0,0,0,0,0,0,0,23,0,0,0,0,0,0,0,2,40,0
2024/2025,bolobedu,mopani district,mopani district,30.22274,-23.64412,0,0,0,0,0,0,0,129,2,0,0,0,0,0,0,0,0,0,0,0,0,33,0,0,0,0,0,0,0,6,42,0
2008/2009,bonnievale,langeberg,cape winelands,20.09825,-33.93905,100,1,77,1,3,0,16,56,0,4,76,4,4,10,45,1,1,38,3,21,0,0,0,0,3,29,0,9,13,0,19,0
2009/2010,bonnievale,langeberg,cape winelands,20.09825,-33.93905,63,0,70,1,2,0,15,43,0,4,59,4,7,12,89,0,1,35,6,13,0,1,0,1,1,17,0,2,9,2,14,0
2010/2011,bonnievale,langeberg,cape winelands,20.09825,-33.93905,75,2,70,3,0,0,35,40,0,1,50,6,7,45,83,1,1,32,4,16,1,0,0,1,7,24,0,6,14,1,13,0
2011/2012,bonnievale,langeberg,cape winelands,20.09825,-33.93905,81,2,54,0,0,0,38,68,0,9,45,6,6,39,102,0,1,32,2,12,2,2,0,4,7,19,0,11,6,1,16,0
2012/2013,bonnievale,langeberg,cape winelands,20.09825,-33.93905,81,0,55,3,1,0,24,76,0,4,36,8,6,28,139,1,1,43,7,16,2,2,0,5,6,23,0,6,6,1,32,0
2013/2014,bonnievale,langeberg,cape winelands,20.09825,-33.93905,73,0,42,0,1,0,31,63,0,5,68,4,6,29,150,2,13,44,4,19,3,0,0,4,0,20,0,18,5,0,16,0
2014/2015,bonnievale,langeberg,cape winelands,20.09825,-33.93905,74,3,67,2,0,0,18,69,0,15,81,6,6,28,178,2,13,42,7,11,5,2,0,10,1,12,0,6,11,4,16,0
2015/2016,bonnievale,langeberg,cape winelands,20.09825,-33.93905,79,0,61,1,3,0,26,86,0,6,62,13,6,22,130,0,13,38,4,16,1,2,0,6,0,19,0,6,11,1,23,0
2016/2017,bonnievale,langeberg,cape winelands,20.09825,-33.93905,122,3,64,3,0,0,25,145,0,8,76,8,6,30,116,2,13,41,2,15,2,3,0,6,3,18,1,7,7,2,43,0
2017/2018,bonnievale,langeberg,cape winelands,20.09825,-33.93905,144,1,63,1,0,0,10,137,0,16,77,8,6,29,161,2,13,51,4,11,9,2,0,14,2,13,0,10,10,2,48,0
2018/2019,bonnievale,langeberg,cape winelands,20.09825,-33.93905,144,2,86,2,0,0,25,130,0,16,95,15,6,26,50,1,12,55,4,11,2,2,0,9,4,15,0,9,15,1,39,0
2019/2020,bonnievale,langeberg,cape winelands,20.09825,-33.93905,186,0,96,4,1,0,36,181,0,18,115,11,6,32,36,1,13,71,8,10,2,1,1,8,4,15,0,8,26,4,57,0
2020/2021,bonnievale,langeberg,cape winelands,20.09825,-33.93905,137,3,71,1,0,0,25,114,0,11,72,7,4,8,23,2,12,52,4,9,1,1,0,12,1,12,0,1,14,1,41,0
2021/2022,bonnievale,langeberg,cape winelands,20.09825,-33.93905,178,5,102,6,2,0,24,138,0,16,84,13,6,16,15,2,13,48,4,11,0,1,0,8,4,17,0,2,3,2,16,0
2022/2023,bonnievale,langeberg,cape winelands,20.09825,-33.93905,172,0,98,3,1,0,38,119,0,15,122,15,6,11,11,0,13,64,6,18,4,2,0,12,5,24,0,4,13,3,38,0
2023/2024,bonnievale,cape winelands district,cape winelands district,20.09825,-33.93905,0,0,0,0,0,0,0,134,0,0,0,0,0,0,0,0,0,0,0,0,0,2,0,0,0,0,0,0,0,1,40,0
2024/2025,bonnievale,cape winelands district,cape winelands district,20.09825,-33.93905,0,0,0,0,0,0,0,113,0,0,0,0,0,0,0,0,0,0,0,0,0,1,0,0,0,0,0,0,0,2,21,0
2008/2009,boons,rustenburg,bojanala,27.23671,-25.96687,77,0,24,2,3,0,20,31,7,4,6,3,6,0,14,1,1,15,2,5,2,1,0,15,0,8,0,0,24,7,6,4
2009/2010,boons,rustenburg,bojanala,27.23671,-25.96687,76,0,41,4,1,0,10,38,5,3,7,2,4,0,8,1,1,14,1,7,0,2,0,18,0,10,0,0,40,9,5,8
2010/2011,boons,rustenburg,bojanala,27.23671,-25.96687,69,1,23,0,0,0,7,34,0,2,11,2,7,3,14,0,1,15,2,6,0,1,0,3,1,8,0,0,22,15,1,2
2011/2012,boons,rustenburg,bojanala,27.23671,-25.96687,38,1,28,0,0,0,3,16,0,1,7,0,6,1,22,0,1,9,0,2,0,1,0,4,1,3,0,1,15,4,6,2
2012/2013,boons,rustenburg,bojanala,27.23671,-25.96687,24,1,26,1,0,0,6,7,2,3,11,3,6,2,19,0,1,9,1,2,0,0,0,3,0,2,0,0,11,3,1,1
2013/2014,boons,rustenburg,bojanala,27.23671,-25.96687,15,0,23,2,1,0,2,14,0,2,6,0,6,0,15,1,12,6,1,2,0,0,0,4,3,6,0,0,9,0,1,3
2014/2015,boons,rustenburg,bojanala,27.23671,-25.96687,35,0,39,1,0,0,2,12,3,1,10,0,6,1,19,0,12,9,1,13,1,0,0,8,3,16,0,0,12,0,0,2
2015/2016,boons,rustenburg,bojanala,27.23671,-25.96687,32,0,32,1,0,0,3,21,1,0,12,1,6,0,9,0,13,13,3,3,1,0,0,2,1,4,0,0,18,3,2,0
2016/2017,boons,rustenburg,bojanala,27.23671,-25.96687,38,0,17,0,1,0,3,31,3,1,6,0,6,5,15,0,13,17,1,2,1,3,0,10,1,4,0,0,29,4,6,1
2017/2018,boons,rustenburg,bojanala,27.23671,-25.96687,33,0,26,1,0,0,6,32,1,4,9,4,6,2,32,0,13,16,2,3,7,0,0,11,0,3,0,0,39,2,2,0
2018/2019,boons,rustenburg,bojanala,27.23671,-25.96687,21,0,26,1,1,0,5,19,7,3,8,1,6,1,13,1,23,12,0,4,6,4,0,26,1,6,0,0,26,2,3,5
2019/2020,boons,rustenburg,bojanala,27.23671,-25.96687,26,0,14,1,2,0,5,16,2,3,6,1,6,2,3,1,21,7,1,1,1,1,0,6,1,4,0,0,27,2,3,0
2020/2021,boons,rustenburg,bojanala,27.23671,-25.96687,34,0,10,1,0,0,10,23,0,3,11,1,6,0,9,0,12,3,0,6,1,3,0,4,0,6,0,0,16,2,3,0
2021/2022,boons,rustenburg,bojanala,27.23671,-25.96687,44,1,16,1,1,0,6,27,0,1,8,2,6,1,7,2,13,11,1,5,0,0,0,6,0,6,0,0,29,5,1,1
2022/2023,boons,rustenburg,bojanala,27.23671,-25.96687,15,0,13,0,1,0,5,22,2,1,5,0,7,3,8,1,14,8,5,3,0,5,0,9,0,5,0,0,27,0,1,0
2023/2024,boons,bojanala district,bojanala district,27.23671,-25.96687,0,0,0,0,0,0,0,11,1,0,0,0,0,0,0,0,0,0,0,0,0,1,0,0,0,0,0,0,0,1,3,0
2024/2025,boons,bojanala district,bojanala district,27.23671,-25.96687,0,0,0,0,0,0,0,28,0,0,0,0,0,0,0,0,0,0,0,0,0,3,0,0,0,0,0,0,0,2,6,0
2008/2009,booysens,city of johannesburg,city of johannesburg,28.02202,-26.23361,2603,12,562,66,6,0,396,1219,231,742,1300,409,87,285,221,27,1,915,56,84,210,174,2,1274,33,178,0,379,0,1366,903,4
2009/2010,booysens,city of johannesburg,city of johannesburg,28.02202,-26.23361,2580,7,628,54,11,0,405,1294,258,652,1207,394,30,323,211,49,1,938,51,113,208,121,3,1206,28,181,0,427,0,1294,949,13
2010/2011,booysens,city of johannesburg,city of johannesburg,28.02202,-26.23361,3107,12,556,39,16,0,421,1347,192,544,1163,393,26,267,459,51,1,911,55,122,139,141,2,1006,26,185,0,430,0,1170,942,8
2011/2012,booysens,city of johannesburg,city of johannesburg,28.02202,-26.23361,2568,5,461,37,6,1,344,940,199,493,824,281,5,243,525,76,1,703,41,102,89,133,2,781,25,136,3,406,0,1049,789,3
2012/2013,booysens,city of johannesburg,city of johannesburg,28.02202,-26.23361,1339,4,196,20,3,0,218,540,125,247,445,133,4,464,429,34,1,354,27,62,62,77,0,495,15,82,0,153,0,681,636,0
2013/2014,booysens,city of johannesburg,city of johannesburg,28.02202,-26.23361,1290,0,244,22,3,0,231,584,224,195,394,136,7,589,780,29,27,321,27,58,54,105,0,634,9,71,0,126,0,709,451,4
2014/2015,booysens,city of johannesburg,city of johannesburg,28.02202,-26.23361,1039,0,249,28,4,0,205,555,220,169,390,171,4,518,741,30,3,237,32,51,79,127,0,702,7,64,0,153,0,608,397,6
2015/2016,booysens,city of johannesburg,city of johannesburg,28.02202,-26.23361,943,1,193,28,4,0,225,559,207,143,365,177,7,686,402,32,16,231,20,51,75,79,0,668,7,63,1,111,0,574,360,4
2016/2017,booysens,city of johannesburg,city of johannesburg,28.02202,-26.23361,953,2,210,38,0,0,250,371,250,142,320,139,8,414,404,56,16,215,24,64,78,108,0,726,7,75,0,167,0,572,409,6
2017/2018,booysens,city of johannesburg,city of johannesburg,28.02202,-26.23361,785,1,251,44,4,0,216,443,198,189,434,206,6,443,405,46,25,260,34,43,74,89,1,718,12,59,3,119,0,455,359,7
2018/2019,booysens,city of johannesburg,city of johannesburg,28.02202,-26.23361,859,2,239,39,1,0,212,455,172,171,402,266,7,323,322,62,25,231,28,53,103,99,0,763,8,63,0,154,0,409,375,5
2019/2020,booysens,city of johannesburg,city of johannesburg,28.02202,-26.23361,793,1,242,34,2,0,259,422,206,245,485,184,7,478,173,43,16,227,24,65,80,97,0,793,17,85,1,141,0,387,331,3
2020/2021,booysens,city of johannesburg,city of johannesburg,28.02202,-26.23361,705,2,207,36,0,0,295,252,118,126,425,135,9,69,125,33,16,200,23,31,84,87,3,548,17,53,0,106,0,314,242,3
2021/2022,booysens,city of johannesburg,city of johannesburg,28.02202,-26.23361,636,0,310,40,3,0,212,296,135,196,465,156,5,215,153,47,9,289,31,51,77,144,1,655,16,73,1,101,0,329,264,6
2022/2023,booysens,city of johannesburg,city of johannesburg,28.02202,-26.23361,935,1,274,72,3,0,277,263,159,211,476,162,7,219,182,54,85,295,40,59,90,146,2,754,12,75,1,128,0,295,285,7
2023/2024,booysens,johannesburg district,johannesburg district,28.02202,-26.23361,0,0,0,0,0,0,0,220,155,0,0,0,0,0,0,0,0,0,0,0,0,180,0,0,0,0,0,0,0,294,279,0
2024/2025,booysens,johannesburg district,johannesburg district,28.02202,-26.23361,0,0,0,0,0,0,0,179,103,0,0,0,0,0,0,0,0,0,0,0,0,130,0,0,0,0,0,0,0,306,243,0
2008/2009,boschkop,city of tshwane,city of tshwane,28.40709,-25.81666,656,4,77,20,4,0,97,526,4,98,138,26,9,11,14,7,1,165,4,15,18,25,0,93,3,27,0,86,12,131,156,0
2009/2010,boschkop,city of tshwane,city of tshwane,28.40709,-25.81666,564,5,53,22,5,0,71,558,13,136,159,29,7,18,11,2,1,166,13,19,27,38,0,130,1,26,0,66,6,154,192,1
2010/2011,boschkop,city of tshwane,city of tshwane,28.40709,-25.81666,505,8,84,17,2,0,48,439,14,148,154,23,9,9,22,8,1,155,8,15,18,34,0,112,1,23,0,52,11,80,255,0
2011/2012,boschkop,city of tshwane,city of tshwane,28.40709,-25.81666,557,1,63,14,1,0,76,458,7,128,123,23,9,9,23,6,1,140,7,23,11,19,0,66,1,30,1,88,12,105,227,0
2012/2013,boschkop,city of tshwane,city of tshwane,28.40709,-25.81666,508,7,48,5,2,0,69,434,6,133,132,16,4,18,27,3,1,118,8,11,4,24,0,68,3,18,0,121,10,81,307,1
2013/2014,boschkop,city of tshwane,city of tshwane,28.40709,-25.81666,642,3,50,9,1,0,78,346,13,331,128,35,4,13,22,2,21,100,6,19,12,25,0,116,2,24,1,78,13,93,364,3
2014/2015,boschkop,city of tshwane,city of tshwane,28.40709,-25.81666,554,6,47,7,0,0,88,346,20,147,117,34,4,8,24,3,21,120,6,11,14,22,0,125,3,16,5,73,12,103,241,0
2015/2016,boschkop,city of tshwane,city of tshwane,28.40709,-25.81666,437,10,43,5,2,0,79,261,24,85,123,29,4,19,20,0,14,117,3,18,13,9,0,95,3,25,2,49,11,71,201,1
2016/2017,boschkop,city of tshwane,city of tshwane,28.40709,-25.81666,488,3,60,7,0,0,84,265,28,107,152,26,4,17,21,3,22,126,12,18,18,14,0,118,2,22,1,44,11,99,217,3
2017/2018,boschkop,city of tshwane,city of tshwane,28.40709,-25.81666,549,7,87,6,2,0,86,243,16,125,172,24,5,34,39,6,23,145,8,29,16,17,1,125,5,39,0,45,14,111,149,2
2018/2019,boschkop,city of tshwane,city of tshwane,28.40709,-25.81666,436,5,90,10,1,0,69,260,25,166,163,42,7,38,25,6,25,111,11,22,20,28,0,121,7,31,0,75,11,109,131,4
2019/2020,boschkop,city of tshwane,city of tshwane,28.40709,-25.81666,357,3,73,5,0,0,65,130,14,148,156,31,4,29,19,12,25,123,16,32,19,18,0,130,12,46,2,59,5,94,152,2
2020/2021,boschkop,city of tshwane,city of tshwane,28.40709,-25.81666,288,7,99,13,0,0,56,124,20,216,178,32,4,11,18,5,12,94,8,26,29,16,0,121,9,37,0,51,8,93,100,4
2021/2022,boschkop,city of tshwane,city of tshwane,28.40709,-25.81666,348,2,120,22,0,0,55,160,17,266,221,33,8,10,23,5,2,150,22,35,22,13,0,122,12,51,0,45,8,140,114,3
2022/2023,boschkop,city of tshwane,city of tshwane,28.40709,-25.81666,338,8,115,16,0,0,56,167,10,354,214,30,7,2,22,2,26,118,17,29,18,13,0,95,17,47,0,61,7,116,107,2
2023/2024,boschkop,tshwane district,tshwane district,28.40709,-25.81666,0,0,0,0,0,0,0,139,18,0,0,0,0,0,0,0,0,0,0,0,0,32,0,0,0,0,0,0,0,105,113,0
2024/2025,boschkop,tshwane district,tshwane district,28.40709,-25.81666,0,0,0,0,0,0,0,139,11,0,0,0,0,0,0,0,0,0,0,0,0,28,0,0,0,0,0,0,0,85,83,0
2008/2009,boshoek,kagisano/molopo,dr ruth segomotsi mompati,24.28325,-25.72593,12,0,11,1,1,0,6,3,0,0,2,1,6,1,6,0,1,4,1,3,0,0,0,0,0,4,0,0,13,0,1,0
2009/2010,boshoek,kagisano/molopo,dr ruth segomotsi mompati,24.28325,-25.72593,16,0,14,0,0,0,6,3,0,0,1,0,6,0,3,2,1,4,1,4,0,0,0,0,0,4,0,0,12,0,2,0
2010/2011,boshoek,kagisano/molopo,dr ruth segomotsi mompati,24.28325,-25.72593,11,0,16,0,0,0,4,9,0,0,2,0,6,0,0,0,1,3,1,5,0,0,0,0,0,5,0,0,19,1,1,0
2011/2012,boshoek,kagisano/molopo,dr ruth segomotsi mompati,24.28325,-25.72593,16,0,10,1,0,0,4,7,0,0,5,0,6,0,0,0,1,2,0,4,0,1,0,1,0,4,0,0,28,1,1,0
2012/2013,boshoek,kagisano/molopo,dr ruth segomotsi mompati,24.28325,-25.72593,16,0,17,0,0,0,4,7,0,2,4,0,6,0,2,0,1,3,2,4,0,0,0,0,2,6,0,0,18,1,0,0
2013/2014,boshoek,kagisano/molopo,dr ruth segomotsi mompati,24.28325,-25.72593,10,0,11,1,0,0,4,1,0,0,3,0,6,0,2,1,13,7,1,8,0,0,0,0,0,8,0,0,12,0,3,0
2014/2015,boshoek,kagisano/molopo,dr ruth segomotsi mompati,24.28325,-25.72593,10,0,16,0,0,0,5,7,0,0,5,1,6,0,2,0,13,2,1,4,0,0,0,0,0,4,0,0,25,0,3,0
2015/2016,boshoek,kagisano/molopo,dr ruth segomotsi mompati,24.28325,-25.72593,6,1,11,0,0,0,7,16,0,0,1,0,6,1,1,4,13,4,0,2,0,0,0,0,0,2,0,0,14,1,2,0
2016/2017,boshoek,kagisano/molopo,dr ruth segomotsi mompati,24.28325,-25.72593,8,0,15,0,0,0,2,5,0,2,4,0,6,0,0,0,13,4,1,7,0,0,0,0,1,8,0,0,20,0,3,0
2017/2018,boshoek,kagisano/molopo,dr ruth segomotsi mompati,24.28325,-25.72593,13,0,7,2,0,0,5,6,0,0,5,1,6,0,1,2,13,3,0,2,0,0,0,0,0,2,0,0,14,0,1,0
2018/2019,boshoek,kagisano/molopo,dr ruth segomotsi mompati,24.28325,-25.72593,18,0,11,0,1,0,3,7,0,0,4,0,6,0,0,0,12,3,1,6,0,0,0,0,0,7,0,0,14,0,1,0
2019/2020,boshoek,kagisano/molopo,dr ruth segomotsi mompati,24.28325,-25.72593,13,0,14,0,1,0,3,8,0,1,5,0,6,1,0,0,12,2,1,3,0,0,0,0,0,4,0,0,16,1,5,0
2020/2021,boshoek,kagisano/molopo,dr ruth segomotsi mompati,24.28325,-25.72593,10,1,9,0,0,0,2,10,0,1,6,0,6,0,0,0,13,6,2,6,0,1,0,1,0,6,0,0,15,0,1,0
2021/2022,boshoek,kagisano/molopo,dr ruth segomotsi mompati,24.28325,-25.72593,10,0,8,1,0,0,4,2,0,3,1,0,6,0,0,1,13,7,0,2,0,1,0,1,0,2,0,0,26,0,0,0
2022/2023,boshoek,kagisano/molopo,dr ruth segomotsi mompati,24.28325,-25.72593,7,0,6,1,0,0,5,1,0,1,7,0,6,0,0,0,12,13,1,1,0,0,0,0,0,1,0,0,47,1,0,0
2023/2024,boshoek,dr ruth segomotsi mompati district,dr ruth segomotsi mompati district,24.28325,-25.72593,0,0,0,0,0,0,0,7,0,0,0,0,0,0,0,0,0,0,0,0,0,0,0,0,0,0,0,0,0,0,0,0
2024/2025,boshoek,dr ruth segomotsi mompati district,dr ruth segomotsi mompati district,24.28325,-25.72593,0,0,0,0,0,0,0,10,0,0,0,0,0,0,0,0,0,0,0,0,0,0,0,0,0,0,0,0,0,0,0,0
2008/2009,boshof,tokologo,lejweleputswa,25.23967,-28.54034,74,0,123,3,4,0,8,62,0,2,86,9,7,3,15,1,1,22,6,11,0,1,0,4,8,24,0,3,36,5,6,0
2009/2010,boshof,tokologo,lejweleputswa,25.23967,-28.54034,66,4,97,3,3,0,17,45,0,3,107,13,7,0,15,1,1,23,3,25,0,0,0,0,2,31,0,1,23,3,3,0
2010/2011,boshof,tokologo,lejweleputswa,25.23967,-28.54034,58,0,89,5,2,0,23,30,0,9,105,11,6,2,23,0,1,17,4,17,4,1,0,5,4,23,0,3,37,1,2,0
2011/2012,boshof,tokologo,lejweleputswa,25.23967,-28.54034,67,0,93,2,3,0,39,39,0,5,101,8,6,3,35,1,1,21,4,14,1,1,0,3,4,21,0,1,48,3,2,0
2012/2013,boshof,tokologo,lejweleputswa,25.23967,-28.54034,49,0,85,5,1,0,18,39,0,7,115,8,6,1,31,0,1,24,3,15,1,0,0,3,3,19,0,1,42,3,2,0
2013/2014,boshof,tokologo,lejweleputswa,25.23967,-28.54034,54,0,101,3,3,0,29,42,0,3,128,7,4,9,71,1,13,28,4,18,3,1,0,4,5,28,0,0,27,2,2,0
2014/2015,boshof,tokologo,lejweleputswa,25.23967,-28.54034,44,0,56,1,0,0,26,40,0,3,84,5,6,3,34,0,12,17,6,12,1,1,0,3,0,12,0,0,20,2,10,0
2015/2016,boshof,tokologo,lejweleputswa,25.23967,-28.54034,47,0,64,2,2,0,24,43,0,4,77,9,4,6,58,3,13,20,2,12,2,0,0,3,4,20,1,1,22,9,5,0
2016/2017,boshof,tokologo,lejweleputswa,25.23967,-28.54034,45,0,57,1,0,0,21,70,0,3,71,6,6,5,117,0,13,18,3,11,1,0,0,1,3,14,0,4,32,5,4,0
2017/2018,boshof,tokologo,lejweleputswa,25.23967,-28.54034,38,0,56,2,1,0,24,55,0,7,67,5,6,1,46,2,13,12,3,11,5,0,0,5,1,13,0,1,41,3,2,0
2018/2019,boshof,tokologo,lejweleputswa,25.23967,-28.54034,31,1,44,2,2,0,31,49,0,4,44,3,6,2,59,0,13,9,2,11,1,1,0,3,3,16,0,2,30,1,7,0
2019/2020,boshof,tokologo,lejweleputswa,25.23967,-28.54034,32,1,51,0,0,0,18,41,0,4,61,3,6,1,11,0,13,19,3,9,0,1,0,2,3,12,0,0,16,2,5,0
2020/2021,boshof,tokologo,lejweleputswa,25.23967,-28.54034,42,0,42,2,0,0,14,36,0,6,75,1,6,1,10,0,13,10,1,8,1,1,0,3,4,12,0,0,25,0,4,0
2021/2022,boshof,tokologo,lejweleputswa,25.23967,-28.54034,19,0,29,0,0,0,4,24,0,7,55,1,6,3,13,0,13,14,0,3,0,0,0,2,5,8,0,0,17,4,4,0
2022/2023,boshof,tokologo,lejweleputswa,25.23967,-28.54034,38,0,44,0,0,0,15,17,1,8,75,3,6,4,18,2,12,18,3,6,0,0,0,3,5,11,4,0,19,3,5,0
2023/2024,boshof,lejweleputswa district,lejweleputswa district,25.23967,-28.54034,0,0,0,0,0,0,0,30,0,0,0,0,0,0,0,0,0,0,0,0,0,2,0,0,0,0,0,0,0,1,1,0
2024/2025,boshof,lejweleputswa district,lejweleputswa district,25.23967,-28.54034,0,0,0,0,0,0,0,44,0,0,0,0,0,0,0,0,0,0,0,0,0,1,0,0,0,0,0,0,0,0,3,0
2008/2009,boston,impendle,umgungundlovu,30.04722,-29.68509,65,1,24,0,0,0,8,26,0,2,18,1,7,0,5,0,1,14,0,5,0,1,0,6,0,6,0,0,81,2,3,1
2009/2010,boston,impendle,umgungundlovu,30.04722,-29.68509,36,0,17,2,1,0,7,28,4,0,15,1,7,3,9,4,1,12,1,9,2,1,0,12,1,12,0,0,67,4,3,0
2010/2011,boston,impendle,umgungundlovu,30.04722,-29.68509,34,0,14,4,0,0,6,26,1,1,18,2,6,3,4,3,1,6,2,5,0,1,0,5,0,5,0,0,40,0,7,0
2011/2012,boston,impendle,umgungundlovu,30.04722,-29.68509,44,3,13,1,0,0,5,25,3,0,17,1,7,1,7,5,1,9,2,3,0,1,0,6,0,4,2,0,57,2,9,0
2012/2013,boston,impendle,umgungundlovu,30.04722,-29.68509,40,0,9,0,0,0,4,5,2,0,8,0,6,5,16,6,1,3,3,3,0,0,0,2,3,6,0,0,30,4,8,0
2013/2014,boston,impendle,umgungundlovu,30.04722,-29.68509,33,0,14,1,0,0,6,14,0,0,10,2,7,1,6,4,13,8,2,2,0,3,0,4,0,3,0,0,46,2,9,0
2014/2015,boston,impendle,umgungundlovu,30.04722,-29.68509,35,0,17,0,0,0,10,16,0,1,12,2,6,10,5,5,13,15,1,3,0,0,0,1,1,4,0,0,44,1,6,0
2015/2016,boston,impendle,umgungundlovu,30.04722,-29.68509,19,0,18,0,0,0,3,13,0,1,6,2,6,4,6,0,12,4,2,7,0,0,0,3,0,7,0,0,41,1,6,0
2016/2017,boston,impendle,umgungundlovu,30.04722,-29.68509,20,0,7,2,0,0,10,13,0,0,7,1,6,9,11,1,13,4,2,5,1,2,0,7,0,5,0,0,46,0,0,0
2017/2018,boston,impendle,umgungundlovu,30.04722,-29.68509,7,0,8,0,1,0,0,4,2,0,12,2,6,8,12,0,13,1,2,2,2,0,0,5,0,3,0,0,34,0,2,0
2018/2019,boston,impendle,umgungundlovu,30.04722,-29.68509,9,0,6,0,0,0,7,6,1,0,4,1,6,9,5,1,13,0,2,1,0,0,0,1,0,1,0,0,50,0,0,0
2019/2020,boston,impendle,umgungundlovu,30.04722,-29.68509,13,0,11,1,0,0,2,6,1,2,7,1,6,6,1,4,13,0,0,4,0,0,0,6,0,4,0,0,41,2,0,0
2020/2021,boston,impendle,umgungundlovu,30.04722,-29.68509,15,0,5,0,0,0,1,8,1,0,14,1,6,0,1,2,13,0,4,4,1,0,0,2,0,4,0,0,46,0,0,0
2021/2022,boston,impendle,umgungundlovu,30.04722,-29.68509,22,0,22,2,0,0,9,8,0,0,11,1,6,1,1,0,13,4,2,2,0,2,0,6,0,2,0,0,41,0,2,0
2022/2023,boston,impendle,umgungundlovu,30.04722,-29.68509,20,0,18,0,0,0,5,10,0,1,12,2,6,3,1,2,21,7,4,8,1,2,0,7,1,9,0,0,46,1,3,0
2023/2024,boston,umgungundlovu district,umgungundlovu district,30.04722,-29.68509,0,0,0,0,0,0,0,10,2,0,0,0,0,0,0,0,0,0,0,0,0,2,0,0,0,0,0,0,0,1,2,0
2024/2025,boston,umgungundlovu district,umgungundlovu district,30.04722,-29.68509,0,0,0,0,0,0,0,20,1,0,0,0,0,0,0,0,0,0,0,0,0,1,0,0,0,0,0,0,0,0,0,0
2008/2009,bothasig,city of cape town,city of cape town,18.54346,-33.85506,367,0,10,1,0,0,40,241,4,67,71,16,4,127,191,4,1,104,1,7,3,4,0,43,5,14,0,23,0,93,152,1
2009/2010,bothasig,city of cape town,city of cape town,18.54346,-33.85506,378,1,27,3,1,0,34,305,4,51,103,31,12,175,234,4,1,118,2,8,6,11,0,55,6,22,0,52,0,88,207,0
2010/2011,bothasig,city of cape town,city of cape town,18.54346,-33.85506,369,2,22,6,1,0,26,412,0,137,122,27,6,129,256,11,1,109,0,5,0,11,0,31,5,11,0,51,0,91,257,1
2011/2012,bothasig,city of cape town,city of cape town,18.54346,-33.85506,382,0,20,2,3,0,28,372,2,83,121,22,6,134,208,3,1,117,1,7,1,5,0,30,5,15,0,42,0,98,259,0
2012/2013,bothasig,city of cape town,city of cape town,18.54346,-33.85506,423,0,19,5,0,0,18,417,1,66,91,24,6,172,144,1,1,93,1,4,6,7,0,41,5,9,1,40,0,60,203,0
2013/2014,bothasig,city of cape town,city of cape town,18.54346,-33.85506,459,1,32,4,0,0,27,373,4,45,92,18,6,128,104,0,21,102,1,11,1,11,0,39,4,15,1,20,0,82,183,0
2014/2015,bothasig,city of cape town,city of cape town,18.54346,-33.85506,334,0,15,3,0,0,14,282,8,57,121,16,7,179,77,0,13,111,1,5,2,14,0,46,4,10,1,17,0,44,196,0
2015/2016,bothasig,city of cape town,city of cape town,18.54346,-33.85506,390,0,16,5,0,0,19,264,6,57,89,22,4,105,98,2,13,89,0,10,3,5,1,49,3,15,1,27,0,47,192,0
2016/2017,bothasig,city of cape town,city of cape town,18.54346,-33.85506,358,0,10,1,0,0,15,239,2,63,114,30,7,106,139,2,13,90,0,3,6,13,0,44,5,9,2,10,0,50,182,0
2017/2018,bothasig,city of cape town,city of cape town,18.54346,-33.85506,296,2,11,2,0,0,10,222,3,54,86,26,6,95,94,4,13,75,1,1,2,9,0,55,6,7,0,14,0,51,199,0
2018/2019,bothasig,city of cape town,city of cape town,18.54346,-33.85506,281,1,10,1,0,0,26,182,9,62,86,19,6,88,112,6,12,75,1,2,8,7,0,48,2,4,4,12,0,40,176,1
2019/2020,bothasig,city of cape town,city of cape town,18.54346,-33.85506,260,1,11,1,0,0,22,156,0,80,104,13,7,58,111,0,23,52,0,5,8,5,0,38,3,9,0,16,0,30,80,1
2020/2021,bothasig,city of cape town,city of cape town,18.54346,-33.85506,273,0,13,2,1,0,19,142,2,108,86,18,7,14,80,4,13,79,0,6,3,8,0,43,5,13,0,14,0,29,105,2
2021/2022,bothasig,city of cape town,city of cape town,18.54346,-33.85506,240,0,9,4,0,0,13,129,3,136,85,26,4,24,112,4,13,79,2,10,6,6,0,52,4,16,0,17,0,26,92,0
2022/2023,bothasig,city of cape town,city of cape town,18.54346,-33.85506,262,1,15,1,1,0,22,115,3,157,120,26,7,22,68,2,13,58,2,4,4,12,0,90,3,9,0,22,0,29,81,1
2023/2024,bothasig,city of cape town district,city of cape town district,18.54346,-33.85506,0,0,0,0,0,0,0,145,2,0,0,0,0,0,0,0,0,0,0,0,0,11,0,0,0,0,0,0,0,24,92,0
2024/2025,bothasig,city of cape town district,city of cape town district,18.54346,-33.85506,0,0,0,0,0,0,0,91,8,0,0,0,0,0,0,0,0,0,0,0,0,7,0,0,0,0,0,0,0,20,81,0
2008/2009,bothaville,nala,lejweleputswa,26.61423,-27.38891,233,5,400,22,0,0,153,197,2,34,357,66,8,24,38,2,1,181,25,82,6,2,0,55,23,109,0,27,74,19,47,2
2009/2010,bothaville,nala,lejweleputswa,26.61423,-27.38891,277,3,426,18,4,0,161,220,0,26,389,68,11,12,81,6,1,170,23,68,11,1,0,56,17,97,0,30,66,27,51,0
2010/2011,bothaville,nala,lejweleputswa,26.61423,-27.38891,201,2,411,6,2,0,114,202,3,34,380,63,4,15,29,6,1,178,22,67,25,5,0,86,12,83,0,29,53,16,50,0
2011/2012,bothaville,nala,lejweleputswa,26.61423,-27.38891,224,5,470,18,0,0,158,249,2,52,395,65,12,15,36,7,1,199,23,87,43,5,0,139,21,115,0,12,76,26,68,1
2012/2013,bothaville,nala,lejweleputswa,26.61423,-27.38891,248,3,451,16,1,0,132,270,3,83,407,55,4,11,67,20,1,190,17,111,27,8,0,103,24,138,0,12,73,11,85,0
2013/2014,bothaville,nala,lejweleputswa,26.61423,-27.38891,248,4,431,9,3,0,97,285,2,56,424,46,10,14,92,16,21,187,15,74,19,8,0,82,14,97,1,9,43,27,59,0
2014/2015,bothaville,nala,lejweleputswa,26.61423,-27.38891,246,2,437,6,0,0,137,193,1,48,410,34,8,21,111,17,13,170,13,52,20,8,0,75,17,73,1,5,32,19,50,0
2015/2016,bothaville,nala,lejweleputswa,26.61423,-27.38891,199,1,367,12,2,0,140,262,0,49,365,18,4,66,156,19,17,121,16,64,22,7,0,57,11,79,0,15,28,13,44,0
2016/2017,bothaville,nala,lejweleputswa,26.61423,-27.38891,224,1,328,2,1,0,126,201,3,77,289,39,4,80,219,8,14,120,11,51,21,3,0,65,10,64,0,9,34,12,37,0
2017/2018,bothaville,nala,lejweleputswa,26.61423,-27.38891,158,2,287,7,2,0,118,216,2,53,224,27,8,47,289,5,12,98,12,55,14,8,0,76,8,69,0,5,44,20,36,0
2018/2019,bothaville,nala,lejweleputswa,26.61423,-27.38891,191,0,301,15,1,0,141,174,0,61,226,29,7,48,111,8,12,81,15,51,29,9,0,88,17,70,0,9,37,9,40,2
2019/2020,bothaville,nala,lejweleputswa,26.61423,-27.38891,228,3,336,15,2,0,131,196,2,78,220,31,5,22,37,1,4,96,21,81,24,15,0,107,14,100,0,12,55,24,48,0
2020/2021,bothaville,nala,lejweleputswa,26.61423,-27.38891,189,5,289,28,1,0,107,177,0,66,269,15,4,15,53,18,17,133,14,61,19,9,0,84,13,77,0,7,26,4,46,0
2021/2022,bothaville,nala,lejweleputswa,26.61423,-27.38891,201,8,312,67,2,0,112,207,2,74,357,36,11,33,86,15,2,170,12,65,19,16,0,120,21,96,0,10,50,5,57,0
2022/2023,bothaville,nala,lejweleputswa,26.61423,-27.38891,229,2,297,95,2,0,114,161,1,69,402,28,6,39,90,5,37,140,19,71,25,9,0,95,18,91,0,22,42,5,64,0
2023/2024,bothaville,lejweleputswa district,lejweleputswa district,26.61423,-27.38891,0,0,0,0,0,0,0,143,0,0,0,0,0,0,0,0,0,0,0,0,0,13,0,0,0,0,0,0,0,2,44,0
2024/2025,bothaville,lejweleputswa district,lejweleputswa district,26.61423,-27.38891,0,0,0,0,0,0,0,131,1,0,0,0,0,0,0,0,0,0,0,0,0,12,0,0,0,0,0,0,0,7,27,0
2008/2009,bothithong,joe morolong,john taolo gaetsewe,23.82805,-27.065,33,4,105,3,5,0,9,28,0,1,7,11,7,0,3,0,1,22,1,17,3,0,0,5,1,24,0,0,44,0,3,0
2009/2010,bothithong,joe morolong,john taolo gaetsewe,23.82805,-27.065,36,4,86,1,6,0,15,32,1,1,10,7,6,0,0,0,1,13,3,21,12,0,0,15,1,28,0,0,27,1,1,0
2010/2011,bothithong,joe morolong,john taolo gaetsewe,23.82805,-27.065,9,5,78,3,10,0,16,31,0,0,9,10,6,0,13,0,1,13,3,22,2,0,0,3,1,33,0,1,30,2,3,0
2011/2012,bothithong,joe morolong,john taolo gaetsewe,23.82805,-27.065,17,0,67,1,2,0,32,14,0,1,6,0,7,0,1,0,1,6,3,22,10,0,0,11,3,28,0,0,20,1,4,0
2012/2013,bothithong,joe morolong,john taolo gaetsewe,23.82805,-27.065,21,9,48,4,4,0,44,23,0,1,8,7,6,0,0,0,1,20,4,11,11,3,0,17,2,17,0,1,37,1,1,0
2013/2014,bothithong,joe morolong,john taolo gaetsewe,23.82805,-27.065,12,3,52,0,1,0,49,14,0,1,6,4,6,0,3,0,13,16,3,23,8,1,0,11,2,26,0,0,17,0,2,0
2014/2015,bothithong,joe morolong,john taolo gaetsewe,23.82805,-27.065,18,4,53,1,1,0,19,7,0,3,4,5,6,0,3,0,13,13,2,28,7,1,0,9,1,30,0,0,20,1,0,0
2015/2016,bothithong,joe morolong,john taolo gaetsewe,23.82805,-27.065,13,2,48,1,0,0,24,11,1,0,4,1,7,0,6,0,13,17,2,21,5,1,0,8,0,22,0,0,11,0,1,0
2016/2017,bothithong,joe morolong,john taolo gaetsewe,23.82805,-27.065,13,2,68,2,4,0,22,11,0,0,7,8,6,0,9,1,13,23,2,31,8,1,0,9,1,36,0,0,12,3,1,0
2017/2018,bothithong,joe morolong,john taolo gaetsewe,23.82805,-27.065,22,3,60,3,2,0,31,12,0,3,9,6,7,0,16,1,21,25,10,35,14,2,0,17,2,40,0,0,22,0,2,0
2018/2019,bothithong,joe morolong,john taolo gaetsewe,23.82805,-27.065,26,1,50,2,0,0,21,9,0,0,9,6,6,0,14,1,21,23,7,35,11,1,0,14,3,38,0,0,27,0,3,1
2019/2020,bothithong,joe morolong,john taolo gaetsewe,23.82805,-27.065,19,0,61,2,1,0,12,9,0,0,3,3,6,0,5,1,13,12,5,23,1,1,0,4,1,25,0,0,13,0,0,0
2020/2021,bothithong,joe morolong,john taolo gaetsewe,23.82805,-27.065,12,0,30,0,6,0,12,7,0,0,1,6,6,0,4,0,13,12,9,19,9,2,0,15,2,27,0,0,11,0,0,0
2021/2022,bothithong,joe morolong,john taolo gaetsewe,23.82805,-27.065,13,0,48,1,1,0,15,11,0,0,6,4,6,0,6,1,13,14,6,23,9,2,0,14,1,25,0,0,17,0,1,0
2022/2023,bothithong,joe morolong,john taolo gaetsewe,23.82805,-27.065,15,1,51,10,0,0,15,12,1,1,10,7,6,0,9,0,13,14,5,19,7,0,0,9,2,21,0,0,9,1,6,0
2023/2024,bothithong,john taolo gaetsewe district,john taolo gaetsewe district,23.82805,-27.065,0,0,0,0,0,0,0,15,0,0,0,0,0,0,0,0,0,0,0,0,0,2,0,0,0,0,0,0,0,0,1,0
2024/2025,bothithong,john taolo gaetsewe district,john taolo gaetsewe district,23.82805,-27.065,0,0,0,0,0,0,0,7,0,0,0,0,0,0,0,0,0,0,0,0,0,1,0,0,0,0,0,0,0,0,2,0
2008/2009,botlokwa,molemole,capricorn,29.73967,-23.49214,81,2,68,6,2,0,22,92,2,5,20,13,6,20,12,6,1,31,8,27,3,7,0,23,2,31,0,1,8,2,6,0
2009/2010,botlokwa,molemole,capricorn,29.73967,-23.49214,65,0,106,9,3,0,23,107,1,24,46,13,6,48,60,2,1,26,8,31,7,5,0,23,0,34,0,0,13,2,6,1
2010/2011,botlokwa,molemole,capricorn,29.73967,-23.49214,96,2,204,10,3,0,38,232,4,24,40,22,7,21,37,7,1,66,12,40,10,6,0,31,3,47,0,6,9,2,13,0
2011/2012,botlokwa,molemole,capricorn,29.73967,-23.49214,204,1,202,5,7,0,63,161,1,17,58,30,5,34,28,6,1,63,8,55,15,11,0,47,9,74,0,24,14,9,15,0
2012/2013,botlokwa,molemole,capricorn,29.73967,-23.49214,171,7,213,11,11,0,53,163,3,19,55,42,6,30,42,8,1,65,8,64,13,8,0,43,0,75,4,18,21,2,20,0
2013/2014,botlokwa,molemole,capricorn,29.73967,-23.49214,127,8,203,6,7,0,60,195,0,12,63,32,5,27,84,2,12,59,11,44,10,8,0,26,4,58,0,42,15,5,19,0
2014/2015,botlokwa,molemole,capricorn,29.73967,-23.49214,198,5,236,5,9,0,74,183,2,21,78,67,6,78,96,2,23,75,7,37,9,10,0,37,9,55,0,43,29,7,31,0
2015/2016,botlokwa,molemole,capricorn,29.73967,-23.49214,274,2,271,10,9,0,73,184,3,34,91,47,6,111,57,2,14,69,11,55,11,5,0,51,8,72,0,46,33,8,39,0
2016/2017,botlokwa,molemole,capricorn,29.73967,-23.49214,302,7,220,9,3,0,62,180,1,34,72,43,6,67,78,3,13,68,11,55,15,7,0,47,4,62,0,31,16,9,51,0
2017/2018,botlokwa,molemole,capricorn,29.73967,-23.49214,214,4,179,8,6,0,89,148,7,40,55,32,6,98,114,5,23,78,13,50,26,7,0,62,10,66,0,32,41,5,25,0
2018/2019,botlokwa,molemole,capricorn,29.73967,-23.49214,182,4,212,8,4,0,70,205,5,40,75,39,6,120,94,1,12,100,12,58,15,11,0,59,6,68,1,35,13,9,38,0
2019/2020,botlokwa,molemole,capricorn,29.73967,-23.49214,218,9,261,10,5,0,108,185,4,47,93,55,7,116,23,1,23,97,8,46,32,14,0,98,5,57,7,27,24,8,44,0
2020/2021,botlokwa,molemole,capricorn,29.73967,-23.49214,143,4,153,7,2,0,96,129,3,32,82,38,6,44,61,3,23,80,12,28,32,6,0,77,6,36,15,17,23,5,47,0
2021/2022,botlokwa,molemole,capricorn,29.73967,-23.49214,113,1,161,10,6,0,85,133,5,46,74,27,6,55,77,3,22,91,12,42,14,4,0,65,6,54,15,20,26,7,35,0
2022/2023,botlokwa,molemole,capricorn,29.73967,-23.49214,100,1,186,6,5,0,96,143,2,38,63,37,6,14,109,2,14,90,9,55,20,12,0,73,4,64,17,27,18,4,37,1
2023/2024,botlokwa,capricorn district,capricorn district,29.73967,-23.49214,0,0,0,0,0,0,0,59,5,0,0,0,0,0,0,0,0,0,0,0,0,8,0,0,0,0,0,0,0,8,18,0
2024/2025,botlokwa,capricorn district,capricorn district,29.73967,-23.49214,0,0,0,0,0,0,0,86,2,0,0,0,0,0,0,0,0,0,0,0,0,2,0,0,0,0,0,0,0,3,24,0
2008/2009,botshabelo,mangaung,mangaung,26.71606,-29.2362,474,7,468,17,6,3,223,341,5,26,707,96,17,24,87,18,1,274,31,119,42,8,1,148,19,153,0,167,43,18,31,0
2009/2010,botshabelo,mangaung,mangaung,26.71606,-29.2362,351,3,545,19,9,1,239,350,6,24,687,82,9,15,153,15,1,276,17,111,26,8,2,102,11,136,0,132,32,17,29,0
2010/2011,botshabelo,mangaung,mangaung,26.71606,-29.2362,331,6,492,19,2,0,227,325,4,70,596,67,16,36,169,12,1,326,28,113,36,21,6,146,22,147,0,136,24,7,28,0
2011/2012,botshabelo,mangaung,mangaung,26.71606,-29.2362,333,12,501,28,9,0,227,352,11,138,627,82,8,17,46,5,1,341,22,104,66,17,0,208,6,123,0,120,46,15,53,0
2012/2013,botshabelo,mangaung,mangaung,26.71606,-29.2362,292,12,537,24,12,0,273,346,1,230,545,90,5,20,70,20,1,347,42,146,53,33,0,216,7,168,1,119,46,17,61,0
2013/2014,botshabelo,mangaung,mangaung,26.71606,-29.2362,288,7,499,16,6,0,170,316,8,147,609,86,5,15,226,18,3,301,21,135,40,23,0,186,7,151,0,162,39,10,46,0
2014/2015,botshabelo,mangaung,mangaung,26.71606,-29.2362,273,8,461,14,5,0,164,323,4,84,596,95,7,30,175,12,28,249,25,96,43,34,0,216,11,113,0,175,31,19,32,1
2015/2016,botshabelo,mangaung,mangaung,26.71606,-29.2362,293,12,462,11,8,0,179,295,6,116,580,71,4,24,131,9,2,310,29,85,30,29,0,186,13,108,0,152,20,13,83,0
2016/2017,botshabelo,mangaung,mangaung,26.71606,-29.2362,304,3,460,20,3,0,129,271,6,118,519,56,7,46,155,8,27,234,14,66,61,39,1,230,13,83,1,169,39,14,69,2
2017/2018,botshabelo,mangaung,mangaung,26.71606,-29.2362,264,4,466,13,2,0,115,160,1,135,536,43,6,49,123,9,17,229,17,68,38,12,1,119,12,82,0,140,38,4,26,1
2018/2019,botshabelo,mangaung,mangaung,26.71606,-29.2362,299,3,421,20,6,0,84,196,4,130,569,73,6,55,77,11,28,216,23,76,27,16,0,126,10,92,0,137,39,8,64,1
2019/2020,botshabelo,mangaung,mangaung,26.71606,-29.2362,351,5,418,22,2,0,112,239,1,165,524,92,6,82,55,5,30,216,21,94,25,23,0,189,11,107,1,119,23,3,88,2
2020/2021,botshabelo,mangaung,mangaung,26.71606,-29.2362,306,1,422,16,1,0,138,181,4,121,484,68,4,32,80,7,24,199,17,72,45,34,0,211,11,86,0,130,28,7,64,1
2021/2022,botshabelo,mangaung,mangaung,26.71606,-29.2362,279,5,454,24,6,0,90,217,3,111,530,71,5,40,68,11,28,219,25,89,47,38,2,234,22,120,0,158,37,11,32,1
2022/2023,botshabelo,mangaung,mangaung,26.71606,-29.2362,446,2,460,21,10,0,106,239,6,72,643,62,8,31,120,14,29,303,22,77,29,26,1,159,15,106,0,210,39,4,47,0
2023/2024,botshabelo,mangaung district,mangaung district,26.71606,-29.2362,0,0,0,0,0,0,0,171,8,0,0,0,0,0,0,0,0,0,0,0,0,24,0,0,0,0,0,0,0,4,40,0
2024/2025,botshabelo,mangaung district,mangaung district,26.71606,-29.2362,0,0,0,0,0,0,0,176,9,0,0,0,0,0,0,0,0,0,0,0,0,28,0,0,0,0,0,0,0,3,48,0
2008/2009,brackendowns,ekurhuleni,ekurhuleni,28.09636,-26.34619,627,4,89,35,3,2,108,453,90,135,171,71,16,162,24,16,1,259,5,27,53,90,0,388,3,43,0,65,0,347,170,15
2009/2010,brackendowns,ekurhuleni,ekurhuleni,28.09636,-26.34619,584,7,87,32,1,0,112,577,102,220,184,68,31,68,34,17,1,300,7,24,39,91,0,344,5,49,0,63,0,303,203,19
2010/2011,brackendowns,ekurhuleni,ekurhuleni,28.09636,-26.34619,586,3,91,23,2,0,113,567,75,145,146,55,16,55,21,7,1,285,7,16,32,37,0,239,2,30,0,60,0,298,106,4
2011/2012,brackendowns,ekurhuleni,ekurhuleni,28.09636,-26.34619,550,6,77,12,2,0,120,592,51,144,152,49,8,76,29,33,1,307,9,18,14,37,0,167,4,28,1,58,0,160,150,3
2012/2013,brackendowns,ekurhuleni,ekurhuleni,28.09636,-26.34619,588,2,73,17,2,0,107,526,48,127,154,33,9,63,62,25,1,285,7,9,11,48,0,196,2,18,10,38,0,160,157,9
2013/2014,brackendowns,ekurhuleni,ekurhuleni,28.09636,-26.34619,518,4,83,20,0,0,94,601,55,104,149,46,5,80,102,41,13,255,7,18,13,55,0,198,9,30,5,28,0,151,240,15
2014/2015,brackendowns,ekurhuleni,ekurhuleni,28.09636,-26.34619,560,3,67,17,0,0,112,546,57,136,171,70,4,97,148,23,23,304,6,13,18,79,0,255,5,20,8,25,0,135,276,15
2015/2016,brackendowns,ekurhuleni,ekurhuleni,28.09636,-26.34619,569,4,72,9,1,0,113,415,34,156,217,57,4,161,99,12,23,244,7,11,20,49,0,189,12,26,3,53,0,111,239,9
2016/2017,brackendowns,ekurhuleni,ekurhuleni,28.09636,-26.34619,551,0,63,27,0,0,107,328,51,171,132,52,4,88,199,17,23,194,8,10,30,37,0,213,8,20,20,53,0,121,198,6
2017/2018,brackendowns,ekurhuleni,ekurhuleni,28.09636,-26.34619,518,0,58,13,1,0,71,313,39,182,181,35,6,134,223,25,17,190,13,22,32,55,0,199,5,28,1,45,0,120,199,13
2018/2019,brackendowns,ekurhuleni,ekurhuleni,28.09636,-26.34619,470,1,71,14,3,0,53,253,57,243,162,49,7,155,100,6,14,133,16,11,19,60,0,228,7,22,1,32,0,142,296,10
2019/2020,brackendowns,ekurhuleni,ekurhuleni,28.09636,-26.34619,540,2,64,11,0,0,64,341,52,238,174,48,8,221,107,9,25,181,5,19,23,54,0,229,13,36,4,39,0,138,300,20
2020/2021,brackendowns,ekurhuleni,ekurhuleni,28.09636,-26.34619,456,1,49,12,3,0,49,225,49,248,141,51,5,193,101,6,14,123,9,16,24,16,0,175,10,32,0,50,0,105,124,21
2021/2022,brackendowns,ekurhuleni,ekurhuleni,28.09636,-26.34619,497,1,51,13,0,0,24,195,44,323,151,57,7,125,164,11,23,121,7,20,21,23,1,184,13,34,3,42,0,109,132,16
2022/2023,brackendowns,ekurhuleni,ekurhuleni,28.09636,-26.34619,438,3,85,26,0,0,33,239,29,363,186,65,5,159,174,34,25,145,7,19,19,19,0,159,7,29,0,46,0,118,156,15
2023/2024,brackendowns,ekurhuleni district,ekurhuleni district,28.09636,-26.34619,0,0,0,0,0,0,0,206,38,0,0,0,0,0,0,0,0,0,0,0,0,21,0,0,0,0,0,0,0,118,134,0
2024/2025,brackendowns,ekurhuleni district,ekurhuleni district,28.09636,-26.34619,0,0,0,0,0,0,0,168,46,0,0,0,0,0,0,0,0,0,0,0,0,14,0,0,0,0,0,0,0,82,92,0
2008/2009,brackenfell,stellenbosch,cape winelands,18.68164,-33.87196,1425,1,69,6,2,0,191,551,5,250,279,47,11,72,69,8,1,161,9,18,14,2,2,70,11,39,0,292,1,314,538,0
2009/2010,brackenfell,stellenbosch,cape winelands,18.68164,-33.87196,1315,2,87,6,0,0,244,399,3,274,244,50,9,126,94,6,1,195,6,19,11,14,1,78,5,29,0,401,0,268,541,1
2010/2011,brackenfell,stellenbosch,cape winelands,18.68164,-33.87196,1021,3,69,11,3,0,196,462,4,248,245,49,4,182,134,5,1,143,2,6,10,19,1,76,6,17,0,462,0,295,439,0
2011/2012,brackenfell,stellenbosch,cape winelands,18.68164,-33.87196,1166,4,63,6,2,0,204,534,4,306,218,49,8,149,133,4,1,122,3,18,15,11,1,71,11,35,0,342,0,298,551,0
2012/2013,brackenfell,stellenbosch,cape winelands,18.68164,-33.87196,1123,2,41,5,1,0,234,671,6,315,198,49,5,138,117,9,1,122,4,21,13,9,1,75,5,30,0,361,1,343,486,1
2013/2014,brackenfell,stellenbosch,cape winelands,18.68164,-33.87196,1005,2,54,5,1,0,182,655,11,254,173,51,6,119,160,8,17,129,5,10,20,10,0,84,9,20,0,291,0,252,455,0
2014/2015,brackenfell,stellenbosch,cape winelands,18.68164,-33.87196,1155,2,48,11,1,0,238,396,7,224,189,55,4,100,165,9,12,151,7,14,29,12,0,106,9,26,1,349,1,175,471,0
2015/2016,brackenfell,stellenbosch,cape winelands,18.68164,-33.87196,1192,3,58,12,1,0,195,465,8,193,178,50,4,92,156,3,14,157,6,16,15,14,1,85,7,26,0,291,1,220,553,0
2016/2017,brackenfell,stellenbosch,cape winelands,18.68164,-33.87196,1072,1,57,5,1,0,148,440,6,216,159,65,8,168,118,12,12,151,2,7,18,10,0,97,4,16,0,289,0,165,478,3
2017/2018,brackenfell,stellenbosch,cape winelands,18.68164,-33.87196,1063,0,37,6,0,0,109,390,15,247,157,45,8,192,153,11,21,118,9,8,12,14,1,88,5,17,3,256,0,111,452,2
2018/2019,brackenfell,stellenbosch,cape winelands,18.68164,-33.87196,1120,1,20,5,0,0,134,362,12,266,184,69,7,160,155,19,14,118,9,16,16,12,0,85,11,28,1,275,1,123,457,1
2019/2020,brackenfell,stellenbosch,cape winelands,18.68164,-33.87196,813,1,32,6,0,0,123,242,6,298,180,49,6,152,178,9,17,104,5,18,17,6,0,81,9,27,4,293,0,90,445,2
2020/2021,brackenfell,stellenbosch,cape winelands,18.68164,-33.87196,798,3,36,13,0,0,143,283,5,322,138,39,5,65,63,5,14,136,7,27,24,17,0,78,9,39,0,259,0,73,395,3
2021/2022,brackenfell,stellenbosch,cape winelands,18.68164,-33.87196,725,1,32,10,1,0,95,233,12,442,194,34,7,59,61,1,17,108,7,15,18,13,0,93,13,30,0,248,2,77,237,5
2022/2023,brackenfell,stellenbosch,cape winelands,18.68164,-33.87196,779,3,27,6,1,0,78,234,10,577,188,41,6,114,75,8,22,124,4,16,12,11,0,77,11,28,0,242,0,125,265,3
2023/2024,brackenfell,city of cape town district,city of cape town district,18.68164,-33.87196,0,0,0,0,0,0,0,157,5,0,0,0,0,0,0,0,0,0,0,0,0,7,0,0,0,0,0,0,0,88,263,0
2024/2025,brackenfell,city of cape town district,city of cape town district,18.68164,-33.87196,0,0,0,0,0,0,0,156,5,0,0,0,0,0,0,0,0,0,0,0,0,8,0,0,0,0,0,0,0,94,248,0
2008/2009,brakpan,ekurhuleni,ekurhuleni,28.36257,-26.23481,1213,18,238,37,9,0,182,753,101,315,556,162,20,232,43,15,1,453,21,54,77,63,2,440,18,107,0,144,2,517,366,18
2009/2010,brakpan,ekurhuleni,ekurhuleni,28.36257,-26.23481,1084,12,175,37,3,0,207,623,80,407,571,97,26,89,89,33,1,416,26,46,82,68,1,402,20,90,0,159,3,389,451,23
2010/2011,brakpan,ekurhuleni,ekurhuleni,28.36257,-26.23481,966,7,153,23,5,0,196,647,75,446,488,76,31,69,100,22,1,353,13,64,39,36,2,298,27,115,0,169,2,345,392,12
2011/2012,brakpan,ekurhuleni,ekurhuleni,28.36257,-26.23481,1000,12,140,26,1,0,191,593,60,463,388,98,32,142,203,19,1,314,11,27,41,47,0,281,18,58,1,164,5,356,347,6
2012/2013,brakpan,ekurhuleni,ekurhuleni,28.36257,-26.23481,943,6,149,25,2,0,209,582,70,412,422,99,9,114,265,34,1,285,18,46,42,19,0,244,24,77,4,216,3,293,253,10
2013/2014,brakpan,ekurhuleni,ekurhuleni,28.36257,-26.23481,1101,11,129,32,2,0,189,698,80,309,427,99,11,121,408,33,24,270,15,32,64,38,1,293,22,64,3,215,9,389,232,7
2014/2015,brakpan,ekurhuleni,ekurhuleni,28.36257,-26.23481,962,4,154,34,6,0,199,792,57,273,369,122,12,146,305,22,14,285,14,41,46,64,0,310,20,74,4,209,12,268,258,10
2015/2016,brakpan,ekurhuleni,ekurhuleni,28.36257,-26.23481,1069,7,150,36,1,0,204,684,45,235,400,116,10,316,388,25,17,274,11,31,54,53,0,288,34,72,3,210,8,242,293,3
2016/2017,brakpan,ekurhuleni,ekurhuleni,28.36257,-26.23481,1182,6,126,24,3,0,154,638,43,218,446,109,5,335,397,28,23,302,22,44,62,60,0,330,35,85,1,206,11,357,293,8
2017/2018,brakpan,ekurhuleni,ekurhuleni,28.36257,-26.23481,957,7,98,18,1,0,184,560,60,232,317,83,5,261,331,39,16,252,12,40,88,47,2,346,26,70,1,174,9,306,341,4
2018/2019,brakpan,ekurhuleni,ekurhuleni,28.36257,-26.23481,775,2,85,16,0,0,149,523,50,222,317,74,6,147,338,33,23,181,21,31,56,34,0,245,26,57,1,201,7,215,274,3
2019/2020,brakpan,ekurhuleni,ekurhuleni,28.36257,-26.23481,715,0,70,11,1,0,105,399,70,237,283,55,7,194,376,24,24,165,15,45,85,37,1,329,19,66,2,211,4,175,185,8
2020/2021,brakpan,ekurhuleni,ekurhuleni,28.36257,-26.23481,649,1,89,17,0,0,146,249,57,270,259,57,5,116,334,28,24,149,14,32,57,27,0,253,29,64,0,221,5,148,165,14
2021/2022,brakpan,ekurhuleni,ekurhuleni,28.36257,-26.23481,833,2,69,34,0,0,103,235,75,297,260,62,9,84,401,55,26,178,16,48,58,45,2,320,20,73,0,185,7,153,155,17
2022/2023,brakpan,ekurhuleni,ekurhuleni,28.36257,-26.23481,830,0,112,26,0,0,114,306,60,344,306,75,7,129,461,36,53,173,33,55,85,56,4,381,24,80,0,167,5,175,149,14
2023/2024,brakpan,ekurhuleni district,ekurhuleni district,28.36257,-26.23481,0,0,0,0,0,0,0,417,66,0,0,0,0,0,0,0,0,0,0,0,0,60,0,0,0,0,0,0,0,195,168,0
2024/2025,brakpan,ekurhuleni district,ekurhuleni district,28.36257,-26.23481,0,0,0,0,0,0,0,265,79,0,0,0,0,0,0,0,0,0,0,0,0,40,0,0,0,0,0,0,0,233,137,0
2008/2009,bramley,city of johannesburg,city of johannesburg,28.08413,-26.12079,895,5,170,41,4,0,236,289,229,340,361,104,18,52,40,33,1,173,18,26,84,84,2,738,3,44,0,70,0,334,346,2
2009/2010,bramley,city of johannesburg,city of johannesburg,28.08413,-26.12079,970,2,188,30,1,0,211,323,94,357,385,100,12,111,82,66,1,142,14,34,66,89,0,481,3,45,0,68,0,219,273,2
2010/2011,bramley,city of johannesburg,city of johannesburg,28.08413,-26.12079,918,2,154,28,5,0,203,311,79,339,303,91,9,125,83,27,1,133,11,40,55,78,1,404,9,59,0,60,0,183,225,3
2011/2012,bramley,city of johannesburg,city of johannesburg,28.08413,-26.12079,814,4,142,26,6,1,168,236,78,302,259,60,5,210,96,24,1,115,16,21,49,70,2,361,4,34,3,40,0,151,300,3
2012/2013,bramley,city of johannesburg,city of johannesburg,28.08413,-26.12079,797,6,142,25,0,0,202,263,74,295,233,69,5,444,65,17,1,114,18,29,37,59,1,361,7,39,0,37,0,167,311,1
2013/2014,bramley,city of johannesburg,city of johannesburg,28.08413,-26.12079,723,3,160,24,0,0,165,246,79,286,211,59,8,732,352,57,14,100,9,20,42,54,2,436,4,28,2,42,0,148,266,0
2014/2015,bramley,city of johannesburg,city of johannesburg,28.08413,-26.12079,720,3,145,21,1,1,229,282,86,210,201,75,4,715,269,17,17,122,15,18,36,94,0,399,7,28,4,27,0,182,268,1
2015/2016,bramley,city of johannesburg,city of johannesburg,28.08413,-26.12079,804,1,186,34,1,0,113,285,100,238,213,90,5,732,233,42,17,145,8,30,45,74,0,433,6,40,27,21,0,168,231,3
2016/2017,bramley,city of johannesburg,city of johannesburg,28.08413,-26.12079,807,1,110,34,0,0,147,337,96,259,271,108,6,658,303,45,2,94,17,38,43,66,0,487,6,44,27,26,0,195,392,0
2017/2018,bramley,city of johannesburg,city of johannesburg,28.08413,-26.12079,735,1,100,26,1,0,164,200,123,248,307,87,7,622,311,16,22,67,22,40,31,63,0,484,7,49,3,23,0,148,300,0
2018/2019,bramley,city of johannesburg,city of johannesburg,28.08413,-26.12079,731,0,108,24,1,0,129,191,95,269,233,120,6,441,179,17,17,70,31,38,57,64,1,508,11,50,31,34,0,125,282,0
2019/2020,bramley,city of johannesburg,city of johannesburg,28.08413,-26.12079,691,1,131,35,1,0,116,194,99,324,239,158,7,384,37,16,17,102,24,44,30,43,0,468,11,57,1,57,0,92,299,1
2020/2021,bramley,city of johannesburg,city of johannesburg,28.08413,-26.12079,474,2,152,28,0,0,105,160,116,304,188,112,5,28,39,25,2,89,18,36,35,65,1,416,7,46,3,51,0,66,136,0
2021/2022,bramley,city of johannesburg,city of johannesburg,28.08413,-26.12079,561,3,180,33,4,0,88,162,146,324,279,142,7,72,59,32,10,133,38,54,24,51,0,432,12,71,26,38,0,83,129,2
2022/2023,bramley,city of johannesburg,city of johannesburg,28.08413,-26.12079,619,4,181,43,4,0,97,152,216,353,252,185,6,187,69,41,70,118,33,60,39,64,0,526,15,79,6,44,0,100,156,1
2023/2024,bramley,johannesburg district,johannesburg district,28.08413,-26.12079,0,0,0,0,0,0,0,155,164,0,0,0,0,0,0,0,0,0,0,0,0,49,0,0,0,0,0,0,0,86,155,0
2024/2025,bramley,johannesburg district,johannesburg district,28.08413,-26.12079,0,0,0,0,0,0,0,120,147,0,0,0,0,0,0,0,0,0,0,0,0,38,0,0,0,0,0,0,0,67,127,0
2008/2009,brandfort,masilonyana,lejweleputswa,26.45913,-28.7031,119,7,145,2,5,0,37,153,0,13,135,12,7,5,23,2,1,37,4,19,4,0,0,14,4,29,0,0,49,6,8,0
2009/2010,brandfort,masilonyana,lejweleputswa,26.45913,-28.7031,120,1,130,1,0,0,22,150,0,18,162,15,6,2,33,2,1,64,6,30,4,0,0,9,9,39,0,8,80,9,13,0
2010/2011,brandfort,masilonyana,lejweleputswa,26.45913,-28.7031,112,2,166,1,0,0,24,157,0,11,149,22,6,5,21,3,1,105,5,24,1,3,0,9,14,38,0,9,60,4,10,0
2011/2012,brandfort,masilonyana,lejweleputswa,26.45913,-28.7031,149,1,106,1,5,0,33,114,0,27,148,9,4,1,29,0,1,31,6,24,5,0,0,5,6,37,0,7,66,5,5,0
2012/2013,brandfort,masilonyana,lejweleputswa,26.45913,-28.7031,106,3,100,1,4,0,41,120,0,16,144,11,7,1,19,1,1,26,3,24,3,8,0,15,2,31,0,0,55,12,8,0
2013/2014,brandfort,masilonyana,lejweleputswa,26.45913,-28.7031,150,3,144,4,2,0,35,108,0,15,171,3,4,4,24,1,13,42,7,26,6,3,0,15,4,34,0,0,59,3,6,0
2014/2015,brandfort,masilonyana,lejweleputswa,26.45913,-28.7031,125,1,116,1,2,0,47,102,2,5,153,4,7,10,29,2,13,49,6,27,4,2,0,13,6,36,0,0,60,8,10,0
2015/2016,brandfort,masilonyana,lejweleputswa,26.45913,-28.7031,111,1,116,4,5,0,62,115,0,9,157,9,5,12,34,2,12,43,2,23,4,1,0,8,4,35,0,1,62,6,10,0
2016/2017,brandfort,masilonyana,lejweleputswa,26.45913,-28.7031,92,1,81,1,0,0,50,131,0,3,88,6,4,17,65,3,13,23,5,24,1,2,0,7,6,32,8,10,60,9,14,0
2017/2018,brandfort,masilonyana,lejweleputswa,26.45913,-28.7031,61,0,63,1,0,0,47,110,0,8,89,7,5,29,97,6,13,28,4,24,3,4,0,14,4,31,34,8,50,2,14,0
2018/2019,brandfort,masilonyana,lejweleputswa,26.45913,-28.7031,82,1,134,0,3,0,37,105,0,10,94,8,4,20,37,0,12,30,5,24,0,3,0,5,7,36,37,5,51,3,13,0
2019/2020,brandfort,masilonyana,lejweleputswa,26.45913,-28.7031,73,2,72,3,3,0,30,67,0,11,80,4,7,28,21,0,13,30,0,27,2,0,0,5,8,39,53,1,46,3,7,0
2020/2021,brandfort,masilonyana,lejweleputswa,26.45913,-28.7031,71,0,60,0,2,0,21,53,0,11,72,3,6,7,11,0,13,21,4,13,2,2,0,5,2,17,20,5,48,4,11,0
2021/2022,brandfort,masilonyana,lejweleputswa,26.45913,-28.7031,87,2,101,0,3,0,30,73,0,18,149,6,7,14,9,1,21,23,5,22,4,0,0,7,7,33,11,1,53,3,14,0
2022/2023,brandfort,masilonyana,lejweleputswa,26.45913,-28.7031,79,0,104,1,1,0,22,80,0,18,127,3,6,9,17,2,21,23,3,24,3,3,0,13,3,28,19,1,19,2,11,0
2023/2024,brandfort,lejweleputswa district,lejweleputswa district,26.45913,-28.7031,0,0,0,0,0,0,0,62,0,0,0,0,0,0,0,0,0,0,0,0,0,1,0,0,0,0,0,0,0,5,7,0
2024/2025,brandfort,lejweleputswa district,lejweleputswa district,26.45913,-28.7031,0,0,0,0,0,0,0,86,0,0,0,0,0,0,0,0,0,0,0,0,0,0,0,0,0,0,0,0,0,1,8,0
2008/2009,brandvlei,hantam,namakwa,20.4897,-30.46407,10,0,4,4,0,0,2,5,0,0,14,0,7,0,7,0,1,9,6,6,0,0,0,0,0,7,0,1,5,0,0,0
2009/2010,brandvlei,hantam,namakwa,20.4897,-30.46407,10,0,15,0,0,0,8,4,0,0,19,0,7,2,22,0,1,5,2,2,0,0,0,0,0,3,0,0,9,0,0,0
2010/2011,brandvlei,hantam,namakwa,20.4897,-30.46407,5,0,10,0,0,0,2,0,0,3,15,0,6,0,23,0,1,2,0,3,0,0,0,0,1,4,0,0,4,0,0,0
2011/2012,brandvlei,hantam,namakwa,20.4897,-30.46407,6,0,10,1,0,0,3,5,0,0,20,0,6,3,18,0,1,1,1,1,0,0,0,0,2,3,0,0,6,0,0,0
2012/2013,brandvlei,hantam,namakwa,20.4897,-30.46407,8,0,14,1,1,0,5,4,0,1,10,0,6,1,59,0,1,4,0,4,1,0,0,1,0,5,0,0,5,1,1,0
2013/2014,brandvlei,hantam,namakwa,20.4897,-30.46407,8,0,11,1,0,0,6,4,0,1,14,0,6,1,54,0,13,4,0,5,0,0,0,1,0,5,0,2,4,0,0,0
2014/2015,brandvlei,hantam,namakwa,20.4897,-30.46407,12,0,8,0,0,0,5,6,0,0,20,0,6,0,56,0,13,0,3,3,0,0,0,1,1,4,0,0,9,0,1,0
2015/2016,brandvlei,hantam,namakwa,20.4897,-30.46407,9,0,10,1,0,0,2,9,0,0,14,3,6,0,46,0,13,2,1,2,1,0,0,1,0,2,0,0,8,0,0,0
2016/2017,brandvlei,hantam,namakwa,20.4897,-30.46407,12,0,10,0,0,0,7,7,0,1,13,4,6,2,83,0,13,3,0,1,0,0,0,0,1,2,0,1,17,1,3,0
2017/2018,brandvlei,hantam,namakwa,20.4897,-30.46407,3,0,8,0,0,0,2,10,0,0,15,0,6,6,94,0,13,2,0,2,0,0,0,0,0,2,0,0,5,0,1,0
2018/2019,brandvlei,hantam,namakwa,20.4897,-30.46407,10,0,8,0,0,0,4,10,0,1,16,1,6,2,91,1,13,2,1,3,0,1,0,1,1,4,0,0,3,0,1,0
2019/2020,brandvlei,hantam,namakwa,20.4897,-30.46407,16,0,14,2,0,0,2,19,0,2,8,0,6,1,22,1,13,3,1,1,2,0,0,3,0,1,0,1,8,0,0,0
2020/2021,brandvlei,hantam,namakwa,20.4897,-30.46407,22,0,14,0,0,0,4,18,0,4,13,3,6,2,25,1,13,3,1,2,0,0,0,0,0,2,0,1,6,0,0,0
2021/2022,brandvlei,hantam,namakwa,20.4897,-30.46407,26,0,19,2,0,0,7,22,0,3,29,0,6,0,30,1,13,9,1,7,0,1,0,1,0,7,0,1,1,0,0,0
2022/2023,brandvlei,hantam,namakwa,20.4897,-30.46407,11,0,21,1,0,0,3,13,0,0,19,1,7,0,41,1,13,7,1,3,0,1,0,1,2,6,0,2,0,0,0,0
2023/2024,brandvlei,namakwa district,namakwa district,20.4897,-30.46407,0,0,0,0,0,0,0,19,0,0,0,0,0,0,0,0,0,0,0,0,0,0,0,0,0,0,0,0,0,0,3,0
2024/2025,brandvlei,namakwa district,namakwa district,20.4897,-30.46407,0,0,0,0,0,0,0,15,0,0,0,0,0,0,0,0,0,0,0,0,0,0,0,0,0,0,0,0,0,0,3,0
2008/2009,bray,kagisano/molopo,dr ruth segomotsi mompati,23.7157,-25.45771,9,0,9,0,0,0,1,3,0,0,2,0,6,0,7,1,1,4,0,5,1,0,0,2,0,5,0,0,4,0,0,0
2009/2010,bray,kagisano/molopo,dr ruth segomotsi mompati,23.7157,-25.45771,9,0,7,0,0,0,5,6,0,0,3,0,6,1,11,0,1,2,1,0,0,0,0,1,0,0,0,0,13,0,0,0
2010/2011,bray,kagisano/molopo,dr ruth segomotsi mompati,23.7157,-25.45771,11,0,13,0,0,0,2,6,0,4,8,0,5,0,7,0,1,1,1,5,0,0,0,0,1,9,0,0,13,0,2,0
2011/2012,bray,kagisano/molopo,dr ruth segomotsi mompati,23.7157,-25.45771,5,0,19,0,1,0,5,6,0,0,1,0,6,0,3,0,1,3,1,2,0,1,0,1,0,3,0,0,14,0,0,0
2012/2013,bray,kagisano/molopo,dr ruth segomotsi mompati,23.7157,-25.45771,21,1,8,2,1,0,8,8,0,0,6,1,7,0,7,1,1,6,2,4,0,1,0,1,0,6,0,0,19,0,1,0
2013/2014,bray,kagisano/molopo,dr ruth segomotsi mompati,23.7157,-25.45771,9,1,19,0,0,0,2,13,0,2,5,0,6,0,5,1,13,2,1,6,1,0,0,1,2,8,0,0,9,0,1,0
2014/2015,bray,kagisano/molopo,dr ruth segomotsi mompati,23.7157,-25.45771,14,1,15,0,1,0,10,6,0,1,5,0,6,0,3,1,13,3,1,2,0,0,0,0,4,7,0,0,9,1,0,0
2015/2016,bray,kagisano/molopo,dr ruth segomotsi mompati,23.7157,-25.45771,9,0,16,0,0,0,6,5,0,0,1,1,6,0,2,0,13,9,0,3,0,0,0,0,0,3,0,0,7,1,2,0
2016/2017,bray,kagisano/molopo,dr ruth segomotsi mompati,23.7157,-25.45771,18,3,12,1,1,0,6,0,0,0,5,0,6,0,4,0,12,5,4,3,0,0,0,0,0,4,0,0,11,0,3,0
2017/2018,bray,kagisano/molopo,dr ruth segomotsi mompati,23.7157,-25.45771,18,0,23,0,1,0,8,8,0,1,9,0,6,0,0,2,13,9,1,2,0,0,0,0,0,3,0,0,21,0,1,0
2018/2019,bray,kagisano/molopo,dr ruth segomotsi mompati,23.7157,-25.45771,17,0,19,0,0,0,3,3,0,2,16,1,6,0,0,0,13,1,0,4,0,0,0,0,0,4,0,0,16,1,2,0
2019/2020,bray,kagisano/molopo,dr ruth segomotsi mompati,23.7157,-25.45771,10,0,7,1,1,0,6,7,0,1,6,0,6,0,0,0,13,2,1,4,0,1,0,1,0,5,0,0,12,0,0,0
2020/2021,bray,kagisano/molopo,dr ruth segomotsi mompati,23.7157,-25.45771,5,0,9,0,0,0,4,4,0,1,4,2,6,0,0,0,13,8,0,1,1,0,0,1,2,3,0,0,3,0,1,0
2021/2022,bray,kagisano/molopo,dr ruth segomotsi mompati,23.7157,-25.45771,11,0,9,1,0,0,3,4,0,0,14,0,6,0,3,1,12,5,1,3,1,1,0,2,0,3,0,0,20,0,0,0
2022/2023,bray,kagisano/molopo,dr ruth segomotsi mompati,23.7157,-25.45771,5,0,14,0,1,0,1,2,0,0,15,0,6,0,0,0,12,6,0,5,0,1,0,1,1,7,0,0,24,0,0,0
2023/2024,bray,dr ruth segomotsi mompati district,dr ruth segomotsi mompati district,23.7157,-25.45771,0,0,0,0,0,0,0,1,0,0,0,0,0,0,0,0,0,0,0,0,0,0,0,0,0,0,0,0,0,0,0,0
2024/2025,bray,dr ruth segomotsi mompati district,dr ruth segomotsi mompati district,23.7157,-25.45771,0,0,0,0,0,0,0,3,0,0,0,0,0,0,0,0,0,0,0,0,0,0,0,0,0,0,0,0,0,0,0,0
2008/2009,bredasdorp,cape agulhas,overberg,20.04727,-34.53644,189,6,145,2,0,0,34,91,0,18,137,5,6,49,125,2,1,53,7,27,3,3,0,8,14,41,0,36,21,5,20,0
2009/2010,bredasdorp,cape agulhas,overberg,20.04727,-34.53644,188,7,190,6,0,0,27,129,0,29,168,17,7,39,96,0,1,65,8,15,4,2,0,12,11,27,0,32,25,2,20,0
2010/2011,bredasdorp,cape agulhas,overberg,20.04727,-34.53644,199,4,205,8,1,0,30,155,0,34,215,25,4,46,176,2,1,63,4,28,1,1,0,21,16,47,0,31,12,1,23,0
2011/2012,bredasdorp,cape agulhas,overberg,20.04727,-34.53644,182,2,157,12,5,0,21,126,0,34,181,12,7,50,181,16,1,72,11,31,1,1,0,9,22,59,1,41,13,5,18,0
2012/2013,bredasdorp,cape agulhas,overberg,20.04727,-34.53644,212,6,177,5,1,0,60,167,0,30,208,14,4,48,133,2,1,68,10,19,2,2,0,24,11,33,0,37,14,10,32,0
2013/2014,bredasdorp,cape agulhas,overberg,20.04727,-34.53644,246,8,182,14,1,0,79,218,0,33,240,23,9,48,194,3,14,83,4,13,8,1,0,28,16,35,0,31,26,6,36,0
2014/2015,bredasdorp,cape agulhas,overberg,20.04727,-34.53644,320,6,191,22,6,0,61,207,0,27,266,15,4,32,146,5,12,91,13,20,9,4,0,34,15,43,1,40,33,7,56,0
2015/2016,bredasdorp,cape agulhas,overberg,20.04727,-34.53644,309,5,225,20,7,0,41,370,0,35,274,34,4,42,170,5,13,96,9,27,9,1,0,27,13,49,0,46,21,9,70,0
2016/2017,bredasdorp,cape agulhas,overberg,20.04727,-34.53644,374,7,219,15,0,0,79,346,0,35,358,37,7,51,246,3,12,105,8,17,6,3,0,45,11,29,0,60,47,3,69,0
2017/2018,bredasdorp,cape agulhas,overberg,20.04727,-34.53644,347,3,256,10,1,0,60,310,0,64,271,21,6,58,297,6,23,87,7,25,6,2,0,27,15,41,0,56,27,4,76,0
2018/2019,bredasdorp,cape agulhas,overberg,20.04727,-34.53644,354,5,190,22,2,0,41,282,0,61,279,19,5,42,178,8,14,90,6,20,13,2,0,35,12,37,0,51,22,4,80,0
2019/2020,bredasdorp,cape agulhas,overberg,20.04727,-34.53644,339,3,223,22,0,0,60,252,2,56,268,16,6,69,176,9,23,75,8,25,3,6,0,40,17,42,0,55,27,0,45,0
2020/2021,bredasdorp,cape agulhas,overberg,20.04727,-34.53644,241,4,172,18,2,0,43,225,0,61,219,19,8,35,170,5,17,74,3,25,5,6,0,29,12,43,0,55,16,2,35,0
2021/2022,bredasdorp,cape agulhas,overberg,20.04727,-34.53644,293,3,189,10,1,0,64,301,0,52,211,19,7,23,203,3,17,90,6,18,5,1,0,32,7,27,0,48,17,2,57,0
2022/2023,bredasdorp,cape agulhas,overberg,20.04727,-34.53644,289,5,203,9,0,0,65,301,0,51,210,28,6,42,299,4,17,88,6,32,4,7,0,36,9,41,0,29,12,2,63,0
2023/2024,bredasdorp,overberg district,overberg district,20.04727,-34.53644,0,0,0,0,0,0,0,274,0,0,0,0,0,0,0,0,0,0,0,0,0,9,0,0,0,0,0,0,0,3,54,0
2024/2025,bredasdorp,overberg district,overberg district,20.04727,-34.53644,0,0,0,0,0,0,0,190,0,0,0,0,0,0,0,0,0,0,0,0,0,6,0,0,0,0,0,0,0,1,43,0
2008/2009,breyten,msukaligwa,gert sibande,29.98664,-26.30226,84,3,76,3,2,0,9,98,4,10,61,6,8,11,0,0,1,35,0,16,2,1,0,12,1,23,0,1,17,6,7,1
2009/2010,breyten,msukaligwa,gert sibande,29.98664,-26.30226,61,1,64,8,3,0,18,91,0,5,52,12,8,5,2,1,1,31,6,14,5,3,0,14,4,25,0,0,31,2,10,0
2010/2011,breyten,msukaligwa,gert sibande,29.98664,-26.30226,75,0,37,3,1,0,19,85,0,18,14,9,6,8,2,0,1,14,4,11,6,2,0,10,0,12,0,0,39,2,7,0
2011/2012,breyten,msukaligwa,gert sibande,29.98664,-26.30226,103,0,35,0,2,0,2,94,0,12,27,4,6,14,9,1,1,20,4,14,4,0,0,6,2,18,0,1,45,5,4,0
2012/2013,breyten,msukaligwa,gert sibande,29.98664,-26.30226,49,1,38,0,0,0,1,56,0,9,19,3,7,12,21,0,1,18,3,18,3,0,0,5,0,19,0,0,48,6,3,0
2013/2014,breyten,msukaligwa,gert sibande,29.98664,-26.30226,47,0,44,0,1,0,6,56,0,6,21,5,7,10,34,0,13,14,0,12,4,0,0,6,1,15,0,0,34,1,11,2
2014/2015,breyten,msukaligwa,gert sibande,29.98664,-26.30226,46,0,41,2,1,0,13,56,0,3,16,7,6,16,46,1,12,10,1,13,3,2,0,9,1,15,0,1,18,3,3,0
2015/2016,breyten,msukaligwa,gert sibande,29.98664,-26.30226,53,2,35,1,0,0,13,86,0,8,19,7,6,8,48,3,13,18,3,10,10,3,0,19,3,13,0,0,36,1,4,0
2016/2017,breyten,msukaligwa,gert sibande,29.98664,-26.30226,49,1,43,2,0,0,26,82,2,4,16,10,6,10,60,2,12,24,2,11,1,1,0,8,1,12,0,0,42,0,4,0
2017/2018,breyten,msukaligwa,gert sibande,29.98664,-26.30226,43,0,36,2,0,0,26,74,0,6,20,6,6,10,60,5,12,10,5,2,4,2,1,9,3,5,0,0,18,2,14,0
2018/2019,breyten,msukaligwa,gert sibande,29.98664,-26.30226,43,3,52,2,0,0,17,51,0,6,34,5,7,15,14,0,12,24,5,13,8,2,0,18,1,15,0,0,43,2,14,0
2019/2020,breyten,msukaligwa,gert sibande,29.98664,-26.30226,46,1,54,0,0,0,24,94,0,13,25,10,6,16,5,0,12,14,3,17,4,0,1,8,4,21,0,1,22,1,7,0
2020/2021,breyten,msukaligwa,gert sibande,29.98664,-26.30226,43,4,58,3,2,0,30,69,0,14,39,10,6,10,6,0,14,37,4,13,6,0,0,17,6,21,0,0,32,3,4,2
2021/2022,breyten,msukaligwa,gert sibande,29.98664,-26.30226,59,4,62,1,0,0,38,55,0,6,41,10,6,8,6,1,23,21,5,17,8,0,0,25,5,22,0,0,32,0,5,1
2022/2023,breyten,msukaligwa,gert sibande,29.98664,-26.30226,59,0,67,7,1,0,31,53,2,13,37,15,6,8,11,2,23,29,6,13,7,5,0,36,5,19,0,1,34,0,12,0
2023/2024,breyten,gert sibande district,gert sibande district,29.98664,-26.30226,0,0,0,0,0,0,0,33,0,0,0,0,0,0,0,0,0,0,0,0,0,4,0,0,0,0,0,0,0,1,9,0
2024/2025,breyten,gert sibande district,gert sibande district,29.98664,-26.30226,0,0,0,0,0,0,0,33,2,0,0,0,0,0,0,0,0,0,0,0,0,2,0,0,0,0,0,0,0,3,8,0
2008/2009,bridge camp,enoch mgijima,chris hani,27.3588,-32.02197,28,0,47,1,3,0,4,35,0,0,15,10,4,4,6,2,1,14,13,11,3,2,0,9,0,16,0,0,18,4,1,0
2009/2010,bridge camp,enoch mgijima,chris hani,27.3588,-32.02197,24,1,67,3,0,0,0,28,1,1,15,3,4,2,7,2,1,13,9,16,3,12,0,17,0,18,0,0,7,1,3,0
2010/2011,bridge camp,enoch mgijima,chris hani,27.3588,-32.02197,21,1,46,5,2,0,0,38,0,2,11,2,7,3,6,2,1,24,9,18,4,5,0,22,0,21,0,0,14,0,0,0
2011/2012,bridge camp,enoch mgijima,chris hani,27.3588,-32.02197,35,4,71,1,0,0,2,42,0,1,29,14,4,2,16,1,1,18,9,19,3,4,0,20,1,22,0,0,25,1,1,0
2012/2013,bridge camp,enoch mgijima,chris hani,27.3588,-32.02197,28,0,66,1,3,0,0,36,1,3,18,6,4,2,14,1,1,10,7,21,13,7,0,27,0,26,0,0,15,2,1,0
2013/2014,bridge camp,enoch mgijima,chris hani,27.3588,-32.02197,25,1,61,1,1,0,2,33,2,0,11,5,6,0,19,5,13,10,9,18,4,2,0,19,0,19,0,0,7,0,1,0
2014/2015,bridge camp,enoch mgijima,chris hani,27.3588,-32.02197,18,3,43,2,1,0,1,32,1,1,2,1,6,1,14,1,13,15,15,14,10,4,0,21,0,15,0,0,8,2,2,0
2015/2016,bridge camp,enoch mgijima,chris hani,27.3588,-32.02197,17,1,37,2,1,0,1,33,0,1,0,2,6,5,16,4,13,13,11,11,4,6,0,13,0,12,0,0,6,1,0,0
2016/2017,bridge camp,enoch mgijima,chris hani,27.3588,-32.02197,19,0,41,3,0,0,3,25,0,0,0,3,6,1,17,10,13,13,13,20,3,7,0,15,0,20,0,0,8,0,0,0
2017/2018,bridge camp,enoch mgijima,chris hani,27.3588,-32.02197,17,1,54,3,2,0,11,25,1,2,9,2,6,1,35,10,13,17,12,15,11,1,0,17,0,17,0,0,12,0,1,0
2018/2019,bridge camp,enoch mgijima,chris hani,27.3588,-32.02197,16,6,69,3,5,0,6,26,1,1,4,1,6,3,12,1,12,21,19,14,11,11,0,26,0,19,0,0,12,3,2,0
2019/2020,bridge camp,enoch mgijima,chris hani,27.3588,-32.02197,19,3,52,9,1,0,3,23,1,4,8,0,6,0,1,9,21,14,17,16,8,4,0,15,0,17,0,0,13,0,2,0
2020/2021,bridge camp,enoch mgijima,chris hani,27.3588,-32.02197,22,3,53,7,3,0,6,18,0,4,6,1,6,2,12,5,21,18,14,18,5,5,0,13,0,21,0,0,6,2,2,0
2021/2022,bridge camp,enoch mgijima,chris hani,27.3588,-32.02197,17,1,48,4,0,0,13,24,1,1,3,2,6,1,16,3,12,16,18,17,4,2,0,13,0,17,0,0,15,2,2,0
2022/2023,bridge camp,enoch mgijima,chris hani,27.3588,-32.02197,10,1,58,4,2,0,9,12,1,3,3,2,6,0,1,3,13,15,15,18,4,7,0,15,0,20,0,0,9,1,1,1
2023/2024,bridge camp,chris hani district,chris hani district,27.3588,-32.02197,0,0,0,0,0,0,0,10,0,0,0,0,0,0,0,0,0,0,0,0,0,6,0,0,0,0,0,0,0,0,3,0
2024/2025,bridge camp,chris hani district,chris hani district,27.3588,-32.02197,0,0,0,0,0,0,0,14,1,0,0,0,0,0,0,0,0,0,0,0,0,9,0,0,0,0,0,0,0,0,3,0
2008/2009,brighton beach,ethekwini,ethekwini,31.00619,-29.93649,429,2,130,17,1,0,195,379,33,111,183,39,10,73,390,12,1,78,17,32,32,13,0,164,9,48,0,112,0,284,193,3
2009/2010,brighton beach,ethekwini,ethekwini,31.00619,-29.93649,440,1,140,21,1,0,129,373,41,127,204,52,17,26,299,8,1,99,12,25,13,13,0,126,6,41,0,123,0,342,198,8
2010/2011,brighton beach,ethekwini,ethekwini,31.00619,-29.93649,730,0,128,17,1,0,161,370,25,146,257,51,18,42,392,26,1,122,7,20,30,15,0,130,18,50,0,112,0,260,208,6
2011/2012,brighton beach,ethekwini,ethekwini,31.00619,-29.93649,787,0,128,12,1,0,132,347,26,122,217,47,10,102,671,28,1,109,14,26,26,17,0,136,14,47,2,119,0,252,220,3
2012/2013,brighton beach,ethekwini,ethekwini,31.00619,-29.93649,621,1,104,25,1,0,111,325,40,158,224,42,8,104,703,22,1,116,9,11,28,19,0,164,8,24,1,112,0,255,208,2
2013/2014,brighton beach,ethekwini,ethekwini,31.00619,-29.93649,599,0,127,9,0,0,146,332,13,126,193,22,11,119,740,23,12,78,7,19,31,22,1,134,15,42,2,119,0,172,201,1
2014/2015,brighton beach,ethekwini,ethekwini,31.00619,-29.93649,499,2,100,16,0,0,90,349,15,128,163,21,8,166,796,24,17,78,10,16,25,14,0,116,8,28,6,111,0,113,157,0
2015/2016,brighton beach,ethekwini,ethekwini,31.00619,-29.93649,528,0,85,8,0,0,96,311,15,107,177,21,5,171,825,22,21,65,10,19,23,10,0,98,7,29,2,118,0,147,137,0
2016/2017,brighton beach,ethekwini,ethekwini,31.00619,-29.93649,462,0,82,9,0,0,112,261,19,134,173,23,7,178,825,27,2,75,9,15,29,10,0,103,9,25,0,115,0,113,157,3
2017/2018,brighton beach,ethekwini,ethekwini,31.00619,-29.93649,483,1,59,16,0,0,81,262,10,120,193,13,7,236,587,14,14,85,13,14,29,19,0,101,7,22,0,99,0,181,172,1
2018/2019,brighton beach,ethekwini,ethekwini,31.00619,-29.93649,524,0,66,18,0,0,116,390,18,186,174,20,4,253,428,16,12,92,11,13,29,14,0,127,8,23,10,123,0,278,184,0
2019/2020,brighton beach,ethekwini,ethekwini,31.00619,-29.93649,490,2,76,6,1,0,94,304,16,144,185,26,5,156,203,32,21,58,12,19,49,7,0,142,10,33,1,113,0,223,156,2
2020/2021,brighton beach,ethekwini,ethekwini,31.00619,-29.93649,317,0,52,8,0,0,93,230,25,164,146,22,6,2,173,8,23,45,9,5,66,12,0,157,7,12,1,72,0,117,116,0
2021/2022,brighton beach,ethekwini,ethekwini,31.00619,-29.93649,365,3,84,19,0,0,92,175,25,147,167,31,6,6,228,17,27,64,16,18,60,21,0,191,3,21,4,65,0,128,113,1
2022/2023,brighton beach,ethekwini,ethekwini,31.00619,-29.93649,346,0,70,22,2,0,77,167,39,160,187,36,7,6,259,25,3,81,16,26,61,11,0,187,14,43,2,77,0,86,98,4
2023/2024,brighton beach,ethekwini district,ethekwini district,31.00619,-29.93649,0,0,0,0,0,0,0,213,29,0,0,0,0,0,0,0,0,0,0,0,0,18,0,0,0,0,0,0,0,122,104,0
2024/2025,brighton beach,ethekwini district,ethekwini district,31.00619,-29.93649,0,0,0,0,0,0,0,148,11,0,0,0,0,0,0,0,0,0,0,0,0,21,0,0,0,0,0,0,0,127,149,0
2008/2009,brits,local municipality of madibeng,bojanala,27.77918,-25.63515,1595,21,591,51,5,0,351,724,19,200,461,127,14,64,96,35,1,358,39,61,63,96,0,426,13,106,0,317,30,333,353,5
2009/2010,brits,local municipality of madibeng,bojanala,27.77918,-25.63515,1520,23,698,61,22,0,324,741,35,248,668,185,21,76,121,21,1,456,29,83,68,90,0,446,15,151,0,337,42,290,447,0
2010/2011,brits,local municipality of madibeng,bojanala,27.77918,-25.63515,1325,25,654,43,14,0,253,753,19,366,556,145,70,87,150,22,1,379,26,140,66,72,0,404,25,207,0,254,32,396,360,1
2011/2012,brits,local municipality of madibeng,bojanala,27.77918,-25.63515,1025,34,608,58,7,0,231,703,18,329,397,125,3,139,240,16,1,260,37,174,48,89,0,436,17,211,1,282,31,306,406,6
2012/2013,brits,local municipality of madibeng,bojanala,27.77918,-25.63515,913,27,492,58,6,0,264,733,12,277,292,101,10,185,296,22,1,247,22,129,45,84,0,389,25,166,2,250,27,220,428,3
2013/2014,brits,local municipality of madibeng,bojanala,27.77918,-25.63515,1160,8,405,42,4,0,240,645,9,167,278,67,5,207,395,34,16,224,29,90,47,66,0,285,9,106,0,279,34,147,330,7
2014/2015,brits,local municipality of madibeng,bojanala,27.77918,-25.63515,1019,8,412,37,12,0,304,574,18,117,261,67,8,100,480,16,16,285,29,115,47,65,0,306,10,141,0,206,32,122,356,4
2015/2016,brits,local municipality of madibeng,bojanala,27.77918,-25.63515,955,14,327,30,7,0,315,531,26,106,211,86,5,213,572,20,3,215,29,76,44,62,0,321,13,99,0,173,27,157,323,0
2016/2017,brits,local municipality of madibeng,bojanala,27.77918,-25.63515,845,7,324,28,3,0,364,565,21,126,226,86,4,203,713,34,22,227,36,76,57,76,0,354,12,93,80,188,26,149,373,1
2017/2018,brits,local municipality of madibeng,bojanala,27.77918,-25.63515,856,5,296,18,5,0,364,482,18,123,255,91,5,212,806,21,22,204,22,65,71,60,0,315,8,81,88,154,47,171,395,1
2018/2019,brits,local municipality of madibeng,bojanala,27.77918,-25.63515,877,8,326,26,3,0,343,488,25,139,254,104,4,249,563,38,27,212,20,50,75,62,0,349,14,69,110,164,46,188,411,5
2019/2020,brits,local municipality of madibeng,bojanala,27.77918,-25.63515,874,5,374,24,6,0,289,463,37,137,285,88,4,287,85,19,27,221,24,51,60,65,0,377,14,73,125,88,33,224,299,1
2020/2021,brits,local municipality of madibeng,bojanala,27.77918,-25.63515,797,4,318,38,3,0,270,359,29,107,271,94,6,94,109,54,17,240,16,46,77,86,1,413,8,57,16,136,21,244,319,3
2021/2022,brits,local municipality of madibeng,bojanala,27.77918,-25.63515,806,3,389,52,4,0,187,315,34,148,307,96,7,166,195,37,24,207,26,61,73,82,1,446,11,77,34,104,33,191,259,9
2022/2023,brits,local municipality of madibeng,bojanala,27.77918,-25.63515,928,6,414,58,2,0,176,372,31,148,385,107,7,162,318,52,15,229,37,68,63,60,1,454,10,81,96,104,23,139,231,13
2023/2024,brits,bojanala district,bojanala district,27.77918,-25.63515,0,0,0,0,0,0,0,420,38,0,0,0,0,0,0,0,0,0,0,0,0,53,0,0,0,0,0,0,0,106,217,0
2024/2025,brits,bojanala district,bojanala district,27.77918,-25.63515,0,0,0,0,0,0,0,383,37,0,0,0,0,0,0,0,0,0,0,0,0,70,0,0,0,0,0,0,0,87,249,0
2008/2009,britstown,emthanjeni,pixley ka seme,23.4996,-30.59218,31,0,46,0,0,0,7,31,0,3,27,0,6,4,7,0,1,9,4,4,0,0,0,0,3,7,0,3,41,1,10,0
2009/2010,britstown,emthanjeni,pixley ka seme,23.4996,-30.59218,23,0,53,1,1,0,8,25,0,1,22,0,6,2,9,0,1,11,2,5,0,0,0,1,2,8,0,3,29,0,4,0
2010/2011,britstown,emthanjeni,pixley ka seme,23.4996,-30.59218,13,1,59,0,0,0,17,26,0,3,35,4,7,2,9,0,1,10,3,8,1,0,0,2,0,9,0,5,29,1,3,0
2011/2012,britstown,emthanjeni,pixley ka seme,23.4996,-30.59218,26,1,77,1,0,0,11,24,0,1,46,2,7,7,7,0,1,19,7,11,1,0,0,4,1,13,0,0,37,3,2,0
2012/2013,britstown,emthanjeni,pixley ka seme,23.4996,-30.59218,27,3,58,2,1,0,8,30,0,2,56,2,6,1,16,0,1,15,7,15,0,1,0,4,1,17,1,3,57,0,6,0
2013/2014,britstown,emthanjeni,pixley ka seme,23.4996,-30.59218,15,2,47,4,1,0,18,42,0,3,24,2,7,1,12,0,13,16,4,9,0,2,0,5,3,14,0,0,25,1,13,0
2014/2015,britstown,emthanjeni,pixley ka seme,23.4996,-30.59218,21,3,51,5,2,0,18,37,0,4,36,1,6,1,32,0,13,24,4,5,0,1,0,1,2,9,0,1,32,4,10,0
2015/2016,britstown,emthanjeni,pixley ka seme,23.4996,-30.59218,26,1,37,1,1,0,32,28,0,2,30,2,6,2,39,0,13,14,6,3,3,1,0,4,2,6,0,2,50,2,9,0
2016/2017,britstown,emthanjeni,pixley ka seme,23.4996,-30.59218,29,0,52,3,1,0,35,36,0,3,41,1,6,1,38,1,13,21,4,4,1,0,0,3,1,6,0,0,33,0,12,0
2017/2018,britstown,emthanjeni,pixley ka seme,23.4996,-30.59218,36,0,49,1,1,0,16,36,0,1,29,4,6,2,45,1,13,11,4,4,0,4,0,5,4,9,0,1,43,1,6,0
2018/2019,britstown,emthanjeni,pixley ka seme,23.4996,-30.59218,27,1,47,1,0,0,32,29,0,5,36,2,6,1,22,0,13,12,2,4,1,1,0,7,3,7,0,2,26,2,14,0
2019/2020,britstown,emthanjeni,pixley ka seme,23.4996,-30.59218,18,1,44,1,0,0,31,30,0,1,19,3,6,6,9,0,13,13,3,3,0,0,0,2,1,4,0,2,25,1,20,0
2020/2021,britstown,emthanjeni,pixley ka seme,23.4996,-30.59218,25,1,40,2,1,0,17,27,0,5,33,5,6,3,10,0,13,22,1,3,0,1,0,4,3,7,0,0,35,0,4,0
2021/2022,britstown,emthanjeni,pixley ka seme,23.4996,-30.59218,31,2,47,3,1,0,5,25,0,2,31,2,6,4,8,1,13,17,3,1,0,1,0,4,3,5,0,0,24,0,7,0
2022/2023,britstown,emthanjeni,pixley ka seme,23.4996,-30.59218,32,1,43,8,0,0,3,27,0,4,16,2,6,2,8,0,12,21,4,5,1,1,0,3,1,6,0,1,27,0,4,0
2023/2024,britstown,pixley ka seme district,pixley ka seme district,23.4996,-30.59218,0,0,0,0,0,0,0,24,0,0,0,0,0,0,0,0,0,0,0,0,0,2,0,0,0,0,0,0,0,0,6,0
2024/2025,britstown,pixley ka seme district,pixley ka seme district,23.4996,-30.59218,0,0,0,0,0,0,0,26,0,0,0,0,0,0,0,0,0,0,0,0,0,0,0,0,0,0,0,0,0,2,10,0
2008/2009,brixton,city of johannesburg,city of johannesburg,27.99355,-26.19278,1125,6,273,15,7,1,110,480,66,255,381,327,88,149,101,16,1,360,8,41,51,74,0,505,8,213,0,138,0,835,391,1
2009/2010,brixton,city of johannesburg,city of johannesburg,27.99355,-26.19278,852,8,279,17,10,0,142,575,48,266,329,254,33,247,88,15,1,318,7,22,58,79,0,563,15,62,0,138,0,833,416,1
2010/2011,brixton,city of johannesburg,city of johannesburg,27.99355,-26.19278,1016,5,258,19,6,1,85,587,26,263,362,181,9,268,164,14,1,316,6,46,39,55,1,335,6,63,0,108,0,684,321,0
2011/2012,brixton,city of johannesburg,city of johannesburg,27.99355,-26.19278,1149,5,271,7,1,0,93,396,34,218,337,146,10,429,701,19,1,333,11,30,26,69,0,359,7,44,1,115,0,408,338,0
2012/2013,brixton,city of johannesburg,city of johannesburg,27.99355,-26.19278,886,1,184,12,4,0,122,355,30,146,306,146,4,405,419,20,1,242,8,49,29,46,0,318,9,64,3,86,0,392,316,0
2013/2014,brixton,city of johannesburg,city of johannesburg,27.99355,-26.19278,1097,0,218,10,4,0,121,424,63,141,312,141,5,769,329,29,14,322,7,27,42,48,0,482,10,44,1,77,0,431,424,0
2014/2015,brixton,city of johannesburg,city of johannesburg,27.99355,-26.19278,1192,0,226,14,1,0,83,433,45,138,317,233,8,415,567,19,17,363,11,38,32,71,0,516,6,49,2,94,0,408,501,0
2015/2016,brixton,city of johannesburg,city of johannesburg,27.99355,-26.19278,1027,9,227,18,1,0,88,474,64,152,323,200,5,543,302,21,2,327,8,36,34,84,0,528,8,48,1,78,0,515,420,0
2016/2017,brixton,city of johannesburg,city of johannesburg,27.99355,-26.19278,881,5,214,24,0,0,84,522,78,152,272,199,9,348,389,25,17,314,17,27,53,88,0,540,8,40,1,73,0,401,424,0
2017/2018,brixton,city of johannesburg,city of johannesburg,27.99355,-26.19278,703,3,170,11,1,1,83,417,62,277,219,178,5,289,353,14,24,172,10,27,27,107,0,478,9,40,1,60,0,329,450,0
2018/2019,brixton,city of johannesburg,city of johannesburg,27.99355,-26.19278,593,2,172,12,0,0,76,324,36,171,237,203,6,126,251,14,17,132,6,21,25,87,0,368,6,27,0,82,0,326,439,0
2019/2020,brixton,city of johannesburg,city of johannesburg,27.99355,-26.19278,644,0,224,19,3,0,76,390,56,195,235,290,5,100,158,18,2,117,12,46,37,89,0,454,9,61,0,97,0,297,337,0
2020/2021,brixton,city of johannesburg,city of johannesburg,27.99355,-26.19278,415,0,224,10,0,0,82,188,22,162,221,238,7,21,147,13,23,103,12,25,22,56,0,271,5,31,1,89,0,245,173,0
2021/2022,brixton,city of johannesburg,city of johannesburg,27.99355,-26.19278,489,0,212,15,3,0,59,230,29,223,230,293,6,28,135,14,36,112,16,24,25,70,0,330,15,42,0,72,0,241,134,1
2022/2023,brixton,city of johannesburg,city of johannesburg,27.99355,-26.19278,637,3,253,20,1,0,74,236,46,238,248,338,6,68,127,26,65,138,12,25,34,108,0,443,11,37,1,118,0,340,232,1
2023/2024,brixton,johannesburg district,johannesburg district,27.99355,-26.19278,0,0,0,0,0,0,0,252,56,0,0,0,0,0,0,0,0,0,0,0,0,117,0,0,0,0,0,0,0,231,195,0
2024/2025,brixton,johannesburg district,johannesburg district,27.99355,-26.19278,0,0,0,0,0,0,0,207,29,0,0,0,0,0,0,0,0,0,0,0,0,51,0,0,0,0,0,0,0,196,200,0
2008/2009,bronkhorstspruit,city of tshwane,city of tshwane,28.74566,-25.80898,667,17,344,27,7,0,187,545,23,146,322,196,37,37,58,8,1,211,20,63,21,49,0,199,4,92,0,142,39,137,192,13
2009/2010,bronkhorstspruit,city of tshwane,city of tshwane,28.74566,-25.80898,655,12,365,47,5,0,180,610,14,158,349,191,27,19,47,8,1,270,16,55,31,49,0,214,9,94,0,132,92,176,146,9
2010/2011,bronkhorstspruit,city of tshwane,city of tshwane,28.74566,-25.80898,654,17,374,22,5,0,78,625,10,145,439,196,3,33,67,15,1,249,10,75,34,30,0,189,2,95,0,126,62,136,237,7
2011/2012,bronkhorstspruit,city of tshwane,city of tshwane,28.74566,-25.80898,731,20,344,16,8,0,139,540,10,112,332,179,32,72,112,11,1,264,19,65,52,27,0,191,5,90,2,81,48,86,341,10
2012/2013,bronkhorstspruit,city of tshwane,city of tshwane,28.74566,-25.80898,666,9,376,26,2,0,94,601,7,115,338,147,17,103,264,8,1,264,8,60,45,22,0,163,10,81,1,102,65,60,335,10
2013/2014,bronkhorstspruit,city of tshwane,city of tshwane,28.74566,-25.80898,715,22,338,21,0,0,129,664,16,140,319,163,9,63,300,12,27,244,13,61,30,34,0,187,7,73,2,94,84,107,300,10
2014/2015,bronkhorstspruit,city of tshwane,city of tshwane,28.74566,-25.80898,625,21,303,33,1,0,118,596,38,154,247,153,5,95,221,8,26,234,14,44,43,38,0,253,7,55,1,82,71,96,304,21
2015/2016,bronkhorstspruit,city of tshwane,city of tshwane,28.74566,-25.80898,619,13,303,27,2,0,113,623,31,116,287,179,4,176,177,9,3,246,19,46,56,44,0,299,10,60,1,80,54,140,248,15
2016/2017,bronkhorstspruit,city of tshwane,city of tshwane,28.74566,-25.80898,627,6,331,12,0,0,106,663,35,125,303,147,6,122,90,12,8,210,20,35,41,43,0,248,13,48,0,42,75,77,250,8
2017/2018,bronkhorstspruit,city of tshwane,city of tshwane,28.74566,-25.80898,658,3,296,16,0,0,167,418,43,139,330,119,4,166,110,7,37,222,12,54,39,43,0,259,10,66,1,67,89,105,233,4
2018/2019,bronkhorstspruit,city of tshwane,city of tshwane,28.74566,-25.80898,565,8,276,14,0,0,150,375,37,194,398,117,8,197,58,3,27,223,26,50,39,31,0,251,20,74,1,61,110,93,215,15
2019/2020,bronkhorstspruit,city of tshwane,city of tshwane,28.74566,-25.80898,598,2,295,41,0,0,201,412,52,158,340,116,8,160,58,4,36,212,24,57,62,35,2,283,17,78,1,79,96,76,186,16
2020/2021,bronkhorstspruit,city of tshwane,city of tshwane,28.74566,-25.80898,437,3,241,29,1,0,162,337,37,167,355,96,4,49,42,13,37,182,22,33,55,30,0,230,5,41,0,59,85,65,138,14
2021/2022,bronkhorstspruit,city of tshwane,city of tshwane,28.74566,-25.80898,477,3,281,19,0,0,159,342,80,209,362,108,7,22,31,4,3,176,22,51,78,32,0,334,17,69,2,37,73,53,154,17
2022/2023,bronkhorstspruit,city of tshwane,city of tshwane,28.74566,-25.80898,451,6,237,25,1,0,159,338,61,218,386,104,4,30,49,24,5,184,18,46,61,46,1,324,13,62,1,51,71,58,110,16
2023/2024,bronkhorstspruit,tshwane district,tshwane district,28.74566,-25.80898,0,0,0,0,0,0,0,296,79,0,0,0,0,0,0,0,0,0,0,0,0,59,0,0,0,0,0,0,0,42,124,0
2024/2025,bronkhorstspruit,tshwane district,tshwane district,28.74566,-25.80898,0,0,0,0,0,0,0,294,59,0,0,0,0,0,0,0,0,0,0,0,0,60,0,0,0,0,0,0,0,41,131,0
2008/2009,bronville,matjhabeng,lejweleputswa,26.81762,-27.99683,156,11,201,14,5,0,15,139,0,2,184,46,9,34,85,2,1,102,17,41,1,5,0,39,2,53,0,0,3,5,27,0
2009/2010,bronville,matjhabeng,lejweleputswa,26.81762,-27.99683,92,7,207,14,9,0,11,141,0,2,181,20,5,22,68,4,1,75,22,34,5,4,0,43,1,47,0,0,3,6,11,0
2010/2011,bronville,matjhabeng,lejweleputswa,26.81762,-27.99683,65,8,173,8,3,0,18,90,0,3,143,16,4,18,45,4,1,94,21,47,15,10,0,50,5,57,0,1,2,6,22,0
2011/2012,bronville,matjhabeng,lejweleputswa,26.81762,-27.99683,108,5,202,28,0,0,24,136,1,5,190,22,6,19,50,7,1,85,28,68,13,21,0,76,9,77,0,7,8,3,34,1
2012/2013,bronville,matjhabeng,lejweleputswa,26.81762,-27.99683,105,13,198,32,1,0,15,121,0,7,205,16,4,25,72,18,1,115,29,71,13,23,0,83,10,84,0,1,1,4,23,0
2013/2014,bronville,matjhabeng,lejweleputswa,26.81762,-27.99683,103,10,168,22,1,0,11,123,3,6,205,20,6,25,73,7,14,66,34,82,10,15,0,74,5,88,0,8,4,6,24,0
2014/2015,bronville,matjhabeng,lejweleputswa,26.81762,-27.99683,118,4,168,31,2,0,15,161,1,4,214,23,6,12,55,15,17,81,37,51,15,19,0,93,9,62,0,3,3,4,15,0
2015/2016,bronville,matjhabeng,lejweleputswa,26.81762,-27.99683,89,3,135,20,1,0,20,184,3,2,152,17,7,28,80,16,21,83,23,24,12,22,0,82,9,35,0,0,1,4,31,0
2016/2017,bronville,matjhabeng,lejweleputswa,26.81762,-27.99683,59,1,111,24,1,0,31,95,4,1,122,9,7,15,95,22,12,58,19,30,5,23,1,55,6,38,0,5,3,4,18,0
2017/2018,bronville,matjhabeng,lejweleputswa,26.81762,-27.99683,66,3,99,15,0,0,28,59,1,3,93,9,7,23,159,29,17,52,36,29,11,29,0,63,3,33,0,2,4,7,8,0
2018/2019,bronville,matjhabeng,lejweleputswa,26.81762,-27.99683,102,0,115,22,2,0,24,101,4,4,143,11,7,33,85,12,13,70,32,32,16,19,0,84,8,43,0,3,7,10,18,0
2019/2020,bronville,matjhabeng,lejweleputswa,26.81762,-27.99683,98,3,140,16,0,0,25,75,4,8,162,15,6,20,41,13,2,66,24,35,12,15,0,79,9,44,0,11,2,8,19,0
2020/2021,bronville,matjhabeng,lejweleputswa,26.81762,-27.99683,94,1,119,11,0,0,17,64,1,15,141,12,6,34,39,23,14,68,23,32,11,9,0,46,7,39,0,1,3,7,12,0
2021/2022,bronville,matjhabeng,lejweleputswa,26.81762,-27.99683,84,3,162,28,1,0,15,55,1,9,172,11,6,36,25,7,17,81,27,30,13,13,1,65,4,35,0,1,6,7,22,0
2022/2023,bronville,matjhabeng,lejweleputswa,26.81762,-27.99683,116,4,195,34,0,0,34,111,3,15,202,20,6,28,33,8,22,87,27,48,8,13,0,89,10,58,1,13,8,5,33,0
2023/2024,bronville,lejweleputswa district,lejweleputswa district,26.81762,-27.99683,0,0,0,0,0,0,0,121,3,0,0,0,0,0,0,0,0,0,0,0,0,16,0,0,0,0,0,0,0,2,28,0
2024/2025,bronville,lejweleputswa district,lejweleputswa district,26.81762,-27.99683,0,0,0,0,0,0,0,110,1,0,0,0,0,0,0,0,0,0,0,0,0,16,0,0,0,0,0,0,0,0,14,0
2008/2009,brooklyn,city of tshwane,city of tshwane,28.2377,-25.7556,2568,5,184,28,2,9,264,1385,61,1189,428,199,19,185,122,10,1,458,9,26,36,146,0,541,6,48,0,694,0,954,1419,1
2009/2010,brooklyn,city of tshwane,city of tshwane,28.2377,-25.7556,2415,0,120,20,0,3,267,1286,43,1100,434,222,22,97,144,13,1,431,8,26,39,125,1,445,8,54,0,670,0,990,1383,5
2010/2011,brooklyn,city of tshwane,city of tshwane,28.2377,-25.7556,2162,4,34,8,3,2,274,1112,30,1074,445,200,3,145,156,4,1,458,5,19,14,77,0,283,18,53,0,574,1,887,1444,2
2011/2012,brooklyn,city of tshwane,city of tshwane,28.2377,-25.7556,2050,2,27,6,1,2,175,1107,16,911,353,146,12,217,154,15,1,504,3,21,13,81,0,252,8,37,9,449,0,687,1153,0
2012/2013,brooklyn,city of tshwane,city of tshwane,28.2377,-25.7556,1883,1,10,9,0,0,192,996,12,1856,370,131,4,522,198,99,1,452,4,9,20,88,0,285,8,19,5,483,0,743,1196,0
2013/2014,brooklyn,city of tshwane,city of tshwane,28.2377,-25.7556,2442,4,3,1,0,0,144,760,11,1618,322,103,11,366,201,28,23,402,6,21,25,87,0,291,2,31,5,416,0,724,1183,1
2014/2015,brooklyn,city of tshwane,city of tshwane,28.2377,-25.7556,2200,2,11,2,1,0,198,792,18,873,267,130,4,257,158,13,23,376,3,10,18,82,0,311,8,21,1,178,0,597,1251,0
2015/2016,brooklyn,city of tshwane,city of tshwane,28.2377,-25.7556,2107,0,24,11,1,0,168,831,10,1059,264,141,8,76,211,7,28,321,5,15,11,91,0,310,15,35,3,354,0,529,1063,6
2016/2017,brooklyn,city of tshwane,city of tshwane,28.2377,-25.7556,2045,2,42,8,1,0,212,915,24,640,248,163,5,255,326,11,28,310,5,9,31,76,0,347,12,25,2,428,0,748,1271,6
2017/2018,brooklyn,city of tshwane,city of tshwane,28.2377,-25.7556,1712,0,34,15,0,0,192,682,29,816,257,184,9,218,357,6,25,278,0,15,33,92,0,363,15,35,3,415,0,793,1057,11
2018/2019,brooklyn,city of tshwane,city of tshwane,28.2377,-25.7556,1809,0,32,7,0,0,214,583,21,764,262,310,6,229,216,11,28,249,1,25,19,77,0,359,18,43,1,406,0,654,915,4
2019/2020,brooklyn,city of tshwane,city of tshwane,28.2377,-25.7556,1643,0,46,8,0,0,270,738,8,774,284,396,7,282,93,5,16,229,4,37,32,110,0,374,17,55,4,292,0,940,1074,6
2020/2021,brooklyn,city of tshwane,city of tshwane,28.2377,-25.7556,1010,2,26,16,0,1,214,586,19,643,193,289,6,135,66,7,25,161,8,19,27,93,1,292,11,30,1,334,0,772,670,2
2021/2022,brooklyn,city of tshwane,city of tshwane,28.2377,-25.7556,1256,1,30,15,1,0,180,511,28,847,238,377,4,104,62,4,37,149,2,32,38,90,0,405,12,47,0,303,0,960,709,7
2022/2023,brooklyn,city of tshwane,city of tshwane,28.2377,-25.7556,1482,3,45,8,0,0,222,530,25,934,308,592,7,112,87,4,10,182,9,46,25,134,0,549,13,60,2,272,0,780,513,4
2023/2024,brooklyn,tshwane district,tshwane district,28.2377,-25.7556,0,0,0,0,0,0,0,413,20,0,0,0,0,0,0,0,0,0,0,0,0,53,0,0,0,0,0,0,0,848,658,0
2024/2025,brooklyn,tshwane district,tshwane district,28.2377,-25.7556,0,0,0,0,0,0,0,387,15,0,0,0,0,0,0,0,0,0,0,0,0,41,0,0,0,0,0,0,0,851,597,0
2008/2009,buffalo flats,buffalo city,buffalo city,27.86027,-33.02401,325,3,447,13,11,0,8,283,1,12,205,117,11,201,77,6,1,208,37,49,4,7,0,110,2,70,0,24,1,23,130,0
2009/2010,buffalo flats,buffalo city,buffalo city,27.86027,-33.02401,279,6,444,18,10,0,9,253,1,19,191,79,5,277,114,6,1,204,15,58,5,3,1,78,7,78,0,29,0,24,92,0
2010/2011,buffalo flats,buffalo city,buffalo city,27.86027,-33.02401,306,12,446,24,11,0,32,244,3,14,150,67,11,263,146,11,1,195,35,60,7,3,0,106,9,88,0,13,0,33,103,0
2011/2012,buffalo flats,buffalo city,buffalo city,27.86027,-33.02401,260,7,401,16,5,0,57,186,3,9,108,41,5,264,224,9,1,216,25,43,16,2,0,115,15,66,1,24,1,20,127,0
2012/2013,buffalo flats,buffalo city,buffalo city,27.86027,-33.02401,193,4,340,18,1,0,44,202,0,5,89,35,6,231,233,12,1,155,20,56,7,2,0,80,14,71,0,15,1,17,148,0
2013/2014,buffalo flats,buffalo city,buffalo city,27.86027,-33.02401,233,2,334,18,2,0,42,178,8,8,69,28,6,236,250,11,12,166,20,37,20,4,0,89,10,49,0,24,0,24,131,0
2014/2015,buffalo flats,buffalo city,buffalo city,27.86027,-33.02401,179,1,298,14,1,0,38,187,4,9,54,26,4,223,304,7,12,163,15,40,14,3,0,79,4,47,0,11,0,25,144,0
2015/2016,buffalo flats,buffalo city,buffalo city,27.86027,-33.02401,195,1,292,16,0,0,34,163,3,9,58,9,7,128,306,9,12,164,16,35,7,2,0,65,7,43,0,15,0,11,114,0
2016/2017,buffalo flats,buffalo city,buffalo city,27.86027,-33.02401,188,1,268,9,0,0,58,181,6,7,71,27,4,40,169,4,21,144,13,33,14,3,0,93,12,47,0,11,0,9,124,0
2017/2018,buffalo flats,buffalo city,buffalo city,27.86027,-33.02401,189,0,283,17,0,0,42,193,4,17,59,12,7,23,52,9,12,169,21,37,13,4,0,74,11,49,1,3,0,14,111,0
2018/2019,buffalo flats,buffalo city,buffalo city,27.86027,-33.02401,197,1,314,10,2,0,39,173,4,18,61,15,4,27,125,11,21,170,19,57,11,3,0,90,14,75,0,3,1,17,81,0
2019/2020,buffalo flats,buffalo city,buffalo city,27.86027,-33.02401,181,3,391,13,1,0,35,199,5,19,50,21,4,34,107,9,14,166,19,58,6,3,0,75,11,72,1,5,0,9,88,0
2020/2021,buffalo flats,buffalo city,buffalo city,27.86027,-33.02401,125,3,295,12,1,0,41,141,1,39,59,12,7,25,33,2,2,135,18,42,14,6,0,82,13,57,0,5,0,10,75,0
2021/2022,buffalo flats,buffalo city,buffalo city,27.86027,-33.02401,189,0,325,23,3,0,41,159,12,48,75,20,6,20,37,1,2,198,26,55,30,3,0,106,10,68,0,2,0,6,56,1
2022/2023,buffalo flats,buffalo city,buffalo city,27.86027,-33.02401,193,0,330,19,0,0,39,191,14,81,66,14,6,16,23,11,24,201,27,53,9,3,0,93,13,66,0,7,0,14,70,2
2023/2024,buffalo flats,buffalo city district,buffalo city district,27.86027,-33.02401,0,0,0,0,0,0,0,147,15,0,0,0,0,0,0,0,0,0,0,0,0,9,0,0,0,0,0,0,0,14,76,0
2024/2025,buffalo flats,buffalo city district,buffalo city district,27.86027,-33.02401,0,0,0,0,0,0,0,163,7,0,0,0,0,0,0,0,0,0,0,0,0,15,0,0,0,0,0,0,0,9,57,0
2008/2009,buffelshoek,jb marks,dr kenneth kaunda,27.39991,-26.80295,67,2,35,2,1,0,8,49,0,2,24,7,6,19,22,0,1,20,1,10,0,0,0,0,3,14,0,0,30,7,0,0
2009/2010,buffelshoek,jb marks,dr kenneth kaunda,27.39991,-26.80295,61,4,36,5,2,0,6,38,2,3,15,1,7,8,1,3,1,20,0,7,1,4,0,11,0,10,0,0,22,6,4,3
2010/2011,buffelshoek,jb marks,dr kenneth kaunda,27.39991,-26.80295,71,1,34,2,0,0,3,42,0,4,32,1,4,9,9,1,1,21,2,14,0,0,0,2,0,16,0,1,14,8,1,0
2011/2012,buffelshoek,jb marks,dr kenneth kaunda,27.39991,-26.80295,43,0,26,2,1,0,7,20,0,1,15,2,7,8,10,2,1,6,2,5,0,1,0,3,3,10,1,0,16,3,1,2
2012/2013,buffelshoek,jb marks,dr kenneth kaunda,27.39991,-26.80295,54,2,13,4,1,0,7,26,0,2,6,3,6,4,8,0,1,6,2,2,1,2,0,5,0,3,0,0,26,10,3,2
2013/2014,buffelshoek,jb marks,dr kenneth kaunda,27.39991,-26.80295,38,1,17,1,0,0,4,27,1,5,14,3,6,4,16,2,13,9,1,3,0,1,0,2,1,4,0,1,16,8,2,0
2014/2015,buffelshoek,jb marks,dr kenneth kaunda,27.39991,-26.80295,46,1,20,2,0,0,5,42,0,4,17,3,6,3,23,2,13,14,1,4,0,1,0,4,0,4,0,0,9,3,5,0
2015/2016,buffelshoek,jb marks,dr kenneth kaunda,27.39991,-26.80295,40,2,19,1,0,0,5,34,0,4,16,2,6,8,17,3,13,10,0,1,1,0,0,2,0,1,0,0,14,7,3,0
2016/2017,buffelshoek,jb marks,dr kenneth kaunda,27.39991,-26.80295,26,1,5,1,0,0,6,30,0,4,4,1,6,5,4,0,13,4,0,2,0,1,0,3,1,3,0,0,31,7,4,0
2017/2018,buffelshoek,jb marks,dr kenneth kaunda,27.39991,-26.80295,21,0,6,1,0,0,4,23,0,1,11,1,6,0,10,0,13,2,5,1,0,0,0,0,0,1,0,0,39,2,3,0
2018/2019,buffelshoek,jb marks,dr kenneth kaunda,27.39991,-26.80295,39,1,10,1,0,0,3,27,0,3,6,1,6,0,3,0,13,6,0,2,0,3,0,3,0,2,0,0,27,7,2,0
2019/2020,buffelshoek,jb marks,dr kenneth kaunda,27.39991,-26.80295,35,2,8,0,0,0,2,41,1,7,15,1,6,4,2,3,12,9,2,4,0,3,0,6,3,7,0,0,18,8,6,0
2020/2021,buffelshoek,jb marks,dr kenneth kaunda,27.39991,-26.80295,48,0,5,0,0,0,3,24,0,1,15,1,6,3,1,0,13,8,0,3,1,0,0,1,1,4,0,0,12,7,0,0
2021/2022,buffelshoek,jb marks,dr kenneth kaunda,27.39991,-26.80295,25,1,9,0,0,0,5,26,3,11,6,0,6,0,1,0,12,3,1,0,0,1,0,6,1,1,0,0,17,9,1,0
2022/2023,buffelshoek,jb marks,dr kenneth kaunda,27.39991,-26.80295,37,0,9,1,0,0,10,29,0,13,6,1,6,1,0,0,12,9,2,0,0,1,0,2,1,1,0,0,9,9,0,0
2023/2024,buffelshoek,dr kenneth kaunda district,dr kenneth kaunda district,27.39991,-26.80295,0,0,0,0,0,0,0,30,0,0,0,0,0,0,0,0,0,0,0,0,0,1,0,0,0,0,0,0,0,6,2,0
2024/2025,buffelshoek,dr kenneth kaunda district,dr kenneth kaunda district,27.39991,-26.80295,0,0,0,0,0,0,0,24,0,0,0,0,0,0,0,0,0,0,0,0,0,1,0,0,0,0,0,0,0,6,1,0
2008/2009,bulgerivier,lephalale,waterberg,27.69389,-24.12651,16,0,3,1,0,0,0,3,0,0,10,0,6,0,1,0,1,4,1,1,0,0,0,0,0,1,0,0,0,1,0,0
2009/2010,bulgerivier,lephalale,waterberg,27.69389,-24.12651,12,0,4,0,0,0,0,4,0,0,7,1,7,0,1,0,1,0,1,1,1,0,0,1,0,2,0,0,1,0,0,0
2010/2011,bulgerivier,lephalale,waterberg,27.69389,-24.12651,18,0,7,0,0,0,0,6,0,1,4,0,6,0,0,0,1,2,0,2,0,0,0,0,0,2,0,0,2,1,0,0
2011/2012,bulgerivier,lephalale,waterberg,27.69389,-24.12651,13,0,9,1,1,0,0,6,0,0,7,0,6,0,0,0,1,1,1,2,0,0,0,0,0,3,0,0,2,0,1,0
2012/2013,bulgerivier,lephalale,waterberg,27.69389,-24.12651,14,0,5,0,0,0,0,12,0,1,8,0,6,0,0,0,1,2,1,0,0,0,0,2,0,0,0,0,2,1,0,0
2013/2014,bulgerivier,lephalale,waterberg,27.69389,-24.12651,20,0,4,0,0,0,1,11,0,0,2,0,6,0,0,0,13,2,0,0,0,0,0,0,0,0,0,0,0,0,2,0
2014/2015,bulgerivier,lephalale,waterberg,27.69389,-24.12651,11,0,1,1,0,0,0,7,0,0,4,0,6,0,3,1,13,1,2,0,0,1,0,2,0,0,0,0,1,1,0,1
2015/2016,bulgerivier,lephalale,waterberg,27.69389,-24.12651,12,0,1,0,0,0,0,6,0,1,2,0,6,0,1,1,13,2,0,1,0,0,0,2,0,1,0,0,0,0,0,0
2016/2017,bulgerivier,lephalale,waterberg,27.69389,-24.12651,11,0,3,0,0,0,0,4,0,0,6,0,6,0,7,0,13,5,0,0,0,0,0,0,0,0,0,0,0,0,0,0
2017/2018,bulgerivier,lephalale,waterberg,27.69389,-24.12651,14,0,5,0,0,0,1,6,0,2,6,1,6,0,12,0,13,0,1,0,0,0,0,1,0,0,1,0,0,1,1,1
2018/2019,bulgerivier,lephalale,waterberg,27.69389,-24.12651,11,0,0,0,0,0,1,2,0,1,1,0,6,0,7,0,13,1,0,0,0,0,0,0,0,0,0,0,0,0,0,0
2019/2020,bulgerivier,lephalale,waterberg,27.69389,-24.12651,5,0,1,0,0,0,0,4,0,3,2,0,6,0,0,1,13,2,0,0,0,0,0,0,0,0,0,0,1,0,1,0
2020/2021,bulgerivier,lephalale,waterberg,27.69389,-24.12651,2,0,3,0,0,0,0,3,0,0,5,0,6,0,3,0,13,1,0,0,0,0,0,0,0,0,0,0,4,0,0,0
2021/2022,bulgerivier,lephalale,waterberg,27.69389,-24.12651,6,0,0,0,0,0,0,3,0,0,1,0,6,2,8,1,13,0,0,1,0,0,0,0,2,3,0,0,2,0,0,0
2022/2023,bulgerivier,lephalale,waterberg,27.69389,-24.12651,11,0,0,0,0,0,0,10,0,1,1,0,6,0,15,0,13,0,0,1,0,1,0,1,0,1,0,0,0,0,0,0
2023/2024,bulgerivier,waterberg district,waterberg district,27.69389,-24.12651,0,0,0,0,0,0,0,3,0,0,0,0,0,0,0,0,0,0,0,0,0,0,0,0,0,0,0,0,0,0,0,0
2024/2025,bulgerivier,waterberg district,waterberg district,27.69389,-24.12651,0,0,0,0,0,0,0,1,0,0,0,0,0,0,0,0,0,0,0,0,0,1,0,0,0,0,0,0,0,0,0,0
2008/2009,bultfontein,tswelopele,lejweleputswa,26.15286,-28.29346,124,5,215,9,9,0,41,91,0,26,182,40,9,10,41,1,1,89,10,24,3,2,0,10,3,41,0,8,30,10,12,0
2009/2010,bultfontein,tswelopele,lejweleputswa,26.15286,-28.29346,93,2,219,3,8,0,54,87,0,18,182,21,12,5,23,2,1,71,13,42,2,2,0,12,3,60,0,5,47,6,5,0
2010/2011,bultfontein,tswelopele,lejweleputswa,26.15286,-28.29346,119,1,233,6,5,0,67,90,0,43,158,23,4,26,16,4,1,71,10,46,4,0,0,10,6,59,0,3,81,5,9,0
2011/2012,bultfontein,tswelopele,lejweleputswa,26.15286,-28.29346,92,2,227,6,10,0,49,106,0,182,177,19,9,4,14,3,1,65,16,61,3,2,0,9,7,83,1,7,62,8,13,0
2012/2013,bultfontein,tswelopele,lejweleputswa,26.15286,-28.29346,99,0,242,3,14,0,43,164,0,12,215,20,5,15,16,2,1,77,9,45,12,1,0,18,6,68,0,7,62,4,12,0
2013/2014,bultfontein,tswelopele,lejweleputswa,26.15286,-28.29346,112,4,201,5,2,0,42,106,0,30,156,18,7,16,26,3,12,62,10,45,2,1,0,4,1,49,1,5,94,2,7,0
2014/2015,bultfontein,tswelopele,lejweleputswa,26.15286,-28.29346,122,3,189,3,4,0,27,77,1,24,141,14,8,6,14,2,13,65,14,54,5,3,0,11,3,65,0,7,48,9,12,0
2015/2016,bultfontein,tswelopele,lejweleputswa,26.15286,-28.29346,99,4,152,3,1,0,42,118,0,32,150,11,5,14,22,2,13,49,8,46,6,1,0,11,7,57,0,6,42,3,16,0
2016/2017,bultfontein,tswelopele,lejweleputswa,26.15286,-28.29346,139,1,163,4,5,0,40,119,0,28,177,6,7,28,60,3,13,52,10,47,3,2,0,9,8,61,0,10,46,1,19,0
2017/2018,bultfontein,tswelopele,lejweleputswa,26.15286,-28.29346,96,3,126,3,3,0,47,97,0,22,168,13,6,30,66,2,13,33,5,27,1,1,0,8,5,35,0,7,52,3,14,0
2018/2019,bultfontein,tswelopele,lejweleputswa,26.15286,-28.29346,104,1,134,7,4,0,69,103,0,20,145,11,5,25,65,5,13,48,7,36,17,0,0,30,6,49,0,16,64,3,11,0
2019/2020,bultfontein,tswelopele,lejweleputswa,26.15286,-28.29346,84,1,121,1,2,0,56,96,1,20,149,8,6,12,42,4,23,41,13,31,3,3,0,19,2,35,0,12,47,3,15,0
2020/2021,bultfontein,tswelopele,lejweleputswa,26.15286,-28.29346,75,2,121,13,6,0,22,75,0,26,174,16,6,9,58,1,21,54,10,22,4,2,0,9,1,29,0,6,41,1,12,0
2021/2022,bultfontein,tswelopele,lejweleputswa,26.15286,-28.29346,114,1,151,11,6,0,36,84,0,22,165,30,4,10,76,2,21,56,10,22,6,6,0,23,0,30,0,5,37,1,27,0
2022/2023,bultfontein,tswelopele,lejweleputswa,26.15286,-28.29346,115,2,144,16,4,0,76,134,1,33,219,36,6,12,89,1,22,82,13,28,12,7,0,40,8,40,1,5,52,3,8,0
2023/2024,bultfontein,lejweleputswa district,lejweleputswa district,26.15286,-28.29346,0,0,0,0,0,0,0,49,0,0,0,0,0,0,0,0,0,0,0,0,0,3,0,0,0,0,0,0,0,3,20,0
2024/2025,bultfontein,lejweleputswa district,lejweleputswa district,26.15286,-28.29346,0,0,0,0,0,0,0,54,0,0,0,0,0,0,0,0,0,0,0,0,0,2,0,0,0,0,0,0,0,3,26,0
2008/2009,bulwer,dr nkosazana dlamini zuma,harry gwala,29.76945,-29.8118,76,10,110,10,1,0,23,121,0,14,28,15,6,43,41,17,1,37,19,26,4,5,0,23,3,30,0,5,158,1,14,0
2009/2010,bulwer,dr nkosazana dlamini zuma,harry gwala,29.76945,-29.8118,99,10,103,8,1,0,21,118,2,10,36,11,6,47,42,10,1,37,22,34,1,6,0,18,2,37,0,3,192,3,15,0
2010/2011,bulwer,dr nkosazana dlamini zuma,harry gwala,29.76945,-29.8118,91,12,114,11,6,0,33,122,2,12,44,16,7,26,60,13,1,35,15,34,1,3,0,9,4,45,0,0,191,4,14,0
2011/2012,bulwer,dr nkosazana dlamini zuma,harry gwala,29.76945,-29.8118,57,6,153,5,2,0,34,116,3,9,52,12,6,28,75,7,1,43,11,34,4,8,0,22,9,45,0,2,200,2,21,0
2012/2013,bulwer,dr nkosazana dlamini zuma,harry gwala,29.76945,-29.8118,83,7,139,7,5,0,24,114,0,10,46,12,7,35,79,4,1,43,10,28,2,10,0,16,4,38,0,0,125,8,11,0
2013/2014,bulwer,dr nkosazana dlamini zuma,harry gwala,29.76945,-29.8118,80,8,127,9,0,0,24,150,1,8,42,11,6,27,83,24,13,39,16,23,5,21,0,41,2,25,0,1,162,4,18,0
2014/2015,bulwer,dr nkosazana dlamini zuma,harry gwala,29.76945,-29.8118,91,10,145,8,0,0,46,122,0,9,38,11,6,52,69,16,12,41,11,25,3,10,0,20,4,29,0,0,155,2,18,0
2015/2016,bulwer,dr nkosazana dlamini zuma,harry gwala,29.76945,-29.8118,67,4,113,7,0,0,31,82,0,5,23,12,7,54,87,8,13,36,11,24,3,6,0,9,3,28,0,1,148,1,20,0
2016/2017,bulwer,dr nkosazana dlamini zuma,harry gwala,29.76945,-29.8118,75,3,115,8,0,0,19,92,0,3,14,8,6,68,92,8,12,33,12,21,6,9,0,17,4,25,0,0,145,8,16,0
2017/2018,bulwer,dr nkosazana dlamini zuma,harry gwala,29.76945,-29.8118,49,4,101,5,1,0,31,74,1,11,14,8,6,70,140,3,13,26,17,34,3,7,1,18,8,43,0,1,113,1,4,0
2018/2019,bulwer,dr nkosazana dlamini zuma,harry gwala,29.76945,-29.8118,50,2,99,6,0,0,33,37,1,8,16,1,6,80,75,7,12,18,18,35,1,8,0,13,0,35,0,0,133,1,9,0
2019/2020,bulwer,dr nkosazana dlamini zuma,harry gwala,29.76945,-29.8118,43,2,86,7,1,0,30,62,2,7,15,6,6,87,0,9,13,22,20,32,4,8,0,18,1,34,0,0,129,0,10,0
2020/2021,bulwer,dr nkosazana dlamini zuma,harry gwala,29.76945,-29.8118,47,1,88,7,0,0,41,81,1,6,10,7,4,105,17,7,13,24,19,22,8,10,0,22,5,29,0,0,143,1,5,0
2021/2022,bulwer,dr nkosazana dlamini zuma,harry gwala,29.76945,-29.8118,48,0,96,15,1,0,48,96,1,5,20,7,6,32,19,12,12,44,32,27,7,21,0,37,4,32,0,0,111,0,10,0
2022/2023,bulwer,dr nkosazana dlamini zuma,harry gwala,29.76945,-29.8118,34,2,80,21,1,0,38,60,1,9,39,4,7,23,24,10,14,32,22,30,5,13,0,23,0,32,0,0,123,5,13,0
2023/2024,bulwer,harry gwala district,harry gwala district,29.76945,-29.8118,0,0,0,0,0,0,0,58,2,0,0,0,0,0,0,0,0,0,0,0,0,13,0,0,0,0,0,0,0,2,12,0
2024/2025,bulwer,harry gwala district,harry gwala district,29.76945,-29.8118,0,0,0,0,0,0,0,44,0,0,0,0,0,0,0,0,0,0,0,0,0,9,0,0,0,0,0,0,0,0,11,0
2008/2009,burgersdorp,walter sisulu,joe gqabi,26.33273,-30.99708,86,0,241,1,2,0,24,97,0,12,97,14,7,2,24,1,1,62,5,20,1,0,0,6,6,29,0,24,125,4,4,0
2009/2010,burgersdorp,walter sisulu,joe gqabi,26.33273,-30.99708,79,0,215,1,2,0,33,104,0,23,86,13,6,11,22,0,1,51,6,20,4,0,0,7,6,28,0,17,90,4,9,0
2010/2011,burgersdorp,walter sisulu,joe gqabi,26.33273,-30.99708,69,0,202,4,1,0,45,104,0,23,88,10,7,3,18,1,1,52,8,24,1,2,0,6,3,29,0,16,83,4,9,0
2011/2012,burgersdorp,walter sisulu,joe gqabi,26.33273,-30.99708,101,1,245,4,0,0,43,84,0,13,104,19,5,5,19,3,1,73,11,40,5,0,0,7,5,48,1,15,95,8,14,0
2012/2013,burgersdorp,walter sisulu,joe gqabi,26.33273,-30.99708,84,0,238,7,3,0,43,121,0,16,119,18,6,12,16,2,1,77,9,40,4,1,0,9,8,51,0,10,102,10,10,0
2013/2014,burgersdorp,walter sisulu,joe gqabi,26.33273,-30.99708,116,6,300,8,6,0,47,104,1,11,128,20,5,3,17,1,13,78,9,31,3,0,0,17,7,47,0,10,91,8,18,0
2014/2015,burgersdorp,walter sisulu,joe gqabi,26.33273,-30.99708,120,2,254,5,1,0,57,96,1,6,113,28,7,2,23,0,12,83,3,56,6,1,0,26,9,67,1,9,132,6,25,0
2015/2016,burgersdorp,walter sisulu,joe gqabi,26.33273,-30.99708,62,7,253,2,2,0,49,61,0,10,86,21,7,0,32,3,13,75,8,40,7,2,0,21,6,49,1,9,91,2,17,0
2016/2017,burgersdorp,walter sisulu,joe gqabi,26.33273,-30.99708,103,5,244,3,0,0,65,85,0,18,116,10,7,5,22,2,12,50,7,35,0,1,0,17,6,42,0,11,108,6,22,0
2017/2018,burgersdorp,walter sisulu,joe gqabi,26.33273,-30.99708,74,2,174,2,1,0,33,96,0,17,102,12,7,2,29,1,13,52,8,29,6,4,0,27,8,39,0,7,81,6,15,0
2018/2019,burgersdorp,walter sisulu,joe gqabi,26.33273,-30.99708,51,1,118,5,2,0,49,78,0,20,64,14,7,8,22,2,13,40,6,35,7,4,0,35,5,43,0,10,55,8,7,0
2019/2020,burgersdorp,walter sisulu,joe gqabi,26.33273,-30.99708,53,2,140,4,0,0,26,90,1,22,78,10,6,5,28,1,12,48,13,30,4,2,0,33,7,37,0,9,54,4,8,0
2020/2021,burgersdorp,walter sisulu,joe gqabi,26.33273,-30.99708,43,2,103,1,0,0,40,61,1,24,69,2,6,0,24,0,21,31,7,20,2,1,0,13,2,22,0,2,57,1,10,0
2021/2022,burgersdorp,walter sisulu,joe gqabi,26.33273,-30.99708,88,4,114,3,0,0,23,46,0,35,98,5,6,2,23,2,12,50,6,15,2,4,0,17,3,18,0,3,53,1,16,0
2022/2023,burgersdorp,walter sisulu,joe gqabi,26.33273,-30.99708,91,5,119,0,0,0,28,69,0,35,84,6,6,3,14,1,13,47,4,17,4,1,0,14,4,21,0,4,41,3,21,0
2023/2024,burgersdorp,joe gqabi district,joe gqabi district,26.33273,-30.99708,0,0,0,0,0,0,0,56,0,0,0,0,0,0,0,0,0,0,0,0,0,1,0,0,0,0,0,0,0,5,15,0
2024/2025,burgersdorp,joe gqabi district,joe gqabi district,26.33273,-30.99708,0,0,0,0,0,0,0,78,1,0,0,0,0,0,0,0,0,0,0,0,0,3,0,0,0,0,0,0,0,0,17,0
2008/2009,burgersfort,fetakgomo tubatse,sekhukhune,30.32999,-24.67925,352,2,43,10,1,0,46,67,6,50,54,15,5,23,19,5,1,47,7,9,9,9,3,35,0,13,0,285,7,29,18,0
2009/2010,burgersfort,fetakgomo tubatse,sekhukhune,30.32999,-24.67925,283,4,54,9,0,0,45,119,5,44,74,26,5,25,42,6,1,44,2,18,9,3,0,23,3,24,0,256,6,11,32,0
2010/2011,burgersfort,fetakgomo tubatse,sekhukhune,30.32999,-24.67925,296,2,70,9,1,0,57,152,6,55,81,34,4,13,39,6,1,68,5,20,10,10,0,32,3,26,0,235,4,19,50,0
2011/2012,burgersfort,fetakgomo tubatse,sekhukhune,30.32999,-24.67925,522,7,137,7,2,0,99,191,9,113,129,63,19,42,91,5,1,114,7,52,15,12,0,55,1,69,32,50,13,33,124,0
2012/2013,burgersfort,fetakgomo tubatse,sekhukhune,30.32999,-24.67925,494,15,155,11,2,0,94,291,7,265,172,82,4,73,128,3,1,135,14,35,24,24,0,82,3,42,10,222,11,22,185,1
2013/2014,burgersfort,fetakgomo tubatse,sekhukhune,30.32999,-24.67925,491,11,146,14,0,0,92,228,6,162,130,63,9,84,154,9,2,103,4,32,21,16,0,98,4,41,24,278,18,22,154,0
2014/2015,burgersfort,fetakgomo tubatse,sekhukhune,30.32999,-24.67925,507,3,132,17,2,0,136,232,12,119,140,71,7,25,198,15,21,138,7,29,31,14,0,104,1,33,89,223,12,34,166,0
2015/2016,burgersfort,fetakgomo tubatse,sekhukhune,30.32999,-24.67925,589,2,103,13,5,0,120,192,21,112,125,74,8,51,235,7,17,188,12,39,37,16,1,123,0,48,32,275,13,73,154,1
2016/2017,burgersfort,fetakgomo tubatse,sekhukhune,30.32999,-24.67925,628,3,89,18,0,0,123,234,21,68,76,60,7,81,275,6,17,111,14,24,49,23,0,145,1,26,1,192,22,32,126,1
2017/2018,burgersfort,fetakgomo tubatse,sekhukhune,30.32999,-24.67925,534,6,101,16,0,0,98,191,29,72,125,57,7,90,357,8,25,99,8,25,65,19,0,152,1,27,4,157,19,28,141,0
2018/2019,burgersfort,fetakgomo tubatse,sekhukhune,30.32999,-24.67925,532,2,87,11,2,0,97,146,14,64,80,44,6,88,236,5,23,72,14,20,45,17,0,113,5,27,10,189,27,24,112,1
2019/2020,burgersfort,fetakgomo tubatse,sekhukhune,30.32999,-24.67925,512,2,128,15,3,0,101,170,15,61,129,72,6,73,17,14,22,127,11,31,52,13,1,157,3,37,17,298,28,25,143,0
2020/2021,burgersfort,fetakgomo tubatse,sekhukhune,30.32999,-24.67925,341,4,111,14,3,0,109,103,13,44,126,51,7,45,44,14,25,100,7,34,44,21,2,160,7,45,18,259,24,19,128,0
2021/2022,burgersfort,fetakgomo tubatse,sekhukhune,30.32999,-24.67925,330,4,136,17,0,0,81,113,15,46,177,47,6,9,65,12,22,112,12,19,42,6,1,153,6,25,27,263,20,29,154,1
2022/2023,burgersfort,fetakgomo tubatse,sekhukhune,30.32999,-24.67925,286,4,138,21,0,0,76,103,14,117,153,57,6,24,127,18,25,99,9,31,32,26,0,150,3,34,48,190,15,14,222,0
2023/2024,burgersfort,sekhukhune district,sekhukhune district,30.32999,-24.67925,0,0,0,0,0,0,0,64,18,0,0,0,0,0,0,0,0,0,0,0,0,6,0,0,0,0,0,0,0,17,95,0
2024/2025,burgersfort,sekhukhune district,sekhukhune district,30.32999,-24.67925,0,0,0,0,0,0,0,75,14,0,0,0,0,0,0,0,0,0,0,0,0,12,0,0,0,0,0,0,0,11,129,0
2008/2009,bushbuckridge,bushbuckridge,ehlanzeni,31.06821,-24.8423,251,10,274,28,6,0,153,287,29,33,121,60,4,2,13,18,1,122,24,101,33,25,0,137,5,114,0,72,9,18,53,0
2009/2010,bushbuckridge,bushbuckridge,ehlanzeni,31.06821,-24.8423,278,16,250,27,2,0,114,283,27,24,123,66,4,4,65,15,1,131,20,101,27,11,0,120,2,107,0,72,22,32,67,1
2010/2011,bushbuckridge,bushbuckridge,ehlanzeni,31.06821,-24.8423,210,10,333,18,6,0,97,271,12,38,158,67,6,4,94,6,1,116,24,115,23,10,0,95,2,123,0,60,10,28,53,3
2011/2012,bushbuckridge,bushbuckridge,ehlanzeni,31.06821,-24.8423,221,6,269,27,3,0,143,296,11,82,120,68,4,42,123,24,1,126,14,88,51,25,0,147,6,99,0,40,9,34,58,0
2012/2013,bushbuckridge,bushbuckridge,ehlanzeni,31.06821,-24.8423,236,12,229,14,3,1,185,320,12,62,142,61,7,48,210,17,1,128,9,121,39,26,0,129,2,127,0,46,6,44,50,0
2013/2014,bushbuckridge,bushbuckridge,ehlanzeni,31.06821,-24.8423,239,1,238,8,4,0,95,257,16,46,192,59,7,3,333,22,17,103,19,130,30,23,0,106,3,138,0,44,9,33,51,0
2014/2015,bushbuckridge,bushbuckridge,ehlanzeni,31.06821,-24.8423,199,17,255,15,6,0,98,198,13,42,188,43,6,1,412,15,21,133,21,123,35,16,0,105,3,132,0,32,13,27,63,0
2015/2016,bushbuckridge,bushbuckridge,ehlanzeni,31.06821,-24.8423,205,7,238,20,4,0,124,166,18,45,135,43,6,21,382,16,2,157,25,91,50,27,1,129,5,100,0,39,5,28,59,0
2016/2017,bushbuckridge,bushbuckridge,ehlanzeni,31.06821,-24.8423,176,2,174,21,0,0,145,187,28,68,132,48,6,23,416,13,17,168,11,89,77,16,0,204,12,101,0,48,5,32,59,2
2017/2018,bushbuckridge,bushbuckridge,ehlanzeni,31.06821,-24.8423,195,10,171,26,1,0,142,176,37,76,136,31,4,20,482,26,27,121,27,91,71,20,0,217,10,104,0,56,6,19,60,2
2018/2019,bushbuckridge,bushbuckridge,ehlanzeni,31.06821,-24.8423,204,5,174,34,2,0,159,151,36,73,147,47,8,92,346,25,25,109,32,95,124,25,2,262,5,106,0,75,8,27,62,2
2019/2020,bushbuckridge,bushbuckridge,ehlanzeni,31.06821,-24.8423,210,4,159,41,1,0,117,191,28,42,115,35,4,423,2,26,25,126,24,100,75,35,0,220,3,106,0,123,6,49,39,4
2020/2021,bushbuckridge,bushbuckridge,ehlanzeni,31.06821,-24.8423,174,3,158,31,2,0,143,200,37,90,106,42,6,94,8,30,29,132,18,83,75,52,0,270,2,87,0,94,7,38,65,1
2021/2022,bushbuckridge,bushbuckridge,ehlanzeni,31.06821,-24.8423,187,7,180,53,3,0,165,182,56,87,140,31,6,26,14,45,91,146,36,90,97,71,0,329,5,98,0,87,11,21,38,8
2022/2023,bushbuckridge,bushbuckridge,ehlanzeni,31.06821,-24.8423,172,9,147,50,4,0,160,188,51,90,118,32,7,15,30,20,55,120,31,83,73,64,3,288,1,89,0,108,9,19,31,20
2023/2024,bushbuckridge,ehlanzeni district,ehlanzeni district,31.06821,-24.8423,0,0,0,0,0,0,0,229,45,0,0,0,0,0,0,0,0,0,0,0,0,80,0,0,0,0,0,0,0,10,29,0
2024/2025,bushbuckridge,ehlanzeni district,ehlanzeni district,31.06821,-24.8423,0,0,0,0,0,0,0,160,33,0,0,0,0,0,0,0,0,0,0,0,0,61,0,0,0,0,0,0,0,32,34,0
2008/2009,butterworth,mnquma,amathole,28.14217,-32.3292,281,12,180,66,7,0,106,263,12,218,174,59,5,129,159,13,1,69,41,50,7,34,1,184,1,61,0,154,45,38,98,0
2009/2010,butterworth,mnquma,amathole,28.14217,-32.3292,270,13,221,51,1,0,78,237,5,203,207,57,10,166,213,29,1,99,35,59,30,39,2,187,3,69,0,124,45,53,145,0
2010/2011,butterworth,mnquma,amathole,28.14217,-32.3292,267,10,231,51,5,0,100,217,4,262,254,38,4,126,293,22,1,113,50,60,35,24,1,209,11,78,0,128,56,36,158,0
2011/2012,butterworth,mnquma,amathole,28.14217,-32.3292,325,12,241,50,8,0,127,220,7,244,232,40,5,161,402,26,1,135,54,75,26,31,0,256,5,91,0,110,31,33,134,0
2012/2013,butterworth,mnquma,amathole,28.14217,-32.3292,321,15,235,44,12,0,104,205,8,363,241,64,6,188,383,37,1,114,49,147,19,30,0,203,7,166,0,111,41,23,151,0
2013/2014,butterworth,mnquma,amathole,28.14217,-32.3292,350,9,246,48,9,0,113,207,8,234,259,54,4,326,348,43,22,138,42,114,22,25,1,252,4,129,0,103,25,29,182,0
2014/2015,butterworth,mnquma,amathole,28.14217,-32.3292,302,10,225,54,8,0,133,222,8,154,181,46,7,152,319,13,22,108,32,100,42,25,0,302,5,114,0,110,37,21,185,2
2015/2016,butterworth,mnquma,amathole,28.14217,-32.3292,305,4,215,53,14,0,106,269,4,176,157,55,4,43,252,25,24,127,45,116,26,29,0,245,3,135,0,108,35,24,115,0
2016/2017,butterworth,mnquma,amathole,28.14217,-32.3292,282,6,218,42,6,0,88,248,9,196,169,42,7,34,234,12,17,148,49,84,19,20,0,208,3,94,0,76,33,16,143,2
2017/2018,butterworth,mnquma,amathole,28.14217,-32.3292,241,2,170,33,6,0,70,253,8,153,152,34,6,31,234,26,2,97,54,102,24,46,0,226,6,114,0,72,37,15,101,0
2018/2019,butterworth,mnquma,amathole,28.14217,-32.3292,271,7,239,30,10,0,65,227,4,106,143,55,8,3,193,13,22,92,44,83,31,21,1,160,4,101,1,68,26,19,105,0
2019/2020,butterworth,mnquma,amathole,28.14217,-32.3292,245,15,206,22,4,0,47,174,5,71,123,28,6,28,96,18,25,124,48,99,33,22,2,148,6,109,1,63,37,14,69,1
2020/2021,butterworth,mnquma,amathole,28.14217,-32.3292,229,8,199,35,7,0,63,161,7,77,140,38,7,12,49,12,17,110,42,65,19,13,1,125,5,78,0,24,24,21,57,0
2021/2022,butterworth,mnquma,amathole,28.14217,-32.3292,247,13,250,28,7,0,86,179,10,100,151,37,5,22,58,12,23,121,60,63,19,22,1,128,3,76,0,18,28,28,60,0
2022/2023,butterworth,mnquma,amathole,28.14217,-32.3292,253,3,285,35,10,0,90,156,10,104,180,36,7,34,47,6,23,127,55,95,14,19,4,118,6,112,0,24,41,17,74,0
2023/2024,butterworth,amathole district,amathole district,28.14217,-32.3292,0,0,0,0,0,0,0,123,11,0,0,0,0,0,0,0,0,0,0,0,0,7,0,0,0,0,0,0,0,14,64,0
2024/2025,butterworth,amathole district,amathole district,28.14217,-32.3292,0,0,0,0,0,0,0,155,8,0,0,0,0,0,0,0,0,0,0,0,0,19,0,0,0,0,0,0,0,7,42,0
2023/2024,cacadu,chris hani district,chris hani district,,,0,0,0,0,0,0,0,81,9,0,0,0,0,0,0,0,0,0,0,0,0,4,0,0,0,0,0,0,0,2,15,0
2024/2025,cacadu,chris hani district,chris hani district,,,0,0,0,0,0,0,0,55,0,0,0,0,0,0,0,0,0,0,0,0,0,5,0,0,0,0,0,0,0,3,4,0
2008/2009,cala,sakhisizwe,chris hani,27.69644,-31.52416,78,2,168,1,3,0,47,121,0,32,88,36,6,9,34,3,1,32,19,43,6,6,0,22,1,47,0,7,30,7,9,0
2009/2010,cala,sakhisizwe,chris hani,27.69644,-31.52416,63,9,176,3,3,0,20,137,3,25,85,20,5,14,14,7,1,43,31,47,7,9,0,27,0,53,0,1,41,7,12,0
2010/2011,cala,sakhisizwe,chris hani,27.69644,-31.52416,71,5,177,9,7,0,18,104,1,24,78,22,4,8,24,8,1,45,22,49,17,8,0,37,0,58,0,6,22,5,19,0
2011/2012,cala,sakhisizwe,chris hani,27.69644,-31.52416,91,6,207,3,10,0,29,112,0,22,59,26,6,13,27,6,1,49,32,49,12,11,0,32,0,59,2,4,16,16,12,0
2012/2013,cala,sakhisizwe,chris hani,27.69644,-31.52416,92,7,200,0,7,0,28,114,3,20,46,16,7,0,15,5,1,47,28,58,16,3,0,33,0,66,0,11,22,13,29,0
2013/2014,cala,sakhisizwe,chris hani,27.69644,-31.52416,77,12,226,5,8,0,39,121,5,15,62,21,6,6,28,7,14,36,39,65,25,8,0,55,1,74,0,5,33,12,16,0
2014/2015,cala,sakhisizwe,chris hani,27.69644,-31.52416,52,4,176,43,5,0,62,98,0,16,59,11,7,2,38,6,14,52,44,55,26,13,0,48,1,62,0,7,20,4,17,0
2015/2016,cala,sakhisizwe,chris hani,27.69644,-31.52416,70,10,183,21,7,0,56,142,3,21,34,15,6,10,51,8,12,43,25,75,23,13,0,52,4,86,0,23,9,1,23,1
2016/2017,cala,sakhisizwe,chris hani,27.69644,-31.52416,74,6,162,14,3,0,41,129,0,28,38,15,6,18,36,5,14,44,34,42,16,13,0,43,2,47,0,19,27,2,19,0
2017/2018,cala,sakhisizwe,chris hani,27.69644,-31.52416,64,2,183,5,5,0,56,170,3,25,39,15,7,16,33,11,12,47,41,51,14,7,1,50,4,61,0,13,14,1,31,0
2018/2019,cala,sakhisizwe,chris hani,27.69644,-31.52416,82,7,162,3,4,0,44,132,1,24,39,14,6,11,28,7,12,35,33,49,9,8,1,24,3,56,0,10,33,2,34,0
2019/2020,cala,sakhisizwe,chris hani,27.69644,-31.52416,55,6,174,15,3,0,51,109,2,30,52,8,6,37,17,10,13,51,28,56,20,8,0,56,12,71,1,12,53,11,25,0
2020/2021,cala,sakhisizwe,chris hani,27.69644,-31.52416,68,4,185,4,1,0,48,87,2,46,42,7,6,17,13,8,17,43,36,72,12,7,0,33,5,78,0,5,35,3,17,0
2021/2022,cala,sakhisizwe,chris hani,27.69644,-31.52416,78,1,221,11,2,0,49,70,5,25,43,8,6,3,14,4,23,49,35,73,23,9,0,46,16,91,0,3,18,2,22,1
2022/2023,cala,sakhisizwe,chris hani,27.69644,-31.52416,47,7,179,8,0,0,39,84,6,23,42,12,6,5,11,8,22,64,49,80,21,7,0,54,4,84,0,3,33,8,28,1
2023/2024,cala,chris hani district,chris hani district,27.69644,-31.52416,0,0,0,0,0,0,0,90,3,0,0,0,0,0,0,0,0,0,0,0,0,5,0,0,0,0,0,0,0,12,13,0
2024/2025,cala,chris hani district,chris hani district,27.69644,-31.52416,0,0,0,0,0,0,0,101,0,0,0,0,0,0,0,0,0,0,0,0,0,9,0,0,0,0,0,0,0,5,15,0
2008/2009,calcutta,bushbuckridge,ehlanzeni,31.24385,-24.98705,276,23,399,64,8,0,103,480,52,20,129,84,12,1,13,14,1,170,25,140,16,62,0,263,1,156,0,65,10,36,26,1
2009/2010,calcutta,bushbuckridge,ehlanzeni,31.24385,-24.98705,184,19,369,43,7,0,136,371,51,22,93,47,7,5,19,26,1,118,25,150,26,61,0,209,1,159,0,93,9,25,40,1
2010/2011,calcutta,bushbuckridge,ehlanzeni,31.24385,-24.98705,207,15,289,24,5,0,149,349,16,28,95,30,7,10,43,10,1,91,24,134,40,56,1,181,1,141,0,74,12,14,53,1
2011/2012,calcutta,bushbuckridge,ehlanzeni,31.24385,-24.98705,240,9,285,32,3,0,168,302,10,16,100,20,6,49,65,31,1,104,22,139,50,41,0,158,1,143,0,40,12,34,30,0
2012/2013,calcutta,bushbuckridge,ehlanzeni,31.24385,-24.98705,176,13,253,43,1,0,118,199,14,18,54,22,6,20,129,19,1,101,24,194,49,55,0,191,2,197,0,25,17,30,30,0
2013/2014,calcutta,bushbuckridge,ehlanzeni,31.24385,-24.98705,190,11,195,40,2,0,131,222,13,23,54,23,6,11,157,33,24,119,38,149,64,48,1,186,1,152,0,23,9,34,58,4
2014/2015,calcutta,bushbuckridge,ehlanzeni,31.24385,-24.98705,216,19,280,31,3,0,129,217,23,45,87,28,6,5,194,28,14,149,33,148,53,22,1,155,1,152,0,18,18,46,64,0
2015/2016,calcutta,bushbuckridge,ehlanzeni,31.24385,-24.98705,194,9,297,25,2,0,176,240,15,16,56,36,6,31,207,42,2,152,29,165,53,15,0,154,3,170,0,24,7,27,62,3
2016/2017,calcutta,bushbuckridge,ehlanzeni,31.24385,-24.98705,185,17,249,39,1,0,199,271,48,29,71,35,4,59,232,34,23,162,37,108,61,28,1,263,2,113,0,20,20,29,69,4
2017/2018,calcutta,bushbuckridge,ehlanzeni,31.24385,-24.98705,221,10,273,28,2,0,124,226,27,22,68,30,7,90,301,44,3,128,30,149,83,31,1,268,0,152,0,17,19,59,46,1
2018/2019,calcutta,bushbuckridge,ehlanzeni,31.24385,-24.98705,244,9,323,57,1,0,141,240,29,69,77,28,7,135,230,34,36,137,27,151,94,36,1,312,2,155,0,36,27,54,58,2
2019/2020,calcutta,bushbuckridge,ehlanzeni,31.24385,-24.98705,203,8,301,49,3,0,152,292,33,47,85,35,7,194,1,33,2,143,47,133,97,37,0,317,3,140,0,47,25,37,47,3
2020/2021,calcutta,bushbuckridge,ehlanzeni,31.24385,-24.98705,211,13,273,52,2,0,195,184,65,40,95,38,6,29,3,21,3,169,42,114,63,37,0,325,11,127,0,37,17,42,29,1
2021/2022,calcutta,bushbuckridge,ehlanzeni,31.24385,-24.98705,192,15,285,82,2,0,161,229,84,55,125,48,7,10,1,39,44,162,56,126,97,62,0,480,11,140,0,36,16,12,26,1
2022/2023,calcutta,bushbuckridge,ehlanzeni,31.24385,-24.98705,228,9,274,98,5,0,177,247,54,53,157,44,7,10,13,38,31,218,55,119,87,81,0,495,8,133,0,53,24,12,31,4
2023/2024,calcutta,ehlanzeni district,ehlanzeni district,31.24385,-24.98705,0,0,0,0,0,0,0,223,58,0,0,0,0,0,0,0,0,0,0,0,0,139,0,0,0,0,0,0,0,25,22,0
2024/2025,calcutta,ehlanzeni district,ehlanzeni district,31.24385,-24.98705,0,0,0,0,0,0,0,236,40,0,0,0,0,0,0,0,0,0,0,0,0,99,0,0,0,0,0,0,0,14,18,0
2008/2009,caledon,theewaterskloof,overberg,19.42919,-34.23493,266,2,115,3,0,0,39,118,0,11,186,8,10,83,382,8,1,81,3,20,5,0,0,14,5,31,0,24,14,11,57,0
2009/2010,caledon,theewaterskloof,overberg,19.42919,-34.23493,261,0,109,1,1,0,55,143,0,22,179,12,11,85,394,2,1,105,6,31,2,0,0,10,8,48,0,31,32,2,68,0
2010/2011,caledon,theewaterskloof,overberg,19.42919,-34.23493,219,1,115,3,0,0,40,123,0,29,204,13,5,138,575,5,1,79,5,32,0,1,0,3,15,50,0,35,17,5,48,0
2011/2012,caledon,theewaterskloof,overberg,19.42919,-34.23493,263,3,98,6,5,0,40,135,0,33,197,14,6,121,579,7,1,70,3,19,3,0,0,15,8,32,1,19,18,9,36,1
2012/2013,caledon,theewaterskloof,overberg,19.42919,-34.23493,254,2,117,5,1,0,61,170,1,42,168,19,4,78,577,7,1,87,9,45,3,2,0,15,13,61,1,16,13,3,60,1
2013/2014,caledon,theewaterskloof,overberg,19.42919,-34.23493,267,3,126,3,4,0,68,184,0,34,198,20,7,85,631,10,12,101,3,20,7,2,0,16,11,36,0,13,20,8,78,0
2014/2015,caledon,theewaterskloof,overberg,19.42919,-34.23493,246,2,144,2,2,0,52,205,0,40,237,24,7,79,670,13,13,108,6,38,8,2,0,16,7,48,0,22,15,10,94,0
2015/2016,caledon,theewaterskloof,overberg,19.42919,-34.23493,289,0,150,5,1,0,122,189,1,44,248,16,6,64,740,3,13,110,2,14,5,0,0,19,8,23,0,18,13,6,125,0
2016/2017,caledon,theewaterskloof,overberg,19.42919,-34.23493,278,4,145,3,0,0,97,288,0,31,235,30,6,79,701,3,12,106,1,27,8,5,0,24,11,38,0,38,31,4,127,0
2017/2018,caledon,theewaterskloof,overberg,19.42919,-34.23493,317,1,128,4,3,0,99,263,0,34,224,30,6,122,863,2,13,101,6,25,3,7,0,31,6,34,0,28,27,3,101,0
2018/2019,caledon,theewaterskloof,overberg,19.42919,-34.23493,345,9,149,2,2,0,94,288,1,54,218,26,7,85,527,2,13,147,4,16,11,7,0,38,11,30,0,41,34,11,114,0
2019/2020,caledon,theewaterskloof,overberg,19.42919,-34.23493,309,8,150,9,3,0,93,272,0,54,230,22,7,100,330,7,14,130,6,20,5,3,0,45,9,33,0,18,35,10,86,1
2020/2021,caledon,theewaterskloof,overberg,19.42919,-34.23493,260,6,150,9,6,0,108,254,1,50,227,27,4,37,340,3,21,157,4,14,9,7,0,44,4,26,0,22,47,15,129,0
2021/2022,caledon,theewaterskloof,overberg,19.42919,-34.23493,371,3,160,7,3,0,97,241,1,91,198,23,5,38,440,10,12,132,6,23,10,7,0,36,4,33,0,20,20,6,93,0
2022/2023,caledon,theewaterskloof,overberg,19.42919,-34.23493,390,2,176,10,5,0,91,225,0,106,244,25,4,117,510,10,12,183,8,21,9,7,0,47,8,36,0,10,18,8,91,0
2023/2024,caledon,overberg district,overberg district,19.42919,-34.23493,0,0,0,0,0,0,0,266,0,0,0,0,0,0,0,0,0,0,0,0,0,2,0,0,0,0,0,0,0,4,74,0
2024/2025,caledon,overberg district,overberg district,19.42919,-34.23493,0,0,0,0,0,0,0,188,1,0,0,0,0,0,0,0,0,0,0,0,0,5,0,0,0,0,0,0,0,6,65,0
2008/2009,calitzdorp,kannaland,garden route,21.68666,-33.53339,82,1,71,0,0,0,31,55,0,1,82,0,6,25,106,0,1,36,2,11,0,0,0,0,0,11,0,6,12,1,10,0
2009/2010,calitzdorp,kannaland,garden route,21.68666,-33.53339,56,1,53,0,2,0,45,74,0,0,86,0,6,26,111,0,1,29,6,27,0,0,0,1,8,37,0,5,13,0,4,0
2010/2011,calitzdorp,kannaland,garden route,21.68666,-33.53339,53,2,50,0,1,0,54,80,0,1,91,1,7,21,122,2,1,31,3,16,0,0,0,0,4,22,0,4,10,0,20,0
2011/2012,calitzdorp,kannaland,garden route,21.68666,-33.53339,70,2,69,0,1,0,37,82,0,1,121,3,6,35,123,1,1,31,1,4,0,1,0,4,4,9,0,9,12,0,20,0
2012/2013,calitzdorp,kannaland,garden route,21.68666,-33.53339,66,0,81,0,0,0,55,91,0,3,88,10,6,23,125,0,1,34,0,15,0,0,0,1,2,17,0,10,20,2,22,0
2013/2014,calitzdorp,kannaland,garden route,21.68666,-33.53339,66,0,54,0,0,0,39,72,0,1,89,3,7,14,94,2,13,37,0,9,1,0,0,2,3,13,0,1,15,1,13,0
2014/2015,calitzdorp,kannaland,garden route,21.68666,-33.53339,66,0,53,0,0,0,67,74,0,0,72,6,6,6,128,0,13,28,2,10,1,0,0,2,1,11,0,2,9,0,21,0
2015/2016,calitzdorp,kannaland,garden route,21.68666,-33.53339,88,0,56,0,0,0,57,84,0,0,83,1,6,5,124,4,13,36,0,4,2,2,0,6,4,8,0,1,11,1,26,0
2016/2017,calitzdorp,kannaland,garden route,21.68666,-33.53339,92,0,49,2,0,0,45,62,0,3,101,4,6,6,137,5,13,39,2,15,2,1,0,6,4,19,0,4,23,4,21,0
2017/2018,calitzdorp,kannaland,garden route,21.68666,-33.53339,123,1,52,1,1,0,52,110,0,2,72,6,7,5,128,5,13,40,5,8,0,1,0,3,6,16,0,3,10,1,18,0
2018/2019,calitzdorp,kannaland,garden route,21.68666,-33.53339,133,0,74,2,1,0,58,154,0,2,110,8,6,4,69,2,13,52,5,8,1,2,0,5,6,15,0,3,6,0,40,0
2019/2020,calitzdorp,kannaland,garden route,21.68666,-33.53339,96,0,64,1,2,0,35,112,0,4,116,7,6,7,120,3,13,39,3,9,3,2,0,11,7,18,0,0,6,0,28,0
2020/2021,calitzdorp,kannaland,garden route,21.68666,-33.53339,87,1,50,3,0,0,27,79,0,6,92,6,7,2,105,2,12,35,2,14,3,0,0,10,3,18,0,0,2,2,31,0
2021/2022,calitzdorp,kannaland,garden route,21.68666,-33.53339,85,0,81,0,2,0,30,50,0,11,120,10,7,5,78,4,21,41,3,7,2,2,0,6,5,15,0,1,5,1,14,0
2022/2023,calitzdorp,kannaland,garden route,21.68666,-33.53339,97,2,67,1,0,0,43,65,0,10,126,7,6,1,78,2,13,35,2,8,0,1,0,3,7,15,0,2,5,0,25,0
2023/2024,calitzdorp,garden route district,garden route district,21.68666,-33.53339,0,0,0,0,0,0,0,55,0,0,0,0,0,0,0,0,0,0,0,0,0,1,0,0,0,0,0,0,0,0,24,0
2024/2025,calitzdorp,garden route district,garden route district,21.68666,-33.53339,0,0,0,0,0,0,0,59,0,0,0,0,0,0,0,0,0,0,0,0,0,0,0,0,0,0,0,0,0,0,20,0
2008/2009,calvinia,hantam,namakwa,19.77337,-31.47331,62,2,67,4,0,0,14,31,0,8,95,1,7,10,16,0,1,31,2,6,0,0,0,4,2,9,0,7,12,4,6,0
2009/2010,calvinia,hantam,namakwa,19.77337,-31.47331,74,2,75,4,1,0,10,38,0,3,118,6,7,7,25,0,1,23,6,6,0,0,0,1,3,11,0,6,16,1,11,0
2010/2011,calvinia,hantam,namakwa,19.77337,-31.47331,73,2,62,6,1,0,11,31,0,8,143,3,8,9,21,0,1,25,4,10,1,0,0,3,3,18,0,8,16,1,9,0
2011/2012,calvinia,hantam,namakwa,19.77337,-31.47331,61,0,61,5,2,0,9,46,0,9,122,2,6,18,28,0,1,27,3,16,0,0,0,4,11,29,0,4,28,0,8,0
2012/2013,calvinia,hantam,namakwa,19.77337,-31.47331,89,2,53,11,1,0,13,48,0,6,117,9,5,13,62,4,1,36,2,21,0,1,0,5,2,27,0,5,20,1,14,0
2013/2014,calvinia,hantam,namakwa,19.77337,-31.47331,99,1,69,4,4,0,21,44,0,9,106,6,7,13,77,3,12,41,6,11,0,1,0,7,3,19,0,10,14,1,24,0
2014/2015,calvinia,hantam,namakwa,19.77337,-31.47331,123,1,50,2,1,0,39,58,0,6,113,1,7,8,137,1,13,19,5,6,0,0,0,2,1,9,0,8,9,1,21,0
2015/2016,calvinia,hantam,namakwa,19.77337,-31.47331,69,0,38,7,2,0,24,62,0,6,66,3,6,8,149,2,21,19,2,7,1,0,0,6,1,10,0,2,15,0,17,0
2016/2017,calvinia,hantam,namakwa,19.77337,-31.47331,77,1,48,3,0,0,35,62,0,13,81,8,7,6,186,0,12,23,2,8,1,0,0,2,1,10,0,6,15,0,30,0
2017/2018,calvinia,hantam,namakwa,19.77337,-31.47331,92,1,55,6,0,0,27,50,0,12,79,5,6,9,229,1,13,21,2,5,1,1,0,3,5,10,0,8,18,2,21,0
2018/2019,calvinia,hantam,namakwa,19.77337,-31.47331,87,0,57,4,0,0,46,70,0,9,85,3,6,12,242,0,13,26,3,8,0,0,0,0,0,8,0,12,16,1,24,0
2019/2020,calvinia,hantam,namakwa,19.77337,-31.47331,69,1,43,4,0,0,26,53,0,14,83,5,4,10,115,0,13,29,2,13,3,1,0,6,0,15,0,8,13,1,23,0
2020/2021,calvinia,hantam,namakwa,19.77337,-31.47331,82,0,29,3,0,0,41,61,0,10,87,2,6,4,92,1,23,25,5,7,1,0,0,1,2,9,0,9,7,0,12,0
2021/2022,calvinia,hantam,namakwa,19.77337,-31.47331,90,1,25,12,0,0,28,63,0,22,119,4,6,6,114,1,23,21,3,8,1,0,0,3,3,11,0,9,4,0,7,0
2022/2023,calvinia,hantam,namakwa,19.77337,-31.47331,94,2,48,14,1,0,31,53,0,10,129,2,7,7,98,0,21,21,7,15,0,0,0,3,4,21,0,10,8,0,7,0
2023/2024,calvinia,namakwa district,namakwa district,19.77337,-31.47331,0,0,0,0,0,0,0,71,0,0,0,0,0,0,0,0,0,0,0,0,0,0,0,0,0,0,0,0,0,2,19,0
2024/2025,calvinia,namakwa district,namakwa district,19.77337,-31.47331,0,0,0,0,0,0,0,65,0,0,0,0,0,0,0,0,0,0,0,0,0,1,0,0,0,0,0,0,0,1,11,0
2008/2009,cambridge,buffalo city,buffalo city,27.89812,-32.97932,1345,14,463,20,5,0,284,833,5,267,502,194,32,222,93,13,1,488,23,72,10,6,0,254,13,102,0,282,9,312,591,0
2009/2010,cambridge,buffalo city,buffalo city,27.89812,-32.97932,1280,19,447,20,7,0,377,1062,5,344,561,159,3,295,90,13,1,550,41,93,13,17,2,289,14,127,0,310,7,230,527,0
2010/2011,cambridge,buffalo city,buffalo city,27.89812,-32.97932,1359,13,420,10,6,0,297,1103,7,423,442,190,18,297,107,19,1,616,45,86,16,17,2,236,14,117,0,314,9,221,700,0
2011/2012,cambridge,buffalo city,buffalo city,27.89812,-32.97932,1306,14,429,13,7,0,288,1112,10,381,400,177,17,297,143,14,1,633,26,87,16,18,0,321,10,113,1,361,17,262,700,0
2012/2013,cambridge,buffalo city,buffalo city,27.89812,-32.97932,1174,16,406,15,5,0,198,1046,4,415,387,178,8,366,180,18,1,466,26,83,23,32,0,268,17,109,2,347,14,169,643,0
2013/2014,cambridge,buffalo city,buffalo city,27.89812,-32.97932,1141,10,288,10,2,0,296,966,11,312,300,118,4,341,204,19,21,452,34,83,33,25,0,274,9,96,0,354,8,113,619,0
2014/2015,cambridge,buffalo city,buffalo city,27.89812,-32.97932,913,2,217,8,2,0,179,943,9,282,242,93,4,215,113,4,21,404,15,86,27,35,1,262,8,98,0,305,9,129,607,0
2015/2016,cambridge,buffalo city,buffalo city,27.89812,-32.97932,771,6,167,5,0,0,98,671,11,327,208,91,10,241,111,9,17,293,16,59,23,23,0,190,13,78,0,231,2,59,608,1
2016/2017,cambridge,buffalo city,buffalo city,27.89812,-32.97932,812,3,162,8,1,0,124,971,5,343,256,86,5,243,162,17,17,288,14,62,42,40,0,239,17,83,0,231,2,72,667,0
2017/2018,cambridge,buffalo city,buffalo city,27.89812,-32.97932,673,3,179,16,0,0,148,755,11,280,234,105,5,255,180,19,17,261,13,44,38,35,0,260,17,64,0,168,1,76,608,0
2018/2019,cambridge,buffalo city,buffalo city,27.89812,-32.97932,791,7,153,14,3,0,146,712,10,379,291,110,7,264,174,19,28,251,11,72,37,24,1,243,24,100,0,176,3,75,655,0
2019/2020,cambridge,buffalo city,buffalo city,27.89812,-32.97932,806,6,172,16,3,0,146,660,17,437,311,127,4,232,184,10,2,250,11,67,28,10,1,240,13,85,0,188,2,57,613,0
2020/2021,cambridge,buffalo city,buffalo city,27.89812,-32.97932,852,2,142,3,2,0,185,491,12,417,232,92,6,21,88,9,14,213,10,45,16,23,0,222,16,63,3,162,6,41,341,0
2021/2022,cambridge,buffalo city,buffalo city,27.89812,-32.97932,923,1,161,18,1,0,184,745,21,433,271,97,6,67,96,11,17,270,22,51,59,40,2,277,11,63,1,168,8,59,557,1
2022/2023,cambridge,buffalo city,buffalo city,27.89812,-32.97932,956,2,201,21,0,0,172,715,18,537,325,96,4,48,112,9,2,257,19,51,46,33,1,245,13,66,0,193,7,51,560,1
2023/2024,cambridge,buffalo city district,buffalo city district,27.89812,-32.97932,0,0,0,0,0,0,0,781,13,0,0,0,0,0,0,0,0,0,0,0,0,22,0,0,0,0,0,0,0,42,485,0
2024/2025,cambridge,buffalo city district,buffalo city district,27.89812,-32.97932,0,0,0,0,0,0,0,493,18,0,0,0,0,0,0,0,0,0,0,0,0,31,0,0,0,0,0,0,0,37,438,0
2008/2009,campbell,siyancuma,pixley ka seme,23.71662,-28.8032,29,0,46,1,3,0,2,12,0,1,17,0,4,7,4,0,1,8,1,7,0,0,0,2,0,12,0,0,40,0,1,0
2009/2010,campbell,siyancuma,pixley ka seme,23.71662,-28.8032,13,0,44,0,0,0,0,18,0,0,27,0,6,4,8,0,1,7,1,3,0,0,0,0,0,3,0,0,23,0,1,0
2010/2011,campbell,siyancuma,pixley ka seme,23.71662,-28.8032,25,2,41,2,3,0,2,13,0,1,31,3,6,7,15,0,1,10,3,1,0,0,0,1,1,5,0,0,24,1,2,0
2011/2012,campbell,siyancuma,pixley ka seme,23.71662,-28.8032,9,0,28,1,1,0,4,11,0,0,22,1,6,4,13,0,1,10,0,12,0,0,0,1,0,13,0,0,22,0,0,0
2012/2013,campbell,siyancuma,pixley ka seme,23.71662,-28.8032,18,0,35,5,0,0,3,17,0,0,12,1,7,10,13,0,1,29,2,10,1,0,0,2,2,13,0,0,28,0,1,0
2013/2014,campbell,siyancuma,pixley ka seme,23.71662,-28.8032,17,0,36,2,1,0,1,13,0,2,19,2,6,2,23,1,1,11,6,7,0,0,0,0,1,9,0,0,31,0,1,0
2014/2015,campbell,siyancuma,pixley ka seme,23.71662,-28.8032,17,0,37,3,1,0,0,10,0,1,22,1,6,0,17,0,1,13,3,6,0,0,0,0,0,7,0,0,52,0,2,0
2015/2016,campbell,siyancuma,pixley ka seme,23.71662,-28.8032,11,0,40,1,0,0,1,15,0,0,14,3,6,2,18,1,1,9,1,4,1,0,0,1,1,5,0,0,28,0,2,0
2016/2017,campbell,siyancuma,pixley ka seme,23.71662,-28.8032,14,0,34,1,2,0,0,13,0,0,21,3,6,2,23,0,1,9,1,6,1,0,0,1,3,11,0,0,36,1,0,0
2017/2018,campbell,siyancuma,pixley ka seme,23.71662,-28.8032,23,2,31,0,1,0,2,22,0,1,20,0,7,5,45,1,1,7,1,4,1,0,0,1,0,6,0,0,24,0,1,0
2018/2019,campbell,siyancuma,pixley ka seme,23.71662,-28.8032,17,0,39,0,4,0,5,10,0,0,12,2,6,4,13,0,12,5,0,3,0,0,0,0,0,7,0,0,11,0,1,0
2019/2020,campbell,siyancuma,pixley ka seme,23.71662,-28.8032,18,0,27,0,1,0,1,8,0,2,19,1,6,0,3,0,13,5,1,0,0,0,0,0,0,1,0,0,15,0,0,0
2020/2021,campbell,siyancuma,pixley ka seme,23.71662,-28.8032,9,0,10,1,1,0,3,6,1,3,9,1,4,1,8,0,13,10,1,3,0,0,0,1,1,7,0,0,16,0,0,0
2021/2022,campbell,siyancuma,pixley ka seme,23.71662,-28.8032,14,0,18,3,1,0,2,4,0,2,14,1,6,1,5,0,12,3,0,5,1,0,0,4,1,7,0,0,15,0,0,0
2022/2023,campbell,siyancuma,pixley ka seme,23.71662,-28.8032,7,0,17,4,1,0,1,12,0,1,13,4,6,0,6,0,12,7,1,4,0,1,0,2,0,5,0,0,16,0,3,0
2023/2024,campbell,pixley ka seme district,pixley ka seme district,23.71662,-28.8032,0,0,0,0,0,0,0,5,0,0,0,0,0,0,0,0,0,0,0,0,0,0,0,0,0,0,0,0,0,0,0,0
2024/2025,campbell,pixley ka seme district,pixley ka seme district,23.71662,-28.8032,0,0,0,0,0,0,0,8,0,0,0,0,0,0,0,0,0,0,0,0,0,0,0,0,0,0,0,0,0,0,0,0
2008/2009,camperdown,mkhambathini,umgungundlovu,30.54127,-29.72907,168,0,42,10,2,0,51,85,9,10,43,4,7,50,73,6,1,26,6,18,8,13,1,69,5,26,0,27,33,16,21,2
2009/2010,camperdown,mkhambathini,umgungundlovu,30.54127,-29.72907,155,1,62,9,0,0,44,133,14,20,58,9,7,49,49,16,1,49,13,18,5,2,0,60,5,24,0,19,22,23,34,0
2010/2011,camperdown,mkhambathini,umgungundlovu,30.54127,-29.72907,166,2,57,10,1,0,23,79,10,25,56,5,6,20,77,23,1,31,5,13,8,6,0,55,0,14,0,5,27,33,42,3
2011/2012,camperdown,mkhambathini,umgungundlovu,30.54127,-29.72907,167,2,37,9,0,0,38,80,7,27,50,9,7,24,104,11,1,31,4,13,7,8,0,33,0,14,0,10,16,17,41,0
2012/2013,camperdown,mkhambathini,umgungundlovu,30.54127,-29.72907,150,1,39,5,1,0,36,93,8,21,37,11,5,20,89,11,1,37,10,13,7,8,0,40,2,19,0,12,14,14,42,3
2013/2014,camperdown,mkhambathini,umgungundlovu,30.54127,-29.72907,184,0,64,5,0,0,18,100,7,18,54,14,7,15,95,14,13,38,3,22,1,12,0,31,3,26,0,5,24,20,52,0
2014/2015,camperdown,mkhambathini,umgungundlovu,30.54127,-29.72907,227,0,65,13,2,0,22,122,14,16,56,8,6,7,63,6,21,31,6,16,2,24,0,51,2,20,6,9,31,9,73,1
2015/2016,camperdown,mkhambathini,umgungundlovu,30.54127,-29.72907,160,5,54,14,3,0,38,117,9,15,43,4,6,12,85,9,13,37,11,16,1,25,0,41,2,21,0,14,21,9,41,0
2016/2017,camperdown,mkhambathini,umgungundlovu,30.54127,-29.72907,179,0,56,8,0,0,31,110,4,17,38,6,6,15,95,3,13,26,6,12,4,9,0,31,3,15,2,16,20,16,52,0
2017/2018,camperdown,mkhambathini,umgungundlovu,30.54127,-29.72907,154,1,53,18,0,0,18,91,8,14,38,8,4,20,107,5,13,29,13,17,2,13,0,39,1,20,4,5,7,11,50,0
2018/2019,camperdown,mkhambathini,umgungundlovu,30.54127,-29.72907,150,8,49,6,0,0,31,99,10,27,39,10,7,17,78,3,13,36,9,13,7,10,0,48,1,15,14,12,12,8,54,5
2019/2020,camperdown,mkhambathini,umgungundlovu,30.54127,-29.72907,137,3,49,6,0,0,36,72,6,40,23,5,6,8,89,4,21,21,14,14,2,11,0,34,1,15,14,13,12,5,28,2
2020/2021,camperdown,mkhambathini,umgungundlovu,30.54127,-29.72907,129,3,35,13,0,0,31,60,13,32,23,9,4,2,60,5,22,22,14,12,4,12,0,65,2,16,5,4,16,10,41,5
2021/2022,camperdown,mkhambathini,umgungundlovu,30.54127,-29.72907,113,3,52,12,0,0,21,78,11,33,39,12,7,6,39,7,21,29,13,16,11,9,0,46,4,21,6,3,18,10,40,0
2022/2023,camperdown,mkhambathini,umgungundlovu,30.54127,-29.72907,132,0,51,17,0,0,24,63,8,35,47,15,6,4,42,22,14,21,16,15,14,9,0,64,4,19,5,7,19,17,47,1
2023/2024,camperdown,umgungundlovu district,umgungundlovu district,30.54127,-29.72907,0,0,0,0,0,0,0,56,9,0,0,0,0,0,0,0,0,0,0,0,0,8,0,0,0,0,0,0,0,10,51,0
2024/2025,camperdown,umgungundlovu district,umgungundlovu district,30.54127,-29.72907,0,0,0,0,0,0,0,57,10,0,0,0,0,0,0,0,0,0,0,0,0,6,0,0,0,0,0,0,0,9,43,0
2008/2009,camps bay,city of cape town,city of cape town,18.37672,-33.95604,469,1,17,2,0,0,7,209,2,33,52,33,4,50,55,5,1,81,1,3,1,23,0,44,0,5,0,19,0,52,196,0
2009/2010,camps bay,city of cape town,city of cape town,18.37672,-33.95604,692,0,14,2,1,0,19,208,0,31,62,30,4,51,68,3,1,48,1,5,0,6,0,19,2,10,0,7,0,42,193,0
2010/2011,camps bay,city of cape town,city of cape town,18.37672,-33.95604,530,1,15,2,1,0,19,171,1,41,57,26,7,59,76,0,1,36,3,7,0,10,0,18,4,13,0,5,0,27,233,0
2011/2012,camps bay,city of cape town,city of cape town,18.37672,-33.95604,336,1,9,0,3,0,18,147,0,31,30,13,6,95,110,2,1,17,0,4,1,6,0,15,1,8,1,27,0,13,222,0
2012/2013,camps bay,city of cape town,city of cape town,18.37672,-33.95604,250,0,5,2,0,0,6,107,0,22,24,5,8,46,138,2,1,11,0,1,0,3,0,6,2,7,3,7,0,21,172,0
2013/2014,camps bay,city of cape town,city of cape town,18.37672,-33.95604,206,0,2,0,0,0,13,87,0,20,10,7,7,58,146,0,13,10,0,2,0,2,0,10,3,6,0,3,0,22,86,0
2014/2015,camps bay,city of cape town,city of cape town,18.37672,-33.95604,244,0,2,0,0,0,2,114,0,19,12,9,6,26,127,0,12,8,1,1,1,7,0,20,0,1,2,6,0,24,84,0
2015/2016,camps bay,city of cape town,city of cape town,18.37672,-33.95604,217,0,5,2,0,0,2,108,1,34,21,13,6,20,138,0,13,17,1,2,1,5,0,12,1,3,0,5,0,30,103,0
2016/2017,camps bay,city of cape town,city of cape town,18.37672,-33.95604,282,1,4,2,0,0,3,173,0,40,21,19,6,17,113,0,13,27,1,1,0,11,0,36,0,1,0,14,0,25,141,0
2017/2018,camps bay,city of cape town,city of cape town,18.37672,-33.95604,292,0,4,3,0,0,7,158,1,48,21,23,6,10,119,0,13,28,1,0,1,4,0,22,0,0,0,3,0,23,173,0
2018/2019,camps bay,city of cape town,city of cape town,18.37672,-33.95604,267,0,7,3,0,0,3,189,1,36,28,28,6,8,41,0,13,29,1,2,0,7,0,15,0,2,0,8,0,17,118,0
2019/2020,camps bay,city of cape town,city of cape town,18.37672,-33.95604,241,0,11,2,0,0,5,106,0,38,25,17,6,32,37,0,12,25,2,1,1,7,0,19,1,2,0,7,0,13,74,0
2020/2021,camps bay,city of cape town,city of cape town,18.37672,-33.95604,122,0,3,0,0,0,5,67,0,41,26,6,6,8,22,0,12,20,0,6,0,4,0,8,2,8,3,8,0,11,51,0
2021/2022,camps bay,city of cape town,city of cape town,18.37672,-33.95604,209,0,8,0,1,0,1,103,1,43,30,16,6,21,36,0,13,21,0,6,0,9,0,22,1,8,0,9,0,13,61,0
2022/2023,camps bay,city of cape town,city of cape town,18.37672,-33.95604,321,0,6,0,0,0,2,107,0,90,23,33,6,23,75,1,13,24,1,5,0,3,0,20,1,6,0,5,0,10,118,0
2023/2024,camps bay,city of cape town district,city of cape town district,18.37672,-33.95604,0,0,0,0,0,0,0,134,0,0,0,0,0,0,0,0,0,0,0,0,0,9,0,0,0,0,0,0,0,17,85,0
2024/2025,camps bay,city of cape town district,city of cape town district,18.37672,-33.95604,0,0,0,0,0,0,0,90,0,0,0,0,0,0,0,0,0,0,0,0,0,4,0,0,0,0,0,0,0,8,76,0
2008/2009,cape town central,city of cape town,city of cape town,18.4231,-33.92774,5187,3,207,10,0,0,365,674,9,1229,690,612,21,310,1393,25,1,906,5,42,22,6,0,496,40,113,0,1235,0,452,1856,0
2009/2010,cape town central,city of cape town,city of cape town,18.4231,-33.92774,4985,1,185,9,0,1,394,668,9,1009,666,884,37,267,1474,20,1,617,7,42,8,12,0,481,26,86,0,1314,0,456,2905,0
2010/2011,cape town central,city of cape town,city of cape town,18.4231,-33.92774,5127,1,166,15,3,0,323,712,5,1018,736,873,32,265,1539,16,1,426,7,39,12,21,0,454,35,89,0,1306,0,292,3051,0
2011/2012,cape town central,city of cape town,city of cape town,18.4231,-33.92774,5285,3,170,8,1,0,246,666,7,912,651,817,8,341,1832,16,1,415,4,45,9,14,0,442,33,83,1,1226,0,357,3474,0
2012/2013,cape town central,city of cape town,city of cape town,18.4231,-33.92774,5937,2,131,10,2,0,382,828,9,888,706,933,5,354,1963,4,1,360,12,33,22,21,0,501,19,57,10,1345,0,389,3294,0
2013/2014,cape town central,city of cape town,city of cape town,18.4231,-33.92774,5600,0,157,8,0,0,346,811,5,862,641,954,5,403,2149,11,24,396,5,18,15,17,0,544,26,47,10,1264,0,328,3612,1
2014/2015,cape town central,city of cape town,city of cape town,18.4231,-33.92774,5335,2,128,13,1,0,272,700,14,1035,629,991,12,262,2360,12,17,429,12,27,24,18,0,557,13,48,5,1306,0,293,3441,0
2015/2016,cape town central,city of cape town,city of cape town,18.4231,-33.92774,5176,3,146,12,2,0,241,539,13,1015,596,931,8,235,2712,15,43,389,7,25,20,21,0,600,25,56,15,1188,1,345,3509,0
2016/2017,cape town central,city of cape town,city of cape town,18.4231,-33.92774,5496,10,190,9,2,0,265,686,17,1082,571,1143,10,280,2796,17,16,455,11,21,24,35,0,657,18,47,12,1287,0,273,3770,0
2017/2018,cape town central,city of cape town,city of cape town,18.4231,-33.92774,5067,11,161,9,4,0,291,558,14,1058,601,1179,9,202,2894,6,28,470,8,28,32,27,1,662,15,52,1,1061,0,278,3956,0
2018/2019,cape town central,city of cape town,city of cape town,18.4231,-33.92774,4394,7,136,6,1,0,243,515,21,1017,479,1070,7,183,2313,3,16,406,7,33,29,17,0,718,21,56,2,766,0,217,3710,0
2019/2020,cape town central,city of cape town,city of cape town,18.4231,-33.92774,3538,2,158,7,0,0,270,483,16,979,592,1184,9,258,2052,7,28,318,9,36,39,14,0,589,46,87,0,568,0,267,3750,1
2020/2021,cape town central,city of cape town,city of cape town,18.4231,-33.92774,1571,1,88,16,1,0,227,312,9,480,311,393,8,40,1292,6,24,165,7,31,26,15,0,304,17,53,2,420,0,152,1528,0
2021/2022,cape town central,city of cape town,city of cape town,18.4231,-33.92774,2514,3,109,8,1,0,147,436,8,921,438,775,9,97,1802,7,25,221,12,43,29,29,0,396,24,73,0,347,0,131,1943,0
2022/2023,cape town central,city of cape town,city of cape town,18.4231,-33.92774,4011,0,141,8,4,0,126,438,13,1093,577,1196,5,168,1403,5,43,309,12,65,28,16,0,667,31,103,0,536,0,168,2459,0
2023/2024,cape town central,city of cape town district,city of cape town district,18.4231,-33.92774,0,0,0,0,0,0,0,517,13,0,0,0,0,0,0,0,0,0,0,0,0,12,0,0,0,0,0,0,0,213,2849,0
2024/2025,cape town central,city of cape town district,city of cape town district,18.4231,-33.92774,0,0,0,0,0,0,0,328,24,0,0,0,0,0,0,0,0,0,0,0,0,13,0,0,0,0,0,0,0,165,2425,0
2008/2009,carletonville,merafong city,west rand,27.39859,-26.35839,948,4,257,15,3,1,165,501,21,184,354,219,11,46,79,7,1,226,24,52,14,21,1,150,19,82,0,199,9,218,169,5
2009/2010,carletonville,merafong city,west rand,27.39859,-26.35839,812,8,257,12,3,0,183,503,26,241,335,126,17,64,60,16,1,226,33,49,29,33,1,181,12,73,0,219,9,283,147,9
2010/2011,carletonville,merafong city,west rand,27.39859,-26.35839,771,12,256,21,2,2,151,468,16,299,259,147,10,138,101,16,1,215,21,49,16,37,1,160,15,72,0,217,3,214,198,3
2011/2012,carletonville,merafong city,west rand,27.39859,-26.35839,656,6,257,24,2,0,179,441,13,377,253,131,5,127,155,11,1,174,25,59,22,23,0,142,15,79,4,238,4,170,127,5
2012/2013,carletonville,merafong city,west rand,27.39859,-26.35839,584,3,197,44,4,0,134,501,16,502,201,123,5,166,209,16,1,161,25,65,33,25,0,166,6,78,1,200,6,165,137,5
2013/2014,carletonville,merafong city,west rand,27.39859,-26.35839,729,5,235,57,0,0,218,583,12,330,205,135,11,177,324,52,3,156,63,52,44,42,0,216,10,70,0,213,18,132,167,3
2014/2015,carletonville,merafong city,west rand,27.39859,-26.35839,852,8,211,64,5,1,189,585,16,249,205,154,5,213,276,29,24,165,42,77,36,38,0,243,9,94,4,192,18,136,189,3
2015/2016,carletonville,merafong city,west rand,27.39859,-26.35839,786,9,222,51,3,0,142,602,13,236,210,128,7,233,260,21,38,158,35,59,47,48,0,286,6,69,2,185,31,152,138,2
2016/2017,carletonville,merafong city,west rand,27.39859,-26.35839,816,3,249,65,2,0,157,433,17,210,224,120,5,213,325,12,16,168,31,58,42,54,0,248,5,68,1,171,16,192,117,3
2017/2018,carletonville,merafong city,west rand,27.39859,-26.35839,687,7,229,61,4,0,171,467,21,273,199,112,6,238,471,32,25,171,42,89,59,52,0,253,8,101,0,197,21,168,184,1
2018/2019,carletonville,merafong city,west rand,27.39859,-26.35839,706,25,262,37,2,0,133,497,25,241,217,97,6,364,353,23,37,254,34,73,32,44,0,227,8,83,2,164,24,163,130,4
2019/2020,carletonville,merafong city,west rand,27.39859,-26.35839,638,3,233,58,4,0,95,429,27,229,275,153,8,495,338,33,29,203,26,60,26,46,0,256,19,87,1,173,23,141,145,2
2020/2021,carletonville,merafong city,west rand,27.39859,-26.35839,523,3,187,58,0,0,76,336,16,251,190,64,7,179,257,41,2,139,31,45,35,37,3,179,9,55,33,170,15,117,96,6
2021/2022,carletonville,merafong city,west rand,27.39859,-26.35839,637,3,226,73,1,0,81,357,67,265,274,83,6,328,270,22,92,201,43,72,75,39,3,326,13,86,10,134,18,98,89,10
2022/2023,carletonville,merafong city,west rand,27.39859,-26.35839,595,2,246,106,1,0,141,371,69,253,341,92,4,210,357,22,84,238,55,78,54,64,0,328,17,98,6,112,20,85,123,9
2023/2024,carletonville,west rand district,west rand district,27.39859,-26.35839,0,0,0,0,0,0,0,275,36,0,0,0,0,0,0,0,0,0,0,0,0,118,0,0,0,0,0,0,0,180,100,0
2024/2025,carletonville,west rand district,west rand district,27.39859,-26.35839,0,0,0,0,0,0,0,211,34,0,0,0,0,0,0,0,0,0,0,0,0,94,0,0,0,0,0,0,0,123,121,0
2008/2009,carnarvon,ubuntu,pixley ka seme,22.1259,-30.96943,48,1,122,1,1,0,14,52,0,2,85,13,7,8,27,1,1,24,6,17,1,0,0,1,4,23,0,12,9,0,9,0
2009/2010,carnarvon,ubuntu,pixley ka seme,22.1259,-30.96943,44,1,118,8,1,0,13,56,0,7,99,4,8,6,32,2,1,24,2,34,0,0,0,1,5,44,0,10,32,0,3,0
2010/2011,carnarvon,ubuntu,pixley ka seme,22.1259,-30.96943,31,0,92,7,1,0,14,31,0,6,76,9,6,10,28,0,1,18,0,10,0,0,0,0,1,12,0,8,22,0,7,0
2011/2012,carnarvon,ubuntu,pixley ka seme,22.1259,-30.96943,35,0,94,3,0,0,17,26,0,5,89,3,6,4,61,1,1,23,10,9,0,2,0,2,6,15,0,7,20,3,11,0
2012/2013,carnarvon,ubuntu,pixley ka seme,22.1259,-30.96943,29,3,123,8,0,0,8,41,0,2,80,4,6,3,51,0,1,21,4,10,0,1,0,1,3,13,0,3,20,1,7,0
2013/2014,carnarvon,ubuntu,pixley ka seme,22.1259,-30.96943,39,1,128,9,1,0,15,38,0,3,88,5,6,5,64,0,13,29,3,16,0,0,0,1,13,30,1,1,19,2,12,0
2014/2015,carnarvon,ubuntu,pixley ka seme,22.1259,-30.96943,35,2,113,7,0,0,11,36,0,6,73,7,6,4,44,2,13,17,3,10,1,0,0,4,4,14,0,1,23,1,14,0
2015/2016,carnarvon,ubuntu,pixley ka seme,22.1259,-30.96943,52,1,122,15,0,0,21,36,0,3,105,20,6,3,55,1,13,28,1,16,0,0,0,4,5,21,0,1,28,2,13,0
2016/2017,carnarvon,ubuntu,pixley ka seme,22.1259,-30.96943,39,0,126,7,0,0,19,44,0,3,126,12,6,0,59,1,13,26,4,7,4,2,0,7,0,7,0,4,38,2,5,0
2017/2018,carnarvon,ubuntu,pixley ka seme,22.1259,-30.96943,49,0,106,7,0,0,17,47,0,11,104,3,6,3,46,0,13,17,2,13,0,1,0,3,2,15,0,3,31,1,14,0
2018/2019,carnarvon,ubuntu,pixley ka seme,22.1259,-30.96943,61,3,132,5,2,0,21,38,0,7,112,11,6,1,25,1,13,28,6,11,1,1,0,4,0,13,0,9,37,0,11,0
2019/2020,carnarvon,ubuntu,pixley ka seme,22.1259,-30.96943,64,2,128,1,0,0,7,38,0,9,112,8,6,8,8,1,13,26,3,14,2,0,0,4,1,15,0,0,29,4,1,0
2020/2021,carnarvon,ubuntu,pixley ka seme,22.1259,-30.96943,56,0,120,6,1,0,9,31,0,10,118,8,6,6,9,10,12,31,3,7,1,1,0,3,2,10,0,6,66,1,6,0
2021/2022,carnarvon,ubuntu,pixley ka seme,22.1259,-30.96943,83,0,145,6,3,0,10,35,0,11,132,14,6,3,11,1,13,53,3,7,0,2,0,4,2,12,0,5,10,1,8,0
2022/2023,carnarvon,ubuntu,pixley ka seme,22.1259,-30.96943,95,0,159,17,1,0,28,56,0,10,172,7,6,1,13,1,21,31,4,10,0,0,0,5,2,13,0,9,16,0,9,0
2023/2024,carnarvon,pixley ka seme district,pixley ka seme district,22.1259,-30.96943,0,0,0,0,0,0,0,47,0,0,0,0,0,0,0,0,0,0,0,0,0,1,0,0,0,0,0,0,0,0,9,0
2024/2025,carnarvon,pixley ka seme district,pixley ka seme district,22.1259,-30.96943,0,0,0,0,0,0,0,46,0,0,0,0,0,0,0,0,0,0,0,0,0,0,0,0,0,0,0,0,0,0,14,0
2008/2009,carolina,chief albert luthuli,gert sibande,30.11998,-26.07128,205,9,118,6,3,0,66,169,3,31,133,48,6,4,9,1,1,60,4,24,8,4,0,52,0,27,0,9,101,21,19,3
2009/2010,carolina,chief albert luthuli,gert sibande,30.11998,-26.07128,191,7,99,2,4,0,52,152,4,56,119,28,4,7,11,0,1,72,7,22,4,6,0,33,1,29,0,14,141,30,32,1
2010/2011,carolina,chief albert luthuli,gert sibande,30.11998,-26.07128,141,10,105,5,5,0,59,154,3,73,114,41,11,11,13,2,1,57,3,13,1,3,0,16,2,28,0,11,115,18,28,0
2011/2012,carolina,chief albert luthuli,gert sibande,30.11998,-26.07128,98,3,69,2,1,0,68,135,0,19,68,23,7,34,23,9,1,45,3,21,7,0,0,18,1,24,0,11,82,24,19,1
2012/2013,carolina,chief albert luthuli,gert sibande,30.11998,-26.07128,111,0,28,6,2,0,33,133,1,24,33,8,7,40,27,1,1,32,6,14,6,3,0,14,2,19,2,18,90,11,21,1
2013/2014,carolina,chief albert luthuli,gert sibande,30.11998,-26.07128,96,2,52,5,4,0,44,140,2,14,44,14,5,49,37,4,21,21,7,19,11,2,0,25,2,28,0,17,83,6,21,3
2014/2015,carolina,chief albert luthuli,gert sibande,30.11998,-26.07128,68,1,64,3,0,0,35,169,1,13,26,13,6,29,50,4,13,11,6,26,4,3,0,13,4,30,0,8,99,12,21,1
2015/2016,carolina,chief albert luthuli,gert sibande,30.11998,-26.07128,97,1,74,3,4,0,60,152,0,35,50,12,5,48,37,0,12,20,3,25,7,6,0,27,3,35,0,9,89,25,37,1
2016/2017,carolina,chief albert luthuli,gert sibande,30.11998,-26.07128,101,2,52,6,3,0,52,120,2,22,34,12,7,35,54,0,12,16,4,18,14,5,0,29,1,23,1,15,93,19,37,0
2017/2018,carolina,chief albert luthuli,gert sibande,30.11998,-26.07128,90,0,56,1,1,0,38,146,0,22,30,11,6,52,68,4,12,25,6,38,16,3,0,23,1,40,0,16,116,9,27,0
2018/2019,carolina,chief albert luthuli,gert sibande,30.11998,-26.07128,124,4,64,2,3,0,62,141,2,31,47,15,6,21,18,6,21,17,6,31,6,5,0,20,0,34,0,16,80,15,38,1
2019/2020,carolina,chief albert luthuli,gert sibande,30.11998,-26.07128,94,3,83,3,1,0,57,166,1,28,38,18,6,13,8,4,13,39,4,38,8,4,0,29,1,40,0,11,86,34,39,2
2020/2021,carolina,chief albert luthuli,gert sibande,30.11998,-26.07128,100,5,96,8,2,0,63,121,2,45,67,20,6,10,6,3,12,57,10,20,9,5,0,37,7,29,0,21,87,7,38,2
2021/2022,carolina,chief albert luthuli,gert sibande,30.11998,-26.07128,115,4,97,6,0,0,71,107,2,67,84,15,6,9,6,2,17,67,5,23,13,13,0,67,2,25,0,30,146,23,33,1
2022/2023,carolina,chief albert luthuli,gert sibande,30.11998,-26.07128,133,2,110,8,0,0,72,139,5,51,76,28,7,10,10,1,2,44,13,30,29,7,0,76,5,36,0,27,96,9,65,6
2023/2024,carolina,gert sibande district,gert sibande district,30.11998,-26.07128,0,0,0,0,0,0,0,138,2,0,0,0,0,0,0,0,0,0,0,0,0,14,0,0,0,0,0,0,0,14,65,0
2024/2025,carolina,gert sibande district,gert sibande district,30.11998,-26.07128,0,0,0,0,0,0,0,125,5,0,0,0,0,0,0,0,0,0,0,0,0,4,0,0,0,0,0,0,0,17,56,0
2008/2009,cathcart,amahlathi,amathole,27.1411,-32.29579,59,4,63,1,2,0,2,71,0,16,46,9,4,9,16,3,1,27,7,12,0,0,0,0,0,16,0,2,60,4,5,0
2009/2010,cathcart,amahlathi,amathole,27.1411,-32.29579,39,1,104,0,3,0,9,53,0,14,44,7,5,7,21,3,1,30,5,11,2,2,0,5,1,18,0,3,46,3,3,0
2010/2011,cathcart,amahlathi,amathole,27.1411,-32.29579,32,1,90,1,4,0,11,70,0,15,31,7,7,18,24,2,1,40,2,11,2,1,0,6,6,22,0,3,64,7,15,0
2011/2012,cathcart,amahlathi,amathole,27.1411,-32.29579,59,2,87,4,3,0,17,58,0,8,50,7,6,14,28,2,1,38,8,22,2,2,0,6,4,29,0,3,31,5,8,0
2012/2013,cathcart,amahlathi,amathole,27.1411,-32.29579,31,2,59,2,4,0,17,56,0,7,38,5,7,25,37,3,1,27,3,18,2,0,0,6,2,25,0,2,42,6,12,0
2013/2014,cathcart,amahlathi,amathole,27.1411,-32.29579,40,3,56,1,0,0,8,42,0,14,25,3,7,27,32,4,13,15,4,20,0,1,0,3,5,26,0,3,28,2,5,0
2014/2015,cathcart,amahlathi,amathole,27.1411,-32.29579,35,2,62,2,0,0,20,44,2,7,17,6,6,19,42,2,12,19,6,19,3,0,0,8,0,19,0,1,46,0,8,0
2015/2016,cathcart,amahlathi,amathole,27.1411,-32.29579,35,1,78,2,1,0,13,75,0,17,14,6,6,17,46,0,12,31,4,22,6,0,0,12,2,25,0,5,48,0,4,0
2016/2017,cathcart,amahlathi,amathole,27.1411,-32.29579,32,2,72,2,0,0,24,81,0,8,20,15,6,11,54,0,13,38,2,18,3,1,0,12,4,22,0,5,46,0,17,0
2017/2018,cathcart,amahlathi,amathole,27.1411,-32.29579,45,1,55,2,0,0,19,81,1,6,39,6,7,10,49,4,13,49,5,18,3,2,0,14,4,23,0,3,38,4,10,0
2018/2019,cathcart,amahlathi,amathole,27.1411,-32.29579,31,0,41,2,1,0,21,51,0,7,20,3,4,5,27,4,13,17,5,10,5,3,0,12,0,13,0,2,35,2,11,0
2019/2020,cathcart,amahlathi,amathole,27.1411,-32.29579,30,3,36,3,1,0,20,49,1,13,20,5,6,11,18,5,13,12,4,11,3,3,0,14,1,13,0,3,45,3,11,0
2020/2021,cathcart,amahlathi,amathole,27.1411,-32.29579,33,0,35,0,0,0,32,50,0,12,20,1,7,4,5,1,21,13,6,11,1,1,0,9,1,13,0,4,42,1,9,0
2021/2022,cathcart,amahlathi,amathole,27.1411,-32.29579,74,1,45,2,0,0,19,55,0,14,35,3,7,4,6,0,21,20,5,12,1,3,0,7,1,14,0,3,18,4,15,1
2022/2023,cathcart,amahlathi,amathole,27.1411,-32.29579,37,0,74,4,1,0,10,42,1,15,31,3,7,4,7,0,12,95,2,12,3,1,0,9,3,17,0,5,19,1,6,0
2023/2024,cathcart,amathole district,amathole district,27.1411,-32.29579,0,0,0,0,0,0,0,38,0,0,0,0,0,0,0,0,0,0,0,0,0,2,0,0,0,0,0,0,0,0,6,0
2024/2025,cathcart,amathole district,amathole district,27.1411,-32.29579,0,0,0,0,0,0,0,40,0,0,0,0,0,0,0,0,0,0,0,0,0,1,0,0,0,0,0,0,0,0,4,0
2008/2009,cato manor,ethekwini,ethekwini,30.968,-29.86012,256,15,386,132,4,0,14,345,39,15,183,178,36,19,390,42,1,171,64,90,12,33,0,297,32,142,0,2,0,55,76,0
2009/2010,cato manor,ethekwini,ethekwini,30.968,-29.86012,226,11,310,50,3,0,36,295,55,25,181,80,12,24,394,51,1,137,57,95,3,35,0,222,26,131,0,0,0,56,59,1
2010/2011,cato manor,ethekwini,ethekwini,30.968,-29.86012,311,11,333,40,4,0,38,244,28,22,220,58,9,24,461,51,1,122,37,97,3,26,0,155,12,118,0,1,0,58,47,1
2011/2012,cato manor,ethekwini,ethekwini,30.968,-29.86012,480,11,351,34,3,0,34,395,36,39,230,71,4,35,558,27,1,123,29,116,10,22,0,152,26,147,1,1,0,40,63,0
2012/2013,cato manor,ethekwini,ethekwini,30.968,-29.86012,313,9,258,41,3,0,30,310,39,20,149,104,9,33,644,40,1,120,42,84,8,22,0,154,20,112,0,1,0,39,69,2
2013/2014,cato manor,ethekwini,ethekwini,30.968,-29.86012,162,9,167,41,1,0,21,248,31,15,95,99,5,50,715,49,17,93,39,71,10,20,0,112,11,86,0,1,0,33,51,0
2014/2015,cato manor,ethekwini,ethekwini,30.968,-29.86012,145,3,171,32,1,0,20,234,25,24,83,103,4,63,803,42,22,64,40,82,9,30,0,125,15,100,0,0,0,37,52,0
2015/2016,cato manor,ethekwini,ethekwini,30.968,-29.86012,142,5,224,21,0,0,26,185,27,17,78,34,7,50,802,13,22,75,38,66,11,21,0,118,12,79,0,1,0,84,57,0
2016/2017,cato manor,ethekwini,ethekwini,30.968,-29.86012,145,4,223,33,0,0,24,248,33,21,73,72,7,69,825,39,17,83,40,69,9,23,0,134,18,88,0,0,0,60,72,0
2017/2018,cato manor,ethekwini,ethekwini,30.968,-29.86012,201,2,309,42,0,0,23,283,34,29,151,63,7,86,885,23,28,161,66,71,25,28,0,195,16,88,3,0,1,85,84,0
2018/2019,cato manor,ethekwini,ethekwini,30.968,-29.86012,229,2,294,64,1,0,10,291,69,61,180,98,7,83,298,22,36,208,61,82,30,51,0,273,20,104,0,0,0,73,73,1
2019/2020,cato manor,ethekwini,ethekwini,30.968,-29.86012,247,1,357,58,1,0,25,248,75,45,203,80,4,181,153,57,26,159,83,95,16,61,0,260,19,117,0,0,0,48,70,1
2020/2021,cato manor,ethekwini,ethekwini,30.968,-29.86012,223,1,297,55,0,0,15,177,30,71,146,50,4,16,108,33,3,162,66,73,26,45,0,162,10,85,0,0,0,49,57,1
2021/2022,cato manor,ethekwini,ethekwini,30.968,-29.86012,245,7,322,56,1,0,36,152,53,77,167,57,5,12,214,15,10,157,78,93,26,48,0,266,18,115,3,2,0,66,55,0
2022/2023,cato manor,ethekwini,ethekwini,30.968,-29.86012,276,9,335,67,1,0,14,177,100,74,186,89,4,14,319,27,48,161,111,124,45,67,0,382,6,133,1,0,0,75,70,0
2023/2024,cato manor,ethekwini district,ethekwini district,30.968,-29.86012,0,0,0,0,0,0,0,166,84,0,0,0,0,0,0,0,0,0,0,0,0,42,0,0,0,0,0,0,0,70,54,0
2024/2025,cato manor,ethekwini district,ethekwini district,30.968,-29.86012,0,0,0,0,0,0,0,127,50,0,0,0,0,0,0,0,0,0,0,0,0,33,0,0,0,0,0,0,0,95,52,0
2008/2009,cedarville,matatiele,alfred nzo,29.04574,-30.39106,5,0,13,0,0,0,10,16,0,0,7,4,6,5,8,1,1,4,1,3,0,0,0,3,1,4,0,0,19,1,2,0
2009/2010,cedarville,matatiele,alfred nzo,29.04574,-30.39106,5,0,14,1,0,0,7,14,0,0,9,1,6,2,8,1,1,1,3,6,0,0,0,0,0,6,0,0,19,1,4,0
2010/2011,cedarville,matatiele,alfred nzo,29.04574,-30.39106,7,0,15,1,0,0,11,33,0,0,15,0,6,2,6,0,1,7,3,2,0,0,0,2,1,3,0,0,18,0,4,0
2011/2012,cedarville,matatiele,alfred nzo,29.04574,-30.39106,12,0,5,0,0,0,6,24,0,0,5,1,6,7,11,0,1,4,3,3,0,0,0,2,4,7,0,0,23,0,2,0
2012/2013,cedarville,matatiele,alfred nzo,29.04574,-30.39106,19,0,20,0,1,0,11,31,0,1,14,3,6,2,38,7,1,5,5,7,1,1,0,4,1,9,0,0,35,1,4,0
2013/2014,cedarville,matatiele,alfred nzo,29.04574,-30.39106,17,1,26,1,0,0,10,30,0,0,12,1,6,7,63,2,21,9,7,13,3,3,0,11,3,16,0,0,25,0,9,0
2014/2015,cedarville,matatiele,alfred nzo,29.04574,-30.39106,17,2,20,1,0,0,4,13,0,0,14,3,6,6,38,4,13,7,3,9,3,0,0,4,2,11,0,0,29,2,16,0
2015/2016,cedarville,matatiele,alfred nzo,29.04574,-30.39106,21,1,38,1,0,0,16,28,1,3,20,2,6,1,28,1,13,9,3,11,2,1,0,7,2,13,0,0,44,0,7,0
2016/2017,cedarville,matatiele,alfred nzo,29.04574,-30.39106,37,1,41,1,0,0,22,42,1,4,17,0,6,1,25,2,13,8,5,15,2,1,0,9,0,15,0,0,24,1,10,0
2017/2018,cedarville,matatiele,alfred nzo,29.04574,-30.39106,18,0,48,0,2,0,13,42,0,4,10,2,7,2,34,2,13,8,3,9,1,0,0,6,3,15,0,0,30,1,1,0
2018/2019,cedarville,matatiele,alfred nzo,29.04574,-30.39106,29,0,23,0,0,0,16,24,0,1,16,2,6,0,34,0,12,11,2,8,3,1,0,8,3,11,0,0,36,0,9,0
2019/2020,cedarville,matatiele,alfred nzo,29.04574,-30.39106,28,0,39,1,1,0,14,34,0,3,20,0,7,4,11,5,13,18,8,14,4,0,0,10,4,20,0,1,29,0,15,0
2020/2021,cedarville,matatiele,alfred nzo,29.04574,-30.39106,13,0,46,5,1,0,11,25,0,5,18,3,6,1,4,1,12,15,2,20,1,1,0,3,2,23,0,0,43,0,8,0
2021/2022,cedarville,matatiele,alfred nzo,29.04574,-30.39106,28,0,42,7,0,0,18,53,0,8,29,3,7,2,6,2,13,21,5,19,6,2,0,11,3,23,1,0,21,0,11,0
2022/2023,cedarville,matatiele,alfred nzo,29.04574,-30.39106,40,2,73,5,1,0,13,44,0,8,39,1,6,4,7,1,13,11,4,16,2,2,0,7,1,18,0,0,13,0,13,0
2023/2024,cedarville,alfred nzo district,alfred nzo district,29.04574,-30.39106,0,0,0,0,0,0,0,29,1,0,0,0,0,0,0,0,0,0,0,0,0,0,0,0,0,0,0,0,0,1,5,0
2024/2025,cedarville,alfred nzo district,alfred nzo district,29.04574,-30.39106,0,0,0,0,0,0,0,16,1,0,0,0,0,0,0,0,0,0,0,0,0,5,0,0,0,0,0,0,0,1,0,0
2008/2009,centane,mnquma,amathole,28.3202,-32.51021,57,11,192,33,3,0,8,82,0,14,65,14,9,31,25,5,1,58,43,49,7,5,0,18,0,57,0,7,20,7,9,0
2009/2010,centane,mnquma,amathole,28.3202,-32.51021,61,12,209,28,4,0,9,93,1,14,101,21,6,31,31,11,1,72,59,72,8,11,0,26,2,78,0,53,27,6,11,0
2010/2011,centane,mnquma,amathole,28.3202,-32.51021,65,8,269,42,3,0,10,84,0,8,105,29,10,9,45,13,1,76,44,71,8,15,0,30,6,86,0,31,61,3,12,0
2011/2012,centane,mnquma,amathole,28.3202,-32.51021,104,15,240,47,4,0,57,114,2,18,95,25,4,11,67,9,1,83,49,83,12,20,1,52,11,100,0,24,40,2,16,1
2012/2013,centane,mnquma,amathole,28.3202,-32.51021,70,9,237,33,2,0,50,80,1,10,104,20,4,7,69,15,1,98,76,92,12,17,0,43,9,105,1,33,35,6,10,0
2013/2014,centane,mnquma,amathole,28.3202,-32.51021,96,12,269,31,1,0,71,84,0,7,133,10,4,3,68,15,21,128,49,106,23,21,0,60,10,119,0,31,29,7,16,0
2014/2015,centane,mnquma,amathole,28.3202,-32.51021,74,11,279,25,2,0,73,115,2,19,102,10,6,37,92,13,23,115,67,96,19,15,0,60,7,105,0,23,24,6,30,0
2015/2016,centane,mnquma,amathole,28.3202,-32.51021,85,9,259,50,3,0,63,108,1,9,130,2,7,5,97,9,22,93,63,115,16,19,0,58,11,130,0,21,34,1,24,0
2016/2017,centane,mnquma,amathole,28.3202,-32.51021,84,12,232,32,3,0,84,122,0,17,97,15,7,3,116,18,25,102,74,94,19,21,0,59,6,104,0,28,25,5,13,0
2017/2018,centane,mnquma,amathole,28.3202,-32.51021,100,5,216,23,2,0,52,102,4,7,126,16,7,2,138,15,25,89,63,130,20,20,0,68,9,142,0,30,28,1,15,0
2018/2019,centane,mnquma,amathole,28.3202,-32.51021,102,6,204,21,4,0,79,138,1,9,85,13,4,1,107,12,23,100,73,125,22,18,0,69,6,137,0,24,28,6,20,0
2019/2020,centane,mnquma,amathole,28.3202,-32.51021,98,10,188,31,0,0,67,118,3,17,87,13,6,4,61,27,14,82,79,129,20,18,0,60,3,132,0,14,26,3,13,0
2020/2021,centane,mnquma,amathole,28.3202,-32.51021,87,5,183,14,3,0,56,96,5,17,78,13,7,1,24,9,23,58,62,73,25,25,1,75,8,85,0,8,11,2,5,0
2021/2022,centane,mnquma,amathole,28.3202,-32.51021,99,9,205,20,3,1,38,89,6,20,95,9,7,0,21,5,14,64,78,110,17,15,3,55,6,120,0,13,13,3,5,1
2022/2023,centane,mnquma,amathole,28.3202,-32.51021,60,5,203,26,6,0,62,64,3,26,114,19,6,0,15,17,14,74,79,89,18,15,1,62,2,97,0,11,17,1,6,0
2023/2024,centane,amathole district,amathole district,28.3202,-32.51021,0,0,0,0,0,0,0,41,0,0,0,0,0,0,0,0,0,0,0,0,0,13,0,0,0,0,0,0,0,2,9,0
2024/2025,centane,amathole district,amathole district,28.3202,-32.51021,0,0,0,0,0,0,0,60,1,0,0,0,0,0,0,0,0,0,0,0,0,28,0,0,0,0,0,0,0,6,8,0
2008/2009,ceres,witzenberg,cape winelands,19.31159,-33.36941,445,2,279,3,3,0,74,223,0,24,369,23,9,40,412,5,1,156,18,67,1,0,1,4,15,90,0,262,8,8,94,0
2009/2010,ceres,witzenberg,cape winelands,19.31159,-33.36941,404,3,281,4,0,0,116,257,0,19,387,31,5,35,385,8,1,126,14,48,2,0,0,4,10,61,0,221,21,12,135,0
2010/2011,ceres,witzenberg,cape winelands,19.31159,-33.36941,382,7,269,2,5,0,78,232,1,34,360,28,8,71,536,3,1,136,13,66,2,0,0,6,12,87,0,154,9,5,157,0
2011/2012,ceres,witzenberg,cape winelands,19.31159,-33.36941,396,12,250,1,5,0,71,278,0,34,444,24,4,71,653,3,1,157,12,37,2,2,0,11,11,55,3,128,11,4,139,0
2012/2013,ceres,witzenberg,cape winelands,19.31159,-33.36941,418,7,270,11,11,0,100,348,1,38,424,72,6,79,746,7,1,135,12,65,10,4,1,33,8,84,1,125,13,9,164,0
2013/2014,ceres,witzenberg,cape winelands,19.31159,-33.36941,488,9,305,10,10,0,121,370,1,54,447,67,5,97,942,6,21,166,16,45,3,4,0,23,6,64,0,124,16,5,236,0
2014/2015,ceres,witzenberg,cape winelands,19.31159,-33.36941,506,9,318,10,3,0,129,388,0,42,416,71,7,58,988,8,14,184,13,37,7,3,0,31,10,51,0,183,8,3,246,0
2015/2016,ceres,witzenberg,cape winelands,19.31159,-33.36941,456,8,335,9,10,0,118,328,2,79,435,63,6,37,1005,4,23,151,14,28,7,3,0,35,7,45,1,168,7,4,176,0
2016/2017,ceres,witzenberg,cape winelands,19.31159,-33.36941,434,9,346,18,8,0,188,370,0,58,367,64,16,47,1252,12,17,194,16,41,6,11,0,58,16,75,0,217,4,9,175,0
2017/2018,ceres,witzenberg,cape winelands,19.31159,-33.36941,363,6,237,9,4,0,67,280,0,65,247,55,9,38,1449,11,12,102,19,34,7,5,0,56,6,49,1,173,16,7,145,0
2018/2019,ceres,witzenberg,cape winelands,19.31159,-33.36941,390,11,269,12,2,0,113,348,0,58,302,38,7,39,823,4,21,152,15,27,11,4,0,55,4,34,1,122,8,15,148,0
2019/2020,ceres,witzenberg,cape winelands,19.31159,-33.36941,342,10,255,5,4,0,131,307,1,77,270,36,5,72,435,3,17,166,22,29,6,3,0,47,9,45,0,93,12,13,201,0
2020/2021,ceres,witzenberg,cape winelands,19.31159,-33.36941,297,11,228,30,3,0,86,300,1,71,266,26,4,52,269,5,14,153,27,21,9,7,0,46,8,34,0,66,9,7,108,0
2021/2022,ceres,witzenberg,cape winelands,19.31159,-33.36941,384,5,304,26,4,0,95,219,0,87,303,36,4,165,357,5,22,161,39,24,7,2,0,31,12,42,1,59,3,5,110,0
2022/2023,ceres,witzenberg,cape winelands,19.31159,-33.36941,362,5,282,23,3,0,60,221,0,81,384,44,7,61,459,3,21,166,29,31,5,6,0,50,17,52,0,94,4,9,87,0
2023/2024,ceres,cape winelands district,cape winelands district,19.31159,-33.36941,0,0,0,0,0,0,0,137,1,0,0,0,0,0,0,0,0,0,0,0,0,4,0,0,0,0,0,0,0,9,99,0
2024/2025,ceres,cape winelands district,cape winelands district,19.31159,-33.36941,0,0,0,0,0,0,0,137,0,0,0,0,0,0,0,0,0,0,0,0,0,0,0,0,0,0,0,0,0,5,79,0
2008/2009,ceza,ulundi,zululand,31.37832,-27.99503,29,5,50,13,0,0,4,23,0,2,15,3,6,0,6,28,1,12,10,16,0,2,0,10,0,16,0,0,17,2,1,0
2009/2010,ceza,ulundi,zululand,31.37832,-27.99503,56,7,85,15,1,0,14,39,0,1,20,4,4,1,22,13,1,20,9,13,0,0,0,4,2,18,0,0,44,0,4,0
2010/2011,ceza,ulundi,zululand,31.37832,-27.99503,32,5,105,8,1,0,8,35,0,1,17,8,7,2,14,9,1,9,2,24,0,3,0,11,1,27,0,0,34,1,11,0
2011/2012,ceza,ulundi,zululand,31.37832,-27.99503,38,4,111,7,1,0,15,43,1,4,18,3,7,2,28,10,1,21,5,16,1,0,0,6,4,22,0,0,48,2,4,0
2012/2013,ceza,ulundi,zululand,31.37832,-27.99503,25,2,100,7,0,0,19,42,0,0,18,3,7,1,30,14,1,21,8,11,1,3,0,9,5,17,0,1,38,1,6,0
2013/2014,ceza,ulundi,zululand,31.37832,-27.99503,20,1,93,7,0,0,13,20,0,0,16,1,6,2,22,16,13,15,1,15,1,4,0,10,3,18,0,0,37,1,5,0
2014/2015,ceza,ulundi,zululand,31.37832,-27.99503,21,6,81,10,0,0,17,18,1,1,16,2,6,2,17,20,13,20,9,8,4,2,0,10,0,8,0,0,63,1,2,0
2015/2016,ceza,ulundi,zululand,31.37832,-27.99503,13,1,48,7,0,0,12,13,0,0,4,1,6,2,29,25,13,8,8,12,1,2,0,3,2,14,0,0,32,1,2,0
2016/2017,ceza,ulundi,zululand,31.37832,-27.99503,6,3,44,6,0,0,12,22,0,1,6,0,6,2,45,14,12,10,10,11,3,1,0,6,1,12,0,0,18,0,1,0
2017/2018,ceza,ulundi,zululand,31.37832,-27.99503,7,1,37,5,0,0,8,19,0,4,8,1,7,15,44,9,13,9,9,11,0,0,0,1,1,13,0,0,25,0,1,0
2018/2019,ceza,ulundi,zululand,31.37832,-27.99503,18,2,60,4,0,0,8,6,0,3,8,3,6,25,29,10,13,10,5,10,1,2,0,4,1,11,0,0,21,0,3,0
2019/2020,ceza,ulundi,zululand,31.37832,-27.99503,10,3,38,1,1,0,6,12,0,0,6,1,6,68,61,23,13,8,5,10,1,1,0,5,1,12,0,0,14,0,1,0
2020/2021,ceza,ulundi,zululand,31.37832,-27.99503,10,2,35,1,0,0,6,13,0,4,9,0,6,36,66,26,12,9,9,10,0,0,0,2,5,15,0,0,11,0,1,0
2021/2022,ceza,ulundi,zululand,31.37832,-27.99503,10,1,24,0,0,0,10,13,0,4,5,2,6,38,79,20,12,3,7,9,1,2,0,5,3,12,0,0,20,0,0,0
2022/2023,ceza,ulundi,zululand,31.37832,-27.99503,10,0,32,4,0,0,7,9,0,10,15,2,6,11,80,8,23,7,7,5,1,3,0,7,2,7,0,0,8,0,0,0
2023/2024,ceza,zululand district,zululand district,31.37832,-27.99503,0,0,0,0,0,0,0,9,0,0,0,0,0,0,0,0,0,0,0,0,0,1,0,0,0,0,0,0,0,0,0,0
2024/2025,ceza,zululand district,zululand district,31.37832,-27.99503,0,0,0,0,0,0,0,18,0,0,0,0,0,0,0,0,0,0,0,0,0,0,0,0,0,0,0,0,0,0,0,0
2008/2009,chalumna,buffalo city,buffalo city,27.53995,-33.13694,23,0,45,2,1,0,1,49,0,0,8,3,7,2,0,2,1,23,11,16,1,1,0,11,0,18,0,0,3,0,69,1
2009/2010,chalumna,buffalo city,buffalo city,27.53995,-33.13694,31,4,45,2,0,0,16,30,0,1,12,3,6,2,9,1,1,17,7,14,0,0,0,6,0,14,0,0,14,0,55,1
2010/2011,chalumna,buffalo city,buffalo city,27.53995,-33.13694,31,1,43,1,1,0,3,45,0,0,3,4,7,3,6,3,1,16,2,23,1,1,0,7,1,26,0,0,13,2,81,0
2011/2012,chalumna,buffalo city,buffalo city,27.53995,-33.13694,38,2,44,1,1,0,5,40,0,0,4,3,6,1,5,1,1,14,6,14,1,0,0,9,1,16,0,0,6,0,43,0
2012/2013,chalumna,buffalo city,buffalo city,27.53995,-33.13694,42,1,35,1,0,0,0,35,0,0,10,3,6,5,2,1,1,12,5,20,1,2,0,8,2,22,0,0,5,0,83,0
2013/2014,chalumna,buffalo city,buffalo city,27.53995,-33.13694,38,2,54,2,0,0,7,41,0,1,11,4,6,2,3,1,13,50,3,12,3,1,0,10,2,14,0,0,8,1,104,0
2014/2015,chalumna,buffalo city,buffalo city,27.53995,-33.13694,20,2,38,1,0,0,13,18,0,0,6,1,6,2,10,1,12,32,8,13,2,3,0,10,1,14,0,0,8,0,74,0
2015/2016,chalumna,buffalo city,buffalo city,27.53995,-33.13694,18,2,38,0,0,0,10,21,0,1,2,1,6,4,12,4,13,36,6,9,4,3,0,13,1,10,0,0,2,0,98,0
2016/2017,chalumna,buffalo city,buffalo city,27.53995,-33.13694,13,0,31,0,0,0,13,18,0,2,6,1,6,2,10,0,13,22,4,14,0,2,0,10,5,19,0,0,2,0,26,0
2017/2018,chalumna,buffalo city,buffalo city,27.53995,-33.13694,16,2,56,1,0,0,7,28,0,0,2,2,6,3,13,2,13,16,7,19,4,3,0,22,1,20,0,0,11,1,51,0
2018/2019,chalumna,buffalo city,buffalo city,27.53995,-33.13694,31,2,63,2,0,0,7,49,0,2,12,3,6,5,9,2,13,26,8,12,3,1,0,27,5,17,0,0,5,0,60,0
2019/2020,chalumna,buffalo city,buffalo city,27.53995,-33.13694,30,1,43,2,1,0,12,22,0,4,11,5,6,3,6,2,13,17,4,17,0,1,0,18,6,24,0,0,8,2,42,0
2020/2021,chalumna,buffalo city,buffalo city,27.53995,-33.13694,27,0,26,5,1,0,14,20,0,1,7,2,7,2,3,2,21,18,11,9,3,2,0,13,0,11,0,0,4,1,30,0
2021/2022,chalumna,buffalo city,buffalo city,27.53995,-33.13694,39,0,60,2,1,0,14,24,0,1,9,2,6,0,1,0,21,20,4,9,2,1,0,10,3,13,0,0,3,1,57,0
2022/2023,chalumna,buffalo city,buffalo city,27.53995,-33.13694,43,0,59,2,1,0,7,36,1,1,10,5,7,1,1,0,13,19,3,19,7,0,0,15,2,23,0,0,10,1,36,0
2023/2024,chalumna,buffalo city district,buffalo city district,27.53995,-33.13694,0,0,0,0,0,0,0,21,0,0,0,0,0,0,0,0,0,0,0,0,0,3,0,0,0,0,0,0,0,0,27,0
2024/2025,chalumna,buffalo city district,buffalo city district,27.53995,-33.13694,0,0,0,0,0,0,0,26,0,0,0,0,0,0,0,0,0,0,0,0,0,1,0,0,0,0,0,0,0,1,42,0
2008/2009,charl cilliers,govan mbeki,gert sibande,29.1875,-26.65976,22,0,8,0,1,0,1,14,4,1,20,0,7,4,0,0,1,5,1,1,0,0,0,9,0,3,0,1,10,1,1,2
2009/2010,charl cilliers,govan mbeki,gert sibande,29.1875,-26.65976,27,0,15,1,1,0,1,9,0,2,13,1,6,2,0,0,1,2,1,4,0,2,0,8,0,5,0,0,13,3,0,4
2010/2011,charl cilliers,govan mbeki,gert sibande,29.1875,-26.65976,14,0,8,1,0,0,0,6,2,3,13,2,6,7,3,0,1,3,0,0,0,0,0,2,0,0,0,0,19,2,0,0
2011/2012,charl cilliers,govan mbeki,gert sibande,29.1875,-26.65976,29,0,11,1,1,0,1,13,0,0,7,0,6,15,8,0,1,1,0,2,0,0,0,0,0,3,0,0,34,2,0,0
2012/2013,charl cilliers,govan mbeki,gert sibande,29.1875,-26.65976,14,0,7,0,0,0,0,6,0,3,5,2,6,14,10,0,1,6,0,3,0,0,0,1,0,3,0,0,42,2,1,0
2013/2014,charl cilliers,govan mbeki,gert sibande,29.1875,-26.65976,20,0,5,0,0,0,0,13,1,3,6,0,6,25,6,1,13,4,0,2,0,0,0,2,0,2,0,0,17,3,4,1
2014/2015,charl cilliers,govan mbeki,gert sibande,29.1875,-26.65976,15,0,4,1,0,0,0,9,0,2,4,1,7,28,7,0,13,3,1,2,1,0,0,1,0,3,0,0,16,1,3,0
2015/2016,charl cilliers,govan mbeki,gert sibande,29.1875,-26.65976,23,0,3,1,0,0,3,12,0,3,4,0,6,42,6,0,13,3,1,1,0,0,0,1,0,1,0,0,12,3,2,0
2016/2017,charl cilliers,govan mbeki,gert sibande,29.1875,-26.65976,21,0,5,0,0,0,3,9,0,4,5,1,6,32,5,1,13,4,1,3,1,0,0,3,0,3,0,0,7,3,1,1
2017/2018,charl cilliers,govan mbeki,gert sibande,29.1875,-26.65976,29,0,11,1,0,0,1,13,0,1,10,1,6,43,6,0,13,2,3,4,0,1,0,1,0,4,0,1,18,0,2,0
2018/2019,charl cilliers,govan mbeki,gert sibande,29.1875,-26.65976,22,0,22,0,0,0,4,9,0,2,12,0,6,54,0,1,13,0,1,6,1,0,0,2,1,7,0,0,19,1,4,0
2019/2020,charl cilliers,govan mbeki,gert sibande,29.1875,-26.65976,48,0,19,1,0,0,4,13,2,2,11,0,7,65,3,0,13,2,1,4,1,1,0,7,1,6,0,3,14,3,0,0
2020/2021,charl cilliers,govan mbeki,gert sibande,29.1875,-26.65976,39,0,7,0,1,0,2,13,3,3,15,1,6,37,0,0,13,5,0,1,1,0,0,6,0,2,0,0,13,2,8,0
2021/2022,charl cilliers,govan mbeki,gert sibande,29.1875,-26.65976,17,1,8,2,1,0,0,19,1,5,14,0,6,12,1,0,13,5,1,2,2,0,0,5,0,3,0,0,17,0,9,1
2022/2023,charl cilliers,govan mbeki,gert sibande,29.1875,-26.65976,25,0,20,1,0,0,3,16,0,6,7,2,6,12,0,2,13,1,0,2,3,1,0,7,0,2,0,2,27,3,4,0
2023/2024,charl cilliers,gert sibande district,gert sibande district,29.1875,-26.65976,0,0,0,0,0,0,0,6,0,0,0,0,0,0,0,0,0,0,0,0,0,0,0,0,0,0,0,0,0,0,3,0
2024/2025,charl cilliers,gert sibande district,gert sibande district,29.1875,-26.65976,0,0,0,0,0,0,0,19,0,0,0,0,0,0,0,0,0,0,0,0,0,0,0,0,0,0,0,0,0,0,2,0
2008/2009,charlestown,newcastle,amajuba,29.87355,-27.41557,15,0,15,1,0,0,1,12,0,2,10,1,6,3,2,1,1,12,2,3,0,0,0,5,2,5,0,0,24,0,2,0
2009/2010,charlestown,newcastle,amajuba,29.87355,-27.41557,15,2,29,1,0,0,4,9,0,0,14,0,6,6,8,1,1,12,1,5,0,0,0,1,1,6,0,0,21,0,2,0
2010/2011,charlestown,newcastle,amajuba,29.87355,-27.41557,13,1,16,0,0,0,4,17,0,1,7,1,6,3,9,2,1,8,1,6,2,1,0,3,0,6,0,0,22,3,2,0
2011/2012,charlestown,newcastle,amajuba,29.87355,-27.41557,43,0,19,3,0,0,3,12,0,1,8,0,7,3,7,2,1,3,1,4,0,0,0,1,0,5,0,0,35,0,1,1
2012/2013,charlestown,newcastle,amajuba,29.87355,-27.41557,24,3,21,0,0,0,2,27,0,0,12,2,6,7,2,0,1,4,2,7,1,0,0,4,0,7,0,0,36,1,1,1
2013/2014,charlestown,newcastle,amajuba,29.87355,-27.41557,26,2,23,2,0,0,7,37,0,3,13,0,6,6,9,2,13,5,2,2,2,0,0,7,0,2,0,0,25,2,1,3
2014/2015,charlestown,newcastle,amajuba,29.87355,-27.41557,29,1,24,0,0,0,12,17,0,0,16,2,6,1,2,0,13,11,1,3,1,0,0,3,1,4,0,0,45,3,2,1
2015/2016,charlestown,newcastle,amajuba,29.87355,-27.41557,28,0,33,1,0,0,6,32,1,1,14,3,6,5,5,0,13,9,2,4,0,0,0,6,2,6,0,0,25,0,2,1
2016/2017,charlestown,newcastle,amajuba,29.87355,-27.41557,18,0,35,0,0,0,6,23,1,1,7,1,6,7,4,1,12,12,2,3,0,0,0,1,0,3,0,0,26,0,5,0
2017/2018,charlestown,newcastle,amajuba,29.87355,-27.41557,18,2,26,0,0,0,7,15,0,0,13,2,6,10,5,2,13,4,3,5,0,1,0,4,0,5,0,0,41,1,2,0
2018/2019,charlestown,newcastle,amajuba,29.87355,-27.41557,31,1,31,0,0,0,3,10,0,1,14,1,6,10,4,0,12,14,2,4,0,2,0,4,1,5,0,0,47,0,3,0
2019/2020,charlestown,newcastle,amajuba,29.87355,-27.41557,39,1,28,1,1,0,6,23,0,1,9,1,6,24,3,0,21,13,4,4,0,1,0,3,0,5,0,0,37,0,4,0
2020/2021,charlestown,newcastle,amajuba,29.87355,-27.41557,18,1,23,0,0,0,4,24,0,2,10,1,6,1,0,0,12,7,0,2,0,0,0,2,0,2,0,1,39,0,3,0
2021/2022,charlestown,newcastle,amajuba,29.87355,-27.41557,17,0,25,1,0,0,7,9,0,3,18,2,6,6,0,3,13,8,0,0,1,1,0,3,2,2,0,0,28,0,0,0
2022/2023,charlestown,newcastle,amajuba,29.87355,-27.41557,21,1,19,1,0,0,2,36,0,6,14,1,6,0,1,0,12,11,5,8,1,0,0,3,0,8,0,0,50,0,3,0
2023/2024,charlestown,amajuba district,amajuba district,29.87355,-27.41557,0,0,0,0,0,0,0,23,0,0,0,0,0,0,0,0,0,0,0,0,0,1,0,0,0,0,0,0,0,2,2,0
2024/2025,charlestown,amajuba district,amajuba district,29.87355,-27.41557,0,0,0,0,0,0,0,28,0,0,0,0,0,0,0,0,0,0,0,0,0,0,0,0,0,0,0,0,0,1,2,0
2008/2009,chatsworth,ethekwini,ethekwini,30.88538,-29.91231,1264,13,521,95,5,0,80,508,239,280,1150,160,28,90,885,50,1,468,49,87,64,94,0,689,42,191,0,480,2,527,405,0
2009/2010,chatsworth,ethekwini,ethekwini,30.88538,-29.91231,1141,22,514,103,4,0,94,728,191,206,1185,175,49,95,1016,71,1,549,47,81,22,100,0,586,30,151,0,651,1,344,461,1
2010/2011,chatsworth,ethekwini,ethekwini,30.88538,-29.91231,1289,17,461,77,0,0,130,619,110,222,1095,147,51,105,1060,45,1,525,45,106,26,74,1,438,30,173,0,484,1,520,508,0
2011/2012,chatsworth,ethekwini,ethekwini,30.88538,-29.91231,1253,21,482,73,2,0,138,771,120,213,1214,159,10,226,1294,18,1,568,53,103,35,59,0,431,42,153,10,598,0,353,443,0
2012/2013,chatsworth,ethekwini,ethekwini,30.88538,-29.91231,1430,14,460,54,1,0,155,945,123,184,1194,167,11,162,1395,33,1,608,46,123,27,60,0,416,41,173,12,476,0,328,430,0
2013/2014,chatsworth,ethekwini,ethekwini,30.88538,-29.91231,1416,18,488,67,2,0,105,955,113,232,1169,195,5,164,1510,22,36,529,56,92,62,91,0,496,33,130,17,443,2,405,432,0
2014/2015,chatsworth,ethekwini,ethekwini,30.88538,-29.91231,1261,24,378,87,0,0,149,991,188,215,953,146,18,132,1579,40,36,521,49,75,38,65,1,510,30,116,28,496,2,321,343,2
2015/2016,chatsworth,ethekwini,ethekwini,30.88538,-29.91231,952,21,345,101,0,0,163,979,175,212,1098,149,4,126,1506,23,10,518,59,74,62,86,0,555,27,103,13,490,7,417,324,0
2016/2017,chatsworth,ethekwini,ethekwini,30.88538,-29.91231,898,15,319,103,1,0,152,935,128,243,945,141,9,132,1509,26,8,499,69,69,34,93,0,507,22,97,12,385,3,472,327,1
2017/2018,chatsworth,ethekwini,ethekwini,30.88538,-29.91231,946,18,235,116,0,0,94,648,94,187,882,116,4,197,1555,36,18,399,55,57,43,80,1,399,18,77,16,507,3,354,351,0
2018/2019,chatsworth,ethekwini,ethekwini,30.88538,-29.91231,1019,12,247,104,1,0,89,803,74,285,852,112,8,183,784,44,15,430,68,55,42,106,0,433,22,82,15,357,2,149,205,0
2019/2020,chatsworth,ethekwini,ethekwini,30.88538,-29.91231,976,9,248,67,1,0,106,681,56,270,950,114,4,234,621,31,38,372,48,80,45,91,0,375,19,102,12,348,6,248,256,0
2020/2021,chatsworth,ethekwini,ethekwini,30.88538,-29.91231,702,13,167,93,1,0,147,416,58,279,684,102,5,16,638,29,42,371,67,55,52,72,0,348,21,80,9,314,10,251,218,0
2021/2022,chatsworth,ethekwini,ethekwini,30.88538,-29.91231,826,20,221,125,0,0,188,477,81,412,862,91,4,9,659,32,33,394,80,55,53,87,0,389,28,85,14,328,8,236,160,1
2022/2023,chatsworth,ethekwini,ethekwini,30.88538,-29.91231,1106,12,251,103,2,0,99,473,88,420,1011,122,4,13,881,45,121,399,94,47,46,77,0,421,17,68,27,290,9,367,221,0
2023/2024,chatsworth,ethekwini district,ethekwini district,30.88538,-29.91231,0,0,0,0,0,0,0,577,77,0,0,0,0,0,0,0,0,0,0,0,0,80,0,0,0,0,0,0,0,432,227,0
2024/2025,chatsworth,ethekwini district,ethekwini district,30.88538,-29.91231,0,0,0,0,0,0,0,474,78,0,0,0,0,0,0,0,0,0,0,0,0,73,0,0,0,0,0,0,0,526,209,0
2023/2024,chatty,nelson mandela district,nelson mandela district,,,0,0,0,0,0,0,0,45,13,0,0,0,0,0,0,0,0,0,0,0,0,21,0,0,0,0,0,0,0,4,14,0
2024/2025,chatty,nelson mandela district,nelson mandela district,,,0,0,0,0,0,0,0,46,10,0,0,0,0,0,0,0,0,0,0,0,0,22,0,0,0,0,0,0,0,4,18,0
2008/2009,chrissiesmeer,msukaligwa,gert sibande,30.21357,-26.28052,43,1,38,4,2,0,0,39,1,0,18,9,7,3,2,0,1,12,1,10,1,3,0,7,0,13,0,0,72,6,1,0
2009/2010,chrissiesmeer,msukaligwa,gert sibande,30.21357,-26.28052,23,0,24,4,1,0,0,29,1,1,8,2,6,3,8,0,1,9,4,7,2,2,0,7,1,9,0,0,57,2,2,0
2010/2011,chrissiesmeer,msukaligwa,gert sibande,30.21357,-26.28052,12,0,10,2,2,0,0,27,1,0,5,1,6,9,13,0,1,3,2,2,0,0,0,1,0,4,0,0,58,2,0,0
2011/2012,chrissiesmeer,msukaligwa,gert sibande,30.21357,-26.28052,16,0,13,1,0,0,2,8,0,0,6,1,6,16,25,0,1,9,0,10,1,0,0,1,0,10,0,0,58,2,0,0
2012/2013,chrissiesmeer,msukaligwa,gert sibande,30.21357,-26.28052,26,0,26,0,1,0,1,26,0,0,9,6,6,14,22,0,1,11,1,12,0,0,0,0,2,15,0,0,51,2,3,0
2013/2014,chrissiesmeer,msukaligwa,gert sibande,30.21357,-26.28052,20,0,30,1,2,0,3,17,1,2,9,4,6,18,15,0,12,9,1,11,2,1,0,4,0,13,0,0,44,1,5,0
2014/2015,chrissiesmeer,msukaligwa,gert sibande,30.21357,-26.28052,26,0,28,0,2,0,9,27,0,1,10,0,6,15,18,1,13,12,4,9,3,1,0,8,3,14,0,2,32,2,4,2
2015/2016,chrissiesmeer,msukaligwa,gert sibande,30.21357,-26.28052,20,0,31,1,0,0,8,37,0,2,11,7,6,15,11,3,13,13,2,6,4,4,0,12,2,8,0,0,83,0,5,0
2016/2017,chrissiesmeer,msukaligwa,gert sibande,30.21357,-26.28052,31,1,28,0,0,0,12,25,0,2,18,3,6,20,27,0,12,12,2,10,0,1,0,4,2,12,0,0,38,4,3,1
2017/2018,chrissiesmeer,msukaligwa,gert sibande,30.21357,-26.28052,30,1,28,2,0,0,4,25,0,3,23,4,6,13,22,1,13,7,9,6,4,1,0,7,1,7,0,0,53,3,2,0
2018/2019,chrissiesmeer,msukaligwa,gert sibande,30.21357,-26.28052,30,1,29,3,0,0,8,41,0,3,22,3,6,2,11,0,13,10,0,16,0,0,0,2,3,19,0,0,28,0,5,0
2019/2020,chrissiesmeer,msukaligwa,gert sibande,30.21357,-26.28052,41,2,46,0,2,0,4,25,0,3,24,9,6,6,8,0,21,13,2,10,0,0,0,0,6,18,0,0,43,0,3,0
2020/2021,chrissiesmeer,msukaligwa,gert sibande,30.21357,-26.28052,25,0,26,3,0,0,11,26,1,11,20,3,6,3,9,0,14,17,0,11,4,0,0,5,2,13,0,0,34,0,3,0
2021/2022,chrissiesmeer,msukaligwa,gert sibande,30.21357,-26.28052,37,0,48,0,1,0,19,27,0,6,36,2,6,3,31,1,21,21,2,15,4,1,0,10,0,16,0,0,30,0,3,0
2022/2023,chrissiesmeer,msukaligwa,gert sibande,30.21357,-26.28052,43,0,35,2,0,0,15,38,0,4,33,5,6,3,13,4,14,18,0,6,5,3,0,18,6,12,0,0,44,1,7,0
2023/2024,chrissiesmeer,gert sibande district,gert sibande district,30.21357,-26.28052,0,0,0,0,0,0,0,34,0,0,0,0,0,0,0,0,0,0,0,0,0,2,0,0,0,0,0,0,0,4,2,0
2024/2025,chrissiesmeer,gert sibande district,gert sibande district,30.21357,-26.28052,0,0,0,0,0,0,0,24,0,0,0,0,0,0,0,0,0,0,0,0,0,4,0,0,0,0,0,0,0,1,5,0
2008/2009,christiana,lekwa-teemane,dr ruth segomotsi mompati,25.16738,-27.90918,192,3,120,8,3,0,38,150,0,17,159,30,5,20,73,2,1,58,11,43,3,1,0,15,11,60,0,6,17,11,28,0
2009/2010,christiana,lekwa-teemane,dr ruth segomotsi mompati,25.16738,-27.90918,155,2,117,5,6,0,39,153,0,13,96,23,4,15,45,2,1,66,6,36,7,1,0,11,6,50,0,5,13,9,16,0
2010/2011,christiana,lekwa-teemane,dr ruth segomotsi mompati,25.16738,-27.90918,172,4,173,1,3,0,47,159,0,34,133,25,8,15,22,1,1,61,4,27,8,1,0,18,9,43,0,7,8,13,26,3
2011/2012,christiana,lekwa-teemane,dr ruth segomotsi mompati,25.16738,-27.90918,157,4,144,7,3,0,44,232,0,21,108,24,8,20,20,0,1,69,11,33,2,5,0,13,9,49,0,5,14,3,17,0
2012/2013,christiana,lekwa-teemane,dr ruth segomotsi mompati,25.16738,-27.90918,132,2,128,4,1,0,36,175,0,27,112,23,8,34,11,0,1,66,4,48,2,6,0,13,6,59,2,5,18,11,20,0
2013/2014,christiana,lekwa-teemane,dr ruth segomotsi mompati,25.16738,-27.90918,162,3,220,5,2,0,61,193,1,25,124,29,7,13,31,3,21,71,9,28,10,4,0,19,8,39,1,5,19,14,24,0
2014/2015,christiana,lekwa-teemane,dr ruth segomotsi mompati,25.16738,-27.90918,179,6,171,8,5,0,51,208,0,14,140,45,4,17,19,1,14,79,5,27,5,6,0,28,9,43,0,11,28,12,42,0
2015/2016,christiana,lekwa-teemane,dr ruth segomotsi mompati,25.16738,-27.90918,146,5,198,10,1,0,28,172,0,14,136,29,7,17,32,9,13,51,8,41,10,3,0,28,8,51,0,13,30,10,30,0
2016/2017,christiana,lekwa-teemane,dr ruth segomotsi mompati,25.16738,-27.90918,172,3,184,3,1,0,45,149,0,18,126,29,8,14,35,7,21,70,7,36,12,12,0,38,7,48,0,12,38,8,23,1
2017/2018,christiana,lekwa-teemane,dr ruth segomotsi mompati,25.16738,-27.90918,170,3,159,4,1,0,51,198,0,15,106,44,7,31,83,2,13,86,2,18,5,5,0,27,4,24,0,18,34,9,28,1
2018/2019,christiana,lekwa-teemane,dr ruth segomotsi mompati,25.16738,-27.90918,193,1,160,5,0,0,41,204,0,15,118,34,7,19,62,2,12,96,8,24,8,7,0,52,6,31,0,19,34,3,25,0
2019/2020,christiana,lekwa-teemane,dr ruth segomotsi mompati,25.16738,-27.90918,187,2,138,1,0,0,28,186,0,15,107,23,6,28,71,1,13,82,4,24,5,4,0,33,6,30,0,6,31,1,30,0
2020/2021,christiana,lekwa-teemane,dr ruth segomotsi mompati,25.16738,-27.90918,124,1,110,3,0,0,42,157,0,26,88,10,7,22,75,6,13,64,5,21,3,2,0,24,5,27,0,4,32,2,38,1
2021/2022,christiana,lekwa-teemane,dr ruth segomotsi mompati,25.16738,-27.90918,140,2,117,4,0,0,20,145,1,24,115,13,7,20,63,0,14,74,6,27,8,5,0,29,2,30,0,9,31,3,20,0
2022/2023,christiana,lekwa-teemane,dr ruth segomotsi mompati,25.16738,-27.90918,145,2,123,2,1,0,16,123,0,33,89,9,7,12,52,5,13,70,6,30,5,3,0,15,2,34,0,10,20,4,19,0
2023/2024,christiana,dr ruth segomotsi mompati district,dr ruth segomotsi mompati district,25.16738,-27.90918,0,0,0,0,0,0,0,94,0,0,0,0,0,0,0,0,0,0,0,0,0,4,0,0,0,0,0,0,0,1,15,0
2024/2025,christiana,dr ruth segomotsi mompati district,dr ruth segomotsi mompati district,25.16738,-27.90918,0,0,0,0,0,0,0,97,0,0,0,0,0,0,0,0,0,0,0,0,0,0,0,0,0,0,0,0,0,2,13,0
2008/2009,chungwa,raymond mhlaba,amathole,27.15612,-32.83898,27,5,87,3,0,0,2,35,3,1,25,1,6,1,4,0,1,11,6,8,1,2,0,10,10,18,0,1,37,1,7,0
2009/2010,chungwa,raymond mhlaba,amathole,27.15612,-32.83898,14,4,90,2,4,0,4,40,0,0,11,6,7,1,9,2,1,24,7,5,2,3,0,6,1,11,0,0,32,1,2,0
2010/2011,chungwa,raymond mhlaba,amathole,27.15612,-32.83898,27,0,103,0,6,0,2,26,1,0,12,3,4,2,7,2,1,27,8,17,3,0,0,7,1,26,0,0,20,1,1,0
2011/2012,chungwa,raymond mhlaba,amathole,27.15612,-32.83898,35,0,107,0,4,0,1,31,0,0,7,8,4,1,4,3,1,23,11,26,4,0,0,7,0,32,1,0,14,0,0,0
2012/2013,chungwa,raymond mhlaba,amathole,27.15612,-32.83898,26,2,72,2,1,0,2,27,0,2,9,4,7,3,2,0,1,15,8,29,2,2,0,6,2,33,0,0,27,2,0,0
2013/2014,chungwa,raymond mhlaba,amathole,27.15612,-32.83898,17,2,104,1,5,0,3,24,0,1,11,3,7,2,15,1,13,12,8,22,6,1,0,9,5,33,0,0,27,0,1,0
2014/2015,chungwa,raymond mhlaba,amathole,27.15612,-32.83898,16,3,99,0,5,0,20,28,0,1,14,5,6,1,34,1,12,19,9,34,13,2,0,22,2,41,0,0,25,2,4,0
2015/2016,chungwa,raymond mhlaba,amathole,27.15612,-32.83898,13,2,89,3,6,0,18,33,1,1,11,3,6,1,32,0,12,24,5,30,7,2,0,16,4,40,0,0,33,1,4,0
2016/2017,chungwa,raymond mhlaba,amathole,27.15612,-32.83898,39,0,93,1,1,0,10,37,0,0,9,4,6,1,13,1,13,12,3,17,13,1,0,18,3,21,0,0,19,1,5,0
2017/2018,chungwa,raymond mhlaba,amathole,27.15612,-32.83898,21,2,93,2,4,0,3,27,0,1,8,2,6,2,6,2,13,21,11,20,6,4,0,12,2,26,1,0,21,0,2,0
2018/2019,chungwa,raymond mhlaba,amathole,27.15612,-32.83898,21,0,104,0,3,0,13,31,1,2,9,4,5,1,1,1,12,21,12,12,5,3,0,11,5,23,0,0,40,1,2,0
2019/2020,chungwa,raymond mhlaba,amathole,27.15612,-32.83898,33,3,70,3,2,0,3,30,1,2,15,4,7,2,1,4,13,29,4,26,6,1,0,14,1,30,0,0,37,1,5,0
2020/2021,chungwa,raymond mhlaba,amathole,27.15612,-32.83898,20,0,70,1,3,0,19,33,1,2,12,2,7,0,1,0,12,34,5,12,4,0,0,8,5,21,0,0,41,0,6,0
2021/2022,chungwa,raymond mhlaba,amathole,27.15612,-32.83898,27,1,74,2,4,0,37,46,0,1,27,2,6,1,6,1,13,24,17,17,8,3,0,14,0,21,1,0,30,1,2,0
2022/2023,chungwa,raymond mhlaba,amathole,27.15612,-32.83898,35,0,83,1,2,0,16,29,2,2,23,6,6,0,4,0,12,22,11,16,1,2,1,10,2,20,0,0,21,1,2,0
2023/2024,chungwa,amathole district,amathole district,27.15612,-32.83898,0,0,0,0,0,0,0,36,0,0,0,0,0,0,0,0,0,0,0,0,0,1,0,0,0,0,0,0,0,0,0,0
2024/2025,chungwa,amathole district,amathole district,27.15612,-32.83898,0,0,0,0,0,0,0,30,1,0,0,0,0,0,0,0,0,0,0,0,0,0,0,0,0,0,0,0,0,1,0,0
2008/2009,citrusdal,cederberg,west coast,19.01101,-32.58829,47,4,142,3,1,0,33,60,0,9,84,4,7,40,393,1,1,34,11,32,0,0,0,0,30,64,0,33,8,3,9,0
2009/2010,citrusdal,cederberg,west coast,19.01101,-32.58829,96,4,157,0,0,0,38,54,0,13,106,2,10,45,264,2,1,45,7,34,0,0,0,0,9,49,0,27,8,6,14,0
2010/2011,citrusdal,cederberg,west coast,19.01101,-32.58829,131,4,150,1,1,0,68,65,0,7,106,7,8,28,266,1,1,53,16,40,1,0,0,2,10,55,0,54,2,3,20,0
2011/2012,citrusdal,cederberg,west coast,19.01101,-32.58829,131,4,168,6,1,0,66,80,0,9,93,7,10,26,170,3,1,47,11,56,6,1,0,11,17,80,1,43,4,6,17,0
2012/2013,citrusdal,cederberg,west coast,19.01101,-32.58829,112,4,155,0,3,0,41,64,0,13,99,5,5,24,325,16,1,46,13,37,2,1,0,5,6,49,0,52,3,1,32,0
2013/2014,citrusdal,cederberg,west coast,19.01101,-32.58829,86,1,128,1,3,0,58,93,0,11,91,8,7,27,360,2,13,43,11,40,0,0,0,6,6,50,0,44,3,1,35,0
2014/2015,citrusdal,cederberg,west coast,19.01101,-32.58829,77,2,126,0,0,0,51,71,0,14,85,8,5,33,410,1,12,43,10,43,2,0,0,5,9,55,0,32,1,1,34,0
2015/2016,citrusdal,cederberg,west coast,19.01101,-32.58829,126,0,149,1,5,0,71,156,0,9,101,8,7,28,344,3,13,71,12,40,2,1,0,4,5,51,0,32,2,5,50,0
2016/2017,citrusdal,cederberg,west coast,19.01101,-32.58829,122,2,132,0,3,0,73,88,0,18,59,6,4,31,409,3,13,33,8,37,3,0,0,6,2,44,0,25,5,2,43,0
2017/2018,citrusdal,cederberg,west coast,19.01101,-32.58829,95,2,82,1,4,0,57,76,0,19,79,8,7,26,452,3,12,28,15,22,1,1,0,4,5,32,0,29,6,4,30,0
2018/2019,citrusdal,cederberg,west coast,19.01101,-32.58829,118,1,108,2,2,0,54,80,1,11,83,10,7,28,286,0,13,36,17,12,1,0,0,4,12,27,0,28,3,3,46,0
2019/2020,citrusdal,cederberg,west coast,19.01101,-32.58829,184,3,142,3,2,0,30,74,0,18,110,14,7,25,108,1,12,58,14,21,4,0,0,13,6,30,0,37,2,1,30,0
2020/2021,citrusdal,cederberg,west coast,19.01101,-32.58829,175,1,103,7,1,0,32,65,0,17,150,9,4,18,130,5,21,42,16,23,6,1,0,12,0,26,0,7,1,6,33,0
2021/2022,citrusdal,cederberg,west coast,19.01101,-32.58829,209,2,139,8,5,0,23,72,0,32,127,6,7,35,301,6,12,68,22,25,5,1,0,11,9,40,0,15,9,1,16,0
2022/2023,citrusdal,cederberg,west coast,19.01101,-32.58829,147,0,132,7,2,0,24,54,0,34,121,17,6,54,245,3,21,35,22,31,16,1,0,20,8,41,0,19,3,6,14,0
2023/2024,citrusdal,west coast district,west coast district,19.01101,-32.58829,0,0,0,0,0,0,0,77,0,0,0,0,0,0,0,0,0,0,0,0,0,0,0,0,0,0,0,0,0,1,23,0
2024/2025,citrusdal,west coast district,west coast district,19.01101,-32.58829,0,0,0,0,0,0,0,54,0,0,0,0,0,0,0,0,0,0,0,0,0,3,0,0,0,0,0,0,0,1,17,0
2008/2009,clanwilliam,cederberg,west coast,18.89226,-32.17615,52,1,92,0,5,0,17,40,0,2,71,4,7,38,167,2,1,32,10,9,0,0,0,3,9,24,0,26,5,1,4,0
2009/2010,clanwilliam,cederberg,west coast,18.89226,-32.17615,77,0,86,0,1,0,15,52,0,7,80,8,9,23,124,1,1,33,6,16,1,0,0,1,6,28,0,21,7,3,15,0
2010/2011,clanwilliam,cederberg,west coast,18.89226,-32.17615,76,0,63,1,1,0,14,50,0,8,81,10,6,31,186,4,1,22,5,18,0,0,0,2,14,33,0,14,3,1,14,0
2011/2012,clanwilliam,cederberg,west coast,18.89226,-32.17615,77,3,80,1,2,0,13,56,0,4,75,6,7,26,196,3,1,28,9,29,2,1,0,5,1,33,0,19,4,6,12,0
2012/2013,clanwilliam,cederberg,west coast,18.89226,-32.17615,57,3,85,3,0,0,25,52,0,15,73,4,7,26,219,1,1,20,16,28,2,1,0,7,4,33,0,19,9,1,22,0
2013/2014,clanwilliam,cederberg,west coast,18.89226,-32.17615,112,1,72,6,3,0,20,49,0,10,97,7,5,7,219,0,12,29,9,29,1,0,0,5,8,43,0,13,12,2,21,0
2014/2015,clanwilliam,cederberg,west coast,18.89226,-32.17615,110,1,98,0,1,0,17,55,0,8,88,7,7,13,237,0,12,32,8,29,0,0,0,2,4,35,0,18,2,3,6,0
2015/2016,clanwilliam,cederberg,west coast,18.89226,-32.17615,132,2,107,2,2,0,34,81,0,11,99,12,7,11,232,5,25,33,16,21,4,2,0,12,3,27,0,5,6,3,27,0
2016/2017,clanwilliam,cederberg,west coast,18.89226,-32.17615,130,5,90,3,1,0,28,62,0,9,127,14,4,21,331,7,13,48,9,21,1,5,0,16,2,26,0,4,11,4,24,0
2017/2018,clanwilliam,cederberg,west coast,18.89226,-32.17615,97,2,95,2,1,0,17,54,0,16,107,7,6,17,427,6,13,39,11,30,2,2,0,14,3,34,0,9,14,5,13,0
2018/2019,clanwilliam,cederberg,west coast,18.89226,-32.17615,81,1,93,1,1,0,27,54,0,6,86,6,7,18,241,1,13,35,5,20,3,0,0,8,5,27,0,9,6,0,14,0
2019/2020,clanwilliam,cederberg,west coast,18.89226,-32.17615,101,2,79,2,1,0,19,57,0,11,80,4,7,15,100,0,13,38,11,14,3,2,0,14,7,23,0,9,4,2,17,0
2020/2021,clanwilliam,cederberg,west coast,18.89226,-32.17615,59,2,73,2,7,0,31,31,0,11,100,2,6,5,125,3,12,28,10,6,4,0,0,5,4,17,0,12,5,0,13,0
2021/2022,clanwilliam,cederberg,west coast,18.89226,-32.17615,97,2,75,1,1,0,19,33,1,35,104,1,6,15,155,0,13,39,10,19,1,0,0,5,3,23,0,18,2,3,11,0
2022/2023,clanwilliam,cederberg,west coast,18.89226,-32.17615,93,0,72,1,0,0,18,44,0,28,88,2,6,40,168,6,13,29,6,21,1,0,0,3,4,25,0,34,0,3,24,0
2023/2024,clanwilliam,west coast district,west coast district,18.89226,-32.17615,0,0,0,0,0,0,0,41,0,0,0,0,0,0,0,0,0,0,0,0,0,0,0,0,0,0,0,0,0,3,9,0
2024/2025,clanwilliam,west coast district,west coast district,18.89226,-32.17615,0,0,0,0,0,0,0,49,1,0,0,0,0,0,0,0,0,0,0,0,0,0,0,0,0,0,0,0,0,1,10,0
2008/2009,claremont,city of cape town,city of cape town,18.47286,-33.98442,1728,3,66,4,0,0,145,769,14,369,231,106,10,156,185,5,1,406,4,11,18,15,2,197,10,27,0,980,0,330,859,0
2009/2010,claremont,city of cape town,city of cape town,18.47286,-33.98442,1549,0,59,12,0,0,131,781,7,378,167,130,37,83,172,7,1,429,0,8,20,33,0,191,4,30,0,1079,0,359,1147,0
2010/2011,claremont,city of cape town,city of cape town,18.47286,-33.98442,1426,0,55,2,0,0,103,626,5,373,131,111,8,86,178,5,1,339,6,7,11,57,0,166,7,18,0,921,0,226,882,2
2011/2012,claremont,city of cape town,city of cape town,18.47286,-33.98442,1556,1,45,10,0,0,68,507,4,326,149,111,6,150,206,5,1,299,1,12,8,25,0,114,4,16,3,673,0,237,824,1
2012/2013,claremont,city of cape town,city of cape town,18.47286,-33.98442,1520,0,45,11,0,0,128,663,4,320,127,108,4,98,167,0,1,314,5,15,9,54,1,156,5,22,0,651,0,240,848,0
2013/2014,claremont,city of cape town,city of cape town,18.47286,-33.98442,1548,1,37,1,2,0,73,745,6,245,137,127,6,67,118,4,12,314,0,12,22,39,1,177,5,19,1,500,0,270,866,0
2014/2015,claremont,city of cape town,city of cape town,18.47286,-33.98442,1690,1,36,4,2,0,91,754,14,246,98,116,8,58,90,0,23,367,2,6,25,48,0,191,10,22,1,407,0,250,1084,0
2015/2016,claremont,city of cape town,city of cape town,18.47286,-33.98442,1561,0,22,4,0,0,59,636,24,293,115,91,4,36,78,0,17,277,0,11,21,32,2,199,7,20,2,357,0,200,1035,0
2016/2017,claremont,city of cape town,city of cape town,18.47286,-33.98442,1413,1,26,3,1,0,67,541,3,343,117,113,8,66,82,2,23,219,2,10,27,39,0,182,8,23,1,397,0,166,701,1
2017/2018,claremont,city of cape town,city of cape town,18.47286,-33.98442,1475,3,29,5,0,0,89,453,8,319,96,117,7,68,63,4,21,184,3,7,26,43,0,186,10,18,3,375,0,149,625,0
2018/2019,claremont,city of cape town,city of cape town,18.47286,-33.98442,1389,1,34,4,0,0,53,437,18,312,119,112,4,57,54,0,2,180,2,6,36,30,0,188,9,17,1,401,0,192,807,0
2019/2020,claremont,city of cape town,city of cape town,18.47286,-33.98442,1203,1,25,5,1,0,67,417,18,337,102,100,7,120,60,0,23,181,2,7,23,24,0,191,12,21,1,408,0,175,813,0
2020/2021,claremont,city of cape town,city of cape town,18.47286,-33.98442,777,0,22,1,1,0,79,388,9,277,100,66,6,14,34,1,17,121,0,4,20,12,0,139,8,13,5,442,0,98,590,0
2021/2022,claremont,city of cape town,city of cape town,18.47286,-33.98442,821,0,8,1,0,0,51,281,9,366,92,49,7,11,126,3,22,115,2,1,26,18,0,138,11,13,1,302,0,95,618,0
2022/2023,claremont,city of cape town,city of cape town,18.47286,-33.98442,925,0,22,2,0,0,54,283,8,425,112,108,7,40,154,3,22,101,1,9,14,18,0,138,8,18,1,293,0,125,571,0
2023/2024,claremont,city of cape town district,city of cape town district,18.47286,-33.98442,0,0,0,0,0,0,0,344,10,0,0,0,0,0,0,0,0,0,0,0,0,13,0,0,0,0,0,0,0,106,541,0
2024/2025,claremont,city of cape town district,city of cape town district,18.47286,-33.98442,0,0,0,0,0,0,0,153,3,0,0,0,0,0,0,0,0,0,0,0,0,8,0,0,0,0,0,0,0,61,399,0
2008/2009,clarens,dihlabeng,thabo mofutsanyane,28.41983,-28.5154,50,0,29,2,1,0,15,56,0,7,47,3,6,2,32,1,1,22,2,8,0,1,0,3,1,10,0,0,30,5,8,0
2009/2010,clarens,dihlabeng,thabo mofutsanyane,28.41983,-28.5154,44,1,24,1,0,0,8,60,0,5,34,1,6,2,36,1,1,20,1,5,1,1,0,8,0,5,0,0,28,0,7,0
2010/2011,clarens,dihlabeng,thabo mofutsanyane,28.41983,-28.5154,22,1,34,1,1,0,11,31,0,6,40,0,7,2,21,1,1,20,1,6,0,1,0,2,0,8,0,0,15,1,7,0
2011/2012,clarens,dihlabeng,thabo mofutsanyane,28.41983,-28.5154,21,1,24,1,1,0,14,44,0,6,18,2,6,0,31,2,1,10,0,6,0,0,0,0,0,7,1,0,13,0,4,0
2012/2013,clarens,dihlabeng,thabo mofutsanyane,28.41983,-28.5154,25,2,25,0,0,0,17,36,0,6,19,5,7,3,61,0,1,11,0,8,0,2,0,4,0,9,1,0,17,4,8,0
2013/2014,clarens,dihlabeng,thabo mofutsanyane,28.41983,-28.5154,20,0,24,2,0,0,10,26,0,3,13,1,68,7,64,0,13,10,2,6,1,1,0,3,0,5,0,0,11,13,3,0
2014/2015,clarens,dihlabeng,thabo mofutsanyane,28.41983,-28.5154,23,1,10,1,1,0,10,27,0,3,20,2,6,8,57,1,13,15,1,4,1,0,0,1,1,6,0,0,20,7,2,0
2015/2016,clarens,dihlabeng,thabo mofutsanyane,28.41983,-28.5154,38,0,20,0,0,0,18,23,0,7,33,1,6,9,72,6,13,12,0,5,2,1,0,3,5,10,0,0,21,25,7,0
2016/2017,clarens,dihlabeng,thabo mofutsanyane,28.41983,-28.5154,27,0,20,3,0,0,15,21,2,2,29,2,7,17,113,2,13,15,2,5,0,2,0,4,3,9,0,0,20,15,3,0
2017/2018,clarens,dihlabeng,thabo mofutsanyane,28.41983,-28.5154,24,1,20,0,1,0,10,11,0,3,47,1,6,28,137,1,13,8,0,7,1,0,0,1,2,10,0,1,13,12,5,0
2018/2019,clarens,dihlabeng,thabo mofutsanyane,28.41983,-28.5154,37,2,23,3,0,0,23,14,0,11,38,1,6,72,81,7,13,7,2,10,1,1,0,4,0,10,0,0,30,10,5,0
2019/2020,clarens,dihlabeng,thabo mofutsanyane,28.41983,-28.5154,39,1,30,3,1,0,11,18,0,6,32,1,7,38,6,2,13,10,2,6,2,3,0,7,0,8,0,0,43,11,4,0
2020/2021,clarens,dihlabeng,thabo mofutsanyane,28.41983,-28.5154,29,0,27,1,0,0,16,26,0,8,34,1,6,8,1,1,13,12,0,8,2,2,0,6,2,10,0,0,27,1,3,1
2021/2022,clarens,dihlabeng,thabo mofutsanyane,28.41983,-28.5154,29,1,44,1,1,0,12,28,1,17,37,3,6,25,12,1,13,18,1,4,0,2,0,3,2,7,0,1,30,8,5,0
2022/2023,clarens,dihlabeng,thabo mofutsanyane,28.41983,-28.5154,27,1,32,1,1,0,23,26,0,15,37,2,7,33,25,1,13,11,3,8,0,0,0,0,2,12,5,1,29,9,7,0
2023/2024,clarens,thabo mofutsanyana district,thabo mofutsanyana district,28.41983,-28.5154,0,0,0,0,0,0,0,10,0,0,0,0,0,0,0,0,0,0,0,0,0,1,0,0,0,0,0,0,0,6,7,0
2024/2025,clarens,thabo mofutsanyana district,thabo mofutsanyana district,28.41983,-28.5154,0,0,0,0,0,0,0,23,0,0,0,0,0,0,0,0,0,0,0,0,0,2,0,0,0,0,0,0,0,14,3,0
2008/2009,cleveland,city of johannesburg,city of johannesburg,28.11556,-26.20398,915,4,212,35,5,0,186,377,85,249,321,115,32,119,49,29,1,274,29,48,95,79,1,510,0,65,0,144,0,346,213,10
2009/2010,cleveland,city of johannesburg,city of johannesburg,28.11556,-26.20398,812,10,231,35,9,2,161,322,112,255,367,154,10,139,41,29,1,267,27,53,78,74,1,472,3,71,0,154,0,302,194,5
2010/2011,cleveland,city of johannesburg,city of johannesburg,28.11556,-26.20398,869,12,201,32,5,1,111,300,43,236,343,120,32,236,37,34,1,243,20,48,46,36,2,270,6,71,0,87,0,274,163,6
2011/2012,cleveland,city of johannesburg,city of johannesburg,28.11556,-26.20398,890,14,231,37,7,0,133,264,70,185,249,113,4,624,50,17,1,298,27,32,30,63,0,333,4,45,2,103,0,267,187,6
2012/2013,cleveland,city of johannesburg,city of johannesburg,28.11556,-26.20398,826,6,217,31,3,0,145,263,56,158,173,94,9,268,74,28,1,274,14,41,57,89,0,392,5,54,1,81,0,285,169,4
2013/2014,cleveland,city of johannesburg,city of johannesburg,28.11556,-26.20398,845,13,202,34,2,0,121,285,56,147,169,71,5,531,82,32,27,211,31,38,60,107,0,400,4,47,0,81,0,313,189,3
2014/2015,cleveland,city of johannesburg,city of johannesburg,28.11556,-26.20398,835,11,227,37,2,0,110,291,110,131,236,110,7,286,77,27,24,233,28,27,60,97,0,480,6,36,0,106,0,340,225,7
2015/2016,cleveland,city of johannesburg,city of johannesburg,28.11556,-26.20398,616,6,196,35,1,0,135,340,94,96,195,108,7,417,99,15,4,209,29,45,68,85,0,437,5,52,1,88,0,188,236,5
2016/2017,cleveland,city of johannesburg,city of johannesburg,28.11556,-26.20398,757,3,234,43,0,0,117,308,116,132,221,94,5,166,110,43,16,243,37,34,69,86,0,475,4,41,1,111,0,236,220,7
2017/2018,cleveland,city of johannesburg,city of johannesburg,28.11556,-26.20398,686,0,238,55,3,0,132,306,143,126,261,103,8,165,76,41,24,192,30,28,78,103,0,610,9,44,0,108,0,190,224,10
2018/2019,cleveland,city of johannesburg,city of johannesburg,28.11556,-26.20398,600,1,262,51,2,0,145,263,122,130,279,146,6,159,39,33,29,208,38,40,97,81,0,568,10,52,0,89,0,196,186,8
2019/2020,cleveland,city of johannesburg,city of johannesburg,28.11556,-26.20398,520,1,271,34,1,0,119,240,91,143,237,124,7,233,38,37,3,199,38,35,79,77,1,482,18,55,0,57,0,169,166,18
2020/2021,cleveland,city of johannesburg,city of johannesburg,28.11556,-26.20398,400,1,227,34,1,0,133,164,60,125,263,99,4,23,21,20,16,160,38,29,63,54,1,334,5,37,2,65,0,129,89,6
2021/2022,cleveland,city of johannesburg,city of johannesburg,28.11556,-26.20398,510,5,249,52,2,0,84,185,109,158,270,120,6,42,13,34,33,176,67,43,66,80,0,427,4,49,0,52,0,160,110,12
2022/2023,cleveland,city of johannesburg,city of johannesburg,28.11556,-26.20398,609,0,241,80,5,0,73,207,125,175,283,136,6,39,20,24,122,171,87,39,77,63,0,492,11,55,15,45,0,135,114,12
2023/2024,cleveland,johannesburg district,johannesburg district,28.11556,-26.20398,0,0,0,0,0,0,0,241,111,0,0,0,0,0,0,0,0,0,0,0,0,58,0,0,0,0,0,0,0,128,141,0
2024/2025,cleveland,johannesburg district,johannesburg district,28.11556,-26.20398,0,0,0,0,0,0,0,176,92,0,0,0,0,0,0,0,0,0,0,0,0,52,0,0,0,0,0,0,0,125,110,0
2008/2009,clocolan,setsoto,thabo mofutsanyane,27.56798,-28.91602,105,5,151,8,3,0,27,128,0,7,80,11,8,6,62,2,1,59,2,19,1,1,0,10,2,28,0,14,51,6,14,0
2009/2010,clocolan,setsoto,thabo mofutsanyane,27.56798,-28.91602,88,4,104,1,0,0,18,108,1,12,57,11,5,4,38,2,1,36,3,25,1,0,0,4,2,30,0,16,36,13,9,0
2010/2011,clocolan,setsoto,thabo mofutsanyane,27.56798,-28.91602,46,4,95,9,0,0,12,100,0,15,38,3,7,2,55,1,1,38,2,16,6,1,0,9,2,19,0,2,36,4,7,0
2011/2012,clocolan,setsoto,thabo mofutsanyane,27.56798,-28.91602,77,3,99,3,2,0,20,103,0,21,70,11,6,2,90,2,1,41,3,16,4,0,0,7,1,19,1,7,57,11,10,0
2012/2013,clocolan,setsoto,thabo mofutsanyane,27.56798,-28.91602,110,8,132,6,3,0,32,134,0,19,50,11,6,3,135,0,1,53,2,17,5,1,0,20,0,20,0,9,77,23,11,0
2013/2014,clocolan,setsoto,thabo mofutsanyane,27.56798,-28.91602,72,1,79,8,0,0,13,97,0,14,30,7,6,5,128,5,12,30,5,12,4,1,0,13,0,12,0,5,69,6,6,0
2014/2015,clocolan,setsoto,thabo mofutsanyane,27.56798,-28.91602,57,2,54,2,0,0,7,62,0,5,28,4,6,12,120,1,12,22,4,24,3,0,0,4,1,25,0,4,42,10,2,0
2015/2016,clocolan,setsoto,thabo mofutsanyane,27.56798,-28.91602,47,0,75,5,1,0,17,56,0,12,32,2,6,2,81,1,12,18,5,17,7,4,0,15,2,20,0,1,53,5,2,1
2016/2017,clocolan,setsoto,thabo mofutsanyane,27.56798,-28.91602,57,0,79,2,0,0,12,52,0,40,38,9,6,11,83,2,12,15,4,22,5,4,0,12,4,26,0,1,47,4,5,0
2017/2018,clocolan,setsoto,thabo mofutsanyane,27.56798,-28.91602,40,0,77,4,1,0,13,51,0,8,37,6,6,18,103,1,12,21,5,16,4,7,0,14,5,22,0,3,71,15,5,0
2018/2019,clocolan,setsoto,thabo mofutsanyane,27.56798,-28.91602,46,0,83,1,1,0,8,36,0,10,51,3,6,13,75,2,13,17,12,10,4,4,0,17,0,11,2,2,49,6,8,1
2019/2020,clocolan,setsoto,thabo mofutsanyane,27.56798,-28.91602,39,1,62,2,0,0,23,40,1,8,32,4,6,14,15,2,12,12,5,16,4,1,0,9,5,21,0,3,44,3,7,0
2020/2021,clocolan,setsoto,thabo mofutsanyane,27.56798,-28.91602,41,0,57,3,0,0,21,30,1,12,26,6,7,4,16,1,21,18,5,10,5,2,0,9,0,11,0,1,53,9,5,0
2021/2022,clocolan,setsoto,thabo mofutsanyane,27.56798,-28.91602,56,0,61,2,0,0,17,24,0,18,32,1,6,13,41,1,13,21,1,16,3,2,0,6,1,17,0,0,37,7,5,0
2022/2023,clocolan,setsoto,thabo mofutsanyane,27.56798,-28.91602,46,1,80,6,1,0,17,45,0,18,23,1,6,20,48,3,13,18,6,13,3,2,0,7,1,15,0,1,44,1,4,0
2023/2024,clocolan,thabo mofutsanyana district,thabo mofutsanyana district,27.56798,-28.91602,0,0,0,0,0,0,0,50,0,0,0,0,0,0,0,0,0,0,0,0,0,0,0,0,0,0,0,0,0,3,13,0
2024/2025,clocolan,thabo mofutsanyana district,thabo mofutsanyana district,27.56798,-28.91602,0,0,0,0,0,0,0,46,0,0,0,0,0,0,0,0,0,0,0,0,0,0,0,0,0,0,0,0,0,1,5,0
2008/2009,cloetesville,stellenbosch,cape winelands,18.85526,-33.92257,425,0,112,1,0,0,34,144,1,8,163,26,10,30,414,10,1,133,0,17,1,0,0,28,6,29,0,9,0,18,237,0
2009/2010,cloetesville,stellenbosch,cape winelands,18.85526,-33.92257,369,3,129,4,1,0,40,171,3,12,170,26,12,35,584,2,1,149,5,15,2,2,0,34,9,32,0,10,0,9,192,0
2010/2011,cloetesville,stellenbosch,cape winelands,18.85526,-33.92257,304,4,149,15,2,0,57,117,1,5,218,51,9,34,638,18,1,147,11,16,5,1,0,57,5,28,0,4,0,10,209,0
2011/2012,cloetesville,stellenbosch,cape winelands,18.85526,-33.92257,445,4,136,12,1,0,58,132,0,11,192,36,5,30,793,9,1,183,6,10,4,0,0,53,8,22,1,7,0,11,184,0
2012/2013,cloetesville,stellenbosch,cape winelands,18.85526,-33.92257,416,5,126,13,2,0,53,126,1,15,158,50,9,36,769,11,1,183,5,22,6,0,1,52,6,35,0,7,0,12,168,0
2013/2014,cloetesville,stellenbosch,cape winelands,18.85526,-33.92257,440,9,129,9,5,0,85,189,2,13,212,43,9,20,776,12,21,220,3,26,11,1,0,63,4,40,0,13,0,11,203,0
2014/2015,cloetesville,stellenbosch,cape winelands,18.85526,-33.92257,516,3,143,2,0,0,82,207,4,19,180,63,8,12,864,10,12,201,3,19,12,5,0,87,6,29,1,22,0,19,206,0
2015/2016,cloetesville,stellenbosch,cape winelands,18.85526,-33.92257,418,8,136,4,0,0,60,196,1,32,186,75,6,19,1152,5,12,227,8,13,5,7,0,77,9,22,0,15,0,19,186,0
2016/2017,cloetesville,stellenbosch,cape winelands,18.85526,-33.92257,390,5,127,7,2,0,79,219,2,29,207,56,6,9,953,7,13,235,5,16,12,2,0,93,12,30,1,17,0,27,179,0
2017/2018,cloetesville,stellenbosch,cape winelands,18.85526,-33.92257,338,4,142,30,3,0,63,200,3,41,168,36,4,18,1166,12,21,224,12,11,5,4,0,72,12,28,0,20,0,22,184,0
2018/2019,cloetesville,stellenbosch,cape winelands,18.85526,-33.92257,334,10,157,21,2,0,63,137,2,37,196,49,7,21,992,24,13,217,7,10,5,2,0,79,17,30,1,5,0,4,152,0
2019/2020,cloetesville,stellenbosch,cape winelands,18.85526,-33.92257,379,3,158,14,1,0,56,154,3,26,225,42,7,9,978,9,13,205,11,13,8,6,0,95,18,33,1,6,0,4,147,1
2020/2021,cloetesville,stellenbosch,cape winelands,18.85526,-33.92257,273,6,129,25,0,0,43,108,1,42,231,23,6,7,607,11,14,220,10,15,3,4,0,43,6,21,0,3,1,4,107,1
2021/2022,cloetesville,stellenbosch,cape winelands,18.85526,-33.92257,244,6,144,15,2,0,16,106,0,57,214,39,4,15,377,14,12,196,10,20,11,1,0,59,8,32,0,1,0,12,88,0
2022/2023,cloetesville,stellenbosch,cape winelands,18.85526,-33.92257,250,1,137,20,0,0,12,86,3,67,187,38,6,13,210,4,13,186,9,13,4,0,0,63,6,19,0,0,0,4,72,0
2023/2024,cloetesville,cape winelands district,cape winelands district,18.85526,-33.92257,0,0,0,0,0,0,0,98,1,0,0,0,0,0,0,0,0,0,0,0,0,3,0,0,0,0,0,0,0,6,63,0
2024/2025,cloetesville,cape winelands district,cape winelands district,18.85526,-33.92257,0,0,0,0,0,0,0,75,0,0,0,0,0,0,0,0,0,0,0,0,0,2,0,0,0,0,0,0,0,2,68,0
2008/2009,coffee bay,king sabata dalindyebo,o.r.tambo,29.14881,-31.97848,47,8,59,2,2,0,4,33,1,2,28,5,7,3,9,3,1,7,4,6,2,0,0,4,0,9,0,0,6,3,10,0
2009/2010,coffee bay,king sabata dalindyebo,o.r.tambo,29.14881,-31.97848,53,6,61,2,2,0,4,49,0,1,35,6,9,0,12,7,1,29,5,6,2,3,0,12,0,13,0,0,4,4,16,0
2010/2011,coffee bay,king sabata dalindyebo,o.r.tambo,29.14881,-31.97848,46,4,82,1,4,0,3,52,0,5,49,10,4,2,19,8,1,16,3,7,7,4,0,13,0,13,0,0,9,12,10,1
2011/2012,coffee bay,king sabata dalindyebo,o.r.tambo,29.14881,-31.97848,37,6,67,1,1,0,16,34,1,0,35,6,4,1,22,5,1,11,3,12,7,5,0,15,0,15,1,0,7,10,7,0
2012/2013,coffee bay,king sabata dalindyebo,o.r.tambo,29.14881,-31.97848,29,4,62,1,0,0,22,33,0,1,39,2,4,1,25,4,1,17,5,12,3,9,0,15,0,14,0,0,7,5,22,0
2013/2014,coffee bay,king sabata dalindyebo,o.r.tambo,29.14881,-31.97848,27,3,72,1,0,0,18,28,0,3,35,3,7,1,10,6,12,15,11,9,4,7,0,15,0,10,0,0,4,10,8,0
2014/2015,coffee bay,king sabata dalindyebo,o.r.tambo,29.14881,-31.97848,22,2,65,3,2,0,22,14,0,5,28,1,7,2,15,4,12,10,3,13,5,7,0,19,1,17,0,0,3,2,6,0
2015/2016,coffee bay,king sabata dalindyebo,o.r.tambo,29.14881,-31.97848,31,1,44,0,0,0,10,9,0,1,5,1,6,5,38,5,21,12,4,18,1,0,0,3,0,18,0,0,1,3,6,0
2016/2017,coffee bay,king sabata dalindyebo,o.r.tambo,29.14881,-31.97848,12,0,60,4,0,0,13,20,0,1,7,2,6,7,49,7,13,6,4,11,9,6,0,15,0,11,0,0,2,4,10,0
2017/2018,coffee bay,king sabata dalindyebo,o.r.tambo,29.14881,-31.97848,19,5,48,1,0,0,8,31,0,1,5,1,6,1,33,3,12,16,6,16,1,2,0,10,1,17,0,0,0,3,10,0
2018/2019,coffee bay,king sabata dalindyebo,o.r.tambo,29.14881,-31.97848,31,3,46,2,0,0,15,27,0,4,20,5,6,1,11,5,12,19,9,11,5,3,0,17,0,11,0,0,7,2,6,0
2019/2020,coffee bay,king sabata dalindyebo,o.r.tambo,29.14881,-31.97848,30,2,39,1,1,0,36,23,4,0,6,2,6,11,3,4,12,13,8,16,7,1,0,15,0,17,0,0,4,5,10,0
2020/2021,coffee bay,king sabata dalindyebo,o.r.tambo,29.14881,-31.97848,22,0,24,2,1,0,25,26,0,5,12,2,6,0,1,1,13,8,5,7,3,1,0,5,2,10,0,0,7,1,4,0
2021/2022,coffee bay,king sabata dalindyebo,o.r.tambo,29.14881,-31.97848,22,2,33,2,1,0,15,18,0,4,13,0,6,0,0,1,21,9,7,9,3,1,0,8,1,11,0,0,6,6,4,0
2022/2023,coffee bay,king sabata dalindyebo,o.r.tambo,29.14881,-31.97848,23,0,27,6,2,0,11,10,0,5,10,1,6,0,4,1,12,14,7,13,5,2,0,18,0,15,0,0,6,1,7,0
2023/2024,coffee bay,or tambo district,or tambo district,29.14881,-31.97848,0,0,0,0,0,0,0,12,0,0,0,0,0,0,0,0,0,0,0,0,0,2,0,0,0,0,0,0,0,1,6,0
2024/2025,coffee bay,or tambo district,or tambo district,29.14881,-31.97848,0,0,0,0,0,0,0,18,1,0,0,0,0,0,0,0,0,0,0,0,0,9,0,0,0,0,0,0,0,2,9,0
2008/2009,cofimvaba,intsika yethu,chris hani,27.58411,-32.00375,142,9,271,17,12,0,1,190,3,29,62,36,9,4,19,6,1,70,43,84,14,28,1,53,0,101,0,15,44,17,13,1
2009/2010,cofimvaba,intsika yethu,chris hani,27.58411,-32.00375,102,20,280,6,8,0,2,178,2,64,72,40,8,48,19,14,1,84,49,77,3,8,0,45,0,89,0,18,42,16,16,1
2010/2011,cofimvaba,intsika yethu,chris hani,27.58411,-32.00375,104,18,307,8,10,0,2,173,4,36,59,45,5,33,30,12,1,73,49,94,11,17,0,60,2,109,0,15,32,20,22,1
2011/2012,cofimvaba,intsika yethu,chris hani,27.58411,-32.00375,127,7,292,6,9,0,7,160,2,79,66,38,6,15,51,17,1,76,44,73,25,17,0,54,5,87,0,26,34,15,18,0
2012/2013,cofimvaba,intsika yethu,chris hani,27.58411,-32.00375,110,9,252,7,8,0,33,171,2,124,71,32,7,14,31,22,1,66,53,84,24,14,0,63,2,95,1,15,107,14,13,0
2013/2014,cofimvaba,intsika yethu,chris hani,27.58411,-32.00375,126,9,229,5,6,0,56,126,1,107,29,8,7,8,61,11,21,55,71,83,31,10,0,75,5,95,0,13,63,14,21,0
2014/2015,cofimvaba,intsika yethu,chris hani,27.58411,-32.00375,73,13,198,9,7,0,72,102,5,57,19,6,7,6,70,14,21,62,74,100,29,28,0,103,2,110,0,4,66,11,36,1
2015/2016,cofimvaba,intsika yethu,chris hani,27.58411,-32.00375,67,6,216,7,2,0,67,107,1,50,17,4,6,16,61,10,12,43,63,90,16,11,0,43,0,92,0,10,45,3,24,2
2016/2017,cofimvaba,intsika yethu,chris hani,27.58411,-32.00375,59,3,194,7,1,0,66,129,4,28,40,10,8,10,78,13,21,51,55,54,17,14,0,48,2,61,0,9,55,6,24,0
2017/2018,cofimvaba,intsika yethu,chris hani,27.58411,-32.00375,66,6,229,8,3,0,62,130,2,47,47,6,7,10,79,24,23,57,80,64,18,13,1,51,5,73,1,13,40,8,21,0
2018/2019,cofimvaba,intsika yethu,chris hani,27.58411,-32.00375,91,1,203,9,10,0,66,114,2,60,36,13,6,3,47,16,21,71,80,77,22,11,1,56,5,92,0,8,40,10,19,3
2019/2020,cofimvaba,intsika yethu,chris hani,27.58411,-32.00375,108,2,242,12,8,0,91,104,5,68,49,13,6,22,26,25,12,80,63,84,16,22,0,75,2,94,0,25,49,12,37,0
2020/2021,cofimvaba,intsika yethu,chris hani,27.58411,-32.00375,84,3,203,18,4,0,68,87,8,72,40,16,7,9,34,12,14,69,91,57,31,14,1,80,7,69,0,33,50,6,29,0
2021/2022,cofimvaba,intsika yethu,chris hani,27.58411,-32.00375,69,6,190,17,9,0,47,64,5,57,50,7,6,11,42,14,23,85,78,79,27,13,1,69,2,90,1,12,58,12,27,0
2022/2023,cofimvaba,intsika yethu,chris hani,27.58411,-32.00375,83,12,222,30,5,0,67,44,13,35,67,10,6,22,51,7,3,88,90,71,32,13,0,80,1,77,0,1,73,2,26,0
2023/2024,cofimvaba,chris hani district,chris hani district,27.58411,-32.00375,0,0,0,0,0,0,0,39,8,0,0,0,0,0,0,0,0,0,0,0,0,13,0,0,0,0,0,0,0,5,16,0
2024/2025,cofimvaba,chris hani district,chris hani district,27.58411,-32.00375,0,0,0,0,0,0,0,41,3,0,0,0,0,0,0,0,0,0,0,0,0,12,0,0,0,0,0,0,0,8,20,0
2008/2009,colenso,alfred duma,uthukela,29.82205,-28.73492,101,3,41,5,0,0,12,49,3,1,45,7,8,10,3,6,1,24,7,14,0,3,0,19,1,19,0,1,57,5,13,2
2009/2010,colenso,alfred duma,uthukela,29.82205,-28.73492,42,2,41,10,0,0,2,42,3,1,39,3,4,12,9,23,1,19,9,8,0,6,0,20,3,13,0,0,48,4,7,1
2010/2011,colenso,alfred duma,uthukela,29.82205,-28.73492,51,0,36,14,3,0,2,37,2,0,40,3,7,18,14,23,1,25,9,7,1,8,0,29,0,11,0,0,30,4,11,1
2011/2012,colenso,alfred duma,uthukela,29.82205,-28.73492,65,3,37,12,2,0,5,30,3,4,40,10,6,16,16,17,1,20,7,9,1,2,0,18,1,12,0,0,50,4,8,0
2012/2013,colenso,alfred duma,uthukela,29.82205,-28.73492,43,3,45,7,0,0,10,27,0,2,32,4,6,17,14,14,1,17,3,4,3,1,0,10,1,5,0,0,47,3,13,2
2013/2014,colenso,alfred duma,uthukela,29.82205,-28.73492,71,0,26,3,0,0,9,14,2,1,19,1,6,21,6,8,13,21,5,4,1,0,0,9,0,4,0,0,35,0,10,0
2014/2015,colenso,alfred duma,uthukela,29.82205,-28.73492,39,2,25,9,0,0,9,38,0,4,31,8,6,14,6,18,21,15,6,6,4,5,0,23,0,6,0,4,48,3,9,0
2015/2016,colenso,alfred duma,uthukela,29.82205,-28.73492,58,1,28,7,0,0,9,41,2,2,22,1,6,12,3,21,12,25,9,6,1,2,0,14,0,6,0,8,55,1,13,2
2016/2017,colenso,alfred duma,uthukela,29.82205,-28.73492,53,1,25,4,1,0,12,32,1,3,16,2,6,14,11,5,13,16,12,6,1,4,0,15,0,7,0,6,33,0,9,0
2017/2018,colenso,alfred duma,uthukela,29.82205,-28.73492,65,2,22,3,1,0,8,18,1,4,24,5,6,28,13,10,21,20,5,9,2,1,0,16,1,11,0,2,41,2,5,0
2018/2019,colenso,alfred duma,uthukela,29.82205,-28.73492,61,5,24,16,2,0,13,19,4,0,20,4,6,25,5,3,12,35,20,6,3,2,0,17,0,8,0,3,26,2,7,1
2019/2020,colenso,alfred duma,uthukela,29.82205,-28.73492,66,1,33,21,1,0,17,27,4,0,19,3,6,22,0,21,12,32,6,4,9,4,0,27,2,7,0,2,36,2,2,1
2020/2021,colenso,alfred duma,uthukela,29.82205,-28.73492,56,3,38,11,0,0,10,38,2,3,34,4,6,7,2,5,13,18,9,4,6,4,0,20,3,7,0,3,33,2,3,1
2021/2022,colenso,alfred duma,uthukela,29.82205,-28.73492,67,0,34,14,1,0,12,16,2,3,25,5,6,5,3,2,12,22,4,6,5,1,0,16,1,8,0,4,35,1,4,1
2022/2023,colenso,alfred duma,uthukela,29.82205,-28.73492,66,1,35,9,0,0,14,22,1,8,30,6,6,1,1,4,14,27,13,8,3,3,0,14,0,8,0,2,36,0,3,1
2023/2024,colenso,uthukela district,uthukela district,29.82205,-28.73492,0,0,0,0,0,0,0,16,4,0,0,0,0,0,0,0,0,0,0,0,0,1,0,0,0,0,0,0,0,1,6,0
2024/2025,colenso,uthukela district,uthukela district,29.82205,-28.73492,0,0,0,0,0,0,0,15,1,0,0,0,0,0,0,0,0,0,0,0,0,5,0,0,0,0,0,0,0,2,2,0
2008/2009,colesberg,umsobomvu,pixley ka seme,25.09446,-30.7197,48,1,67,3,2,0,24,23,0,13,33,1,4,18,8,0,1,16,3,10,0,0,0,0,0,14,0,13,37,3,5,0
2009/2010,colesberg,umsobomvu,pixley ka seme,25.09446,-30.7197,61,0,41,6,1,0,30,21,0,12,35,4,4,8,22,1,1,9,3,11,0,0,0,0,1,15,0,11,34,3,9,0
2010/2011,colesberg,umsobomvu,pixley ka seme,25.09446,-30.7197,52,1,59,7,1,0,30,31,0,15,39,6,6,8,21,0,1,16,1,4,0,0,0,1,0,5,0,12,27,4,22,0
2011/2012,colesberg,umsobomvu,pixley ka seme,25.09446,-30.7197,54,2,54,2,2,0,27,15,0,27,51,1,6,4,10,0,1,15,2,7,0,0,0,2,1,10,0,6,15,2,9,0
2012/2013,colesberg,umsobomvu,pixley ka seme,25.09446,-30.7197,56,1,61,5,1,0,43,37,0,32,67,3,4,5,6,2,1,34,8,13,2,0,0,2,5,21,0,15,31,10,39,0
2013/2014,colesberg,umsobomvu,pixley ka seme,25.09446,-30.7197,53,2,69,5,2,0,43,25,0,17,51,4,6,4,20,1,1,14,4,9,6,1,0,12,2,13,0,7,50,1,22,0
2014/2015,colesberg,umsobomvu,pixley ka seme,25.09446,-30.7197,56,0,57,4,4,0,18,28,0,10,34,2,7,13,33,0,1,20,3,15,0,0,0,1,2,22,0,11,30,3,26,0
2015/2016,colesberg,umsobomvu,pixley ka seme,25.09446,-30.7197,48,1,64,2,1,0,21,31,0,11,25,5,6,12,20,1,1,13,4,19,6,1,0,9,0,20,0,7,27,3,17,0
2016/2017,colesberg,umsobomvu,pixley ka seme,25.09446,-30.7197,45,0,67,0,1,0,31,28,0,17,28,7,6,16,32,0,1,20,6,6,5,1,0,9,2,9,2,15,33,1,14,0
2017/2018,colesberg,umsobomvu,pixley ka seme,25.09446,-30.7197,63,1,75,0,1,0,24,30,0,16,44,10,6,19,56,3,1,23,3,10,5,0,0,9,2,13,2,11,39,6,19,0
2018/2019,colesberg,umsobomvu,pixley ka seme,25.09446,-30.7197,58,0,64,5,3,0,34,40,0,16,44,10,6,7,31,0,13,32,7,11,0,2,0,7,0,14,1,18,38,4,21,0
2019/2020,colesberg,umsobomvu,pixley ka seme,25.09446,-30.7197,46,1,62,3,2,0,23,25,0,18,36,1,6,0,7,0,13,11,2,14,0,0,0,1,2,18,0,19,26,6,24,0
2020/2021,colesberg,umsobomvu,pixley ka seme,25.09446,-30.7197,44,0,50,5,0,0,33,30,0,19,29,5,6,1,4,0,13,12,2,6,0,1,0,5,2,8,0,13,18,0,16,0
2021/2022,colesberg,umsobomvu,pixley ka seme,25.09446,-30.7197,51,2,64,5,2,0,28,34,0,33,50,5,6,1,8,2,13,37,3,8,1,1,0,11,1,11,0,16,24,1,8,0
2022/2023,colesberg,umsobomvu,pixley ka seme,25.09446,-30.7197,52,2,34,15,1,0,25,26,0,22,44,1,6,0,8,0,12,31,5,7,3,0,0,4,4,12,0,15,8,0,28,0
2023/2024,colesberg,pixley ka seme district,pixley ka seme district,25.09446,-30.7197,0,0,0,0,0,0,0,17,0,0,0,0,0,0,0,0,0,0,0,0,0,0,0,0,0,0,0,0,0,1,6,0
2024/2025,colesberg,pixley ka seme district,pixley ka seme district,25.09446,-30.7197,0,0,0,0,0,0,0,20,0,0,0,0,0,0,0,0,0,0,0,0,0,0,0,0,0,0,0,0,0,1,8,0
2008/2009,coligny,ditsobotla,ngaka modiri molema,26.31738,-26.3307,132,1,163,3,2,0,22,86,0,9,66,24,4,10,33,3,1,43,6,25,1,3,0,13,15,44,0,4,43,5,10,2
2009/2010,coligny,ditsobotla,ngaka modiri molema,26.31738,-26.3307,86,2,94,1,5,0,32,89,1,16,69,19,9,4,39,0,1,41,2,11,4,4,0,17,16,37,0,3,50,3,9,1
2010/2011,coligny,ditsobotla,ngaka modiri molema,26.31738,-26.3307,90,5,71,4,1,0,9,53,0,12,26,10,11,3,33,3,1,35,7,28,5,5,0,14,6,43,0,5,28,3,11,1
2011/2012,coligny,ditsobotla,ngaka modiri molema,26.31738,-26.3307,77,4,83,1,2,0,16,36,0,11,43,10,9,2,47,0,1,26,3,30,9,3,0,16,4,41,0,0,41,5,8,0
2012/2013,coligny,ditsobotla,ngaka modiri molema,26.31738,-26.3307,71,1,86,2,2,0,26,80,1,5,46,11,7,2,83,0,1,42,6,22,6,2,0,17,0,25,0,3,35,9,12,0
2013/2014,coligny,ditsobotla,ngaka modiri molema,26.31738,-26.3307,81,1,64,4,5,0,15,66,1,12,44,10,4,6,89,2,12,38,2,30,2,4,0,12,5,42,0,4,25,11,10,0
2014/2015,coligny,ditsobotla,ngaka modiri molema,26.31738,-26.3307,78,2,76,2,0,0,15,66,1,17,41,7,6,4,86,0,12,19,6,30,7,4,0,17,1,31,0,3,32,5,18,0
2015/2016,coligny,ditsobotla,ngaka modiri molema,26.31738,-26.3307,47,0,73,3,1,0,13,75,1,7,66,18,6,7,74,1,13,39,6,26,9,3,0,26,1,28,0,1,38,5,17,3
2016/2017,coligny,ditsobotla,ngaka modiri molema,26.31738,-26.3307,63,3,81,3,0,0,25,62,2,12,68,14,6,8,77,0,13,33,3,34,16,2,0,30,5,39,0,0,25,9,17,0
2017/2018,coligny,ditsobotla,ngaka modiri molema,26.31738,-26.3307,99,3,141,2,1,0,48,93,3,5,102,12,7,1,77,3,13,79,10,48,10,5,0,41,1,51,0,5,39,5,16,1
2018/2019,coligny,ditsobotla,ngaka modiri molema,26.31738,-26.3307,113,3,130,1,2,0,19,98,10,9,112,32,4,1,36,3,14,66,1,33,4,6,0,51,5,42,0,1,47,9,28,0
2019/2020,coligny,ditsobotla,ngaka modiri molema,26.31738,-26.3307,92,1,132,2,9,0,19,112,4,12,96,17,6,4,46,9,22,44,5,31,9,6,0,37,3,43,0,0,44,11,18,3
2020/2021,coligny,ditsobotla,ngaka modiri molema,26.31738,-26.3307,51,3,87,3,3,0,26,77,0,4,78,17,7,7,57,0,12,31,6,19,1,0,0,14,3,26,0,6,38,1,12,2
2021/2022,coligny,ditsobotla,ngaka modiri molema,26.31738,-26.3307,92,0,78,0,1,0,15,62,0,9,94,12,6,5,24,1,14,41,8,39,6,3,0,25,0,40,1,0,30,2,7,3
2022/2023,coligny,ditsobotla,ngaka modiri molema,26.31738,-26.3307,65,1,81,2,3,0,34,88,1,16,96,14,6,8,9,1,21,40,5,27,7,3,0,19,2,32,0,6,20,6,4,1
2023/2024,coligny,ngaka modiri molema district,ngaka modiri molema district,26.31738,-26.3307,0,0,0,0,0,0,0,95,1,0,0,0,0,0,0,0,0,0,0,0,0,3,0,0,0,0,0,0,0,2,20,0
2024/2025,coligny,ngaka modiri molema district,ngaka modiri molema district,26.31738,-26.3307,0,0,0,0,0,0,0,80,0,0,0,0,0,0,0,0,0,0,0,0,0,1,0,0,0,0,0,0,0,2,11,0
2008/2009,committees,makana,sarah baartman,26.83654,-33.16014,7,0,0,0,0,0,0,0,0,0,3,0,6,1,1,0,1,0,0,0,0,0,0,1,0,0,0,0,17,0,0,0
2009/2010,committees,makana,sarah baartman,26.83654,-33.16014,2,1,1,0,0,0,0,0,0,0,0,0,6,0,0,0,1,0,1,0,0,0,0,1,0,0,0,0,4,0,0,0
2010/2011,committees,makana,sarah baartman,26.83654,-33.16014,5,0,0,0,0,0,0,3,0,1,3,0,6,0,0,0,1,1,0,0,0,0,0,0,0,0,0,0,2,0,0,0
2011/2012,committees,makana,sarah baartman,26.83654,-33.16014,9,0,0,0,0,0,0,6,0,1,0,0,6,1,1,0,1,9,0,0,0,0,0,0,0,0,0,0,19,0,3,0
2012/2013,committees,makana,sarah baartman,26.83654,-33.16014,9,0,1,0,0,0,0,6,0,0,0,1,6,1,0,0,1,2,0,1,0,0,0,0,0,1,0,0,16,0,0,0
2013/2014,committees,makana,sarah baartman,26.83654,-33.16014,5,0,2,0,0,0,0,2,0,0,1,0,6,0,0,0,13,4,0,0,0,0,0,0,0,0,0,0,8,0,2,0
2014/2015,committees,makana,sarah baartman,26.83654,-33.16014,2,0,1,0,0,0,0,3,0,0,0,0,6,0,1,0,13,8,0,3,0,1,0,1,0,3,0,0,42,0,0,0
2015/2016,committees,makana,sarah baartman,26.83654,-33.16014,9,0,1,0,0,0,0,3,0,1,0,0,6,0,0,0,13,6,0,1,0,0,0,1,0,1,0,0,23,0,0,0
2016/2017,committees,makana,sarah baartman,26.83654,-33.16014,5,0,3,0,0,0,0,2,0,0,1,0,6,2,1,0,13,5,0,0,0,0,0,0,0,0,0,0,16,0,0,0
2017/2018,committees,makana,sarah baartman,26.83654,-33.16014,3,0,0,0,0,0,1,2,0,0,0,0,6,0,2,0,13,1,0,0,1,0,0,1,0,0,0,0,10,0,0,0
2018/2019,committees,makana,sarah baartman,26.83654,-33.16014,10,0,1,0,0,0,0,3,0,1,0,0,6,1,1,0,12,1,0,1,0,0,0,0,0,1,0,0,11,0,0,0
2019/2020,committees,makana,sarah baartman,26.83654,-33.16014,13,0,0,0,0,0,1,4,0,0,0,0,6,0,0,0,13,1,1,0,0,1,0,3,1,1,0,0,11,0,0,0
2020/2021,committees,makana,sarah baartman,26.83654,-33.16014,20,0,0,0,0,0,0,2,0,0,1,0,6,1,0,0,13,1,0,0,0,0,0,2,0,0,0,0,7,0,0,1
2021/2022,committees,makana,sarah baartman,26.83654,-33.16014,12,0,1,0,0,0,0,2,0,0,2,0,6,0,0,0,13,1,0,0,0,1,0,2,0,0,0,0,15,0,1,1
2022/2023,committees,makana,sarah baartman,26.83654,-33.16014,10,0,0,0,0,0,0,2,1,0,0,0,6,0,0,0,13,0,0,0,0,0,0,1,0,0,0,0,13,0,1,0
2023/2024,committees,sarah baartman district,sarah baartman district,26.83654,-33.16014,0,0,0,0,0,0,0,3,0,0,0,0,0,0,0,0,0,0,0,0,0,0,0,0,0,0,0,0,0,0,1,0
2024/2025,committees,sarah baartman district,sarah baartman district,26.83654,-33.16014,0,0,0,0,0,0,0,0,0,0,0,0,0,0,0,0,0,0,0,0,0,0,0,0,0,0,0,0,0,0,1,0
2008/2009,conville,george,garden route,22.47327,-33.98272,381,1,258,4,3,0,72,226,0,8,172,89,10,263,1004,2,1,134,16,69,2,1,0,106,17,95,0,114,1,8,132,0
2009/2010,conville,george,garden route,22.47327,-33.98272,368,5,247,2,6,0,71,241,0,7,186,114,12,167,618,10,1,136,21,89,9,3,0,104,18,120,0,97,1,8,184,0
2010/2011,conville,george,garden route,22.47327,-33.98272,447,6,353,6,13,0,81,329,1,14,295,135,9,104,649,3,1,160,12,118,17,5,0,154,25,161,0,123,1,5,220,0
2011/2012,conville,george,garden route,22.47327,-33.98272,593,8,358,5,7,0,140,324,1,26,620,124,11,116,685,6,1,273,14,92,15,4,0,193,19,126,0,66,0,13,355,0
2012/2013,conville,george,garden route,22.47327,-33.98272,625,7,352,36,17,0,139,354,2,36,697,127,12,138,676,5,1,252,14,109,11,3,0,184,14,147,0,89,1,6,284,0
2013/2014,conville,george,garden route,22.47327,-33.98272,589,5,382,28,8,0,146,405,1,34,546,150,17,118,783,11,21,285,15,102,11,3,0,154,20,139,0,58,0,11,314,0
2014/2015,conville,george,garden route,22.47327,-33.98272,516,7,343,49,10,0,131,350,1,23,564,104,12,123,954,3,22,249,12,114,8,9,0,142,29,160,0,75,0,5,293,0
2015/2016,conville,george,garden route,22.47327,-33.98272,455,7,322,17,10,0,167,360,0,35,538,84,8,110,995,3,21,212,11,70,14,5,0,154,10,94,0,81,3,7,245,0
2016/2017,conville,george,garden route,22.47327,-33.98272,495,14,325,16,7,0,150,479,1,41,572,93,4,160,1323,7,25,225,21,79,14,7,0,147,43,131,1,97,1,7,211,0
2017/2018,conville,george,garden route,22.47327,-33.98272,456,18,291,25,3,0,115,339,2,38,492,91,7,187,1262,6,13,249,11,67,10,10,0,132,30,101,0,77,1,5,248,0
2018/2019,conville,george,garden route,22.47327,-33.98272,447,5,292,30,5,0,127,402,1,43,503,88,10,109,683,2,22,232,19,84,7,8,0,155,36,131,1,77,1,8,254,0
2019/2020,conville,george,garden route,22.47327,-33.98272,403,14,287,24,6,0,140,365,0,51,463,109,5,80,571,7,17,215,17,56,7,8,0,197,31,96,0,119,2,7,217,0
2020/2021,conville,george,garden route,22.47327,-33.98272,335,16,284,69,7,0,111,245,0,56,400,85,4,29,384,11,27,256,16,71,15,12,0,176,24,104,2,83,0,2,223,0
2021/2022,conville,george,garden route,22.47327,-33.98272,392,15,263,32,5,0,97,242,0,62,479,62,11,43,617,15,27,297,17,54,10,12,0,138,18,85,0,74,0,12,167,0
2022/2023,conville,george,garden route,22.47327,-33.98272,375,3,328,14,10,0,101,270,0,72,451,89,10,83,727,15,3,289,22,58,11,8,0,135,19,93,0,56,0,6,165,0
2023/2024,conville,garden route district,garden route district,22.47327,-33.98272,0,0,0,0,0,0,0,202,0,0,0,0,0,0,0,0,0,0,0,0,0,5,0,0,0,0,0,0,0,5,138,0
2024/2025,conville,garden route district,garden route district,22.47327,-33.98272,0,0,0,0,0,0,0,240,0,0,0,0,0,0,0,0,0,0,0,0,0,4,0,0,0,0,0,0,0,6,142,0
2008/2009,cookhouse,blue crane route,sarah baartman,25.8005,-32.75007,86,3,108,2,1,0,7,78,1,4,88,12,6,5,8,3,1,27,1,17,3,3,0,12,0,18,0,1,68,1,30,0
2009/2010,cookhouse,blue crane route,sarah baartman,25.8005,-32.75007,56,1,97,2,4,0,3,71,0,2,71,10,4,9,16,0,1,39,12,14,0,1,0,4,2,22,0,2,65,1,24,0
2010/2011,cookhouse,blue crane route,sarah baartman,25.8005,-32.75007,56,3,108,1,2,0,19,41,0,6,37,6,7,2,12,0,1,30,12,13,0,0,0,3,5,21,0,1,109,3,25,0
2011/2012,cookhouse,blue crane route,sarah baartman,25.8005,-32.75007,75,3,77,0,4,0,15,62,0,3,63,8,6,1,25,1,1,33,6,19,2,1,0,5,3,26,0,0,92,2,42,0
2012/2013,cookhouse,blue crane route,sarah baartman,25.8005,-32.75007,71,0,55,1,0,0,17,30,0,3,32,3,4,1,22,0,1,40,7,20,5,0,0,5,1,23,0,0,110,6,52,0
2013/2014,cookhouse,blue crane route,sarah baartman,25.8005,-32.75007,54,7,84,0,0,0,4,41,1,4,64,10,6,3,20,0,13,39,8,14,0,1,0,5,6,20,0,0,75,1,42,0
2014/2015,cookhouse,blue crane route,sarah baartman,25.8005,-32.75007,92,0,62,5,1,0,22,51,0,4,47,9,6,15,26,1,13,32,6,18,1,0,0,6,8,27,0,0,66,3,40,0
2015/2016,cookhouse,blue crane route,sarah baartman,25.8005,-32.75007,75,0,82,5,1,0,27,97,0,7,43,5,6,13,79,3,13,50,6,14,3,0,0,4,2,17,0,0,93,3,43,0
2016/2017,cookhouse,blue crane route,sarah baartman,25.8005,-32.75007,70,2,39,1,0,0,6,59,0,6,51,7,6,36,108,0,14,37,8,20,4,2,0,14,2,22,0,0,55,1,17,0
2017/2018,cookhouse,blue crane route,sarah baartman,25.8005,-32.75007,65,2,58,3,1,0,17,50,1,5,58,6,6,34,122,1,13,22,4,12,1,2,0,4,3,16,0,0,39,1,29,0
2018/2019,cookhouse,blue crane route,sarah baartman,25.8005,-32.75007,68,0,54,1,0,0,13,41,0,3,49,2,7,26,111,0,13,27,6,14,1,1,0,12,0,15,0,0,44,1,19,1
2019/2020,cookhouse,blue crane route,sarah baartman,25.8005,-32.75007,40,1,65,0,1,0,9,43,0,16,46,4,6,25,118,2,13,32,6,15,2,1,0,7,0,16,0,1,36,2,20,0
2020/2021,cookhouse,blue crane route,sarah baartman,25.8005,-32.75007,37,2,51,2,0,0,5,38,0,8,45,2,6,21,140,3,13,41,7,6,4,5,0,11,0,6,0,3,36,0,26,1
2021/2022,cookhouse,blue crane route,sarah baartman,25.8005,-32.75007,49,2,59,1,0,0,9,42,0,5,42,4,6,11,159,8,12,30,3,7,2,0,0,6,3,10,0,0,38,2,18,1
2022/2023,cookhouse,blue crane route,sarah baartman,25.8005,-32.75007,52,1,52,0,0,0,11,35,2,10,43,1,6,6,141,1,12,24,6,9,1,0,0,5,0,9,0,3,46,1,11,1
2023/2024,cookhouse,sarah baartman district,sarah baartman district,25.8005,-32.75007,0,0,0,0,0,0,0,27,0,0,0,0,0,0,0,0,0,0,0,0,0,1,0,0,0,0,0,0,0,1,16,0
2024/2025,cookhouse,sarah baartman district,sarah baartman district,25.8005,-32.75007,0,0,0,0,0,0,0,17,0,0,0,0,0,0,0,0,0,0,0,0,0,1,0,0,0,0,0,0,0,2,6,0
2008/2009,cornelia,mafube,fezile dabi,28.85422,-27.23861,26,1,4,0,0,0,8,25,0,2,22,2,7,6,12,0,1,13,3,4,0,0,0,3,4,9,0,1,28,2,2,1
2009/2010,cornelia,mafube,fezile dabi,28.85422,-27.23861,27,1,8,2,2,0,4,10,0,3,27,1,6,6,6,2,1,3,0,3,1,2,0,7,1,6,0,1,23,2,5,4
2010/2011,cornelia,mafube,fezile dabi,28.85422,-27.23861,33,0,10,0,0,0,11,19,1,3,14,4,6,0,13,1,1,5,0,4,1,1,0,5,0,4,0,0,32,2,2,1
2011/2012,cornelia,mafube,fezile dabi,28.85422,-27.23861,22,1,14,1,0,0,1,26,0,1,21,0,4,4,12,0,1,12,0,6,0,1,0,6,0,8,0,0,22,3,4,1
2012/2013,cornelia,mafube,fezile dabi,28.85422,-27.23861,15,0,10,2,0,0,10,23,0,1,17,4,6,5,13,0,1,7,1,3,1,0,0,3,4,7,0,0,26,0,10,1
2013/2014,cornelia,mafube,fezile dabi,28.85422,-27.23861,25,0,7,0,0,0,5,5,0,1,11,0,6,2,26,0,13,6,0,3,1,0,0,4,0,3,0,0,23,0,12,3
2014/2015,cornelia,mafube,fezile dabi,28.85422,-27.23861,10,0,11,2,0,0,5,5,0,2,13,1,6,5,29,0,12,2,0,1,1,0,0,11,0,1,0,0,17,1,7,6
2015/2016,cornelia,mafube,fezile dabi,28.85422,-27.23861,27,2,7,3,0,0,3,15,2,2,11,0,6,6,45,0,13,3,2,6,0,3,0,6,0,6,0,0,33,4,2,1
2016/2017,cornelia,mafube,fezile dabi,28.85422,-27.23861,14,2,4,0,1,0,2,20,0,1,10,2,6,6,49,1,13,2,3,1,2,1,0,3,1,3,0,0,28,0,4,0
2017/2018,cornelia,mafube,fezile dabi,28.85422,-27.23861,11,1,14,0,0,0,9,11,0,2,18,0,6,2,30,0,13,3,1,1,1,0,0,4,0,1,0,0,33,0,1,0
2018/2019,cornelia,mafube,fezile dabi,28.85422,-27.23861,9,0,7,2,0,0,2,13,0,3,8,2,6,5,26,0,13,8,0,2,0,2,0,6,0,2,0,0,50,0,0,0
2019/2020,cornelia,mafube,fezile dabi,28.85422,-27.23861,14,2,6,1,0,0,8,13,0,2,12,1,6,3,5,1,21,5,0,2,0,0,0,0,1,3,0,0,50,1,3,0
2020/2021,cornelia,mafube,fezile dabi,28.85422,-27.23861,20,0,7,1,0,0,8,11,0,3,14,0,6,2,10,0,13,8,0,4,0,0,0,0,0,4,0,0,35,5,0,0
2021/2022,cornelia,mafube,fezile dabi,28.85422,-27.23861,21,0,11,0,0,0,4,12,2,2,10,1,6,5,8,0,12,7,2,4,0,0,0,3,0,4,0,0,27,0,2,1
2022/2023,cornelia,mafube,fezile dabi,28.85422,-27.23861,18,0,15,0,0,0,14,16,0,0,18,0,6,1,7,0,13,8,0,0,0,0,0,0,0,0,0,0,35,0,0,0
2023/2024,cornelia,fezile dabi district,fezile dabi district,28.85422,-27.23861,0,0,0,0,0,0,0,12,0,0,0,0,0,0,0,0,0,0,0,0,0,1,0,0,0,0,0,0,0,0,5,0
2024/2025,cornelia,fezile dabi district,fezile dabi district,28.85422,-27.23861,0,0,0,0,0,0,0,11,0,0,0,0,0,0,0,0,0,0,0,0,0,0,0,0,0,0,0,0,0,2,3,0
2023/2024,cosmo city,johannesburg district,johannesburg district,,,0,0,0,0,0,0,0,155,110,0,0,0,0,0,0,0,0,0,0,0,0,64,0,0,0,0,0,0,0,218,70,0
2024/2025,cosmo city,johannesburg district,johannesburg district,,,0,0,0,0,0,0,0,181,91,0,0,0,0,0,0,0,0,0,0,0,0,155,0,0,0,0,0,0,0,277,69,0
2008/2009,cradock,inxuba yethemba,chris hani,25.62571,-32.1756,257,3,415,23,1,0,30,243,0,38,304,45,12,18,204,3,1,162,28,59,4,6,0,25,13,80,0,169,102,8,54,0
2009/2010,cradock,inxuba yethemba,chris hani,25.62571,-32.1756,306,8,418,25,2,0,45,216,1,25,311,33,11,18,219,3,1,185,19,65,4,3,0,26,12,87,0,157,106,31,75,0
2010/2011,cradock,inxuba yethemba,chris hani,25.62571,-32.1756,266,6,396,15,1,0,41,190,0,30,245,34,4,40,198,8,1,141,24,65,2,2,0,24,9,77,0,154,101,16,50,0
2011/2012,cradock,inxuba yethemba,chris hani,25.62571,-32.1756,253,1,367,17,1,0,51,194,0,44,219,29,9,25,194,3,1,137,39,65,11,2,0,35,18,89,0,157,123,13,64,0
2012/2013,cradock,inxuba yethemba,chris hani,25.62571,-32.1756,260,11,359,17,14,0,92,204,0,53,179,32,7,18,201,2,1,149,38,95,5,2,0,52,10,120,0,103,113,24,85,0
2013/2014,cradock,inxuba yethemba,chris hani,25.62571,-32.1756,245,7,323,17,2,0,61,208,0,48,199,35,7,17,246,0,1,134,33,77,4,3,0,36,12,92,0,73,82,13,79,1
2014/2015,cradock,inxuba yethemba,chris hani,25.62571,-32.1756,303,12,340,10,6,0,65,199,0,36,186,41,12,16,252,3,1,143,31,65,3,3,0,46,16,94,0,73,54,25,82,0
2015/2016,cradock,inxuba yethemba,chris hani,25.62571,-32.1756,261,3,356,32,8,0,84,207,0,56,230,43,4,17,270,5,1,140,26,59,4,3,0,47,10,79,0,80,54,13,93,0
2016/2017,cradock,inxuba yethemba,chris hani,25.62571,-32.1756,335,12,320,72,3,0,85,313,0,66,223,59,7,19,276,3,1,166,27,54,4,4,0,63,7,65,0,79,62,15,140,0
2017/2018,cradock,inxuba yethemba,chris hani,25.62571,-32.1756,374,3,289,59,3,0,106,346,1,68,207,49,7,22,256,3,1,121,21,45,5,5,0,75,8,57,0,61,50,14,126,1
2018/2019,cradock,inxuba yethemba,chris hani,25.62571,-32.1756,354,6,259,32,9,0,83,289,0,69,149,41,9,13,260,5,13,140,13,49,4,5,0,71,12,75,0,66,95,29,135,0
2019/2020,cradock,inxuba yethemba,chris hani,25.62571,-32.1756,360,11,257,35,3,0,110,272,2,82,143,37,7,16,281,10,23,129,19,55,4,0,0,60,14,73,0,85,67,10,136,0
2020/2021,cradock,inxuba yethemba,chris hani,25.62571,-32.1756,318,4,237,14,8,0,118,204,2,85,192,34,4,10,324,3,25,161,16,34,0,6,0,49,14,58,0,68,92,6,103,0
2021/2022,cradock,inxuba yethemba,chris hani,25.62571,-32.1756,427,7,229,23,4,0,61,255,1,103,232,22,4,14,322,4,25,156,30,57,8,5,0,51,11,74,1,82,62,9,85,1
2022/2023,cradock,inxuba yethemba,chris hani,25.62571,-32.1756,421,8,263,27,4,0,98,248,0,102,297,33,4,32,388,11,24,174,21,44,1,7,0,54,16,66,0,76,66,12,106,2
2008/2009,cramond,umshwathi,umgungundlovu,30.42808,-29.41448,92,2,17,0,0,0,11,44,0,4,16,4,6,6,135,1,1,14,3,7,1,0,0,4,0,7,0,0,7,3,9,1
2009/2010,cramond,umshwathi,umgungundlovu,30.42808,-29.41448,87,0,15,1,0,0,5,48,0,1,18,5,6,3,118,1,1,15,4,10,0,0,0,2,0,10,0,0,2,5,5,0
2010/2011,cramond,umshwathi,umgungundlovu,30.42808,-29.41448,96,1,28,2,0,0,6,54,1,2,10,4,7,3,96,4,1,21,6,6,1,1,0,5,2,9,0,0,7,5,4,0
2011/2012,cramond,umshwathi,umgungundlovu,30.42808,-29.41448,80,1,30,3,1,0,16,42,1,1,11,2,7,1,109,3,1,12,5,3,1,7,0,13,0,5,0,1,16,5,8,0
2012/2013,cramond,umshwathi,umgungundlovu,30.42808,-29.41448,64,1,26,2,0,0,18,28,0,0,19,0,6,2,112,2,1,9,2,7,2,0,0,5,1,8,0,0,5,2,12,0
2013/2014,cramond,umshwathi,umgungundlovu,30.42808,-29.41448,72,0,20,1,0,0,17,41,0,0,10,6,6,3,129,4,13,14,4,4,5,3,0,10,0,4,0,0,9,1,7,0
2014/2015,cramond,umshwathi,umgungundlovu,30.42808,-29.41448,44,0,17,3,0,0,15,63,0,0,2,5,6,3,133,0,13,6,3,6,1,3,0,6,3,9,0,0,2,2,7,0
2015/2016,cramond,umshwathi,umgungundlovu,30.42808,-29.41448,29,1,17,2,0,0,7,34,0,0,9,0,6,1,125,0,13,4,2,9,0,4,0,7,1,10,0,0,1,6,4,0
2016/2017,cramond,umshwathi,umgungundlovu,30.42808,-29.41448,32,0,20,1,0,0,13,23,0,0,12,0,6,2,149,4,13,7,3,9,3,1,0,8,0,9,0,0,9,0,9,0
2017/2018,cramond,umshwathi,umgungundlovu,30.42808,-29.41448,32,0,24,3,0,0,15,33,0,1,14,2,6,8,109,4,13,8,4,6,0,6,0,7,0,6,0,0,6,3,2,0
2018/2019,cramond,umshwathi,umgungundlovu,30.42808,-29.41448,28,2,15,2,0,0,7,28,0,0,10,1,6,6,15,9,13,3,5,5,0,0,0,2,1,6,0,0,10,1,4,0
2019/2020,cramond,umshwathi,umgungundlovu,30.42808,-29.41448,17,1,26,3,0,0,9,29,1,3,4,0,6,10,8,3,13,2,5,6,1,1,0,8,1,7,0,0,10,6,5,0
2020/2021,cramond,umshwathi,umgungundlovu,30.42808,-29.41448,25,0,25,0,0,0,7,50,0,1,9,1,7,3,0,6,13,2,6,8,0,2,0,4,2,11,0,0,4,1,6,0
2021/2022,cramond,umshwathi,umgungundlovu,30.42808,-29.41448,38,1,25,2,0,0,17,50,2,1,21,2,6,2,0,2,13,13,5,9,1,1,0,6,1,10,0,0,9,2,21,0
2022/2023,cramond,umshwathi,umgungundlovu,30.42808,-29.41448,32,1,29,8,0,0,12,50,3,5,19,3,6,0,3,0,12,9,11,4,2,5,0,19,1,5,0,0,8,3,5,0
2023/2024,cramond,umgungundlovu district,umgungundlovu district,30.42808,-29.41448,0,0,0,0,0,0,0,56,1,0,0,0,0,0,0,0,0,0,0,0,0,8,0,0,0,0,0,0,0,1,6,0
2024/2025,cramond,umgungundlovu district,umgungundlovu district,30.42808,-29.41448,0,0,0,0,0,0,0,35,0,0,0,0,0,0,0,0,0,0,0,0,0,5,0,0,0,0,0,0,0,0,5,0
2008/2009,creighton,dr nkosazana dlamini zuma,harry gwala,29.84284,-30.02955,85,10,101,1,0,0,23,117,0,2,13,3,7,15,39,9,1,34,8,28,3,3,0,11,1,30,0,0,78,3,13,0
2009/2010,creighton,dr nkosazana dlamini zuma,harry gwala,29.84284,-30.02955,47,0,84,8,3,0,20,68,0,1,21,2,6,19,41,11,1,18,10,22,2,9,0,13,4,29,0,0,84,2,12,0
2010/2011,creighton,dr nkosazana dlamini zuma,harry gwala,29.84284,-30.02955,52,2,80,9,1,0,14,57,2,1,21,4,7,4,49,23,1,21,11,19,0,10,0,23,1,22,0,0,65,5,11,0
2011/2012,creighton,dr nkosazana dlamini zuma,harry gwala,29.84284,-30.02955,39,3,70,3,4,0,15,52,1,1,18,4,7,6,58,30,1,11,17,21,0,2,0,5,1,27,0,0,51,2,6,0
2012/2013,creighton,dr nkosazana dlamini zuma,harry gwala,29.84284,-30.02955,44,3,62,3,4,0,24,45,1,0,14,4,7,6,65,39,1,15,10,7,2,7,0,12,0,12,0,0,51,3,6,0
2013/2014,creighton,dr nkosazana dlamini zuma,harry gwala,29.84284,-30.02955,62,0,48,5,0,0,28,34,0,0,5,5,6,7,109,8,1,10,10,11,4,7,0,14,0,11,1,0,39,0,8,0
2014/2015,creighton,dr nkosazana dlamini zuma,harry gwala,29.84284,-30.02955,34,1,38,3,1,0,11,22,1,0,10,2,6,0,76,10,1,6,13,11,4,3,0,8,2,14,0,0,39,0,2,0
2015/2016,creighton,dr nkosazana dlamini zuma,harry gwala,29.84284,-30.02955,12,2,42,2,1,0,7,20,0,2,6,0,6,3,73,12,1,6,10,14,4,2,0,7,1,16,0,0,42,3,3,0
2016/2017,creighton,dr nkosazana dlamini zuma,harry gwala,29.84284,-30.02955,32,1,60,4,0,0,7,50,0,3,15,3,6,9,65,6,1,12,9,11,5,1,0,8,2,13,0,0,71,5,4,0
2017/2018,creighton,dr nkosazana dlamini zuma,harry gwala,29.84284,-30.02955,38,2,43,5,0,0,16,58,0,1,17,2,6,37,88,12,1,7,7,15,2,2,0,7,1,16,0,1,39,1,5,0
2018/2019,creighton,dr nkosazana dlamini zuma,harry gwala,29.84284,-30.02955,29,3,51,8,0,0,16,45,0,4,6,2,6,47,36,14,12,9,5,16,8,4,0,20,0,16,0,0,52,1,4,0
2019/2020,creighton,dr nkosazana dlamini zuma,harry gwala,29.84284,-30.02955,26,0,36,2,0,0,15,23,2,3,6,3,6,79,2,1,21,16,17,6,2,7,0,15,1,7,0,0,30,0,2,0
2020/2021,creighton,dr nkosazana dlamini zuma,harry gwala,29.84284,-30.02955,31,3,41,5,0,0,18,15,4,1,4,1,6,100,2,5,21,11,16,18,3,7,0,19,2,20,0,0,47,0,6,0
2021/2022,creighton,dr nkosazana dlamini zuma,harry gwala,29.84284,-30.02955,25,0,75,5,1,0,15,21,6,5,14,3,6,55,4,5,14,15,13,19,2,6,0,17,3,23,0,0,28,4,1,0
2022/2023,creighton,dr nkosazana dlamini zuma,harry gwala,29.84284,-30.02955,22,0,61,9,0,0,16,15,3,4,10,3,6,19,7,12,21,5,15,17,8,5,0,20,1,18,0,0,43,2,7,0
2023/2024,creighton,harry gwala district,harry gwala district,29.84284,-30.02955,0,0,0,0,0,0,0,17,0,0,0,0,0,0,0,0,0,0,0,0,0,6,0,0,0,0,0,0,0,2,8,0
2024/2025,creighton,harry gwala district,harry gwala district,29.84284,-30.02955,0,0,0,0,0,0,0,20,0,0,0,0,0,0,0,0,0,0,0,0,0,5,0,0,0,0,0,0,0,0,5,0
2008/2009,crystalpark,ekurhuleni,ekurhuleni,28.37297,-26.12412,326,3,111,7,1,0,29,197,18,46,147,48,12,27,13,5,1,118,7,16,11,34,1,107,1,25,0,5,8,90,154,8
2009/2010,crystalpark,ekurhuleni,ekurhuleni,28.37297,-26.12412,336,6,117,7,0,0,37,321,22,70,123,44,10,16,8,9,1,124,6,28,19,21,0,109,2,36,0,5,4,86,87,5
2010/2011,crystalpark,ekurhuleni,ekurhuleni,28.37297,-26.12412,327,7,107,13,1,0,61,557,24,86,110,34,9,16,15,6,1,133,6,26,20,27,0,110,1,33,0,6,3,87,145,5
2011/2012,crystalpark,ekurhuleni,ekurhuleni,28.37297,-26.12412,282,5,109,5,1,0,44,321,19,61,105,25,4,46,38,15,1,106,13,16,20,33,0,115,9,28,9,6,16,74,133,2
2012/2013,crystalpark,ekurhuleni,ekurhuleni,28.37297,-26.12412,212,5,83,7,3,0,30,255,21,49,51,25,7,43,92,13,1,65,7,16,17,19,0,81,5,25,8,10,15,74,72,1
2013/2014,crystalpark,ekurhuleni,ekurhuleni,28.37297,-26.12412,238,3,63,4,2,0,39,245,15,27,58,9,7,95,168,9,14,51,6,14,24,11,0,78,5,22,1,6,18,77,95,2
2014/2015,crystalpark,ekurhuleni,ekurhuleni,28.37297,-26.12412,188,2,63,10,0,0,65,304,28,30,60,17,7,46,91,14,13,59,11,23,14,16,0,94,0,24,0,7,4,53,77,0
2015/2016,crystalpark,ekurhuleni,ekurhuleni,28.37297,-26.12412,174,3,64,11,4,0,56,267,30,30,56,21,6,106,38,0,12,44,7,29,30,14,0,126,8,41,1,5,1,38,60,0
2016/2017,crystalpark,ekurhuleni,ekurhuleni,28.37297,-26.12412,219,3,95,10,2,0,57,351,20,39,67,23,4,62,46,7,13,78,12,24,41,24,0,122,4,32,0,13,3,57,65,1
2017/2018,crystalpark,ekurhuleni,ekurhuleni,28.37297,-26.12412,246,2,76,9,3,0,46,329,27,51,67,22,4,81,58,15,14,62,18,19,33,17,0,142,7,31,3,37,6,65,86,2
2018/2019,crystalpark,ekurhuleni,ekurhuleni,28.37297,-26.12412,237,6,96,9,2,0,45,420,17,62,83,34,6,110,55,8,21,69,12,21,25,20,0,127,6,29,0,48,4,77,97,0
2019/2020,crystalpark,ekurhuleni,ekurhuleni,28.37297,-26.12412,176,1,59,10,2,0,55,245,14,70,61,26,6,141,75,15,14,39,24,33,29,30,0,145,5,40,7,49,4,96,99,1
2020/2021,crystalpark,ekurhuleni,ekurhuleni,28.37297,-26.12412,134,1,47,10,1,0,55,204,17,65,39,28,6,52,46,11,14,42,25,45,32,33,0,134,5,51,0,31,2,74,110,2
2021/2022,crystalpark,ekurhuleni,ekurhuleni,28.37297,-26.12412,174,2,56,20,2,0,46,214,36,95,37,10,4,84,43,8,23,64,30,27,26,34,0,140,2,33,5,28,2,69,60,0
2022/2023,crystalpark,ekurhuleni,ekurhuleni,28.37297,-26.12412,217,1,75,33,0,0,56,188,40,100,75,21,6,80,63,11,16,88,56,39,35,43,1,181,4,43,16,25,0,87,38,2
2023/2024,crystalpark,ekurhuleni district,ekurhuleni district,28.37297,-26.12412,0,0,0,0,0,0,0,214,31,0,0,0,0,0,0,0,0,0,0,0,0,54,0,0,0,0,0,0,0,75,76,0
2024/2025,crystalpark,ekurhuleni district,ekurhuleni district,28.37297,-26.12412,0,0,0,0,0,0,0,139,39,0,0,0,0,0,0,0,0,0,0,0,0,35,0,0,0,0,0,0,0,51,76,0
2008/2009,cullinan,city of tshwane,city of tshwane,28.52028,-25.67528,654,15,289,24,10,0,110,366,13,70,424,78,19,19,52,11,1,255,7,46,15,30,0,101,5,75,0,35,17,108,73,1
2009/2010,cullinan,city of tshwane,city of tshwane,28.52028,-25.67528,569,17,205,16,4,0,76,436,9,55,435,70,32,20,107,5,1,211,11,42,15,25,1,94,3,61,0,41,11,77,71,3
2010/2011,cullinan,city of tshwane,city of tshwane,28.52028,-25.67528,549,12,201,21,1,0,66,401,10,66,399,53,17,41,94,8,1,197,8,33,16,28,0,78,4,47,0,45,21,76,93,1
2011/2012,cullinan,city of tshwane,city of tshwane,28.52028,-25.67528,596,16,182,11,7,0,33,353,6,51,338,57,5,29,65,5,1,194,11,40,11,25,0,72,3,53,1,34,22,57,86,1
2012/2013,cullinan,city of tshwane,city of tshwane,28.52028,-25.67528,522,10,170,19,2,0,60,398,14,46,315,66,9,39,160,7,1,192,9,44,17,19,0,106,2,53,3,33,17,61,84,3
2013/2014,cullinan,city of tshwane,city of tshwane,28.52028,-25.67528,473,15,176,13,2,0,29,443,16,33,320,46,5,54,139,1,22,190,9,35,38,22,0,122,7,47,1,29,24,73,66,1
2014/2015,cullinan,city of tshwane,city of tshwane,28.52028,-25.67528,438,11,195,12,3,0,103,463,12,40,299,65,4,75,171,9,17,202,2,21,27,28,0,115,10,36,0,22,34,92,55,3
2015/2016,cullinan,city of tshwane,city of tshwane,28.52028,-25.67528,489,14,200,13,4,0,74,517,23,50,269,67,9,37,89,9,25,173,9,36,27,38,0,131,11,56,0,17,20,86,60,3
2016/2017,cullinan,city of tshwane,city of tshwane,28.52028,-25.67528,485,7,133,9,2,0,97,355,13,63,404,64,8,39,56,3,3,164,8,30,29,36,2,122,8,44,2,21,43,61,55,1
2017/2018,cullinan,city of tshwane,city of tshwane,28.52028,-25.67528,455,9,75,7,1,0,100,369,27,47,463,53,4,33,70,7,21,120,7,30,25,26,0,128,13,46,1,25,38,93,46,0
2018/2019,cullinan,city of tshwane,city of tshwane,28.52028,-25.67528,394,7,40,3,3,0,88,291,34,67,398,47,6,33,82,6,12,91,6,29,38,43,0,168,16,48,2,13,24,93,59,0
2019/2020,cullinan,city of tshwane,city of tshwane,28.52028,-25.67528,352,7,48,15,0,0,106,349,28,77,353,31,6,59,64,22,21,91,8,41,48,41,0,180,5,46,5,17,24,60,53,1
2020/2021,cullinan,city of tshwane,city of tshwane,28.52028,-25.67528,245,4,29,5,0,0,71,292,26,69,377,29,7,74,48,6,22,66,8,36,28,33,0,134,10,47,0,15,35,43,39,2
2021/2022,cullinan,city of tshwane,city of tshwane,28.52028,-25.67528,318,2,47,18,0,0,66,261,38,101,344,29,7,48,57,9,36,78,9,29,25,27,0,132,12,42,2,9,21,61,28,4
2022/2023,cullinan,city of tshwane,city of tshwane,28.52028,-25.67528,469,6,29,18,0,0,66,233,18,121,355,34,6,54,74,11,37,107,15,29,40,38,0,141,8,37,2,3,42,48,45,4
2023/2024,cullinan,tshwane district,tshwane district,28.52028,-25.67528,0,0,0,0,0,0,0,223,13,0,0,0,0,0,0,0,0,0,0,0,0,24,0,0,0,0,0,0,0,35,24,0
2024/2025,cullinan,tshwane district,tshwane district,28.52028,-25.67528,0,0,0,0,0,0,0,261,18,0,0,0,0,0,0,0,0,0,0,0,0,23,0,0,0,0,0,0,0,18,49,0
2008/2009,cumberland,thabazimbi,waterberg,26.91968,-23.976,24,0,8,0,0,0,1,15,0,2,12,0,6,0,1,0,1,4,0,2,0,1,0,1,1,3,0,0,1,0,1,0
2009/2010,cumberland,thabazimbi,waterberg,26.91968,-23.976,22,1,12,1,1,0,1,26,0,0,14,1,6,0,2,1,1,3,0,3,0,0,0,0,0,4,0,0,5,2,1,0
2010/2011,cumberland,thabazimbi,waterberg,26.91968,-23.976,18,0,11,0,1,0,0,18,0,0,10,0,6,0,2,1,1,1,1,1,0,2,0,3,0,2,0,0,4,1,0,0
2011/2012,cumberland,thabazimbi,waterberg,26.91968,-23.976,16,0,6,0,1,0,0,8,0,0,10,0,6,0,1,0,1,6,1,4,0,1,0,1,0,5,0,0,3,1,2,0
2012/2013,cumberland,thabazimbi,waterberg,26.91968,-23.976,19,1,18,1,0,0,2,13,0,3,6,1,6,0,3,2,1,8,3,1,0,1,0,1,0,1,0,0,1,0,1,0
2013/2014,cumberland,thabazimbi,waterberg,26.91968,-23.976,8,0,10,0,0,0,0,16,0,1,6,1,6,1,5,3,13,4,1,0,0,0,0,1,0,0,0,0,2,0,0,0
2014/2015,cumberland,thabazimbi,waterberg,26.91968,-23.976,8,1,3,0,1,0,0,12,0,0,6,0,6,0,14,2,13,3,0,0,0,0,0,0,0,1,0,0,0,1,0,0
2015/2016,cumberland,thabazimbi,waterberg,26.91968,-23.976,6,1,11,0,0,0,0,6,0,0,3,1,6,0,7,0,13,3,0,0,0,1,0,1,0,0,0,0,2,0,0,0
2016/2017,cumberland,thabazimbi,waterberg,26.91968,-23.976,13,1,8,0,0,0,0,7,0,0,2,0,6,1,7,0,13,0,1,1,0,0,0,0,0,1,0,0,1,1,0,0
2017/2018,cumberland,thabazimbi,waterberg,26.91968,-23.976,10,0,3,0,0,0,0,7,0,1,2,0,6,0,7,1,13,2,1,0,0,0,0,0,1,1,0,0,0,0,0,0
2018/2019,cumberland,thabazimbi,waterberg,26.91968,-23.976,15,0,4,0,0,0,0,4,0,1,5,0,7,0,1,0,13,2,1,0,0,0,0,0,0,1,0,0,1,0,0,0
2019/2020,cumberland,thabazimbi,waterberg,26.91968,-23.976,7,0,3,0,0,0,0,2,0,0,2,0,6,0,0,0,13,0,0,0,0,0,0,0,0,0,0,0,0,0,0,0
2020/2021,cumberland,thabazimbi,waterberg,26.91968,-23.976,5,0,4,0,0,0,0,1,0,1,1,0,6,0,0,0,13,0,0,2,0,1,0,1,0,2,0,0,1,0,0,0
2021/2022,cumberland,thabazimbi,waterberg,26.91968,-23.976,6,0,1,0,0,0,0,2,0,3,4,1,6,0,0,0,13,1,0,0,0,1,0,1,0,0,0,0,0,0,0,0
2022/2023,cumberland,thabazimbi,waterberg,26.91968,-23.976,7,1,3,1,0,0,0,2,0,1,2,0,6,0,0,0,13,0,0,4,0,0,0,0,0,4,0,0,0,1,0,0
2023/2024,cumberland,waterberg district,waterberg district,26.91968,-23.976,0,0,0,0,0,0,0,1,0,0,0,0,0,0,0,0,0,0,0,0,0,1,0,0,0,0,0,0,0,0,1,0
2024/2025,cumberland,waterberg district,waterberg district,26.91968,-23.976,0,0,0,0,0,0,0,3,0,0,0,0,0,0,0,0,0,0,0,0,0,0,0,0,0,0,0,0,0,0,0,0
2008/2009,cyferskuil,moretele,bojanala,28.24066,-25.0764,125,2,63,2,3,0,18,46,2,0,27,8,6,0,55,1,1,31,3,20,9,1,0,18,0,23,0,0,10,3,1,1
2009/2010,cyferskuil,moretele,bojanala,28.24066,-25.0764,89,1,59,1,2,0,17,47,0,0,23,9,6,1,93,0,1,20,2,13,2,0,0,8,3,18,0,0,12,3,4,0
2010/2011,cyferskuil,moretele,bojanala,28.24066,-25.0764,108,3,53,1,3,0,15,41,1,0,20,7,7,4,102,4,1,15,2,14,4,0,0,7,1,19,0,1,8,2,6,0
2011/2012,cyferskuil,moretele,bojanala,28.24066,-25.0764,228,2,47,3,2,0,10,30,0,1,28,10,6,0,151,2,1,13,3,24,11,0,0,13,0,26,0,0,16,4,0,0
2012/2013,cyferskuil,moretele,bojanala,28.24066,-25.0764,111,0,57,1,1,0,14,39,0,0,31,5,6,0,171,0,1,14,4,20,12,2,0,19,2,23,0,0,16,7,5,0
2013/2014,cyferskuil,moretele,bojanala,28.24066,-25.0764,66,0,54,0,2,0,3,40,1,1,29,4,7,1,163,2,14,13,3,11,7,6,0,15,3,17,0,0,18,5,2,0
2014/2015,cyferskuil,moretele,bojanala,28.24066,-25.0764,80,1,68,0,0,0,14,56,1,1,44,6,6,0,137,0,21,18,0,16,9,1,0,12,2,18,0,0,18,2,2,0
2015/2016,cyferskuil,moretele,bojanala,28.24066,-25.0764,97,1,82,3,2,0,9,60,1,1,42,11,6,0,98,4,12,19,1,15,14,2,0,19,0,17,0,1,14,5,1,1
2016/2017,cyferskuil,moretele,bojanala,28.24066,-25.0764,91,1,80,3,1,0,20,46,2,1,36,7,7,1,110,1,13,26,1,22,4,0,0,6,1,25,0,0,13,9,5,0
2017/2018,cyferskuil,moretele,bojanala,28.24066,-25.0764,45,2,71,2,0,0,15,45,1,0,48,6,6,11,162,0,21,28,3,16,2,3,0,12,1,17,0,0,13,8,7,0
2018/2019,cyferskuil,moretele,bojanala,28.24066,-25.0764,41,2,69,0,0,0,21,84,1,1,51,9,7,63,109,5,12,25,0,24,2,5,0,16,0,25,21,0,10,11,6,0
2019/2020,cyferskuil,moretele,bojanala,28.24066,-25.0764,32,0,61,2,2,0,17,93,0,2,38,13,7,106,129,1,12,20,2,15,9,1,0,11,2,20,37,1,10,3,3,0
2020/2021,cyferskuil,moretele,bojanala,28.24066,-25.0764,33,0,59,1,0,0,20,35,1,2,42,9,6,0,24,0,12,19,3,17,5,4,0,11,3,20,2,0,4,0,4,0
2021/2022,cyferskuil,moretele,bojanala,28.24066,-25.0764,36,0,70,4,1,0,15,31,1,0,57,3,4,37,67,1,12,21,1,17,4,3,0,11,4,24,23,2,8,1,2,0
2022/2023,cyferskuil,moretele,bojanala,28.24066,-25.0764,33,2,79,1,0,0,18,44,0,1,69,7,6,43,113,1,13,16,6,9,5,4,0,15,2,11,35,2,6,0,1,1
2023/2024,cyferskuil,bojanala district,bojanala district,28.24066,-25.0764,0,0,0,0,0,0,0,42,0,0,0,0,0,0,0,0,0,0,0,0,0,4,0,0,0,0,0,0,0,1,4,0
2024/2025,cyferskuil,bojanala district,bojanala district,28.24066,-25.0764,0,0,0,0,0,0,0,34,0,0,0,0,0,0,0,0,0,0,0,0,0,5,0,0,0,0,0,0,0,1,2,0
2008/2009,da gamaskop,mossel bay,garden route,22.11733,-34.17631,334,2,146,1,6,0,50,218,0,49,275,56,10,146,608,1,1,97,7,31,2,2,1,18,9,52,0,85,2,16,59,0
2009/2010,da gamaskop,mossel bay,garden route,22.11733,-34.17631,407,2,157,1,7,0,68,279,0,51,239,59,12,150,557,4,1,93,5,51,2,1,0,26,16,81,0,104,1,22,86,0
2010/2011,da gamaskop,mossel bay,garden route,22.11733,-34.17631,374,5,172,5,1,0,60,291,1,41,198,50,5,99,325,0,1,86,8,27,9,3,0,60,5,36,0,92,7,9,109,0
2011/2012,da gamaskop,mossel bay,garden route,22.11733,-34.17631,395,4,161,36,3,0,102,267,0,95,249,30,7,80,319,1,1,107,4,23,6,4,0,80,9,36,0,69,2,4,88,0
2012/2013,da gamaskop,mossel bay,garden route,22.11733,-34.17631,451,5,145,27,1,0,90,359,1,43,222,66,9,95,326,1,1,120,7,25,5,4,0,80,9,40,0,57,1,15,106,0
2013/2014,da gamaskop,mossel bay,garden route,22.11733,-34.17631,472,4,182,21,1,0,83,405,0,45,322,44,8,112,418,3,1,161,8,23,7,2,0,113,12,40,0,68,1,14,151,0
2014/2015,da gamaskop,mossel bay,garden route,22.11733,-34.17631,627,6,185,10,0,0,80,364,2,64,322,46,6,112,470,9,1,143,10,22,5,6,0,136,2,24,0,48,6,12,164,0
2015/2016,da gamaskop,mossel bay,garden route,22.11733,-34.17631,474,4,145,3,1,0,112,358,1,56,290,45,6,121,543,0,1,142,5,16,4,3,0,110,7,24,0,60,6,8,183,0
2016/2017,da gamaskop,mossel bay,garden route,22.11733,-34.17631,447,9,110,4,3,0,126,347,1,80,298,34,4,121,606,4,1,141,12,25,8,5,0,115,6,36,0,59,3,16,148,0
2017/2018,da gamaskop,mossel bay,garden route,22.11733,-34.17631,405,5,99,9,0,0,120,332,0,73,245,38,6,126,376,2,1,127,11,12,5,11,0,142,11,23,1,35,7,9,165,0
2018/2019,da gamaskop,mossel bay,garden route,22.11733,-34.17631,434,3,129,14,4,0,141,317,1,72,242,25,7,162,278,6,1,155,8,28,4,9,1,119,9,42,0,35,7,10,165,0
2019/2020,da gamaskop,mossel bay,garden route,22.11733,-34.17631,365,7,122,10,4,0,90,262,2,56,248,21,7,233,182,3,1,116,12,17,10,10,0,138,10,32,2,57,7,8,146,0
2020/2021,da gamaskop,mossel bay,garden route,22.11733,-34.17631,310,0,103,17,6,0,146,244,0,76,208,21,7,62,70,4,1,125,11,15,13,12,0,90,10,32,0,46,3,7,124,0
2021/2022,da gamaskop,mossel bay,garden route,22.11733,-34.17631,289,2,124,10,2,0,49,220,0,127,296,13,5,159,93,4,1,134,12,11,9,8,0,84,12,28,0,43,0,16,70,0
2022/2023,da gamaskop,mossel bay,garden route,22.11733,-34.17631,362,2,125,10,3,0,79,214,0,167,305,8,7,235,284,0,1,134,7,20,12,12,0,84,15,39,1,40,3,18,69,0
2023/2024,da gamaskop,garden route district,garden route district,22.11733,-34.17631,0,0,0,0,0,0,0,230,2,0,0,0,0,0,0,0,0,0,0,0,0,6,0,0,0,0,0,0,0,9,110,0
2024/2025,da gamaskop,garden route district,garden route district,22.11733,-34.17631,0,0,0,0,0,0,0,191,0,0,0,0,0,0,0,0,0,0,0,0,0,15,0,0,0,0,0,0,0,8,75,0
2008/2009,daggakraal,dr pixley ka isaka seme,gert sibande,29.9867,-27.10847,0,0,0,0,0,0,0,0,0,0,0,0,6,0,0,0,1,0,0,0,0,0,0,0,0,0,0,0,0,0,0,0
2009/2010,daggakraal,dr pixley ka isaka seme,gert sibande,29.9867,-27.10847,0,0,0,0,0,0,0,0,0,0,0,0,6,0,0,0,1,0,0,0,0,0,0,0,0,0,0,0,0,0,0,0
2010/2011,daggakraal,dr pixley ka isaka seme,gert sibande,29.9867,-27.10847,0,0,0,0,0,0,0,0,0,0,0,0,6,0,0,0,1,0,0,0,0,0,0,0,0,0,0,0,0,0,0,0
2011/2012,daggakraal,dr pixley ka isaka seme,gert sibande,29.9867,-27.10847,0,0,0,0,0,0,0,0,0,0,0,0,6,0,0,0,1,0,0,0,0,0,0,0,0,0,0,0,0,0,0,0
2012/2013,daggakraal,dr pixley ka isaka seme,gert sibande,29.9867,-27.10847,0,0,0,0,0,0,0,0,0,0,0,0,6,0,0,0,1,0,0,0,0,0,0,0,0,0,0,0,0,0,0,0
2013/2014,daggakraal,dr pixley ka isaka seme,gert sibande,29.9867,-27.10847,0,0,0,0,0,0,0,0,0,0,0,0,6,0,0,0,13,0,0,0,0,0,0,0,0,0,0,0,0,0,0,0
2014/2015,daggakraal,dr pixley ka isaka seme,gert sibande,29.9867,-27.10847,0,0,0,0,0,0,0,0,0,0,0,0,6,0,0,0,13,0,0,0,0,0,0,0,0,0,0,0,0,0,0,0
2015/2016,daggakraal,dr pixley ka isaka seme,gert sibande,29.9867,-27.10847,0,0,0,0,0,0,0,0,0,0,0,0,6,0,0,0,13,0,0,0,0,0,0,0,0,0,0,0,0,0,0,0
2016/2017,daggakraal,dr pixley ka isaka seme,gert sibande,29.9867,-27.10847,0,0,0,0,0,0,0,0,0,0,0,0,6,0,0,0,13,0,0,0,0,0,0,0,0,0,0,0,0,0,0,0
2017/2018,daggakraal,dr pixley ka isaka seme,gert sibande,29.9867,-27.10847,3,0,7,0,0,0,2,11,0,0,13,3,6,1,4,0,13,3,1,0,0,0,0,0,0,0,0,0,5,0,0,0
2018/2019,daggakraal,dr pixley ka isaka seme,gert sibande,29.9867,-27.10847,35,1,60,5,2,0,22,64,0,5,89,21,6,30,41,3,12,45,8,15,6,2,0,12,1,18,1,0,88,1,10,0
2019/2020,daggakraal,dr pixley ka isaka seme,gert sibande,29.9867,-27.10847,48,0,53,4,0,0,17,64,0,4,80,12,6,60,42,6,21,24,1,18,2,11,0,18,3,21,0,0,62,0,4,0
2020/2021,daggakraal,dr pixley ka isaka seme,gert sibande,29.9867,-27.10847,47,2,60,3,0,0,16,68,1,7,81,14,4,25,16,9,14,27,4,10,1,7,0,11,2,14,0,0,91,2,6,0
2021/2022,daggakraal,dr pixley ka isaka seme,gert sibande,29.9867,-27.10847,36,0,57,1,1,0,17,69,0,7,50,13,6,11,11,3,21,35,6,8,2,3,0,14,3,12,0,0,97,2,3,0
2022/2023,daggakraal,dr pixley ka isaka seme,gert sibande,29.9867,-27.10847,40,2,52,2,0,0,14,49,0,8,44,7,6,5,16,1,23,22,5,13,4,6,0,14,3,16,0,0,108,1,4,0
2023/2024,daggakraal,gert sibande district,gert sibande district,29.9867,-27.10847,0,0,0,0,0,0,0,52,0,0,0,0,0,0,0,0,0,0,0,0,0,9,0,0,0,0,0,0,0,0,9,0
2024/2025,daggakraal,gert sibande district,gert sibande district,29.9867,-27.10847,0,0,0,0,0,0,0,72,2,0,0,0,0,0,0,0,0,0,0,0,0,9,0,0,0,0,0,0,0,1,5,0
2008/2009,dalasile,engcobo,chris hani,28.19333,-31.62187,11,5,125,6,0,0,10,46,0,0,51,4,6,0,1,1,1,15,37,26,1,3,0,6,0,26,0,0,65,3,5,0
2009/2010,dalasile,engcobo,chris hani,28.19333,-31.62187,34,5,113,7,3,0,27,54,0,0,66,10,32,2,6,4,1,14,24,31,2,7,1,15,1,47,0,0,106,6,7,0
2010/2011,dalasile,engcobo,chris hani,28.19333,-31.62187,44,7,99,8,3,0,3,50,1,1,37,10,9,0,6,10,1,19,29,39,1,10,0,12,2,49,0,0,72,2,6,0
2011/2012,dalasile,engcobo,chris hani,28.19333,-31.62187,37,6,98,4,4,0,4,53,0,3,24,7,12,1,0,5,1,16,27,32,3,2,0,7,2,45,0,0,60,3,6,0
2012/2013,dalasile,engcobo,chris hani,28.19333,-31.62187,37,3,80,9,6,0,17,66,5,2,10,10,9,1,6,12,1,12,28,35,8,5,0,27,4,50,0,0,63,8,7,0
2013/2014,dalasile,engcobo,chris hani,28.19333,-31.62187,18,9,63,12,4,0,11,44,0,1,11,8,4,1,1,22,12,16,33,34,14,8,0,29,2,42,0,0,90,1,3,0
2014/2015,dalasile,engcobo,chris hani,28.19333,-31.62187,18,2,67,2,1,0,16,32,2,1,10,6,4,0,16,3,21,17,34,46,6,4,0,18,4,53,0,0,72,1,5,0
2015/2016,dalasile,engcobo,chris hani,28.19333,-31.62187,19,7,65,9,2,0,15,29,2,4,9,3,4,1,7,12,21,22,24,43,16,7,0,33,6,53,0,0,116,5,2,0
2016/2017,dalasile,engcobo,chris hani,28.19333,-31.62187,37,0,78,10,3,0,19,28,2,1,22,7,7,0,10,6,13,18,38,63,11,4,0,27,5,72,0,0,97,2,3,0
2017/2018,dalasile,engcobo,chris hani,28.19333,-31.62187,38,3,69,14,3,0,26,49,3,4,19,4,4,2,8,16,12,23,49,40,6,6,0,23,0,45,0,0,147,5,11,0
2018/2019,dalasile,engcobo,chris hani,28.19333,-31.62187,44,10,76,12,2,0,28,34,4,6,23,6,4,0,11,15,21,29,40,32,20,11,0,46,2,38,0,0,168,7,6,0
2019/2020,dalasile,engcobo,chris hani,28.19333,-31.62187,46,9,92,13,3,0,20,46,5,4,26,9,4,0,4,30,23,23,41,54,6,4,0,35,2,61,0,0,141,1,6,0
2020/2021,dalasile,engcobo,chris hani,28.19333,-31.62187,48,6,69,14,3,0,25,43,5,3,19,8,6,1,3,13,12,24,47,27,8,12,0,33,0,30,0,0,98,1,4,0
2021/2022,dalasile,engcobo,chris hani,28.19333,-31.62187,30,7,90,24,12,0,20,27,2,2,23,4,7,0,16,17,13,24,47,28,4,10,0,25,2,43,0,0,88,4,5,0
2022/2023,dalasile,engcobo,chris hani,28.19333,-31.62187,27,7,50,13,6,0,12,12,4,2,8,2,6,0,8,3,13,17,30,42,5,7,0,23,0,48,0,0,84,4,3,0
2023/2024,dalasile,chris hani district,chris hani district,28.19333,-31.62187,0,0,0,0,0,0,0,19,0,0,0,0,0,0,0,0,0,0,0,0,0,5,0,0,0,0,0,0,0,0,4,0
2024/2025,dalasile,chris hani district,chris hani district,28.19333,-31.62187,0,0,0,0,0,0,0,9,3,0,0,0,0,0,0,0,0,0,0,0,0,4,0,0,0,0,0,0,0,0,3,0
2008/2009,dalton,umshwathi,umgungundlovu,30.63626,-29.34421,35,2,39,9,0,0,19,25,2,0,18,5,6,5,88,24,1,10,6,10,5,4,0,15,2,12,0,8,10,6,9,0
2009/2010,dalton,umshwathi,umgungundlovu,30.63626,-29.34421,32,0,32,2,0,0,17,22,0,0,29,5,6,7,112,16,1,22,5,19,4,6,0,12,3,22,0,3,7,7,3,0
2010/2011,dalton,umshwathi,umgungundlovu,30.63626,-29.34421,32,3,26,5,0,0,14,25,0,1,12,3,6,7,141,21,1,7,11,10,1,2,0,6,2,12,0,2,3,5,1,0
2011/2012,dalton,umshwathi,umgungundlovu,30.63626,-29.34421,25,0,27,6,0,0,20,7,2,1,9,1,4,8,174,20,1,4,9,12,2,1,0,5,1,15,0,2,5,3,5,0
2012/2013,dalton,umshwathi,umgungundlovu,30.63626,-29.34421,25,0,16,5,0,0,10,19,2,3,16,1,6,4,152,15,1,9,5,10,0,2,0,5,0,10,0,3,2,4,7,0
2013/2014,dalton,umshwathi,umgungundlovu,30.63626,-29.34421,23,0,16,5,0,0,17,12,0,0,11,1,7,2,164,9,13,10,7,17,0,4,0,7,1,19,0,1,5,2,12,0
2014/2015,dalton,umshwathi,umgungundlovu,30.63626,-29.34421,27,1,22,3,0,0,25,23,2,2,15,2,6,6,163,27,13,7,7,9,1,3,0,9,1,10,0,2,3,2,15,0
2015/2016,dalton,umshwathi,umgungundlovu,30.63626,-29.34421,34,0,31,8,0,0,13,27,4,4,14,4,6,6,108,11,12,8,6,16,1,2,0,8,1,17,0,1,5,2,14,0
2016/2017,dalton,umshwathi,umgungundlovu,30.63626,-29.34421,37,1,17,3,0,0,5,14,2,3,5,4,6,6,141,17,12,8,6,10,3,3,0,14,2,12,0,0,6,4,3,0
2017/2018,dalton,umshwathi,umgungundlovu,30.63626,-29.34421,15,0,18,10,0,0,14,21,5,1,4,2,7,8,124,27,13,3,10,11,9,1,0,21,1,13,0,3,11,7,1,0
2018/2019,dalton,umshwathi,umgungundlovu,30.63626,-29.34421,24,1,28,6,0,0,7,22,1,4,7,1,6,2,64,13,12,3,6,4,2,2,0,5,0,4,0,1,6,0,1,0
2019/2020,dalton,umshwathi,umgungundlovu,30.63626,-29.34421,28,1,24,4,0,0,8,18,0,4,13,3,6,6,4,2,13,6,3,12,0,4,0,5,3,15,0,0,2,1,1,0
2020/2021,dalton,umshwathi,umgungundlovu,30.63626,-29.34421,20,0,20,5,0,0,7,30,0,2,4,1,6,0,0,7,13,12,6,6,4,6,0,11,2,8,0,1,5,2,1,0
2021/2022,dalton,umshwathi,umgungundlovu,30.63626,-29.34421,23,5,21,6,0,0,21,10,0,6,8,1,6,0,2,3,13,4,5,14,2,3,0,6,3,17,0,1,3,2,2,0
2022/2023,dalton,umshwathi,umgungundlovu,30.63626,-29.34421,22,1,15,2,0,0,10,17,1,7,3,1,6,0,4,4,12,7,11,13,8,7,0,18,0,13,0,1,8,0,5,0
2023/2024,dalton,umgungundlovu district,umgungundlovu district,30.63626,-29.34421,0,0,0,0,0,0,0,13,0,0,0,0,0,0,0,0,0,0,0,0,0,5,0,0,0,0,0,0,0,1,1,0
2024/2025,dalton,umgungundlovu district,umgungundlovu district,30.63626,-29.34421,0,0,0,0,0,0,0,22,1,0,0,0,0,0,0,0,0,0,0,0,0,4,0,0,0,0,0,0,0,2,1,0
2008/2009,danielskuil,kgatelopele,z f mgcawu,23.54306,-28.18239,74,3,62,16,3,0,52,55,0,2,42,7,6,11,10,0,1,20,7,9,2,0,0,4,0,12,0,10,25,3,11,0
2009/2010,danielskuil,kgatelopele,z f mgcawu,23.54306,-28.18239,53,0,96,6,3,0,30,46,0,5,41,6,6,17,3,0,1,30,5,16,1,1,0,7,0,19,0,5,22,3,16,0
2010/2011,danielskuil,kgatelopele,z f mgcawu,23.54306,-28.18239,39,0,72,8,5,0,29,36,0,5,42,5,7,4,8,1,1,16,5,11,4,0,0,11,1,18,0,4,13,2,9,0
2011/2012,danielskuil,kgatelopele,z f mgcawu,23.54306,-28.18239,25,10,73,2,2,0,31,50,0,3,27,8,7,5,11,0,1,28,7,15,2,1,0,6,2,20,0,4,26,2,7,0
2012/2013,danielskuil,kgatelopele,z f mgcawu,23.54306,-28.18239,28,1,77,8,6,0,31,48,1,5,37,3,6,3,1,0,1,18,4,13,3,1,0,9,0,19,0,2,28,3,5,0
2013/2014,danielskuil,kgatelopele,z f mgcawu,23.54306,-28.18239,33,1,57,5,0,0,14,45,0,5,36,12,7,4,4,0,13,27,5,12,2,3,0,7,0,13,2,2,11,9,7,0
2014/2015,danielskuil,kgatelopele,z f mgcawu,23.54306,-28.18239,29,6,76,4,0,0,20,38,0,6,37,11,4,5,6,0,13,29,10,7,2,1,0,6,3,12,0,4,20,6,8,0
2015/2016,danielskuil,kgatelopele,z f mgcawu,23.54306,-28.18239,51,3,71,8,3,0,16,66,1,13,40,14,6,5,5,1,13,21,8,19,3,1,0,12,2,24,0,2,21,1,24,0
2016/2017,danielskuil,kgatelopele,z f mgcawu,23.54306,-28.18239,63,1,70,7,3,0,20,76,0,7,28,4,6,3,17,1,13,29,3,6,9,2,0,15,2,11,0,0,16,1,12,0
2017/2018,danielskuil,kgatelopele,z f mgcawu,23.54306,-28.18239,67,2,70,7,4,0,24,66,1,12,27,11,6,7,30,3,13,18,5,7,5,4,0,20,0,11,0,4,25,6,20,0
2018/2019,danielskuil,kgatelopele,z f mgcawu,23.54306,-28.18239,63,2,82,6,2,0,18,54,1,6,19,9,6,4,37,0,13,17,6,15,6,1,0,22,0,17,0,3,12,6,19,0
2019/2020,danielskuil,kgatelopele,z f mgcawu,23.54306,-28.18239,50,0,79,11,1,0,30,55,0,8,41,8,6,2,27,2,12,23,4,16,5,0,0,16,1,18,0,6,12,1,7,0
2020/2021,danielskuil,kgatelopele,z f mgcawu,23.54306,-28.18239,54,1,60,2,0,0,28,51,0,9,21,4,6,0,11,0,13,17,3,17,7,1,0,16,1,18,0,1,14,0,8,0
2021/2022,danielskuil,kgatelopele,z f mgcawu,23.54306,-28.18239,73,4,74,3,1,0,15,50,1,20,25,7,6,10,16,0,12,30,8,8,1,2,0,10,0,9,0,2,14,2,7,0
2022/2023,danielskuil,kgatelopele,z f mgcawu,23.54306,-28.18239,71,3,80,15,1,0,32,59,1,16,51,3,6,1,49,1,12,38,10,11,4,4,0,31,1,13,0,1,7,1,7,1
2023/2024,danielskuil,zf mgcawu district,zf mgcawu district,23.54306,-28.18239,0,0,0,0,0,0,0,64,1,0,0,0,0,0,0,0,0,0,0,0,0,5,0,0,0,0,0,0,0,0,6,0
2024/2025,danielskuil,zf mgcawu district,zf mgcawu district,23.54306,-28.18239,0,0,0,0,0,0,0,54,0,0,0,0,0,0,0,0,0,0,0,0,0,0,0,0,0,0,0,0,0,4,6,0
2008/2009,dannhauser,dannhauser,amajuba,30.05658,-28.01441,183,10,174,12,2,0,59,200,5,17,166,38,10,45,32,5,1,65,16,46,11,8,0,39,17,71,0,9,163,8,27,0
2009/2010,dannhauser,dannhauser,amajuba,30.05658,-28.01441,155,4,224,6,0,0,80,203,2,19,225,32,9,64,33,14,1,86,15,47,13,5,0,40,14,66,0,4,124,6,20,0
2010/2011,dannhauser,dannhauser,amajuba,30.05658,-28.01441,139,7,175,8,3,0,56,170,5,12,148,34,5,67,45,18,1,83,16,51,6,15,0,35,11,68,0,15,113,7,23,1
2011/2012,dannhauser,dannhauser,amajuba,30.05658,-28.01441,129,3,175,8,1,0,46,136,1,8,122,19,4,74,49,13,1,65,14,42,3,7,0,22,6,51,0,12,72,6,14,0
2012/2013,dannhauser,dannhauser,amajuba,30.05658,-28.01441,108,3,151,9,1,0,74,146,2,14,145,28,7,61,57,16,1,77,12,64,20,5,0,39,4,70,0,9,77,12,19,0
2013/2014,dannhauser,dannhauser,amajuba,30.05658,-28.01441,111,7,151,13,0,0,67,213,2,17,136,30,6,48,72,18,14,65,22,48,21,7,0,44,8,56,1,0,118,13,18,0
2014/2015,dannhauser,dannhauser,amajuba,30.05658,-28.01441,127,6,156,8,0,0,94,159,4,16,166,24,6,30,69,22,12,67,18,53,30,7,0,55,8,61,0,1,110,5,26,0
2015/2016,dannhauser,dannhauser,amajuba,30.05658,-28.01441,130,3,161,18,4,0,72,164,4,20,147,24,8,65,52,6,13,65,14,37,25,11,0,58,7,52,0,2,99,15,18,0
2016/2017,dannhauser,dannhauser,amajuba,30.05658,-28.01441,110,6,149,11,1,0,89,219,0,20,149,16,7,73,79,15,14,56,11,52,32,28,0,87,5,59,0,2,109,20,20,0
2017/2018,dannhauser,dannhauser,amajuba,30.05658,-28.01441,99,5,173,11,3,0,79,193,4,17,128,25,6,150,99,22,25,52,19,42,17,19,1,64,6,51,0,3,115,18,19,0
2018/2019,dannhauser,dannhauser,amajuba,30.05658,-28.01441,112,4,154,13,1,0,82,189,1,28,148,31,6,212,111,11,14,77,12,40,10,10,1,38,0,41,0,6,182,7,20,0
2019/2020,dannhauser,dannhauser,amajuba,30.05658,-28.01441,134,10,153,16,1,0,94,174,4,24,169,22,6,217,41,26,17,77,25,59,18,10,0,54,3,63,0,1,161,16,15,0
2020/2021,dannhauser,dannhauser,amajuba,30.05658,-28.01441,173,5,132,14,2,0,98,185,4,32,186,43,6,68,36,19,23,88,20,51,17,28,0,71,2,55,0,2,154,16,21,0
2021/2022,dannhauser,dannhauser,amajuba,30.05658,-28.01441,186,4,170,22,0,0,98,191,2,39,222,22,6,79,29,16,27,91,21,61,16,21,0,60,11,72,0,3,155,8,21,0
2022/2023,dannhauser,dannhauser,amajuba,30.05658,-28.01441,139,1,146,32,2,0,56,126,2,33,177,29,6,26,31,37,26,99,28,65,12,14,0,52,3,70,0,1,130,5,23,0
2023/2024,dannhauser,amajuba district,amajuba district,30.05658,-28.01441,0,0,0,0,0,0,0,112,1,0,0,0,0,0,0,0,0,0,0,0,0,16,0,0,0,0,0,0,0,6,23,0
2024/2025,dannhauser,amajuba district,amajuba district,30.05658,-28.01441,0,0,0,0,0,0,0,154,1,0,0,0,0,0,0,0,0,0,0,0,0,15,0,0,0,0,0,0,0,6,12,0
2008/2009,darling,swartland,west coast,18.38199,-33.37637,151,0,64,1,0,0,26,109,0,11,116,5,7,27,122,1,1,63,5,14,0,1,0,5,10,25,0,16,5,12,30,0
2009/2010,darling,swartland,west coast,18.38199,-33.37637,142,0,40,1,1,0,18,92,0,16,100,5,7,27,224,5,1,43,5,4,1,1,0,2,1,7,0,21,14,6,21,0
2010/2011,darling,swartland,west coast,18.38199,-33.37637,122,1,60,4,1,0,13,118,0,14,106,10,10,42,191,2,1,43,4,16,0,0,0,0,5,28,0,20,17,2,19,0
2011/2012,darling,swartland,west coast,18.38199,-33.37637,157,0,52,1,2,0,26,82,0,10,130,9,7,28,192,3,1,53,3,6,2,2,0,5,4,13,0,36,4,7,25,0
2012/2013,darling,swartland,west coast,18.38199,-33.37637,110,0,40,2,1,0,13,101,0,11,91,16,7,15,186,2,1,61,2,7,2,3,0,5,5,14,0,22,6,7,29,0
2013/2014,darling,swartland,west coast,18.38199,-33.37637,131,0,35,3,1,0,17,96,0,4,108,11,7,23,213,3,12,51,0,5,0,4,0,10,4,11,0,25,4,2,19,0
2014/2015,darling,swartland,west coast,18.38199,-33.37637,142,1,53,0,1,0,28,108,0,14,113,12,7,22,250,2,21,66,5,14,1,0,1,4,11,27,0,15,3,2,33,0
2015/2016,darling,swartland,west coast,18.38199,-33.37637,144,1,52,1,3,0,20,75,0,22,107,16,7,16,232,3,13,62,5,7,3,2,0,10,8,19,0,12,7,1,20,0
2016/2017,darling,swartland,west coast,18.38199,-33.37637,173,1,58,1,1,0,29,92,0,22,103,13,7,26,535,2,13,73,3,11,1,2,0,7,5,18,0,17,8,2,26,0
2017/2018,darling,swartland,west coast,18.38199,-33.37637,109,1,37,0,1,0,7,99,0,14,98,9,6,24,725,3,21,48,1,2,0,1,0,2,3,6,0,5,12,3,12,0
2018/2019,darling,swartland,west coast,18.38199,-33.37637,156,2,36,1,1,0,11,125,0,29,95,16,6,21,561,5,13,59,5,4,0,4,0,7,6,11,0,8,4,6,26,0
2019/2020,darling,swartland,west coast,18.38199,-33.37637,159,1,63,1,0,0,20,172,1,26,126,11,5,19,256,2,13,85,6,11,0,1,0,5,4,18,0,12,6,5,23,1
2020/2021,darling,swartland,west coast,18.38199,-33.37637,127,3,37,5,3,0,13,103,0,22,95,15,6,15,127,11,12,70,2,12,1,5,0,10,5,20,0,11,7,6,20,0
2021/2022,darling,swartland,west coast,18.38199,-33.37637,120,1,74,6,0,0,5,84,2,45,107,16,6,8,134,5,13,92,6,7,0,3,0,10,6,13,1,9,4,2,30,0
2022/2023,darling,swartland,west coast,18.38199,-33.37637,256,4,44,7,1,0,8,100,0,52,131,23,6,23,151,3,12,71,5,10,2,3,0,13,4,15,0,3,1,2,21,1
2023/2024,darling,west coast district,west coast district,18.38199,-33.37637,0,0,0,0,0,0,0,97,1,0,0,0,0,0,0,0,0,0,0,0,0,3,0,0,0,0,0,0,0,2,26,0
2024/2025,darling,west coast district,west coast district,18.38199,-33.37637,0,0,0,0,0,0,0,98,1,0,0,0,0,0,0,0,0,0,0,0,0,9,0,0,0,0,0,0,0,3,24,0
2008/2009,davel,msukaligwa,gert sibande,29.66766,-26.4479,80,4,26,4,2,0,12,27,0,1,38,2,7,21,6,1,1,15,2,7,1,0,0,3,0,10,0,1,36,1,5,0
2009/2010,davel,msukaligwa,gert sibande,29.66766,-26.4479,51,0,29,3,0,0,1,28,0,1,31,3,7,3,4,0,1,23,0,4,1,0,0,4,0,5,0,0,18,1,1,0
2010/2011,davel,msukaligwa,gert sibande,29.66766,-26.4479,57,0,33,0,1,0,1,36,0,0,27,1,4,7,0,1,1,15,0,4,0,0,0,0,1,8,0,0,17,1,7,0
2011/2012,davel,msukaligwa,gert sibande,29.66766,-26.4479,67,2,31,0,1,0,0,31,0,2,19,2,6,4,3,0,1,15,1,9,0,1,0,2,1,11,0,0,20,5,3,0
2012/2013,davel,msukaligwa,gert sibande,29.66766,-26.4479,36,0,22,1,4,0,3,24,0,0,23,5,5,7,15,0,1,10,3,13,1,1,0,3,0,20,0,0,13,3,6,0
2013/2014,davel,msukaligwa,gert sibande,29.66766,-26.4479,16,0,15,4,2,0,0,21,0,0,10,2,6,8,38,11,12,4,2,7,5,2,0,8,0,9,0,0,12,0,2,1
2014/2015,davel,msukaligwa,gert sibande,29.66766,-26.4479,21,0,13,0,0,0,1,11,0,3,5,0,6,10,48,3,13,8,3,8,1,1,0,3,0,8,0,0,8,1,2,0
2015/2016,davel,msukaligwa,gert sibande,29.66766,-26.4479,16,1,13,2,1,0,2,14,0,4,7,3,6,8,65,2,21,5,2,9,1,1,0,4,0,10,0,1,11,1,1,1
2016/2017,davel,msukaligwa,gert sibande,29.66766,-26.4479,17,0,9,1,1,0,4,16,0,1,12,1,7,3,80,1,13,7,2,5,0,2,0,4,1,8,0,0,19,1,1,1
2017/2018,davel,msukaligwa,gert sibande,29.66766,-26.4479,30,0,9,0,1,0,1,16,0,1,10,3,6,1,63,9,13,10,1,3,1,1,0,2,0,4,0,0,27,1,6,0
2018/2019,davel,msukaligwa,gert sibande,29.66766,-26.4479,30,0,20,3,0,0,5,35,2,0,10,7,6,4,13,0,13,14,5,4,0,0,0,3,1,5,0,0,20,0,7,0
2019/2020,davel,msukaligwa,gert sibande,29.66766,-26.4479,22,0,20,1,1,0,6,27,0,0,16,4,6,4,12,2,13,8,1,5,0,2,0,5,1,7,0,0,35,0,2,0
2020/2021,davel,msukaligwa,gert sibande,29.66766,-26.4479,25,0,8,1,0,0,4,14,0,2,20,3,6,0,2,1,21,13,0,4,1,1,0,2,1,5,0,0,14,0,0,0
2021/2022,davel,msukaligwa,gert sibande,29.66766,-26.4479,22,1,24,2,1,0,1,15,0,1,29,7,6,3,4,0,21,16,1,5,0,0,0,0,3,9,0,0,8,1,1,0
2022/2023,davel,msukaligwa,gert sibande,29.66766,-26.4479,26,0,30,1,2,0,2,16,0,1,25,8,7,2,1,0,13,14,5,3,0,0,0,2,3,9,0,0,17,0,3,0
2023/2024,davel,gert sibande district,gert sibande district,29.66766,-26.4479,0,0,0,0,0,0,0,18,0,0,0,0,0,0,0,0,0,0,0,0,0,1,0,0,0,0,0,0,0,0,6,0
2024/2025,davel,gert sibande district,gert sibande district,29.66766,-26.4479,0,0,0,0,0,0,0,18,1,0,0,0,0,0,0,0,0,0,0,0,0,1,0,0,0,0,0,0,0,0,2,0
2008/2009,daveyton,ekurhuleni,ekurhuleni,28.4156,-26.15328,471,7,486,24,3,0,20,162,34,99,394,168,19,78,31,16,1,255,36,140,7,29,0,165,0,157,0,127,1,100,73,0
2009/2010,daveyton,ekurhuleni,ekurhuleni,28.4156,-26.15328,470,7,501,28,5,0,29,195,27,211,319,142,10,62,34,25,1,209,38,142,22,29,0,186,8,161,0,219,1,70,90,2
2010/2011,daveyton,ekurhuleni,ekurhuleni,28.4156,-26.15328,394,10,568,30,4,0,32,164,26,341,357,148,16,42,47,39,1,201,36,120,18,19,0,141,10,144,0,178,0,69,89,0
2011/2012,daveyton,ekurhuleni,ekurhuleni,28.4156,-26.15328,316,7,481,20,4,0,40,142,32,264,290,122,7,112,122,37,1,156,28,109,32,17,0,178,7,121,1,129,0,60,115,0
2012/2013,daveyton,ekurhuleni,ekurhuleni,28.4156,-26.15328,270,3,450,18,5,0,34,287,28,310,287,86,5,148,548,25,1,172,30,105,28,21,1,190,21,134,0,199,0,91,104,0
2013/2014,daveyton,ekurhuleni,ekurhuleni,28.4156,-26.15328,610,6,579,27,3,0,71,398,35,197,336,87,5,181,1593,18,28,202,47,83,38,19,1,307,22,111,1,264,0,84,101,0
2014/2015,daveyton,ekurhuleni,ekurhuleni,28.4156,-26.15328,503,5,571,33,3,0,88,390,59,120,405,68,5,126,1163,24,2,227,37,66,18,21,1,267,8,80,0,229,0,87,124,0
2015/2016,daveyton,ekurhuleni,ekurhuleni,28.4156,-26.15328,409,3,515,29,3,0,59,318,62,85,385,62,7,100,339,17,4,243,42,76,51,17,1,283,13,93,0,225,1,76,81,1
2016/2017,daveyton,ekurhuleni,ekurhuleni,28.4156,-26.15328,406,2,503,23,2,0,60,414,90,113,379,92,9,97,326,32,26,245,42,76,44,28,1,362,9,92,0,203,1,118,98,4
2017/2018,daveyton,ekurhuleni,ekurhuleni,28.4156,-26.15328,400,8,572,33,5,1,59,301,61,143,433,91,7,103,283,26,11,317,47,76,44,15,1,307,10,92,0,154,1,83,108,1
2018/2019,daveyton,ekurhuleni,ekurhuleni,28.4156,-26.15328,425,7,653,24,3,0,72,272,45,142,456,80,6,119,170,26,42,306,58,96,26,17,1,317,11,110,0,236,0,52,101,1
2019/2020,daveyton,ekurhuleni,ekurhuleni,28.4156,-26.15328,424,6,580,41,5,0,77,435,60,158,524,112,8,224,221,27,29,295,63,89,50,21,0,442,10,108,0,187,2,85,125,2
2020/2021,daveyton,ekurhuleni,ekurhuleni,28.4156,-26.15328,368,5,499,42,3,0,82,254,81,166,455,87,6,135,175,28,37,267,46,95,45,45,1,364,20,118,0,185,3,47,105,3
2021/2022,daveyton,ekurhuleni,ekurhuleni,28.4156,-26.15328,397,6,563,34,4,0,123,214,92,170,564,136,4,173,207,21,44,368,64,96,21,34,0,325,21,123,0,154,0,61,59,3
2022/2023,daveyton,ekurhuleni,ekurhuleni,28.4156,-26.15328,389,6,587,42,5,0,50,272,93,170,506,95,6,102,115,36,101,331,77,107,22,56,0,358,17,129,0,114,2,82,66,5
2023/2024,daveyton,ekurhuleni district,ekurhuleni district,28.4156,-26.15328,0,0,0,0,0,0,0,199,64,0,0,0,0,0,0,0,0,0,0,0,0,99,0,0,0,0,0,0,0,31,39,0
2024/2025,daveyton,ekurhuleni district,ekurhuleni district,28.4156,-26.15328,0,0,0,0,0,0,0,220,111,0,0,0,0,0,0,0,0,0,0,0,0,93,0,0,0,0,0,0,0,30,93,0
2008/2009,dawn park,ekurhuleni,ekurhuleni,28.2477,-26.315,399,13,284,27,5,0,14,443,79,16,206,85,89,20,27,32,1,261,38,76,23,20,2,244,7,249,0,0,6,122,237,4
2009/2010,dawn park,ekurhuleni,ekurhuleni,28.2477,-26.315,387,6,345,36,11,0,18,393,77,21,205,50,31,32,45,23,1,249,38,67,19,17,0,234,2,99,0,1,3,143,216,5
2010/2011,dawn park,ekurhuleni,ekurhuleni,28.2477,-26.315,326,9,312,33,4,0,12,538,67,26,192,57,9,25,47,23,1,220,25,102,28,49,0,254,6,117,0,1,3,90,162,5
2011/2012,dawn park,ekurhuleni,ekurhuleni,28.2477,-26.315,376,16,297,19,5,0,23,482,73,28,256,73,17,30,82,19,1,217,21,66,34,33,2,235,5,85,2,2,7,115,166,3
2012/2013,dawn park,ekurhuleni,ekurhuleni,28.2477,-26.315,288,13,262,36,1,0,27,495,66,29,209,46,5,22,88,25,1,217,37,75,29,29,0,196,8,87,2,1,2,99,145,4
2013/2014,dawn park,ekurhuleni,ekurhuleni,28.2477,-26.315,327,8,251,45,5,0,25,544,117,24,225,54,5,132,213,52,22,213,29,57,43,25,0,288,6,71,2,0,5,98,143,1
2014/2015,dawn park,ekurhuleni,ekurhuleni,28.2477,-26.315,376,8,297,34,3,0,29,562,87,12,226,63,6,79,213,36,25,204,43,69,27,41,0,266,9,81,3,0,11,88,128,3
2015/2016,dawn park,ekurhuleni,ekurhuleni,28.2477,-26.315,311,8,252,29,6,0,31,498,72,27,186,70,5,102,94,15,25,178,36,67,28,69,0,257,3,79,2,17,5,93,119,3
2016/2017,dawn park,ekurhuleni,ekurhuleni,28.2477,-26.315,351,14,243,34,2,0,42,507,57,35,232,54,6,57,154,31,2,166,37,68,28,45,0,243,9,79,0,10,4,91,148,1
2017/2018,dawn park,ekurhuleni,ekurhuleni,28.2477,-26.315,308,7,261,34,2,0,32,426,71,24,285,40,5,59,203,28,17,171,42,74,28,58,0,248,6,85,0,10,8,81,108,0
2018/2019,dawn park,ekurhuleni,ekurhuleni,28.2477,-26.315,340,15,286,32,3,0,24,395,63,66,336,42,6,75,209,27,27,191,53,53,22,38,1,223,17,73,12,14,5,90,95,1
2019/2020,dawn park,ekurhuleni,ekurhuleni,28.2477,-26.315,396,9,262,33,0,0,42,420,100,81,389,44,7,180,110,33,16,150,61,72,28,47,0,305,14,87,23,17,7,134,79,0
2020/2021,dawn park,ekurhuleni,ekurhuleni,28.2477,-26.315,374,7,221,29,2,0,49,331,82,119,427,43,7,46,104,35,3,163,51,88,28,41,2,273,14,105,82,21,5,81,87,2
2021/2022,dawn park,ekurhuleni,ekurhuleni,28.2477,-26.315,374,3,264,64,1,0,42,366,97,141,401,35,4,82,84,35,11,180,70,103,43,40,0,293,27,133,78,19,5,61,62,2
2022/2023,dawn park,ekurhuleni,ekurhuleni,28.2477,-26.315,357,6,242,46,1,0,41,337,56,148,435,33,6,43,108,36,7,188,76,82,39,93,0,369,16,99,79,21,7,51,89,2
2023/2024,dawn park,ekurhuleni district,ekurhuleni district,28.2477,-26.315,0,0,0,0,0,0,0,269,72,0,0,0,0,0,0,0,0,0,0,0,0,108,0,0,0,0,0,0,0,69,74,0
2024/2025,dawn park,ekurhuleni district,ekurhuleni district,28.2477,-26.315,0,0,0,0,0,0,0,330,63,0,0,0,0,0,0,0,0,0,0,0,0,90,0,0,0,0,0,0,0,63,70,0
2008/2009,de aar,emthanjeni,pixley ka seme,24.00504,-30.6606,120,4,75,4,1,0,41,98,0,16,71,12,4,9,19,1,1,21,2,16,2,0,0,3,1,20,0,68,42,1,20,0
2009/2010,de aar,emthanjeni,pixley ka seme,24.00504,-30.6606,143,1,92,5,3,0,49,108,0,154,82,20,4,31,23,1,1,29,5,17,3,0,0,5,0,22,0,79,64,5,17,0
2010/2011,de aar,emthanjeni,pixley ka seme,24.00504,-30.6606,118,1,87,6,2,0,47,98,0,34,77,10,6,11,17,0,1,37,6,23,0,0,0,3,1,26,0,62,62,0,14,0
2011/2012,de aar,emthanjeni,pixley ka seme,24.00504,-30.6606,108,0,84,6,0,0,50,91,0,40,96,5,6,16,9,0,1,34,3,17,1,0,0,7,2,19,0,70,43,3,17,0
2012/2013,de aar,emthanjeni,pixley ka seme,24.00504,-30.6606,98,3,76,7,2,0,74,187,0,24,91,16,6,14,14,1,1,41,1,13,0,0,0,15,3,18,0,70,57,5,32,0
2013/2014,de aar,emthanjeni,pixley ka seme,24.00504,-30.6606,121,0,93,9,0,0,47,98,1,19,123,10,7,8,137,0,13,51,5,16,7,0,0,16,2,19,0,71,20,5,45,0
2014/2015,de aar,emthanjeni,pixley ka seme,24.00504,-30.6606,136,2,102,6,1,0,73,90,0,37,106,9,7,7,96,2,12,39,7,20,2,0,0,18,3,25,0,90,26,2,50,0
2015/2016,de aar,emthanjeni,pixley ka seme,24.00504,-30.6606,118,2,113,8,2,0,73,78,0,46,106,9,6,13,66,3,12,38,4,21,1,0,0,21,6,29,0,104,43,6,21,0
2016/2017,de aar,emthanjeni,pixley ka seme,24.00504,-30.6606,172,0,94,3,1,0,72,139,0,26,111,27,6,16,74,2,13,36,9,10,1,3,0,28,4,15,0,104,47,4,28,0
2017/2018,de aar,emthanjeni,pixley ka seme,24.00504,-30.6606,138,6,70,3,1,0,56,129,0,41,90,17,4,5,95,2,12,41,6,18,2,3,0,36,0,21,0,75,45,4,45,1
2018/2019,de aar,emthanjeni,pixley ka seme,24.00504,-30.6606,137,4,62,10,1,0,83,148,0,39,95,13,4,9,45,1,12,53,0,5,0,2,0,29,5,13,0,79,44,6,98,0
2019/2020,de aar,emthanjeni,pixley ka seme,24.00504,-30.6606,146,6,72,6,0,0,61,124,1,46,114,18,4,25,30,0,12,44,1,15,2,6,0,26,5,22,0,80,42,7,99,0
2020/2021,de aar,emthanjeni,pixley ka seme,24.00504,-30.6606,123,0,75,5,3,0,67,102,0,55,102,14,6,8,18,0,21,43,2,13,3,3,0,22,3,19,0,46,50,2,54,0
2021/2022,de aar,emthanjeni,pixley ka seme,24.00504,-30.6606,151,6,80,2,1,0,34,91,0,63,98,5,7,12,15,0,21,44,7,14,3,0,0,13,2,18,1,40,11,3,45,0
2022/2023,de aar,emthanjeni,pixley ka seme,24.00504,-30.6606,160,4,76,23,1,0,51,125,0,66,116,12,7,10,23,0,12,37,1,12,5,2,0,30,3,17,0,64,15,2,35,0
2023/2024,de aar,pixley ka seme district,pixley ka seme district,24.00504,-30.6606,0,0,0,0,0,0,0,113,2,0,0,0,0,0,0,0,0,0,0,0,0,0,0,0,0,0,0,0,0,0,49,0
2024/2025,de aar,pixley ka seme district,pixley ka seme district,24.00504,-30.6606,0,0,0,0,0,0,0,92,0,0,0,0,0,0,0,0,0,0,0,0,0,4,0,0,0,0,0,0,0,2,74,0
2008/2009,de deur,midvaal,sedibeng,27.91079,-26.51511,606,17,270,40,4,0,57,473,60,34,239,91,42,105,37,20,1,208,42,135,25,89,1,328,7,218,0,12,42,123,89,2
2009/2010,de deur,midvaal,sedibeng,27.91079,-26.51511,565,12,297,33,1,0,78,411,46,30,212,77,15,121,45,26,1,205,37,86,28,71,0,256,6,110,0,7,58,140,44,3
2010/2011,de deur,midvaal,sedibeng,27.91079,-26.51511,552,21,289,35,2,0,60,492,35,37,190,55,17,78,54,20,1,169,46,93,24,68,0,224,5,109,0,12,35,128,97,3
2011/2012,de deur,midvaal,sedibeng,27.91079,-26.51511,578,14,280,22,2,0,71,502,8,23,166,39,8,52,96,25,1,145,36,95,34,54,0,159,6,107,0,3,44,109,81,2
2012/2013,de deur,midvaal,sedibeng,27.91079,-26.51511,519,15,237,23,1,0,74,396,26,35,152,59,5,93,226,30,1,169,29,77,26,63,0,179,9,90,2,2,35,84,69,2
2013/2014,de deur,midvaal,sedibeng,27.91079,-26.51511,443,23,265,32,3,0,73,383,34,44,141,33,9,132,489,27,28,151,40,71,36,70,0,204,4,83,0,2,48,93,64,0
2014/2015,de deur,midvaal,sedibeng,27.91079,-26.51511,447,14,293,36,2,0,82,366,44,44,129,31,5,146,365,21,43,130,42,75,67,53,0,244,10,90,0,0,36,104,87,5
2015/2016,de deur,midvaal,sedibeng,27.91079,-26.51511,496,8,232,28,2,0,68,439,50,30,127,38,4,146,173,15,2,135,60,53,62,69,0,268,11,68,0,0,53,93,97,4
2016/2017,de deur,midvaal,sedibeng,27.91079,-26.51511,455,4,203,46,1,0,65,391,80,48,119,34,4,91,226,35,42,131,42,70,58,92,0,327,8,81,24,3,38,108,104,3
2017/2018,de deur,midvaal,sedibeng,27.91079,-26.51511,397,2,193,22,3,0,85,313,44,32,209,33,9,186,330,35,4,154,43,86,63,47,0,267,1,95,63,1,34,91,84,1
2018/2019,de deur,midvaal,sedibeng,27.91079,-26.51511,241,5,196,31,1,0,74,365,70,40,185,37,9,274,529,33,36,134,41,76,58,95,0,334,12,94,83,2,42,79,89,3
2019/2020,de deur,midvaal,sedibeng,27.91079,-26.51511,219,2,207,30,0,0,68,298,63,39,183,37,7,312,598,32,15,114,52,63,48,60,1,264,8,72,75,0,37,71,77,0
2020/2021,de deur,midvaal,sedibeng,27.91079,-26.51511,254,2,190,28,2,0,65,229,62,57,111,28,5,228,529,27,2,72,43,51,37,45,1,210,7,63,66,0,24,62,57,3
2021/2022,de deur,midvaal,sedibeng,27.91079,-26.51511,256,1,180,21,0,0,55,230,82,74,160,23,5,162,394,28,39,91,72,56,43,29,0,235,9,68,58,0,26,43,69,3
2022/2023,de deur,midvaal,sedibeng,27.91079,-26.51511,242,3,217,22,2,0,55,273,79,98,207,25,8,202,370,45,47,124,105,71,30,64,0,286,5,82,125,1,32,61,55,5
2023/2024,de deur,sedibeng district,sedibeng district,27.91079,-26.51511,0,0,0,0,0,0,0,232,110,0,0,0,0,0,0,0,0,0,0,0,0,62,0,0,0,0,0,0,0,86,57,0
2024/2025,de deur,sedibeng district,sedibeng district,27.91079,-26.51511,0,0,0,0,0,0,0,189,114,0,0,0,0,0,0,0,0,0,0,0,0,69,0,0,0,0,0,0,0,46,42,0
2008/2009,de doorns,breede valley,cape winelands,19.66581,-33.47424,227,4,227,3,1,0,8,211,0,4,152,10,4,14,92,1,1,95,18,32,1,0,0,5,8,43,0,36,2,0,53,0
2009/2010,de doorns,breede valley,cape winelands,19.66581,-33.47424,272,7,211,2,0,0,26,170,0,5,167,16,7,37,173,3,1,91,9,46,1,0,0,8,16,63,0,33,3,7,66,0
2010/2011,de doorns,breede valley,cape winelands,19.66581,-33.47424,194,1,222,4,3,0,39,144,1,11,161,18,6,29,228,1,1,81,13,49,2,0,0,10,16,68,0,38,6,6,62,0
2011/2012,de doorns,breede valley,cape winelands,19.66581,-33.47424,295,0,190,2,0,0,44,173,0,12,191,25,4,49,233,0,1,121,15,49,5,0,0,9,16,67,1,59,4,1,65,0
2012/2013,de doorns,breede valley,cape winelands,19.66581,-33.47424,320,11,276,14,0,0,57,200,0,12,219,46,6,35,271,3,1,168,11,49,5,3,0,34,14,63,0,55,5,5,65,1
2013/2014,de doorns,breede valley,cape winelands,19.66581,-33.47424,303,5,224,2,2,0,71,220,1,16,191,49,6,40,310,0,21,138,15,47,2,3,0,55,16,65,0,60,4,3,57,0
2014/2015,de doorns,breede valley,cape winelands,19.66581,-33.47424,371,2,270,5,4,0,101,240,2,6,188,43,5,15,315,0,23,178,13,45,10,3,0,69,8,60,0,37,0,5,78,0
2015/2016,de doorns,breede valley,cape winelands,19.66581,-33.47424,456,4,292,10,5,0,49,241,0,14,205,61,6,22,340,2,14,165,13,39,17,3,0,85,8,52,0,44,0,4,105,0
2016/2017,de doorns,breede valley,cape winelands,19.66581,-33.47424,510,8,324,5,1,0,46,308,1,17,263,69,6,31,321,5,12,205,28,29,13,3,0,81,4,34,1,56,1,6,92,0
2017/2018,de doorns,breede valley,cape winelands,19.66581,-33.47424,422,10,352,6,1,0,49,232,2,19,279,71,5,24,216,8,21,207,31,17,20,4,1,104,10,31,0,45,2,3,88,0
2018/2019,de doorns,breede valley,cape winelands,19.66581,-33.47424,476,12,381,14,0,0,68,192,1,37,271,52,6,9,110,5,12,209,28,17,22,6,0,61,1,18,0,49,3,1,96,0
2019/2020,de doorns,breede valley,cape winelands,19.66581,-33.47424,502,6,324,11,0,0,55,162,0,27,194,58,6,17,75,3,12,200,17,27,15,1,0,59,4,31,0,45,0,9,72,0
2020/2021,de doorns,breede valley,cape winelands,19.66581,-33.47424,367,4,288,11,1,0,50,172,0,15,237,44,7,2,120,4,22,162,26,14,8,7,0,64,5,21,0,48,1,15,61,0
2021/2022,de doorns,breede valley,cape winelands,19.66581,-33.47424,464,14,356,30,3,0,27,182,1,28,302,56,7,8,76,6,14,205,22,18,38,2,1,92,3,25,0,38,2,3,47,1
2022/2023,de doorns,breede valley,cape winelands,19.66581,-33.47424,436,6,416,20,6,0,25,189,0,42,351,69,4,19,49,3,25,202,30,39,16,3,1,58,7,54,0,60,2,6,52,1
2023/2024,de doorns,cape winelands district,cape winelands district,19.66581,-33.47424,0,0,0,0,0,0,0,134,0,0,0,0,0,0,0,0,0,0,0,0,0,1,0,0,0,0,0,0,0,4,61,0
2024/2025,de doorns,cape winelands district,cape winelands district,19.66581,-33.47424,0,0,0,0,0,0,0,133,0,0,0,0,0,0,0,0,0,0,0,0,0,6,0,0,0,0,0,0,0,3,49,0
2008/2009,de rust,oudtshoorn,garden route,22.53451,-33.48874,37,0,42,0,0,0,8,23,0,3,36,1,6,23,90,0,1,16,2,5,0,0,0,0,1,6,0,12,43,0,3,0
2009/2010,de rust,oudtshoorn,garden route,22.53451,-33.48874,39,0,34,0,1,0,21,36,0,2,43,1,6,12,71,0,1,14,0,6,0,0,0,0,2,9,0,10,34,0,2,0
2010/2011,de rust,oudtshoorn,garden route,22.53451,-33.48874,30,2,55,0,1,0,16,20,0,6,46,0,7,9,54,0,1,11,3,5,0,0,0,0,3,10,0,2,38,0,0,0
2011/2012,de rust,oudtshoorn,garden route,22.53451,-33.48874,45,1,46,2,2,0,24,25,0,1,47,0,6,16,68,0,1,18,3,11,2,0,0,2,1,14,0,2,25,0,6,0
2012/2013,de rust,oudtshoorn,garden route,22.53451,-33.48874,37,0,68,1,1,0,26,41,0,3,48,2,6,10,36,1,1,17,1,4,0,1,0,4,0,5,0,0,39,4,9,0
2013/2014,de rust,oudtshoorn,garden route,22.53451,-33.48874,51,1,71,1,1,0,28,60,0,2,76,1,6,6,63,1,13,31,0,7,0,0,0,3,3,11,0,0,19,1,5,0
2014/2015,de rust,oudtshoorn,garden route,22.53451,-33.48874,40,1,65,0,1,0,20,55,0,3,72,8,7,3,58,1,12,36,1,0,1,2,0,4,1,3,0,1,18,3,11,0
2015/2016,de rust,oudtshoorn,garden route,22.53451,-33.48874,54,2,68,2,2,0,25,57,0,1,81,3,6,8,62,0,13,22,3,6,0,2,0,5,2,10,0,1,12,0,6,0
2016/2017,de rust,oudtshoorn,garden route,22.53451,-33.48874,44,0,60,0,4,0,19,50,0,4,72,8,6,6,79,0,13,41,2,8,1,1,0,5,0,12,0,1,14,0,11,0
2017/2018,de rust,oudtshoorn,garden route,22.53451,-33.48874,36,0,61,2,0,0,21,71,0,4,57,2,4,7,88,0,13,45,1,3,0,1,0,6,2,7,0,0,14,1,8,0
2018/2019,de rust,oudtshoorn,garden route,22.53451,-33.48874,38,0,55,0,1,0,4,42,0,5,64,8,6,5,53,0,13,29,1,8,0,0,0,3,8,17,1,2,15,0,14,0
2019/2020,de rust,oudtshoorn,garden route,22.53451,-33.48874,67,0,66,0,0,0,16,51,0,0,79,4,6,4,44,5,13,29,2,13,1,0,0,5,8,21,0,0,25,0,8,0
2020/2021,de rust,oudtshoorn,garden route,22.53451,-33.48874,54,0,49,4,0,0,19,31,0,3,63,5,7,0,11,2,13,16,2,6,0,0,0,4,0,7,0,3,25,0,13,0
2021/2022,de rust,oudtshoorn,garden route,22.53451,-33.48874,57,2,55,7,1,0,5,23,0,8,74,5,6,0,11,2,21,28,5,5,0,0,0,3,4,10,0,0,10,0,7,0
2022/2023,de rust,oudtshoorn,garden route,22.53451,-33.48874,76,1,62,0,3,0,20,45,0,8,105,3,7,2,42,0,21,32,1,1,0,0,0,3,3,8,0,10,5,0,6,0
2023/2024,de rust,garden route district,garden route district,22.53451,-33.48874,0,0,0,0,0,0,0,39,0,0,0,0,0,0,0,0,0,0,0,0,0,0,0,0,0,0,0,0,0,0,4,0
2024/2025,de rust,garden route district,garden route district,22.53451,-33.48874,0,0,0,0,0,0,0,44,0,0,0,0,0,0,0,0,0,0,0,0,0,0,0,0,0,0,0,0,0,0,2,0
2008/2009,dealesville,tokologo,lejweleputswa,25.76379,-28.67602,36,1,62,1,5,0,12,18,0,2,66,5,8,10,10,1,1,9,2,15,0,0,0,0,0,24,0,0,41,0,0,0
2009/2010,dealesville,tokologo,lejweleputswa,25.76379,-28.67602,26,2,44,3,0,0,11,25,0,0,58,4,4,10,29,0,1,4,5,9,2,0,0,2,2,13,0,3,38,0,3,0
2010/2011,dealesville,tokologo,lejweleputswa,25.76379,-28.67602,17,0,63,0,2,0,3,12,0,1,34,2,6,6,14,0,1,5,5,23,2,0,0,2,2,27,0,0,44,0,4,0
2011/2012,dealesville,tokologo,lejweleputswa,25.76379,-28.67602,23,0,52,1,6,0,9,25,0,2,59,3,7,4,16,1,1,7,5,20,4,2,0,7,4,31,0,0,54,0,2,0
2012/2013,dealesville,tokologo,lejweleputswa,25.76379,-28.67602,19,0,58,2,2,0,9,22,0,1,55,2,5,5,29,0,1,9,6,9,0,0,0,1,3,17,0,0,41,0,1,0
2013/2014,dealesville,tokologo,lejweleputswa,25.76379,-28.67602,20,1,56,0,0,0,17,20,0,4,52,5,6,7,45,0,13,8,3,15,0,0,0,1,3,18,0,0,29,0,1,0
2014/2015,dealesville,tokologo,lejweleputswa,25.76379,-28.67602,16,2,43,1,0,0,10,19,1,0,41,1,6,1,57,1,13,4,3,10,0,0,0,2,2,12,0,0,31,0,0,0
2015/2016,dealesville,tokologo,lejweleputswa,25.76379,-28.67602,19,0,40,0,2,0,11,12,0,1,43,0,6,11,44,1,13,5,2,17,0,1,0,1,2,21,0,1,32,3,2,0
2016/2017,dealesville,tokologo,lejweleputswa,25.76379,-28.67602,22,0,46,2,4,0,8,23,0,3,55,1,7,2,62,0,13,8,2,3,3,0,0,3,3,11,0,0,35,2,1,0
2017/2018,dealesville,tokologo,lejweleputswa,25.76379,-28.67602,34,1,43,2,0,0,15,29,0,5,45,1,6,1,42,1,13,11,1,12,2,1,0,5,0,12,0,0,52,3,0,1
2018/2019,dealesville,tokologo,lejweleputswa,25.76379,-28.67602,35,0,54,3,1,0,11,34,0,9,53,1,6,4,17,5,13,6,5,12,0,1,0,4,5,18,0,0,48,2,4,0
2019/2020,dealesville,tokologo,lejweleputswa,25.76379,-28.67602,37,1,60,4,1,0,6,31,0,5,65,4,6,1,9,1,21,17,2,36,0,1,0,2,0,37,0,0,53,2,1,0
2020/2021,dealesville,tokologo,lejweleputswa,25.76379,-28.67602,29,0,46,1,0,0,8,32,0,2,47,2,6,5,8,1,12,13,2,4,2,1,0,5,1,5,0,0,35,0,1,0
2021/2022,dealesville,tokologo,lejweleputswa,25.76379,-28.67602,25,0,50,1,0,0,17,24,0,3,33,1,6,5,15,0,12,11,4,9,0,1,0,1,3,12,0,2,16,0,1,0
2022/2023,dealesville,tokologo,lejweleputswa,25.76379,-28.67602,19,1,44,3,1,0,12,36,0,2,54,5,6,7,10,2,12,14,2,14,2,0,0,2,6,21,2,0,11,0,2,0
2023/2024,dealesville,lejweleputswa district,lejweleputswa district,25.76379,-28.67602,0,0,0,0,0,0,0,36,0,0,0,0,0,0,0,0,0,0,0,0,0,1,0,0,0,0,0,0,0,0,0,0
2024/2025,dealesville,lejweleputswa district,lejweleputswa district,25.76379,-28.67602,0,0,0,0,0,0,0,37,0,0,0,0,0,0,0,0,0,0,0,0,0,1,0,0,0,0,0,0,0,1,1,0
2008/2009,deben,joe morolong,john taolo gaetsewe,22.88325,-27.5982,21,0,51,15,1,0,2,21,0,1,12,1,7,8,6,0,1,10,0,9,0,0,0,0,1,12,0,0,10,0,3,0
2009/2010,deben,joe morolong,john taolo gaetsewe,22.88325,-27.5982,17,0,17,4,4,0,4,10,0,0,12,0,6,7,21,3,1,2,0,4,0,0,0,0,0,8,0,2,19,1,0,0
2010/2011,deben,joe morolong,john taolo gaetsewe,22.88325,-27.5982,9,0,21,3,1,0,5,12,0,0,19,1,6,5,21,3,1,2,0,5,1,0,0,1,5,11,0,0,20,1,0,0
2011/2012,deben,joe morolong,john taolo gaetsewe,22.88325,-27.5982,13,1,27,5,2,0,5,17,0,1,16,1,7,3,15,1,1,9,1,6,1,0,0,2,0,9,0,0,7,4,0,0
2012/2013,deben,joe morolong,john taolo gaetsewe,22.88325,-27.5982,10,1,34,4,3,0,4,16,0,0,22,0,6,2,5,1,1,8,2,4,1,0,0,1,0,7,0,0,14,2,0,0
2013/2014,deben,joe morolong,john taolo gaetsewe,22.88325,-27.5982,22,1,30,3,1,0,11,14,0,1,17,2,6,4,9,3,13,2,0,15,6,0,0,8,0,16,0,1,16,2,0,0
2014/2015,deben,joe morolong,john taolo gaetsewe,22.88325,-27.5982,12,0,26,3,2,0,9,13,0,2,10,0,6,3,8,2,13,4,4,11,0,0,0,0,0,13,0,0,17,2,1,0
2015/2016,deben,joe morolong,john taolo gaetsewe,22.88325,-27.5982,14,0,30,6,2,0,3,7,0,2,12,0,6,4,12,0,13,2,1,4,1,0,0,1,0,6,0,0,6,1,3,0
2016/2017,deben,joe morolong,john taolo gaetsewe,22.88325,-27.5982,9,0,26,4,0,0,4,21,1,2,9,0,6,1,12,1,13,4,1,6,2,0,0,4,0,6,1,0,11,0,3,0
2017/2018,deben,joe morolong,john taolo gaetsewe,22.88325,-27.5982,5,0,13,3,0,0,4,9,0,2,5,0,6,3,14,2,13,3,7,5,1,0,0,1,1,6,0,0,4,0,0,0
2018/2019,deben,joe morolong,john taolo gaetsewe,22.88325,-27.5982,6,1,18,2,0,0,6,7,0,2,5,0,6,2,17,0,13,5,5,9,0,2,0,3,1,10,0,0,6,3,0,1
2019/2020,deben,joe morolong,john taolo gaetsewe,22.88325,-27.5982,8,1,18,2,3,0,2,8,0,3,4,1,6,5,21,0,13,2,5,1,0,0,0,0,2,6,0,0,7,1,0,0
2020/2021,deben,joe morolong,john taolo gaetsewe,22.88325,-27.5982,1,1,5,1,0,0,5,3,0,2,3,1,6,2,5,1,13,1,2,7,2,2,0,4,0,7,0,0,2,1,1,0
2021/2022,deben,joe morolong,john taolo gaetsewe,22.88325,-27.5982,15,1,10,2,1,0,1,8,0,4,4,1,7,1,4,0,13,5,1,6,0,0,0,0,0,8,0,0,0,0,1,0
2022/2023,deben,joe morolong,john taolo gaetsewe,22.88325,-27.5982,19,2,23,8,0,0,7,2,0,6,5,0,6,3,24,0,13,8,7,8,3,1,0,4,1,9,0,0,2,0,2,0
2023/2024,deben,john taolo gaetsewe district,john taolo gaetsewe district,22.88325,-27.5982,0,0,0,0,0,0,0,10,0,0,0,0,0,0,0,0,0,0,0,0,0,0,0,0,0,0,0,0,0,0,4,0
2024/2025,deben,john taolo gaetsewe district,john taolo gaetsewe district,22.88325,-27.5982,0,0,0,0,0,0,0,14,0,0,0,0,0,0,0,0,0,0,0,0,0,0,0,0,0,0,0,0,0,0,1,0
2008/2009,delareyville,tswaing,ngaka modiri molema,25.4567,-26.69094,163,0,85,6,2,0,69,58,1,24,38,17,4,10,30,3,1,28,5,22,0,0,0,6,6,32,0,6,33,4,20,0
2009/2010,delareyville,tswaing,ngaka modiri molema,25.4567,-26.69094,142,4,92,0,0,0,40,30,0,20,43,20,7,21,32,1,1,34,3,23,3,0,0,8,9,33,0,9,43,6,17,0
2010/2011,delareyville,tswaing,ngaka modiri molema,25.4567,-26.69094,121,3,99,3,0,0,50,39,0,68,38,7,6,10,29,3,1,24,6,29,4,2,0,11,1,30,0,14,42,2,14,0
2011/2012,delareyville,tswaing,ngaka modiri molema,25.4567,-26.69094,81,1,63,3,2,0,49,40,1,77,35,12,6,6,27,8,1,28,2,39,6,3,0,13,5,46,0,5,50,3,21,0
2012/2013,delareyville,tswaing,ngaka modiri molema,25.4567,-26.69094,86,2,50,4,0,0,45,50,0,61,32,6,5,4,71,9,1,24,4,36,3,2,0,7,1,40,0,3,37,6,26,0
2013/2014,delareyville,tswaing,ngaka modiri molema,25.4567,-26.69094,99,3,59,7,1,0,35,33,1,29,22,7,8,11,105,6,12,15,6,37,7,5,0,14,4,46,0,10,34,2,15,0
2014/2015,delareyville,tswaing,ngaka modiri molema,25.4567,-26.69094,92,0,61,1,2,0,46,48,0,28,34,6,8,6,80,7,12,17,6,51,5,1,0,12,2,59,0,6,33,7,29,0
2015/2016,delareyville,tswaing,ngaka modiri molema,25.4567,-26.69094,81,2,83,2,0,0,50,62,0,152,43,3,4,11,50,7,13,20,8,26,5,0,0,12,1,29,0,14,43,13,18,1
2016/2017,delareyville,tswaing,ngaka modiri molema,25.4567,-26.69094,69,3,85,5,0,0,68,59,2,16,39,19,7,5,47,6,21,19,6,45,5,10,0,24,1,47,0,9,38,4,10,0
2017/2018,delareyville,tswaing,ngaka modiri molema,25.4567,-26.69094,48,9,81,7,1,0,62,82,0,20,43,17,5,2,44,12,22,24,4,60,9,3,0,33,5,69,2,16,55,5,9,1
2018/2019,delareyville,tswaing,ngaka modiri molema,25.4567,-26.69094,92,8,115,8,2,0,78,80,0,29,58,17,7,2,31,3,23,37,3,36,11,12,0,50,7,46,1,13,63,12,33,1
2019/2020,delareyville,tswaing,ngaka modiri molema,25.4567,-26.69094,118,9,116,3,1,0,92,102,1,52,59,11,11,1,26,0,28,27,10,59,14,3,0,48,8,76,0,2,65,13,23,0
2020/2021,delareyville,tswaing,ngaka modiri molema,25.4567,-26.69094,117,2,126,9,3,0,57,108,1,33,57,19,5,1,40,8,13,43,6,32,11,4,0,24,2,40,0,13,43,5,27,0
2021/2022,delareyville,tswaing,ngaka modiri molema,25.4567,-26.69094,134,4,147,1,5,0,57,99,0,59,87,17,4,9,24,2,14,58,6,34,9,9,0,35,2,43,0,11,29,2,37,0
2022/2023,delareyville,tswaing,ngaka modiri molema,25.4567,-26.69094,80,1,132,5,2,0,67,105,0,117,87,35,6,7,24,2,23,37,3,29,25,16,0,61,1,32,0,6,47,2,24,1
2023/2024,delareyville,ngaka modiri molema district,ngaka modiri molema district,25.4567,-26.69094,0,0,0,0,0,0,0,58,1,0,0,0,0,0,0,0,0,0,0,0,0,1,0,0,0,0,0,0,0,4,23,0
2024/2025,delareyville,ngaka modiri molema district,ngaka modiri molema district,25.4567,-26.69094,0,0,0,0,0,0,0,128,2,0,0,0,0,0,0,0,0,0,0,0,0,7,0,0,0,0,0,0,0,1,42,0
2008/2009,delft,city of cape town,city of cape town,18.64209,-33.97502,1652,17,556,78,4,0,80,784,25,34,645,224,47,130,868,84,1,486,72,161,39,23,1,394,37,225,0,27,0,142,257,0
2009/2010,delft,city of cape town,city of cape town,18.64209,-33.97502,1273,20,597,54,15,0,42,704,15,39,715,180,26,278,1080,93,1,430,72,157,51,17,0,316,33,226,0,13,0,107,254,0
2010/2011,delft,city of cape town,city of cape town,18.64209,-33.97502,774,13,612,73,12,0,78,601,14,25,570,104,31,380,2118,102,1,357,70,167,37,17,0,245,42,240,0,14,1,124,261,0
2011/2012,delft,city of cape town,city of cape town,18.64209,-33.97502,805,19,606,77,10,0,88,663,14,32,604,130,8,328,2770,109,1,387,87,167,44,30,0,267,33,214,0,27,0,131,265,1
2012/2013,delft,city of cape town,city of cape town,18.64209,-33.97502,691,23,480,129,15,0,69,725,31,31,626,166,12,279,3381,142,1,422,113,190,47,42,0,363,36,248,0,8,0,149,259,1
2013/2014,delft,city of cape town,city of cape town,18.64209,-33.97502,750,16,519,138,18,0,77,695,18,42,613,133,12,192,2953,180,3,452,144,164,50,41,0,383,25,214,1,20,0,185,273,2
2014/2015,delft,city of cape town,city of cape town,18.64209,-33.97502,831,32,605,186,7,0,100,711,82,40,648,121,33,295,3035,173,36,531,163,174,32,103,0,536,29,225,1,26,1,148,264,1
2015/2016,delft,city of cape town,city of cape town,18.64209,-33.97502,803,26,574,151,7,0,89,778,128,63,652,102,17,253,3439,169,18,601,143,164,41,135,0,617,27,207,0,35,0,184,261,1
2016/2017,delft,city of cape town,city of cape town,18.64209,-33.97502,644,23,578,178,13,0,96,693,164,65,603,114,9,350,2926,195,29,712,183,158,39,153,1,758,43,219,1,42,1,150,301,3
2017/2018,delft,city of cape town,city of cape town,18.64209,-33.97502,809,25,666,192,10,0,55,829,175,73,850,173,9,269,3756,169,33,809,195,196,48,166,1,869,25,236,0,116,2,191,290,5
2018/2019,delft,city of cape town,city of cape town,18.64209,-33.97502,834,31,687,194,10,0,62,797,157,123,1039,173,5,245,2831,225,67,894,247,224,32,177,0,873,41,278,0,258,1,158,271,4
2019/2020,delft,city of cape town,city of cape town,18.64209,-33.97502,829,47,690,204,11,0,65,816,139,117,1163,180,4,154,1857,215,67,827,265,224,12,149,0,810,54,291,0,506,1,154,245,1
2020/2021,delft,city of cape town,city of cape town,18.64209,-33.97502,631,22,607,173,15,0,56,499,183,124,1091,93,5,54,1304,182,61,796,224,213,31,146,0,685,42,273,0,148,0,120,150,5
2021/2022,delft,city of cape town,city of cape town,18.64209,-33.97502,722,32,660,175,13,0,52,576,152,191,1143,140,11,74,2386,268,97,802,268,266,20,153,1,723,68,355,0,98,0,99,173,1
2022/2023,delft,city of cape town,city of cape town,18.64209,-33.97502,978,25,671,164,13,0,49,634,159,208,1039,121,9,174,2558,246,66,830,277,240,13,133,0,743,35,293,1,136,1,116,154,2
2023/2024,delft,city of cape town district,city of cape town district,18.64209,-33.97502,0,0,0,0,0,0,0,585,201,0,0,0,0,0,0,0,0,0,0,0,0,161,0,0,0,0,0,0,0,120,139,0
2024/2025,delft,city of cape town district,city of cape town district,18.64209,-33.97502,0,0,0,0,0,0,0,517,272,0,0,0,0,0,0,0,0,0,0,0,0,100,0,0,0,0,0,0,0,88,191,0
2008/2009,delmas,victor khanye,nkangala,28.68756,-26.14512,511,7,264,22,1,0,178,275,34,147,183,70,5,37,37,12,1,143,6,45,31,16,0,194,4,53,0,63,39,120,220,28
2009/2010,delmas,victor khanye,nkangala,28.68756,-26.14512,584,3,253,20,8,0,137,337,23,59,225,74,9,25,43,11,1,164,9,52,47,21,1,230,7,72,0,50,33,114,258,46
2010/2011,delmas,victor khanye,nkangala,28.68756,-26.14512,699,4,223,23,8,0,100,430,28,53,200,92,9,33,42,7,1,150,9,41,25,19,0,163,4,58,0,57,50,70,224,27
2011/2012,delmas,victor khanye,nkangala,28.68756,-26.14512,487,5,237,16,4,0,101,360,12,67,164,62,10,31,75,8,1,151,8,50,22,5,0,101,3,63,0,89,35,85,157,21
2012/2013,delmas,victor khanye,nkangala,28.68756,-26.14512,408,3,192,16,6,0,99,331,19,71,111,30,4,63,111,14,1,111,14,43,18,7,0,97,6,57,1,85,28,80,224,21
2013/2014,delmas,victor khanye,nkangala,28.68756,-26.14512,423,3,170,15,1,0,135,281,35,53,112,40,4,89,131,28,25,113,6,36,26,4,0,132,3,42,1,86,48,58,238,23
2014/2015,delmas,victor khanye,nkangala,28.68756,-26.14512,429,5,194,27,2,0,140,280,43,44,117,37,6,67,110,16,3,117,15,48,41,18,0,190,6,56,1,83,33,84,228,28
2015/2016,delmas,victor khanye,nkangala,28.68756,-26.14512,387,2,251,37,2,0,128,259,53,60,140,46,6,75,108,20,27,171,15,55,52,24,0,225,6,63,0,51,33,80,276,27
2016/2017,delmas,victor khanye,nkangala,28.68756,-26.14512,437,4,207,24,1,0,156,349,56,82,185,59,7,59,123,16,3,102,14,60,64,21,1,287,4,66,0,55,50,82,289,36
2017/2018,delmas,victor khanye,nkangala,28.68756,-26.14512,342,9,220,29,2,0,130,273,82,87,181,35,4,14,99,19,123,115,15,43,20,19,0,246,8,55,0,41,40,86,237,23
2018/2019,delmas,victor khanye,nkangala,28.68756,-26.14512,265,3,185,57,1,0,157,293,91,74,168,57,7,24,108,13,88,133,20,49,48,26,0,354,12,63,5,48,36,72,282,33
2019/2020,delmas,victor khanye,nkangala,28.68756,-26.14512,305,8,185,59,3,0,170,286,65,71,190,58,6,37,81,12,70,153,28,55,42,30,0,310,7,65,0,66,38,72,213,42
2020/2021,delmas,victor khanye,nkangala,28.68756,-26.14512,249,11,177,75,4,0,137,231,66,74,269,65,7,19,29,5,113,159,20,46,49,24,0,296,6,57,0,33,40,44,159,29
2021/2022,delmas,victor khanye,nkangala,28.68756,-26.14512,269,17,151,86,5,0,102,232,73,82,264,65,4,29,33,8,124,163,34,77,62,35,0,334,9,93,0,46,45,42,155,47
2022/2023,delmas,victor khanye,nkangala,28.68756,-26.14512,320,14,200,124,4,0,91,231,94,119,357,59,6,12,60,8,125,211,29,53,46,56,0,376,8,65,0,56,37,40,121,53
2023/2024,delmas,nkangala district,nkangala district,28.68756,-26.14512,0,0,0,0,0,0,0,183,68,0,0,0,0,0,0,0,0,0,0,0,0,31,0,0,0,0,0,0,0,50,121,0
2024/2025,delmas,nkangala district,nkangala district,28.68756,-26.14512,0,0,0,0,0,0,0,232,90,0,0,0,0,0,0,0,0,0,0,0,0,29,0,0,0,0,0,0,0,62,99,0
2008/2009,delportshoop,dikgatlong,frances baard,24.31019,-28.41605,67,1,62,12,1,0,24,49,0,2,35,15,7,15,5,1,1,16,3,8,5,0,0,7,0,10,0,1,27,0,5,0
2009/2010,delportshoop,dikgatlong,frances baard,24.31019,-28.41605,63,3,62,12,1,0,21,27,0,5,30,6,6,21,10,0,1,28,1,13,3,0,0,12,2,16,0,2,35,2,5,0
2010/2011,delportshoop,dikgatlong,frances baard,24.31019,-28.41605,43,0,63,2,0,0,11,34,1,1,36,5,7,21,15,0,1,16,0,11,2,0,0,7,7,19,0,0,30,1,2,0
2011/2012,delportshoop,dikgatlong,frances baard,24.31019,-28.41605,52,0,53,8,1,0,18,36,0,2,24,3,6,15,12,0,1,19,2,17,4,0,0,5,2,20,1,0,19,1,6,0
2012/2013,delportshoop,dikgatlong,frances baard,24.31019,-28.41605,37,0,53,3,2,0,17,37,0,4,29,4,6,5,14,1,1,16,3,11,4,0,0,8,2,15,0,2,10,0,7,0
2013/2014,delportshoop,dikgatlong,frances baard,24.31019,-28.41605,32,0,60,1,1,0,16,36,0,1,32,4,4,16,22,2,13,27,0,12,11,0,0,13,0,15,0,0,20,3,4,0
2014/2015,delportshoop,dikgatlong,frances baard,24.31019,-28.41605,48,2,89,13,4,0,16,48,0,3,48,4,7,19,14,2,13,25,1,5,3,1,0,7,1,11,0,1,19,2,9,0
2015/2016,delportshoop,dikgatlong,frances baard,24.31019,-28.41605,60,0,112,15,1,0,20,61,0,4,44,8,6,13,32,0,21,32,3,20,12,3,0,24,4,25,0,3,20,0,5,0
2016/2017,delportshoop,dikgatlong,frances baard,24.31019,-28.41605,66,0,84,5,2,0,28,72,0,4,35,11,6,9,23,0,13,30,2,10,10,1,0,16,3,15,0,2,22,2,11,0
2017/2018,delportshoop,dikgatlong,frances baard,24.31019,-28.41605,69,0,74,8,1,0,34,102,0,10,28,10,6,4,23,0,13,17,1,19,11,6,0,24,5,25,0,0,30,2,15,0
2018/2019,delportshoop,dikgatlong,frances baard,24.31019,-28.41605,71,5,77,6,1,0,37,73,1,6,30,13,6,4,12,2,13,26,1,9,6,3,0,24,2,12,0,0,20,3,9,0
2019/2020,delportshoop,dikgatlong,frances baard,24.31019,-28.41605,86,0,101,6,3,0,47,88,0,7,20,17,7,3,9,1,13,31,5,11,4,3,0,12,3,18,0,0,27,3,11,0
2020/2021,delportshoop,dikgatlong,frances baard,24.31019,-28.41605,72,2,91,4,2,0,32,80,0,13,27,9,7,7,15,0,12,30,0,7,2,6,0,17,1,11,0,1,31,2,11,0
2021/2022,delportshoop,dikgatlong,frances baard,24.31019,-28.41605,83,7,83,3,2,0,26,79,0,14,31,7,6,3,18,0,12,36,4,6,2,0,0,8,3,11,0,0,32,4,10,0
2022/2023,delportshoop,dikgatlong,frances baard,24.31019,-28.41605,74,1,86,20,3,0,27,83,0,5,50,8,7,1,19,2,13,29,1,16,5,0,0,19,3,23,0,1,25,3,7,0
2023/2024,delportshoop,frances baard district,frances baard district,24.31019,-28.41605,0,0,0,0,0,0,0,49,1,0,0,0,0,0,0,0,0,0,0,0,0,0,0,0,0,0,0,0,0,1,7,0
2024/2025,delportshoop,frances baard district,frances baard district,24.31019,-28.41605,0,0,0,0,0,0,0,48,0,0,0,0,0,0,0,0,0,0,0,0,0,0,0,0,0,0,0,0,0,0,10,0
2008/2009,deneysville,metsimaholo,fezile dabi,28.09493,-26.88716,107,4,115,2,3,0,38,153,0,5,180,14,7,9,91,3,1,47,8,29,0,3,0,14,5,38,0,2,15,20,17,1
2009/2010,deneysville,metsimaholo,fezile dabi,28.09493,-26.88716,101,4,97,8,1,0,19,102,0,5,235,10,4,14,95,3,1,40,6,25,4,2,0,17,2,30,0,0,15,9,14,2
2010/2011,deneysville,metsimaholo,fezile dabi,28.09493,-26.88716,112,1,106,4,0,0,13,79,1,4,227,6,7,5,49,4,1,35,5,31,17,5,0,26,2,34,0,4,16,12,9,0
2011/2012,deneysville,metsimaholo,fezile dabi,28.09493,-26.88716,111,0,150,4,1,0,5,92,0,4,289,13,5,19,32,2,1,41,4,18,8,2,0,10,2,24,0,2,13,13,13,0
2012/2013,deneysville,metsimaholo,fezile dabi,28.09493,-26.88716,79,2,139,8,0,0,12,110,2,4,207,10,7,21,41,1,1,52,5,23,16,1,0,22,3,27,1,0,14,13,18,0
2013/2014,deneysville,metsimaholo,fezile dabi,28.09493,-26.88716,109,2,135,10,0,0,24,123,1,6,151,7,7,26,44,3,12,47,9,21,13,5,0,21,7,29,2,0,17,14,14,0
2014/2015,deneysville,metsimaholo,fezile dabi,28.09493,-26.88716,127,3,135,6,0,0,29,148,1,5,152,7,7,40,52,2,13,74,3,14,16,3,0,28,5,20,0,1,15,4,16,0
2015/2016,deneysville,metsimaholo,fezile dabi,28.09493,-26.88716,128,2,151,6,0,0,11,169,4,12,193,6,6,31,66,4,12,64,3,13,8,3,0,21,2,15,0,5,18,24,20,1
2016/2017,deneysville,metsimaholo,fezile dabi,28.09493,-26.88716,127,0,121,7,0,0,36,145,2,13,138,11,4,16,75,6,13,54,3,16,16,2,0,27,3,21,1,1,13,7,21,0
2017/2018,deneysville,metsimaholo,fezile dabi,28.09493,-26.88716,105,1,151,4,0,0,28,168,3,8,152,9,6,17,83,3,21,36,3,15,13,7,0,31,4,19,0,2,11,2,36,0
2018/2019,deneysville,metsimaholo,fezile dabi,28.09493,-26.88716,127,1,109,1,0,0,50,202,2,12,149,5,6,36,64,7,23,45,6,23,23,9,0,45,2,25,0,0,16,14,27,0
2019/2020,deneysville,metsimaholo,fezile dabi,28.09493,-26.88716,143,2,137,14,1,0,34,233,3,3,160,11,6,19,49,3,22,63,5,21,24,5,0,41,3,25,0,0,17,12,42,0
2020/2021,deneysville,metsimaholo,fezile dabi,28.09493,-26.88716,115,3,98,5,0,0,32,147,0,10,137,5,5,14,16,1,21,54,1,9,16,1,0,21,6,18,0,0,14,9,32,0
2021/2022,deneysville,metsimaholo,fezile dabi,28.09493,-26.88716,131,2,129,6,0,0,34,154,1,15,181,10,6,12,19,6,21,58,4,18,10,5,1,26,3,21,0,1,16,11,23,0
2022/2023,deneysville,metsimaholo,fezile dabi,28.09493,-26.88716,148,1,131,7,0,0,49,175,1,13,202,12,4,16,18,1,21,56,4,15,14,3,0,26,1,18,0,0,19,7,25,0
2023/2024,deneysville,fezile dabi district,fezile dabi district,28.09493,-26.88716,0,0,0,0,0,0,0,177,4,0,0,0,0,0,0,0,0,0,0,0,0,5,0,0,0,0,0,0,0,6,22,0
2024/2025,deneysville,fezile dabi district,fezile dabi district,28.09493,-26.88716,0,0,0,0,0,0,0,124,1,0,0,0,0,0,0,0,0,0,0,0,0,7,0,0,0,0,0,0,0,6,32,0
2008/2009,dennilton,elias motsoaledi,sekhukhune,29.14743,-25.25865,379,12,293,41,8,0,134,284,13,20,188,55,4,32,78,26,1,146,20,102,36,21,0,187,9,121,0,76,130,22,28,3
2009/2010,dennilton,elias motsoaledi,sekhukhune,29.14743,-25.25865,254,14,313,32,7,0,148,275,6,30,248,48,9,16,172,32,1,147,20,112,43,12,0,147,21,145,0,36,106,27,38,1
2010/2011,dennilton,elias motsoaledi,sekhukhune,29.14743,-25.25865,260,10,270,12,1,0,136,248,10,16,209,57,7,15,45,16,1,143,16,101,42,15,0,130,8,111,0,57,94,25,43,0
2011/2012,dennilton,elias motsoaledi,sekhukhune,29.14743,-25.25865,452,10,204,17,0,0,150,215,14,26,254,47,6,29,50,13,1,115,26,92,52,21,0,142,11,103,0,56,60,17,38,1
2012/2013,dennilton,elias motsoaledi,sekhukhune,29.14743,-25.25865,276,7,148,24,2,0,144,177,6,21,211,33,4,17,51,23,1,101,12,85,40,10,0,110,10,99,0,60,35,28,47,1
2013/2014,dennilton,elias motsoaledi,sekhukhune,29.14743,-25.25865,264,5,152,12,1,0,139,225,3,20,200,42,4,10,75,17,17,97,16,91,26,10,1,75,7,101,0,46,45,32,55,0
2014/2015,dennilton,elias motsoaledi,sekhukhune,29.14743,-25.25865,228,1,130,27,0,0,119,198,10,9,150,28,7,25,94,26,14,101,18,86,17,14,1,104,6,93,0,56,81,30,54,1
2015/2016,dennilton,elias motsoaledi,sekhukhune,29.14743,-25.25865,231,2,126,13,0,0,144,193,19,10,188,35,9,63,106,12,21,96,10,81,20,15,0,100,6,92,0,45,52,28,34,0
2016/2017,dennilton,elias motsoaledi,sekhukhune,29.14743,-25.25865,195,5,152,15,0,0,124,198,37,15,182,41,6,109,153,16,28,85,12,99,27,27,2,143,7,106,0,56,60,31,16,1
2017/2018,dennilton,elias motsoaledi,sekhukhune,29.14743,-25.25865,250,1,148,27,1,0,94,213,33,20,162,40,4,111,233,26,3,124,16,87,28,9,1,140,1,91,0,68,86,39,24,3
2018/2019,dennilton,elias motsoaledi,sekhukhune,29.14743,-25.25865,273,5,173,20,1,0,90,306,14,29,235,40,6,124,155,33,28,143,14,99,29,26,1,129,5,105,0,74,112,26,39,1
2019/2020,dennilton,elias motsoaledi,sekhukhune,29.14743,-25.25865,284,5,160,17,4,0,131,342,28,29,234,41,6,156,30,24,43,119,25,113,22,21,2,127,6,123,0,87,89,25,26,1
2020/2021,dennilton,elias motsoaledi,sekhukhune,29.14743,-25.25865,272,7,162,19,6,0,111,257,18,44,241,37,7,81,43,8,3,118,16,80,38,31,0,145,8,95,0,48,60,15,25,1
2021/2022,dennilton,elias motsoaledi,sekhukhune,29.14743,-25.25865,331,7,191,45,3,0,102,213,25,37,336,27,6,18,28,2,38,167,27,89,60,22,1,171,14,106,1,51,76,19,37,1
2022/2023,dennilton,elias motsoaledi,sekhukhune,29.14743,-25.25865,360,5,236,53,4,0,142,258,34,33,346,59,6,8,60,11,4,179,19,106,59,34,0,216,15,125,1,88,107,15,30,2
2023/2024,dennilton,sekhukhune district,sekhukhune district,29.14743,-25.25865,0,0,0,0,0,0,0,275,51,0,0,0,0,0,0,0,0,0,0,0,0,64,0,0,0,0,0,0,0,20,21,0
2024/2025,dennilton,sekhukhune district,sekhukhune district,29.14743,-25.25865,0,0,0,0,0,0,0,307,16,0,0,0,0,0,0,0,0,0,0,0,0,76,0,0,0,0,0,0,0,12,27,0
2008/2009,despatch,nelson mandela bay,nelson mandela bay,25.47264,-33.80317,212,2,170,8,2,0,64,191,3,24,146,29,10,113,88,6,1,58,5,29,6,17,1,76,12,49,0,30,3,49,74,0
2009/2010,despatch,nelson mandela bay,nelson mandela bay,25.47264,-33.80317,250,7,142,10,5,0,59,182,4,29,147,32,12,63,64,8,1,52,10,51,10,7,0,60,12,75,0,31,2,39,90,1
2010/2011,despatch,nelson mandela bay,nelson mandela bay,25.47264,-33.80317,224,4,118,9,3,0,51,193,1,16,150,12,9,35,41,5,1,80,4,34,19,7,0,56,5,47,0,24,3,35,113,0
2011/2012,despatch,nelson mandela bay,nelson mandela bay,25.47264,-33.80317,197,3,115,5,3,0,61,192,4,16,131,13,7,59,53,1,1,74,6,46,20,6,0,59,3,53,0,22,3,25,54,1
2012/2013,despatch,nelson mandela bay,nelson mandela bay,25.47264,-33.80317,175,3,116,8,2,0,32,157,3,29,104,15,6,43,87,2,1,82,4,43,34,0,0,73,5,50,0,12,0,48,95,0
2013/2014,despatch,nelson mandela bay,nelson mandela bay,25.47264,-33.80317,207,5,109,13,6,0,41,151,7,20,111,12,4,37,130,4,21,79,5,24,25,8,0,73,12,44,0,21,3,21,86,1
2014/2015,despatch,nelson mandela bay,nelson mandela bay,25.47264,-33.80317,191,1,94,11,1,0,52,209,7,21,101,13,6,26,170,6,12,71,11,33,15,6,0,56,4,38,0,15,5,33,85,1
2015/2016,despatch,nelson mandela bay,nelson mandela bay,25.47264,-33.80317,132,2,84,10,0,0,26,130,4,18,80,19,6,35,200,6,13,59,5,16,9,5,0,42,4,20,1,15,3,27,62,0
2016/2017,despatch,nelson mandela bay,nelson mandela bay,25.47264,-33.80317,135,2,67,7,0,0,37,153,5,23,74,10,7,40,236,10,13,49,11,29,18,4,0,51,10,40,10,19,1,27,40,3
2017/2018,despatch,nelson mandela bay,nelson mandela bay,25.47264,-33.80317,103,1,77,9,1,0,25,120,1,29,80,10,5,31,260,3,21,46,8,25,18,7,0,60,8,37,28,24,4,36,43,1
2018/2019,despatch,nelson mandela bay,nelson mandela bay,25.47264,-33.80317,156,4,83,11,1,0,39,177,7,26,82,17,5,28,88,8,12,74,4,32,10,9,1,63,8,44,8,17,7,22,87,3
2019/2020,despatch,nelson mandela bay,nelson mandela bay,25.47264,-33.80317,168,7,88,5,0,0,47,191,4,39,92,9,7,29,69,2,17,65,11,20,24,18,0,102,5,26,0,22,6,27,54,5
2020/2021,despatch,nelson mandela bay,nelson mandela bay,25.47264,-33.80317,140,6,64,11,1,0,22,143,10,42,83,7,7,12,56,3,25,61,12,22,6,5,0,49,3,27,0,24,7,18,49,7
2021/2022,despatch,nelson mandela bay,nelson mandela bay,25.47264,-33.80317,168,1,60,8,0,0,25,104,5,69,73,6,6,13,65,2,21,61,19,20,8,12,0,57,9,29,0,21,3,31,46,5
2022/2023,despatch,nelson mandela bay,nelson mandela bay,25.47264,-33.80317,146,4,48,14,0,0,40,121,13,81,103,6,5,16,97,3,22,57,26,28,13,11,0,73,9,40,0,24,2,17,39,10
2023/2024,despatch,nelson mandela district,nelson mandela district,25.47264,-33.80317,0,0,0,0,0,0,0,119,8,0,0,0,0,0,0,0,0,0,0,0,0,28,0,0,0,0,0,0,0,20,32,0
2024/2025,despatch,nelson mandela district,nelson mandela district,25.47264,-33.80317,0,0,0,0,0,0,0,119,14,0,0,0,0,0,0,0,0,0,0,0,0,10,0,0,0,0,0,0,0,12,45,0
2008/2009,devon,lesedi,sedibeng,28.78603,-26.3563,62,4,76,7,1,0,8,30,11,3,27,15,6,1,11,1,1,19,2,18,4,4,0,30,1,20,0,0,6,12,8,7
2009/2010,devon,lesedi,sedibeng,28.78603,-26.3563,66,2,65,3,0,0,12,50,5,1,27,8,7,3,14,2,1,24,1,5,8,1,0,27,2,8,0,0,9,7,18,7
2010/2011,devon,lesedi,sedibeng,28.78603,-26.3563,34,4,56,6,1,0,8,34,5,6,23,6,6,4,14,2,1,20,4,5,6,4,0,21,0,6,0,0,15,5,9,5
2011/2012,devon,lesedi,sedibeng,28.78603,-26.3563,61,1,41,0,1,0,6,34,2,2,34,8,7,5,28,3,1,15,3,6,7,0,0,13,0,8,0,0,15,4,15,1
2012/2013,devon,lesedi,sedibeng,28.78603,-26.3563,39,2,68,2,1,0,16,41,3,1,31,10,6,7,20,2,1,26,1,13,10,5,0,27,0,14,0,0,10,9,15,5
2013/2014,devon,lesedi,sedibeng,28.78603,-26.3563,51,1,70,1,1,0,24,37,11,12,28,5,6,6,50,9,21,23,1,6,10,2,0,32,2,9,0,0,14,13,14,4
2014/2015,devon,lesedi,sedibeng,28.78603,-26.3563,38,3,49,10,2,0,15,21,4,4,37,4,6,2,14,0,17,23,3,5,4,0,0,15,2,9,0,0,11,12,13,4
2015/2016,devon,lesedi,sedibeng,28.78603,-26.3563,47,4,39,5,0,0,38,36,4,4,40,8,6,5,26,3,13,28,3,13,6,4,0,24,1,14,0,0,17,9,16,1
2016/2017,devon,lesedi,sedibeng,28.78603,-26.3563,47,0,47,7,1,0,13,46,4,3,50,9,7,6,58,4,14,22,3,12,11,7,0,35,0,14,0,1,28,10,23,0
2017/2018,devon,lesedi,sedibeng,28.78603,-26.3563,42,0,29,1,0,0,16,24,12,4,38,8,6,11,59,1,12,26,0,11,3,1,0,24,1,12,0,0,23,10,5,2
2018/2019,devon,lesedi,sedibeng,28.78603,-26.3563,47,0,42,4,2,0,13,37,11,4,49,7,6,7,48,2,14,34,4,6,10,1,0,29,3,11,0,0,26,5,11,1
2019/2020,devon,lesedi,sedibeng,28.78603,-26.3563,41,1,46,2,0,0,18,44,33,4,26,9,6,50,65,5,21,34,2,10,5,0,0,47,1,11,0,1,21,4,12,2
2020/2021,devon,lesedi,sedibeng,28.78603,-26.3563,37,3,43,3,0,0,22,63,14,16,33,5,6,36,50,8,13,33,2,13,10,3,0,37,2,15,0,0,20,2,11,4
2021/2022,devon,lesedi,sedibeng,28.78603,-26.3563,52,3,50,2,0,0,10,45,11,4,33,4,6,36,54,1,23,31,3,11,4,1,0,31,3,14,0,0,18,2,4,7
2022/2023,devon,lesedi,sedibeng,28.78603,-26.3563,48,2,48,2,0,0,12,54,29,10,38,7,4,39,52,2,16,38,7,11,7,1,0,49,2,15,0,0,9,6,7,7
2023/2024,devon,ekurhuleni district,ekurhuleni district,28.78603,-26.3563,0,0,0,0,0,0,0,32,10,0,0,0,0,0,0,0,0,0,0,0,0,1,0,0,0,0,0,0,0,2,6,0
2024/2025,devon,ekurhuleni district,ekurhuleni district,28.78603,-26.3563,0,0,0,0,0,0,0,29,8,0,0,0,0,0,0,0,0,0,0,0,0,4,0,0,0,0,0,0,0,3,6,0
2008/2009,dewetsdorp,mangaung,mangaung,26.66246,-29.58358,81,0,74,2,1,0,24,60,0,10,39,7,7,1,2,0,1,23,1,12,2,1,0,11,1,15,0,2,91,14,4,0
2009/2010,dewetsdorp,mangaung,mangaung,26.66246,-29.58358,61,2,93,5,3,0,7,52,0,1,57,2,4,1,11,0,1,33,2,15,1,2,0,8,3,23,0,3,60,3,3,0
2010/2011,dewetsdorp,mangaung,mangaung,26.66246,-29.58358,44,1,75,2,2,0,6,42,0,5,50,3,5,2,5,2,1,22,4,17,2,0,0,2,2,24,0,0,46,2,3,0
2011/2012,dewetsdorp,mangaung,mangaung,26.66246,-29.58358,42,1,61,3,4,0,13,39,0,7,43,3,7,3,10,2,1,14,4,14,7,0,0,8,4,23,0,1,71,0,1,0
2012/2013,dewetsdorp,mangaung,mangaung,26.66246,-29.58358,39,0,56,0,3,0,12,49,0,6,32,2,6,2,6,4,1,16,2,21,4,0,0,4,2,26,0,1,43,1,6,0
2013/2014,dewetsdorp,mangaung,mangaung,26.66246,-29.58358,36,2,52,2,1,0,19,32,1,5,23,3,5,1,7,3,12,19,2,12,0,0,0,1,1,17,0,0,40,4,4,0
2014/2015,dewetsdorp,mangaung,mangaung,26.66246,-29.58358,37,0,54,1,1,0,8,34,0,8,34,6,6,5,22,2,12,13,1,20,1,2,0,4,2,23,0,0,43,7,2,0
2015/2016,dewetsdorp,mangaung,mangaung,26.66246,-29.58358,25,0,37,2,3,0,8,36,0,3,36,3,4,3,24,0,13,16,11,11,1,1,0,5,0,16,0,0,33,7,1,1
2016/2017,dewetsdorp,mangaung,mangaung,26.66246,-29.58358,22,0,28,2,1,0,8,19,0,6,15,0,6,4,29,0,13,16,5,5,3,3,0,6,1,7,0,0,32,1,0,0
2017/2018,dewetsdorp,mangaung,mangaung,26.66246,-29.58358,18,0,18,0,0,0,8,14,0,1,10,0,6,4,22,1,13,7,3,9,0,1,0,2,3,12,0,0,60,2,0,0
2018/2019,dewetsdorp,mangaung,mangaung,26.66246,-29.58358,16,0,35,2,0,0,17,19,1,6,15,3,7,9,8,3,13,6,7,5,3,1,0,6,1,7,0,0,63,5,0,0
2019/2020,dewetsdorp,mangaung,mangaung,26.66246,-29.58358,23,0,29,7,1,0,13,21,0,4,17,0,6,4,9,1,13,12,4,7,3,4,0,9,1,9,0,0,61,2,0,0
2020/2021,dewetsdorp,mangaung,mangaung,26.66246,-29.58358,25,0,23,5,0,0,6,20,4,5,13,0,6,0,21,1,13,18,4,9,2,1,0,8,0,9,0,0,48,2,1,0
2021/2022,dewetsdorp,mangaung,mangaung,26.66246,-29.58358,31,0,32,4,1,0,17,17,0,5,18,2,6,5,4,0,13,13,4,7,0,2,0,3,2,10,0,0,43,3,3,0
2022/2023,dewetsdorp,mangaung,mangaung,26.66246,-29.58358,46,1,52,3,2,0,14,37,0,15,44,2,6,4,21,4,13,17,6,8,1,0,0,3,2,12,0,0,43,1,3,0
2023/2024,dewetsdorp,mangaung district,mangaung district,26.66246,-29.58358,0,0,0,0,0,0,0,33,1,0,0,0,0,0,0,0,0,0,0,0,0,4,0,0,0,0,0,0,0,3,2,0
2024/2025,dewetsdorp,mangaung district,mangaung district,26.66246,-29.58358,0,0,0,0,0,0,0,34,0,0,0,0,0,0,0,0,0,0,0,0,0,4,0,0,0,0,0,0,0,1,2,0
2008/2009,dientjie,thaba chweu,ehlanzeni,30.80467,-24.61384,28,5,54,1,1,0,22,39,1,1,29,4,6,4,10,1,1,15,1,4,1,0,0,3,1,6,0,0,1,3,3,0
2009/2010,dientjie,thaba chweu,ehlanzeni,30.80467,-24.61384,31,1,45,3,2,0,23,42,0,2,16,4,5,0,11,1,1,21,1,9,1,1,0,5,0,14,0,0,3,3,5,0
2010/2011,dientjie,thaba chweu,ehlanzeni,30.80467,-24.61384,23,1,52,1,1,0,17,26,0,0,11,4,6,9,15,2,1,11,1,7,2,2,0,9,0,8,0,0,0,2,6,0
2011/2012,dientjie,thaba chweu,ehlanzeni,30.80467,-24.61384,20,2,37,0,3,0,23,27,0,1,10,1,6,3,41,1,1,5,0,10,3,1,0,5,0,13,0,0,1,4,3,0
2012/2013,dientjie,thaba chweu,ehlanzeni,30.80467,-24.61384,19,1,27,3,1,0,13,26,1,1,12,1,7,0,23,2,1,10,0,5,2,3,0,6,0,7,0,0,0,0,1,0
2013/2014,dientjie,thaba chweu,ehlanzeni,30.80467,-24.61384,15,1,38,1,0,0,6,25,0,2,16,4,6,0,45,1,13,14,4,7,1,2,0,3,2,9,0,1,2,0,6,0
2014/2015,dientjie,thaba chweu,ehlanzeni,30.80467,-24.61384,26,1,48,3,2,0,12,21,1,2,20,4,6,1,62,0,13,13,3,4,3,1,0,6,0,6,0,0,3,3,1,0
2015/2016,dientjie,thaba chweu,ehlanzeni,30.80467,-24.61384,22,0,54,2,1,0,8,25,0,1,22,4,6,2,63,4,13,11,0,11,4,1,0,5,1,13,0,0,2,2,5,0
2016/2017,dientjie,thaba chweu,ehlanzeni,30.80467,-24.61384,17,1,36,3,2,0,23,32,0,2,8,3,6,3,51,6,13,13,2,5,14,3,0,22,0,7,0,0,1,0,7,0
2017/2018,dientjie,thaba chweu,ehlanzeni,30.80467,-24.61384,18,1,47,2,2,0,21,19,1,3,13,1,6,4,77,1,13,11,3,4,7,1,0,12,0,6,0,0,1,0,4,0
2018/2019,dientjie,thaba chweu,ehlanzeni,30.80467,-24.61384,20,5,58,2,0,0,22,20,0,4,18,2,6,0,52,2,21,17,4,8,4,1,0,6,0,8,0,0,9,4,5,0
2019/2020,dientjie,thaba chweu,ehlanzeni,30.80467,-24.61384,17,1,36,4,0,0,17,27,2,6,11,4,6,2,37,2,13,10,6,8,3,3,0,10,0,8,0,0,3,1,12,0
2020/2021,dientjie,thaba chweu,ehlanzeni,30.80467,-24.61384,16,0,46,0,2,0,19,5,0,3,9,2,6,3,5,0,13,20,2,9,9,7,0,19,1,12,0,0,2,3,0,0
2021/2022,dientjie,thaba chweu,ehlanzeni,30.80467,-24.61384,13,5,38,1,1,0,17,18,0,4,15,5,6,1,10,0,12,9,7,4,0,0,0,5,2,7,0,0,1,1,1,1
2022/2023,dientjie,thaba chweu,ehlanzeni,30.80467,-24.61384,18,0,35,1,0,0,23,22,0,7,9,0,7,6,19,1,12,13,3,4,4,2,0,8,1,6,0,2,1,0,2,1
2023/2024,dientjie,ehlanzeni district,ehlanzeni district,30.80467,-24.61384,0,0,0,0,0,0,0,14,0,0,0,0,0,0,0,0,0,0,0,0,0,5,0,0,0,0,0,0,0,0,4,0
2024/2025,dientjie,ehlanzeni district,ehlanzeni district,30.80467,-24.61384,0,0,0,0,0,0,0,10,2,0,0,0,0,0,0,0,0,0,0,0,0,0,0,0,0,0,0,0,0,0,0,0
2008/2009,diepkloof,city of johannesburg,city of johannesburg,27.94192,-26.23883,692,7,408,30,13,0,88,276,44,124,741,167,9,49,48,40,1,298,27,131,33,32,1,361,10,159,0,181,0,107,105,4
2009/2010,diepkloof,city of johannesburg,city of johannesburg,27.94192,-26.23883,652,8,462,26,7,0,58,365,46,162,602,162,12,98,81,35,1,382,23,115,26,25,2,260,15,144,0,201,0,138,152,1
2010/2011,diepkloof,city of johannesburg,city of johannesburg,27.94192,-26.23883,618,6,391,25,7,3,92,278,51,148,519,92,9,529,103,26,1,287,22,89,25,17,1,235,7,108,0,158,0,120,134,2
2011/2012,diepkloof,city of johannesburg,city of johannesburg,27.94192,-26.23883,578,3,361,18,6,1,85,305,39,86,468,93,5,569,105,26,1,260,22,76,36,12,0,185,11,96,1,191,0,127,139,0
2012/2013,diepkloof,city of johannesburg,city of johannesburg,27.94192,-26.23883,671,1,439,27,13,0,66,350,47,131,404,86,7,436,372,29,1,277,18,72,43,10,0,215,13,99,0,200,0,121,168,1
2013/2014,diepkloof,city of johannesburg,city of johannesburg,27.94192,-26.23883,576,9,368,20,6,0,97,321,49,137,456,120,5,785,768,17,36,281,30,80,51,17,2,259,9,98,0,310,0,121,198,1
2014/2015,diepkloof,city of johannesburg,city of johannesburg,27.94192,-26.23883,636,11,450,27,8,0,112,344,46,120,543,128,5,609,693,32,26,270,37,75,43,15,2,260,6,92,1,386,0,121,212,5
2015/2016,diepkloof,city of johannesburg,city of johannesburg,27.94192,-26.23883,581,10,406,24,3,0,70,376,42,158,597,114,7,889,564,14,43,337,27,71,33,13,0,234,2,77,0,442,0,119,198,2
2016/2017,diepkloof,city of johannesburg,city of johannesburg,27.94192,-26.23883,544,4,436,37,6,0,93,333,69,163,532,115,4,733,654,15,64,339,39,68,41,22,0,314,6,82,2,441,0,152,221,5
2017/2018,diepkloof,city of johannesburg,city of johannesburg,27.94192,-26.23883,509,12,513,45,10,0,73,382,63,180,607,100,5,865,756,20,11,365,41,124,43,24,2,333,17,154,1,345,1,192,204,9
2018/2019,diepkloof,city of johannesburg,city of johannesburg,27.94192,-26.23883,573,2,471,44,5,0,87,346,76,206,587,127,4,597,529,13,39,370,41,111,43,24,1,357,11,129,0,285,0,150,179,11
2019/2020,diepkloof,city of johannesburg,city of johannesburg,27.94192,-26.23883,517,8,434,42,4,0,102,335,73,252,610,96,7,734,210,11,29,321,35,101,52,36,1,417,16,122,0,272,1,133,219,17
2020/2021,diepkloof,city of johannesburg,city of johannesburg,27.94192,-26.23883,433,4,359,30,7,0,93,192,51,170,577,83,6,82,111,7,2,292,35,57,37,18,3,241,17,81,0,167,0,84,158,3
2021/2022,diepkloof,city of johannesburg,city of johannesburg,27.94192,-26.23883,411,2,312,30,2,0,90,195,66,143,445,91,6,114,63,9,42,318,49,78,43,13,2,267,19,99,0,94,0,139,146,4
2022/2023,diepkloof,city of johannesburg,city of johannesburg,27.94192,-26.23883,553,0,336,58,5,0,74,192,88,197,526,204,7,131,157,14,101,294,73,92,77,40,0,468,13,111,0,165,0,92,192,6
2023/2024,diepkloof,johannesburg district,johannesburg district,27.94192,-26.23883,0,0,0,0,0,0,0,184,92,0,0,0,0,0,0,0,0,0,0,0,0,49,0,0,0,0,0,0,0,93,183,0
2024/2025,diepkloof,johannesburg district,johannesburg district,27.94192,-26.23883,0,0,0,0,0,0,0,157,63,0,0,0,0,0,0,0,0,0,0,0,0,63,0,0,0,0,0,0,0,79,231,0
2008/2009,dieprivier,city of cape town,city of cape town,18.46485,-34.03161,815,2,48,3,2,0,92,668,7,158,137,62,32,72,91,4,1,295,4,8,9,17,0,144,4,26,0,121,0,222,649,0
2009/2010,dieprivier,city of cape town,city of cape town,18.46485,-34.03161,852,3,47,4,0,0,137,515,6,183,127,53,11,85,138,7,1,312,5,17,3,23,0,148,7,32,0,183,0,245,721,0
2010/2011,dieprivier,city of cape town,city of cape town,18.46485,-34.03161,1000,2,27,5,1,0,101,538,13,233,123,75,4,95,158,4,1,249,2,16,9,12,0,110,5,24,0,125,0,186,591,0
2011/2012,dieprivier,city of cape town,city of cape town,18.46485,-34.03161,1130,1,50,4,1,0,110,545,9,156,140,67,5,122,164,2,1,266,1,13,6,20,0,112,6,23,4,95,0,169,647,0
2012/2013,dieprivier,city of cape town,city of cape town,18.46485,-34.03161,1045,0,32,4,1,0,174,596,11,137,129,94,7,65,96,8,1,189,2,8,9,20,0,155,5,15,8,71,0,297,948,0
2013/2014,dieprivier,city of cape town,city of cape town,18.46485,-34.03161,1065,0,53,6,0,0,102,646,9,130,115,78,8,82,166,9,23,161,3,10,18,13,0,158,4,18,2,66,0,267,772,0
2014/2015,dieprivier,city of cape town,city of cape town,18.46485,-34.03161,1093,0,23,8,0,0,59,627,5,107,133,85,8,86,118,5,12,188,2,7,10,10,0,116,4,15,1,90,0,191,578,0
2015/2016,dieprivier,city of cape town,city of cape town,18.46485,-34.03161,987,1,24,9,2,0,92,650,11,92,147,95,6,50,144,2,22,181,2,7,8,24,0,171,7,16,0,61,0,175,653,0
2016/2017,dieprivier,city of cape town,city of cape town,18.46485,-34.03161,890,1,31,6,1,0,64,459,10,137,141,91,6,109,114,1,14,151,1,9,20,28,0,189,5,15,0,73,0,137,605,0
2017/2018,dieprivier,city of cape town,city of cape town,18.46485,-34.03161,897,1,20,4,1,0,72,349,12,106,120,77,7,52,74,4,14,130,4,7,11,28,0,138,7,16,0,49,0,128,403,0
2018/2019,dieprivier,city of cape town,city of cape town,18.46485,-34.03161,797,4,33,9,3,0,93,346,16,120,148,81,7,104,81,6,14,131,1,7,5,28,0,140,10,21,1,69,0,99,376,0
2019/2020,dieprivier,city of cape town,city of cape town,18.46485,-34.03161,601,0,27,12,0,0,79,276,9,114,138,59,7,77,48,1,22,120,2,16,18,15,0,177,8,25,2,82,0,61,353,0
2020/2021,dieprivier,city of cape town,city of cape town,18.46485,-34.03161,485,1,23,4,0,0,114,213,10,122,100,62,6,17,33,2,14,137,5,4,15,22,0,119,3,7,1,86,0,76,263,1
2021/2022,dieprivier,city of cape town,city of cape town,18.46485,-34.03161,605,0,29,7,0,0,43,158,6,211,111,50,6,21,48,5,12,150,5,13,11,15,0,90,6,19,0,71,0,56,253,0
2022/2023,dieprivier,city of cape town,city of cape town,18.46485,-34.03161,626,1,15,2,0,0,58,204,10,261,111,71,6,53,54,1,12,104,1,6,11,16,0,138,8,14,2,80,0,56,350,0
2023/2024,dieprivier,city of cape town district,city of cape town district,18.46485,-34.03161,0,0,0,0,0,0,0,248,9,0,0,0,0,0,0,0,0,0,0,0,0,11,0,0,0,0,0,0,0,59,326,0
2024/2025,dieprivier,city of cape town district,city of cape town district,18.46485,-34.03161,0,0,0,0,0,0,0,206,9,0,0,0,0,0,0,0,0,0,0,0,0,13,0,0,0,0,0,0,0,48,297,0
2008/2009,diepsloot,city of johannesburg,city of johannesburg,28.02203,-25.92322,0,0,0,0,0,0,0,0,0,0,0,0,6,0,0,0,1,0,0,0,0,0,0,0,0,0,0,0,0,0,0,0
2009/2010,diepsloot,city of johannesburg,city of johannesburg,28.02203,-25.92322,0,0,0,0,0,0,0,0,0,0,0,0,6,0,0,0,1,0,0,0,0,0,0,0,0,0,0,0,0,0,0,0
2010/2011,diepsloot,city of johannesburg,city of johannesburg,28.02203,-25.92322,127,5,156,49,5,0,10,127,3,16,70,40,4,6,16,14,1,58,37,37,19,90,0,183,9,53,0,32,0,18,30,0
2011/2012,diepsloot,city of johannesburg,city of johannesburg,28.02203,-25.92322,315,30,590,109,3,0,80,433,7,66,295,107,8,16,73,29,1,211,52,120,49,214,0,480,12,139,0,60,0,68,145,1
2012/2013,diepsloot,city of johannesburg,city of johannesburg,28.02203,-25.92322,255,17,594,93,9,0,66,415,12,78,319,102,4,90,72,29,1,210,69,109,75,83,0,364,15,135,1,77,0,36,119,1
2013/2014,diepsloot,city of johannesburg,city of johannesburg,28.02203,-25.92322,317,24,612,85,5,0,127,440,12,104,345,115,5,201,429,23,38,244,65,163,65,100,1,363,11,182,0,65,0,42,210,0
2014/2015,diepsloot,city of johannesburg,city of johannesburg,28.02203,-25.92322,267,17,528,99,6,0,62,391,21,86,383,100,9,157,435,18,36,237,59,115,56,105,0,371,8,134,0,78,0,49,183,3
2015/2016,diepsloot,city of johannesburg,city of johannesburg,28.02203,-25.92322,397,22,776,70,8,0,67,395,33,114,494,169,8,125,114,21,26,298,68,133,75,109,0,487,6,151,0,97,1,73,195,5
2016/2017,diepsloot,city of johannesburg,city of johannesburg,28.02203,-25.92322,488,10,814,58,11,0,80,341,23,167,631,171,4,224,358,88,29,277,67,154,74,184,0,487,13,180,16,109,0,69,252,1
2017/2018,diepsloot,city of johannesburg,city of johannesburg,28.02203,-25.92322,443,6,754,83,10,0,94,279,35,161,527,140,4,296,644,112,27,257,67,149,78,202,0,561,5,166,0,88,2,48,261,1
2018/2019,diepsloot,city of johannesburg,city of johannesburg,28.02203,-25.92322,468,4,772,68,7,0,90,260,47,156,587,129,6,203,461,56,37,245,62,162,59,202,0,534,8,177,2,130,0,70,214,2
2019/2020,diepsloot,city of johannesburg,city of johannesburg,28.02203,-25.92322,434,2,825,62,9,0,110,262,40,148,643,111,5,162,114,36,26,272,98,172,69,183,1,525,14,198,0,123,1,62,159,0
2020/2021,diepsloot,city of johannesburg,city of johannesburg,28.02203,-25.92322,287,3,745,63,0,0,79,154,40,173,526,91,6,82,74,65,38,189,58,122,61,194,1,480,18,140,7,116,2,68,118,1
2021/2022,diepsloot,city of johannesburg,city of johannesburg,28.02203,-25.92322,263,7,809,97,2,0,48,153,46,207,677,90,7,47,63,53,56,294,71,145,35,140,5,410,16,164,5,69,0,89,132,5
2022/2023,diepsloot,city of johannesburg,city of johannesburg,28.02203,-25.92322,343,4,758,90,2,0,76,140,27,225,644,97,6,177,233,65,65,268,95,162,34,78,1,378,20,184,11,119,8,72,99,7
2023/2024,diepsloot,johannesburg district,johannesburg district,28.02203,-25.92322,0,0,0,0,0,0,0,147,44,0,0,0,0,0,0,0,0,0,0,0,0,115,0,0,0,0,0,0,0,83,106,0
2024/2025,diepsloot,johannesburg district,johannesburg district,28.02203,-25.92322,0,0,0,0,0,0,0,157,50,0,0,0,0,0,0,0,0,0,0,0,0,92,0,0,0,0,0,0,0,188,76,0
2008/2009,dimbaza,buffalo city,buffalo city,27.20597,-32.83365,152,6,273,11,9,0,16,184,1,19,62,53,7,15,26,6,1,77,21,49,2,1,0,28,1,60,0,3,43,11,15,0
2009/2010,dimbaza,buffalo city,buffalo city,27.20597,-32.83365,155,7,270,4,12,0,13,151,1,15,74,46,10,31,20,1,1,82,21,46,12,3,0,29,0,64,0,3,18,14,5,0
2010/2011,dimbaza,buffalo city,buffalo city,27.20597,-32.83365,211,5,311,7,15,0,38,148,1,14,80,52,10,14,9,7,1,88,19,70,12,2,0,30,1,92,0,5,24,8,10,0
2011/2012,dimbaza,buffalo city,buffalo city,27.20597,-32.83365,198,6,287,2,5,0,35,160,1,20,81,43,6,54,18,3,1,73,12,58,32,5,0,76,2,65,0,4,18,8,29,0
2012/2013,dimbaza,buffalo city,buffalo city,27.20597,-32.83365,134,7,301,9,13,0,37,161,1,18,62,40,6,43,31,12,1,80,11,49,20,10,0,66,3,65,0,1,26,5,27,0
2013/2014,dimbaza,buffalo city,buffalo city,27.20597,-32.83365,138,4,333,4,6,0,39,139,5,5,64,36,7,33,35,9,12,116,21,57,40,11,0,123,4,68,0,1,22,8,21,0
2014/2015,dimbaza,buffalo city,buffalo city,27.20597,-32.83365,133,0,293,12,11,0,45,134,2,4,66,37,12,65,24,6,12,102,13,59,46,12,0,122,4,81,0,2,26,9,13,0
2015/2016,dimbaza,buffalo city,buffalo city,27.20597,-32.83365,108,1,298,10,4,0,43,171,0,12,68,30,7,41,18,8,12,77,15,52,23,16,0,123,3,60,0,0,29,4,13,0
2016/2017,dimbaza,buffalo city,buffalo city,27.20597,-32.83365,155,0,286,13,5,0,49,160,5,9,69,32,7,38,32,17,14,122,26,39,46,15,0,158,16,61,0,0,36,6,12,0
2017/2018,dimbaza,buffalo city,buffalo city,27.20597,-32.83365,151,0,277,5,3,0,46,181,2,4,78,29,7,22,64,5,12,98,12,49,24,18,0,131,6,59,0,2,52,4,15,0
2018/2019,dimbaza,buffalo city,buffalo city,27.20597,-32.83365,140,0,258,8,5,0,40,182,2,5,55,23,7,28,70,7,2,102,24,49,13,16,0,90,9,64,0,0,44,9,28,0
2019/2020,dimbaza,buffalo city,buffalo city,27.20597,-32.83365,146,1,264,8,12,0,41,154,4,7,72,21,4,45,31,6,21,105,15,44,17,9,0,80,7,65,0,0,40,5,35,0
2020/2021,dimbaza,buffalo city,buffalo city,27.20597,-32.83365,137,7,233,4,7,0,31,128,7,15,107,29,6,20,5,2,13,99,17,43,25,11,0,81,8,58,0,0,29,3,28,1
2021/2022,dimbaza,buffalo city,buffalo city,27.20597,-32.83365,174,2,301,7,3,0,41,123,4,19,122,18,7,13,9,5,14,108,20,53,31,11,1,91,11,68,0,0,22,4,25,0
2022/2023,dimbaza,buffalo city,buffalo city,27.20597,-32.83365,170,8,304,10,3,0,49,188,7,25,91,22,7,8,9,5,17,117,30,39,17,16,1,83,4,47,0,0,37,4,35,0
2023/2024,dimbaza,buffalo city district,buffalo city district,27.20597,-32.83365,0,0,0,0,0,0,0,171,5,0,0,0,0,0,0,0,0,0,0,0,0,8,0,0,0,0,0,0,0,1,29,0
2024/2025,dimbaza,buffalo city district,buffalo city district,27.20597,-32.83365,0,0,0,0,0,0,0,163,5,0,0,0,0,0,0,0,0,0,0,0,0,10,0,0,0,0,0,0,0,3,17,0
2008/2009,dingleton,,,,,54,1,50,1,0,0,10,26,0,1,14,3,8,9,7,0,1,12,1,3,0,0,0,1,0,7,0,1,6,2,8,0
2009/2010,dingleton,,,,,10,0,38,3,0,0,11,4,0,0,11,0,7,4,6,0,1,4,0,2,0,0,0,2,1,4,0,0,6,0,1,0
2010/2011,dingleton,,,,,31,0,25,2,0,0,7,9,0,2,10,3,7,1,0,0,1,11,0,8,0,0,0,0,1,10,0,0,0,0,5,0
2011/2012,dingleton,,,,,23,1,23,2,0,0,23,4,0,2,8,2,6,4,1,0,1,6,1,1,0,0,0,0,2,3,0,0,2,1,5,0
2012/2013,dingleton,,,,,30,0,19,1,3,0,22,6,0,1,4,0,6,3,2,0,1,12,1,4,1,0,0,1,0,7,0,0,2,1,4,0
2013/2014,dingleton,,,,,34,0,23,1,1,0,14,6,0,0,18,2,7,1,1,1,13,8,0,1,2,0,0,2,1,4,0,0,5,0,4,0
2014/2015,dingleton,,,,,45,3,25,0,1,0,12,11,0,0,16,0,6,0,3,0,13,8,0,4,0,1,0,2,1,6,0,0,6,1,6,0
2015/2016,dingleton,,,,,42,0,24,0,0,0,12,9,0,0,11,1,6,5,1,2,13,9,0,2,1,0,0,2,0,2,0,0,3,0,10,0
2016/2017,dingleton,,,,,24,0,8,1,0,0,8,7,0,0,5,0,6,0,1,0,13,3,0,2,3,0,0,3,1,3,0,0,0,0,2,0
2017/2018,dingleton,,,,,20,1,10,1,0,0,4,2,0,0,4,1,6,0,0,0,13,4,0,1,2,0,0,2,0,1,0,0,1,1,2,0
2018/2019,dingleton,,,,,26,0,9,2,0,0,3,7,0,0,11,0,7,0,0,1,13,11,1,0,2,0,0,5,2,3,0,0,0,0,5,0
2019/2020,dingleton,,,,,28,0,12,0,0,0,6,9,0,1,14,2,6,0,1,0,12,8,0,0,1,0,0,4,0,0,0,0,3,0,8,0
2020/2021,dingleton,,,,,36,1,19,1,0,0,5,6,0,1,6,3,6,0,2,0,13,9,0,2,0,0,0,0,2,4,0,0,1,0,2,0
2021/2022,dingleton,,,,,35,1,16,2,0,0,10,11,0,6,12,2,6,0,1,0,13,19,0,1,2,0,0,4,1,2,0,0,1,2,4,0
2022/2023,dingleton,,,,,28,0,16,4,0,0,3,19,1,5,5,2,6,0,4,0,13,10,1,0,1,0,0,7,0,0,0,0,0,0,9,0
2008/2009,dirkiesdorp,mkhondo,gert sibande,30.40569,-27.17452,94,3,139,14,0,0,9,111,0,2,43,20,6,0,3,6,1,33,9,19,7,4,0,25,0,19,0,0,156,5,17,0
2009/2010,dirkiesdorp,mkhondo,gert sibande,30.40569,-27.17452,128,3,114,8,9,0,10,123,0,2,41,9,6,0,2,3,1,40,7,23,2,3,0,11,2,34,0,0,129,5,10,0
2010/2011,dirkiesdorp,mkhondo,gert sibande,30.40569,-27.17452,120,4,86,6,2,0,22,93,0,1,39,11,7,1,8,9,1,26,9,21,9,8,0,19,1,25,0,0,86,10,12,0
2011/2012,dirkiesdorp,mkhondo,gert sibande,30.40569,-27.17452,125,4,94,3,2,0,25,69,1,5,24,12,7,2,17,1,1,26,3,11,7,6,0,21,8,22,0,0,113,6,11,0
2012/2013,dirkiesdorp,mkhondo,gert sibande,30.40569,-27.17452,101,3,107,12,3,0,12,98,1,5,21,12,5,11,26,7,1,21,3,15,7,8,0,21,10,31,27,0,117,2,9,0
2013/2014,dirkiesdorp,mkhondo,gert sibande,30.40569,-27.17452,162,1,73,7,4,0,11,100,0,3,28,8,6,17,34,7,23,41,7,18,0,3,0,5,3,25,19,0,79,6,13,0
2014/2015,dirkiesdorp,mkhondo,gert sibande,30.40569,-27.17452,157,3,91,5,1,0,20,67,0,2,39,11,4,40,29,4,12,31,4,14,1,8,0,14,3,20,2,0,109,3,16,0
2015/2016,dirkiesdorp,mkhondo,gert sibande,30.40569,-27.17452,75,2,81,10,3,0,32,52,1,2,37,13,6,12,44,3,17,35,10,22,16,17,0,43,1,26,0,0,126,2,17,0
2016/2017,dirkiesdorp,mkhondo,gert sibande,30.40569,-27.17452,154,2,91,6,2,0,37,79,0,8,37,18,8,16,74,10,28,33,8,28,4,19,0,30,1,35,0,0,141,1,15,0
2017/2018,dirkiesdorp,mkhondo,gert sibande,30.40569,-27.17452,86,2,94,10,0,0,25,124,0,6,44,21,7,22,71,5,17,29,11,19,5,22,0,36,1,21,0,0,156,0,16,1
2018/2019,dirkiesdorp,mkhondo,gert sibande,30.40569,-27.17452,63,2,80,6,2,0,27,79,0,11,32,19,6,15,33,2,13,40,7,15,12,24,0,55,3,20,0,0,154,1,16,0
2019/2020,dirkiesdorp,mkhondo,gert sibande,30.40569,-27.17452,64,3,81,3,2,0,38,61,0,8,49,16,7,16,9,7,17,36,14,24,16,17,0,50,7,34,0,0,142,5,17,0
2020/2021,dirkiesdorp,mkhondo,gert sibande,30.40569,-27.17452,54,1,89,8,1,0,23,69,0,9,32,8,4,7,8,0,3,38,5,22,5,18,0,31,5,30,0,0,140,3,11,0
2021/2022,dirkiesdorp,mkhondo,gert sibande,30.40569,-27.17452,54,4,106,13,1,0,22,67,1,9,55,16,6,23,16,3,25,48,13,34,9,17,0,41,12,47,1,0,154,2,14,1
2022/2023,dirkiesdorp,mkhondo,gert sibande,30.40569,-27.17452,61,4,93,10,3,0,13,65,0,15,38,10,7,18,17,5,14,43,9,28,6,9,0,25,5,37,0,0,103,2,13,0
2023/2024,dirkiesdorp,gert sibande district,gert sibande district,30.40569,-27.17452,0,0,0,0,0,0,0,49,0,0,0,0,0,0,0,0,0,0,0,0,0,5,0,0,0,0,0,0,0,0,8,0
2024/2025,dirkiesdorp,gert sibande district,gert sibande district,30.40569,-27.17452,0,0,0,0,0,0,0,41,0,0,0,0,0,0,0,0,0,0,0,0,0,1,0,0,0,0,0,0,0,5,12,0
2008/2009,dobsonville,city of johannesburg,city of johannesburg,27.8704,-26.2155,791,27,842,60,9,0,14,659,152,129,665,302,90,75,36,39,1,586,70,210,16,88,0,715,24,309,0,252,3,140,215,4
2009/2010,dobsonville,city of johannesburg,city of johannesburg,27.8704,-26.2155,739,20,897,69,3,0,20,856,122,111,730,257,59,64,33,41,1,566,61,204,37,109,2,595,6,245,0,294,0,165,192,1
2010/2011,dobsonville,city of johannesburg,city of johannesburg,27.8704,-26.2155,679,19,772,50,10,0,68,879,95,99,620,206,29,106,40,29,1,533,41,215,49,39,0,409,22,269,0,212,1,150,233,0
2011/2012,dobsonville,city of johannesburg,city of johannesburg,27.8704,-26.2155,733,15,646,53,8,0,66,669,79,79,610,170,8,116,110,75,1,514,53,191,76,56,2,400,21,224,4,181,0,115,292,0
2012/2013,dobsonville,city of johannesburg,city of johannesburg,27.8704,-26.2155,688,6,694,54,10,0,63,851,77,103,597,171,9,609,162,51,1,484,61,170,71,68,0,424,11,196,2,164,1,158,276,0
2013/2014,dobsonville,city of johannesburg,city of johannesburg,27.8704,-26.2155,852,5,737,48,3,0,114,826,118,62,638,152,8,354,529,44,39,481,56,165,130,56,0,591,31,203,0,63,0,121,232,1
2014/2015,dobsonville,city of johannesburg,city of johannesburg,27.8704,-26.2155,888,5,846,74,2,0,187,822,113,50,830,204,7,136,741,46,6,595,82,156,100,53,1,618,23,182,2,135,1,151,334,0
2015/2016,dobsonville,city of johannesburg,city of johannesburg,27.8704,-26.2155,916,5,968,74,2,0,100,908,126,71,985,211,5,965,716,67,44,673,65,157,78,85,0,609,22,184,3,183,1,176,366,0
2016/2017,dobsonville,city of johannesburg,city of johannesburg,27.8704,-26.2155,931,9,817,84,2,0,118,888,155,84,940,230,4,533,802,75,5,623,79,200,121,111,0,766,23,227,2,212,1,192,349,1
2017/2018,dobsonville,city of johannesburg,city of johannesburg,27.8704,-26.2155,963,2,994,73,8,0,67,847,142,76,1092,217,7,814,675,75,126,680,89,182,83,131,2,702,15,206,0,248,3,158,292,10
2018/2019,dobsonville,city of johannesburg,city of johannesburg,27.8704,-26.2155,953,3,1006,76,4,0,130,965,127,132,1112,231,4,472,864,75,18,683,97,179,97,96,2,662,23,208,1,230,2,173,346,2
2019/2020,dobsonville,city of johannesburg,city of johannesburg,27.8704,-26.2155,915,3,1001,70,2,0,119,973,163,163,1075,257,6,639,817,49,6,630,102,197,72,130,0,788,27,226,0,204,4,192,344,2
2020/2021,dobsonville,city of johannesburg,city of johannesburg,27.8704,-26.2155,578,2,540,39,4,0,68,338,76,127,686,148,9,91,620,24,42,372,54,111,37,52,1,361,25,145,0,174,0,109,229,1
2021/2022,dobsonville,city of johannesburg,city of johannesburg,27.8704,-26.2155,459,6,566,50,3,0,52,298,89,153,691,133,7,200,696,40,11,441,64,130,43,88,1,460,19,153,0,177,0,100,138,0
2022/2023,dobsonville,city of johannesburg,city of johannesburg,27.8704,-26.2155,496,1,564,64,6,0,69,309,118,139,732,154,7,262,758,36,127,387,68,132,27,110,1,559,17,156,0,142,0,66,154,1
2023/2024,dobsonville,johannesburg district,johannesburg district,27.8704,-26.2155,0,0,0,0,0,0,0,253,76,0,0,0,0,0,0,0,0,0,0,0,0,120,0,0,0,0,0,0,0,46,132,0
2024/2025,dobsonville,johannesburg district,johannesburg district,27.8704,-26.2155,0,0,0,0,0,0,0,273,86,0,0,0,0,0,0,0,0,0,0,0,0,101,0,0,0,0,0,0,0,52,99,0
2008/2009,donnybrook,dr nkosazana dlamini zuma,harry gwala,29.87938,-29.92982,45,2,91,6,5,0,20,92,1,4,24,7,4,11,75,11,1,19,10,17,0,5,0,9,3,27,0,10,69,0,3,0
2009/2010,donnybrook,dr nkosazana dlamini zuma,harry gwala,29.87938,-29.92982,69,2,94,5,1,0,19,71,4,3,48,16,7,20,156,6,1,25,9,21,1,2,0,21,3,26,0,13,90,2,2,0
2010/2011,donnybrook,dr nkosazana dlamini zuma,harry gwala,29.87938,-29.92982,66,3,84,8,2,0,9,67,0,4,24,8,4,16,83,5,1,18,7,16,0,4,0,9,1,21,0,11,73,1,6,0
2011/2012,donnybrook,dr nkosazana dlamini zuma,harry gwala,29.87938,-29.92982,42,2,106,6,3,0,24,63,0,0,28,9,6,14,123,6,1,24,15,17,1,4,0,6,2,22,0,16,78,1,9,0
2012/2013,donnybrook,dr nkosazana dlamini zuma,harry gwala,29.87938,-29.92982,58,2,96,5,0,0,24,97,0,5,34,13,6,5,130,7,1,36,5,24,4,4,0,11,1,25,0,14,49,2,9,0
2013/2014,donnybrook,dr nkosazana dlamini zuma,harry gwala,29.87938,-29.92982,56,4,91,7,0,0,10,86,0,4,40,9,6,13,164,18,12,30,3,18,4,7,0,14,1,19,0,5,60,0,11,0
2014/2015,donnybrook,dr nkosazana dlamini zuma,harry gwala,29.87938,-29.92982,52,5,85,3,0,0,10,79,0,7,26,7,7,7,163,6,13,23,13,11,5,5,0,12,0,12,0,5,44,0,8,0
2015/2016,donnybrook,dr nkosazana dlamini zuma,harry gwala,29.87938,-29.92982,50,5,83,6,2,0,13,68,0,1,31,5,7,17,141,5,13,22,11,18,3,8,0,12,1,22,0,9,53,2,4,0
2016/2017,donnybrook,dr nkosazana dlamini zuma,harry gwala,29.87938,-29.92982,61,1,78,4,1,0,18,82,0,10,37,11,7,16,130,6,12,21,6,14,7,1,0,11,6,22,0,12,55,1,5,0
2017/2018,donnybrook,dr nkosazana dlamini zuma,harry gwala,29.87938,-29.92982,43,1,74,2,1,0,12,80,0,10,32,14,6,20,121,2,13,27,12,23,4,3,0,8,2,26,0,6,48,3,6,0
2018/2019,donnybrook,dr nkosazana dlamini zuma,harry gwala,29.87938,-29.92982,45,0,62,2,0,0,13,61,0,8,24,6,6,49,107,4,13,26,8,16,0,4,0,5,3,19,0,3,39,1,2,0
2019/2020,donnybrook,dr nkosazana dlamini zuma,harry gwala,29.87938,-29.92982,53,3,53,5,2,0,21,56,2,0,26,6,7,42,21,4,12,25,9,18,3,4,0,10,6,27,0,4,42,4,5,0
2020/2021,donnybrook,dr nkosazana dlamini zuma,harry gwala,29.87938,-29.92982,62,2,66,6,0,0,22,80,0,6,26,3,6,25,42,0,13,38,8,28,8,3,0,15,5,33,0,2,50,0,5,0
2021/2022,donnybrook,dr nkosazana dlamini zuma,harry gwala,29.87938,-29.92982,34,3,65,8,0,0,36,73,0,4,25,1,6,7,51,4,13,37,10,21,5,10,0,21,5,26,0,0,37,0,6,0
2022/2023,donnybrook,dr nkosazana dlamini zuma,harry gwala,29.87938,-29.92982,35,2,56,4,1,0,30,51,0,1,25,5,6,10,63,0,12,20,14,12,6,4,1,11,4,17,0,2,34,1,21,0
2023/2024,donnybrook,harry gwala district,harry gwala district,29.87938,-29.92982,0,0,0,0,0,0,0,36,1,0,0,0,0,0,0,0,0,0,0,0,0,18,0,0,0,0,0,0,0,0,6,0
2024/2025,donnybrook,harry gwala district,harry gwala district,29.87938,-29.92982,0,0,0,0,0,0,0,15,0,0,0,0,0,0,0,0,0,0,0,0,0,6,0,0,0,0,0,0,0,0,13,0
2023/2024,doornkop,johannesburg district,johannesburg district,,,0,0,0,0,0,0,0,171,62,0,0,0,0,0,0,0,0,0,0,0,0,54,0,0,0,0,0,0,0,33,53,0
2024/2025,doornkop,johannesburg district,johannesburg district,,,0,0,0,0,0,0,0,149,62,0,0,0,0,0,0,0,0,0,0,0,0,45,0,0,0,0,0,0,0,26,53,0
2008/2009,dordrecht,walter sisulu,joe gqabi,27.04719,-31.3794,21,0,51,0,0,0,15,38,0,5,23,8,7,1,18,2,1,12,7,15,0,0,0,2,0,16,0,1,15,9,4,0
2009/2010,dordrecht,walter sisulu,joe gqabi,27.04719,-31.3794,14,0,74,1,0,0,11,37,0,0,18,7,6,5,19,1,1,13,7,14,1,0,0,2,1,15,0,1,13,3,4,0
2010/2011,dordrecht,walter sisulu,joe gqabi,27.04719,-31.3794,18,2,93,0,4,0,19,44,0,3,25,13,6,2,22,1,1,23,7,11,1,0,0,1,0,15,0,1,10,5,3,0
2011/2012,dordrecht,walter sisulu,joe gqabi,27.04719,-31.3794,23,2,76,1,0,0,19,43,0,4,26,12,7,6,35,0,1,19,9,10,1,0,0,3,2,13,0,2,16,4,3,0
2012/2013,dordrecht,walter sisulu,joe gqabi,27.04719,-31.3794,23,1,119,5,0,0,15,57,0,8,42,7,6,6,36,2,1,22,7,25,3,1,0,8,0,25,0,0,9,3,11,0
2013/2014,dordrecht,walter sisulu,joe gqabi,27.04719,-31.3794,27,2,115,3,1,0,19,56,0,4,26,9,7,1,37,1,21,20,4,15,5,1,0,11,0,17,0,0,22,4,3,0
2014/2015,dordrecht,walter sisulu,joe gqabi,27.04719,-31.3794,21,2,88,2,2,0,11,38,0,2,20,5,6,0,29,1,13,19,10,17,2,0,0,7,0,19,1,0,19,2,4,0
2015/2016,dordrecht,walter sisulu,joe gqabi,27.04719,-31.3794,30,1,89,2,3,0,19,52,0,4,11,9,6,2,37,0,13,22,3,23,6,1,0,12,1,27,0,1,33,1,1,0
2016/2017,dordrecht,walter sisulu,joe gqabi,27.04719,-31.3794,34,2,86,0,0,0,12,53,1,2,25,7,6,0,26,2,13,34,8,18,3,0,0,20,1,19,0,0,27,1,9,0
2017/2018,dordrecht,walter sisulu,joe gqabi,27.04719,-31.3794,34,1,98,1,2,0,8,67,0,8,20,8,6,7,37,0,13,31,3,13,3,3,0,28,0,15,0,1,22,1,2,0
2018/2019,dordrecht,walter sisulu,joe gqabi,27.04719,-31.3794,118,0,110,1,0,0,29,55,0,4,118,12,6,19,338,6,13,38,2,17,0,0,0,3,4,21,0,0,42,1,8,0
2019/2020,dordrecht,walter sisulu,joe gqabi,27.04719,-31.3794,109,1,115,1,0,0,11,33,0,0,115,7,5,11,313,3,13,49,4,6,0,0,0,5,10,19,0,1,45,0,21,0
2020/2021,dordrecht,walter sisulu,joe gqabi,27.04719,-31.3794,124,2,80,23,1,0,19,40,0,3,109,7,6,7,179,0,13,42,4,12,1,1,0,10,3,16,0,0,45,0,18,0
2021/2022,dordrecht,walter sisulu,joe gqabi,27.04719,-31.3794,111,0,131,4,1,0,20,48,0,4,87,1,6,4,119,2,13,42,4,17,1,0,0,5,5,23,0,0,22,0,7,0
2022/2023,dordrecht,walter sisulu,joe gqabi,27.04719,-31.3794,127,3,88,2,0,0,26,71,0,9,111,7,6,3,118,1,12,47,3,12,2,0,0,8,8,20,0,1,29,0,23,0
2023/2024,dordrecht,chris hani district,chris hani district,27.04719,-31.3794,0,0,0,0,0,0,0,77,0,0,0,0,0,0,0,0,0,0,0,0,0,0,0,0,0,0,0,0,0,1,5,0
2024/2025,dordrecht,chris hani district,chris hani district,27.04719,-31.3794,0,0,0,0,0,0,0,51,0,0,0,0,0,0,0,0,0,0,0,0,0,1,0,0,0,0,0,0,0,0,9,0
2008/2009,doring bay,matzikama,west coast,18.23678,-31.81174,5,0,10,0,0,0,3,3,0,0,15,0,6,25,15,0,1,3,2,0,0,0,0,0,0,0,0,0,1,0,0,0
2009/2010,doring bay,matzikama,west coast,18.23678,-31.81174,10,0,7,0,0,0,2,6,0,0,10,0,6,19,24,0,1,6,2,0,0,0,0,0,2,2,0,0,1,0,0,0
2010/2011,doring bay,matzikama,west coast,18.23678,-31.81174,17,0,12,0,0,0,9,11,0,0,10,0,6,19,23,1,1,10,0,0,0,0,0,0,1,1,0,0,2,0,0,0
2011/2012,doring bay,matzikama,west coast,18.23678,-31.81174,9,0,10,0,0,0,1,6,0,1,14,0,6,22,30,0,1,5,0,1,0,0,0,0,1,2,0,0,0,2,3,0
2012/2013,doring bay,matzikama,west coast,18.23678,-31.81174,10,0,14,0,0,0,6,8,0,0,19,0,6,9,19,1,1,9,0,5,0,0,0,0,2,7,0,1,0,0,2,0
2013/2014,doring bay,matzikama,west coast,18.23678,-31.81174,6,0,20,0,1,0,4,5,0,2,18,2,6,13,54,0,13,6,0,2,0,0,0,0,1,4,0,0,0,1,1,0
2014/2015,doring bay,matzikama,west coast,18.23678,-31.81174,4,0,5,0,0,0,0,7,0,1,23,2,6,5,55,0,13,8,2,3,0,0,0,0,0,3,0,0,0,0,1,0
2015/2016,doring bay,matzikama,west coast,18.23678,-31.81174,2,0,10,0,0,0,4,7,0,0,20,0,6,4,58,0,13,7,0,1,0,0,0,0,2,3,0,0,0,0,0,0
2016/2017,doring bay,matzikama,west coast,18.23678,-31.81174,3,0,7,1,0,0,3,6,0,0,10,0,6,9,73,2,13,2,0,0,0,0,0,0,1,1,0,0,0,0,4,0
2017/2018,doring bay,matzikama,west coast,18.23678,-31.81174,5,0,6,0,0,0,0,4,0,0,11,0,7,3,79,0,13,1,1,1,0,0,0,0,0,2,0,0,1,0,3,0
2018/2019,doring bay,matzikama,west coast,18.23678,-31.81174,118,0,110,1,0,0,29,55,0,4,118,12,6,19,338,6,13,38,2,17,0,0,0,3,4,21,0,0,42,1,8,0
2019/2020,doring bay,matzikama,west coast,18.23678,-31.81174,109,1,115,1,0,0,11,33,0,0,115,7,5,11,313,3,13,49,4,6,0,0,0,5,10,19,0,1,45,0,21,0
2020/2021,doring bay,matzikama,west coast,18.23678,-31.81174,124,2,80,23,1,0,19,40,0,3,109,7,6,7,179,0,13,42,4,12,1,1,0,10,3,16,0,0,45,0,18,0
2021/2022,doring bay,matzikama,west coast,18.23678,-31.81174,111,0,131,4,1,0,20,48,0,4,87,1,6,4,119,2,13,42,4,17,1,0,0,5,5,23,0,0,22,0,7,0
2022/2023,doring bay,matzikama,west coast,18.23678,-31.81174,127,3,88,2,0,0,26,71,0,9,111,7,6,3,118,1,12,47,3,12,2,0,0,8,8,20,0,1,29,0,23,0
2023/2024,doring bay,west coast district,west coast district,18.23678,-31.81174,0,0,0,0,0,0,0,6,0,0,0,0,0,0,0,0,0,0,0,0,0,0,0,0,0,0,0,0,0,0,1,0
2024/2025,doring bay,west coast district,west coast district,18.23678,-31.81174,0,0,0,0,0,0,0,8,0,0,0,0,0,0,0,0,0,0,0,0,0,0,0,0,0,0,0,0,0,0,1,0
2008/2009,doringkloof,raymond mhlaba,amathole,26.51463,-32.45969,1,0,0,0,1,0,0,1,0,0,1,0,6,0,0,0,1,0,0,1,0,0,0,0,0,2,0,0,5,0,1,0
2009/2010,doringkloof,raymond mhlaba,amathole,26.51463,-32.45969,7,0,2,2,0,0,0,1,0,0,1,0,6,0,1,0,1,0,2,1,0,0,0,0,0,1,0,0,9,0,0,0
2010/2011,doringkloof,raymond mhlaba,amathole,26.51463,-32.45969,4,0,4,0,1,0,0,3,0,1,0,0,6,1,1,0,1,0,2,0,0,0,0,0,0,1,0,0,15,1,0,0
2011/2012,doringkloof,raymond mhlaba,amathole,26.51463,-32.45969,5,0,1,0,0,0,0,1,0,0,0,0,6,0,0,0,1,0,0,1,0,0,0,0,0,1,0,0,13,0,0,0
2012/2013,doringkloof,raymond mhlaba,amathole,26.51463,-32.45969,11,0,1,1,0,0,1,0,0,0,0,0,6,0,0,0,1,0,0,5,0,0,0,0,1,6,0,0,12,0,0,0
2013/2014,doringkloof,raymond mhlaba,amathole,26.51463,-32.45969,1,0,6,0,0,0,0,3,0,0,1,0,6,1,0,0,13,0,0,2,0,0,0,0,0,2,0,0,14,0,0,0
2014/2015,doringkloof,raymond mhlaba,amathole,26.51463,-32.45969,4,0,2,0,0,0,1,3,0,0,2,0,7,0,0,0,13,0,1,0,0,0,0,0,0,1,0,0,14,0,0,0
2015/2016,doringkloof,raymond mhlaba,amathole,26.51463,-32.45969,1,0,0,0,0,0,0,2,0,0,1,0,6,0,0,0,13,0,1,1,0,0,0,0,0,1,0,0,13,1,0,0
2016/2017,doringkloof,raymond mhlaba,amathole,26.51463,-32.45969,0,0,3,1,0,0,0,2,0,0,0,0,6,0,0,0,13,1,0,0,0,0,0,0,0,0,0,0,7,0,0,0
2017/2018,doringkloof,raymond mhlaba,amathole,26.51463,-32.45969,0,0,5,0,0,0,0,1,0,1,0,0,6,0,0,0,13,1,1,0,0,0,0,0,0,0,0,0,22,1,0,0
2018/2019,doringkloof,raymond mhlaba,amathole,26.51463,-32.45969,118,0,110,1,0,0,29,55,0,4,118,12,6,19,338,6,13,38,2,17,0,0,0,3,4,21,0,0,42,1,8,0
2019/2020,doringkloof,raymond mhlaba,amathole,26.51463,-32.45969,109,1,115,1,0,0,11,33,0,0,115,7,5,11,313,3,13,49,4,6,0,0,0,5,10,19,0,1,45,0,21,0
2020/2021,doringkloof,raymond mhlaba,amathole,26.51463,-32.45969,124,2,80,23,1,0,19,40,0,3,109,7,6,7,179,0,13,42,4,12,1,1,0,10,3,16,0,0,45,0,18,0
2021/2022,doringkloof,raymond mhlaba,amathole,26.51463,-32.45969,111,0,131,4,1,0,20,48,0,4,87,1,6,4,119,2,13,42,4,17,1,0,0,5,5,23,0,0,22,0,7,0
2022/2023,doringkloof,raymond mhlaba,amathole,26.51463,-32.45969,127,3,88,2,0,0,26,71,0,9,111,7,6,3,118,1,12,47,3,12,2,0,0,8,8,20,0,1,29,0,23,0
2023/2024,doringkloof,amathole district,amathole district,26.51463,-32.45969,0,0,0,0,0,0,0,0,0,0,0,0,0,0,0,0,0,0,0,0,0,0,0,0,0,0,0,0,0,0,1,0
2024/2025,doringkloof,amathole district,amathole district,26.51463,-32.45969,0,0,0,0,0,0,0,0,0,0,0,0,0,0,0,0,0,0,0,0,0,0,0,0,0,0,0,0,0,0,0,0
2008/2009,dorset,lephalale,waterberg,28.16096,-24.06064,22,2,3,0,0,0,3,18,1,1,2,0,6,0,4,0,1,2,0,4,0,0,0,1,0,4,0,0,0,0,1,0
2009/2010,dorset,lephalale,waterberg,28.16096,-24.06064,43,0,4,1,0,0,5,28,0,0,10,0,6,0,1,1,1,6,2,2,0,0,0,1,0,2,0,0,0,5,3,0
2010/2011,dorset,lephalale,waterberg,28.16096,-24.06064,37,1,8,3,0,0,3,26,0,1,11,1,6,2,12,0,1,3,0,2,0,0,0,1,1,3,0,0,2,0,2,0
2011/2012,dorset,lephalale,waterberg,28.16096,-24.06064,28,2,8,0,0,0,3,24,0,1,3,2,6,2,4,0,1,4,1,1,0,0,0,2,0,1,0,0,2,1,1,0
2012/2013,dorset,lephalale,waterberg,28.16096,-24.06064,35,1,7,1,0,0,0,31,0,0,8,1,6,1,18,0,1,1,1,0,0,1,0,2,0,0,0,0,2,0,1,0
2013/2014,dorset,lephalale,waterberg,28.16096,-24.06064,30,1,5,0,0,0,0,26,0,5,10,0,6,1,19,1,13,1,0,0,0,1,0,1,0,0,0,0,1,1,0,0
2014/2015,dorset,lephalale,waterberg,28.16096,-24.06064,28,0,5,0,0,0,0,34,0,1,4,2,6,1,35,0,13,3,0,3,0,2,0,2,0,3,0,0,3,3,2,0
2015/2016,dorset,lephalale,waterberg,28.16096,-24.06064,27,1,6,1,1,0,2,35,0,2,6,1,6,1,37,1,13,5,0,0,0,1,0,2,0,1,0,0,0,0,2,0
2016/2017,dorset,lephalale,waterberg,28.16096,-24.06064,15,0,4,0,0,0,2,11,1,2,0,0,6,0,51,0,13,2,0,0,0,1,0,2,0,0,0,0,1,0,2,0
2017/2018,dorset,lephalale,waterberg,28.16096,-24.06064,23,0,1,0,0,0,4,16,1,2,3,0,7,0,33,1,13,2,0,2,0,1,0,3,0,3,0,0,1,1,1,0
2018/2019,dorset,lephalale,waterberg,28.16096,-24.06064,6,1,0,0,0,0,1,2,0,1,4,0,6,0,27,2,13,0,0,0,0,0,0,1,0,0,0,0,0,0,0,0
2019/2020,dorset,lephalale,waterberg,28.16096,-24.06064,11,0,1,0,0,0,1,7,0,2,3,0,6,0,0,1,13,0,1,0,0,0,0,0,0,0,0,0,1,0,0,0
2020/2021,dorset,lephalale,waterberg,28.16096,-24.06064,15,0,1,0,0,0,0,12,0,0,0,0,6,0,11,0,13,0,0,0,0,0,0,0,0,0,0,0,1,1,0,0
2021/2022,dorset,lephalale,waterberg,28.16096,-24.06064,15,0,1,0,0,0,1,6,0,2,0,0,6,1,21,2,13,1,0,0,0,1,0,1,0,0,0,0,1,0,0,0
2022/2023,dorset,lephalale,waterberg,28.16096,-24.06064,22,0,0,0,0,0,0,8,0,3,2,0,6,0,31,0,13,0,0,0,0,0,0,1,0,0,0,0,1,0,0,0
2023/2024,dorset,waterberg district,waterberg district,28.16096,-24.06064,0,0,0,0,0,0,0,5,0,0,0,0,0,0,0,0,0,0,0,0,0,1,0,0,0,0,0,0,0,0,0,0
2024/2025,dorset,waterberg district,waterberg district,28.16096,-24.06064,0,0,0,0,0,0,0,14,0,0,0,0,0,0,0,0,0,0,0,0,0,0,0,0,0,0,0,0,0,0,0,0
2008/2009,douglas,siyancuma,pixley ka seme,23.77278,-29.05651,153,1,297,21,2,0,39,102,0,10,96,22,9,18,27,1,1,79,5,34,3,2,0,13,13,54,0,26,28,2,28,0
2009/2010,douglas,siyancuma,pixley ka seme,23.77278,-29.05651,148,2,272,24,3,0,38,124,1,21,57,18,7,20,48,1,1,68,10,21,6,2,0,15,10,35,0,27,25,2,27,0
2010/2011,douglas,siyancuma,pixley ka seme,23.77278,-29.05651,165,4,267,20,6,0,46,135,0,14,61,29,6,26,60,0,1,70,6,45,4,1,0,9,3,54,0,14,32,3,22,0
2011/2012,douglas,siyancuma,pixley ka seme,23.77278,-29.05651,149,7,239,7,8,0,30,111,0,16,65,16,6,21,114,3,1,57,11,30,2,0,0,9,2,40,0,40,31,1,36,0
2012/2013,douglas,siyancuma,pixley ka seme,23.77278,-29.05651,131,2,209,5,10,0,49,136,0,6,78,22,6,14,223,5,1,49,14,31,2,1,0,9,3,44,0,26,24,3,35,0
2013/2014,douglas,siyancuma,pixley ka seme,23.77278,-29.05651,147,3,206,13,4,0,54,110,0,5,53,20,4,15,236,4,13,68,10,24,6,1,0,12,8,38,0,14,14,1,36,0
2014/2015,douglas,siyancuma,pixley ka seme,23.77278,-29.05651,144,3,240,4,3,0,33,118,0,18,73,22,6,12,128,4,12,57,8,21,4,2,0,12,2,26,0,35,22,7,40,0
2015/2016,douglas,siyancuma,pixley ka seme,23.77278,-29.05651,122,2,189,34,2,0,36,131,0,17,74,23,6,25,152,0,14,61,6,21,4,1,0,14,5,28,0,29,26,3,34,0
2016/2017,douglas,siyancuma,pixley ka seme,23.77278,-29.05651,137,2,177,11,8,0,26,139,0,19,74,21,6,11,191,3,13,44,3,29,6,1,0,9,8,45,0,29,21,5,54,0
2017/2018,douglas,siyancuma,pixley ka seme,23.77278,-29.05651,143,2,205,5,3,0,52,174,0,24,69,17,7,4,140,4,12,59,8,22,7,3,0,13,7,33,0,13,16,7,43,0
2018/2019,douglas,siyancuma,pixley ka seme,23.77278,-29.05651,190,4,195,6,5,0,57,166,0,26,62,30,7,23,132,5,13,61,5,30,10,0,0,21,4,40,1,8,12,1,55,0
2019/2020,douglas,siyancuma,pixley ka seme,23.77278,-29.05651,187,1,184,8,10,0,40,168,0,30,110,22,4,15,50,2,13,51,7,28,6,2,0,17,7,47,0,18,13,2,33,0
2020/2021,douglas,siyancuma,pixley ka seme,23.77278,-29.05651,146,1,161,10,5,0,44,133,0,23,114,30,4,14,33,5,12,52,6,23,9,6,0,23,5,35,0,16,10,4,38,0
2021/2022,douglas,siyancuma,pixley ka seme,23.77278,-29.05651,186,9,149,14,1,0,28,116,0,39,126,18,7,10,28,1,13,60,9,23,7,0,0,17,10,35,0,19,5,0,24,0
2022/2023,douglas,siyancuma,pixley ka seme,23.77278,-29.05651,245,6,159,26,6,0,71,174,0,42,161,25,7,8,39,0,13,77,11,25,3,6,0,21,5,37,0,17,12,5,35,0
2023/2024,douglas,pixley ka seme district,pixley ka seme district,23.77278,-29.05651,0,0,0,0,0,0,0,180,0,0,0,0,0,0,0,0,0,0,0,0,0,3,0,0,0,0,0,0,0,2,34,0
2024/2025,douglas,pixley ka seme district,pixley ka seme district,23.77278,-29.05651,0,0,0,0,0,0,0,166,0,0,0,0,0,0,0,0,0,0,0,0,0,7,0,0,0,0,0,0,0,2,33,0
2008/2009,douglasdale,city of johannesburg,city of johannesburg,27.9907,-26.0263,1818,3,264,47,3,0,170,1023,49,593,480,98,38,119,143,39,1,369,28,42,91,191,3,550,9,78,0,371,0,471,364,2
2009/2010,douglasdale,city of johannesburg,city of johannesburg,27.9907,-26.0263,2071,8,279,49,3,0,197,1013,34,758,520,102,70,326,298,63,1,477,18,47,64,169,0,435,12,90,0,450,0,423,376,2
2010/2011,douglasdale,city of johannesburg,city of johannesburg,27.9907,-26.0263,2002,5,268,35,1,0,183,801,19,962,529,108,37,592,216,49,1,436,4,30,64,131,3,370,7,56,0,341,0,314,479,1
2011/2012,douglasdale,city of johannesburg,city of johannesburg,27.9907,-26.0263,1973,5,264,34,3,0,202,835,24,657,517,108,8,264,136,13,1,372,11,43,42,88,1,268,6,56,8,285,0,221,583,2
2012/2013,douglasdale,city of johannesburg,city of johannesburg,27.9907,-26.0263,1730,0,237,37,1,0,166,841,19,583,448,122,9,304,137,19,1,347,16,27,31,143,0,339,15,48,6,267,2,141,641,2
2013/2014,douglasdale,city of johannesburg,city of johannesburg,27.9907,-26.0263,1752,5,235,45,3,0,155,723,27,554,412,137,8,457,285,21,24,394,14,36,57,132,1,444,14,57,6,324,1,158,859,1
2014/2015,douglasdale,city of johannesburg,city of johannesburg,27.9907,-26.0263,1765,0,280,30,2,1,179,644,17,494,420,128,8,466,290,22,22,385,12,36,35,101,0,400,13,55,2,345,2,223,933,0
2015/2016,douglasdale,city of johannesburg,city of johannesburg,27.9907,-26.0263,1750,8,274,46,2,0,238,676,44,541,428,134,8,659,324,26,6,352,17,51,70,111,0,465,4,61,2,358,0,203,737,0
2016/2017,douglasdale,city of johannesburg,city of johannesburg,27.9907,-26.0263,1591,0,294,49,1,0,272,550,88,562,410,126,9,599,452,19,47,350,16,41,69,119,0,517,9,56,5,307,0,171,853,2
2017/2018,douglasdale,city of johannesburg,city of johannesburg,27.9907,-26.0263,1173,1,254,32,1,0,177,425,81,501,445,121,4,649,543,38,77,321,21,32,58,109,0,446,15,50,0,242,0,190,724,0
2018/2019,douglasdale,city of johannesburg,city of johannesburg,27.9907,-26.0263,1159,2,260,20,0,0,166,398,39,531,487,152,5,414,284,24,30,263,25,55,53,135,1,465,32,90,2,263,0,213,556,2
2019/2020,douglasdale,city of johannesburg,city of johannesburg,27.9907,-26.0263,1125,1,245,37,2,0,145,391,89,697,520,186,10,441,109,44,15,261,28,47,46,191,0,593,20,75,1,253,0,200,688,0
2020/2021,douglasdale,city of johannesburg,city of johannesburg,27.9907,-26.0263,778,1,202,27,1,0,121,328,73,756,447,219,5,24,70,12,27,194,24,42,41,73,0,323,18,64,1,191,1,135,243,0
2021/2022,douglasdale,city of johannesburg,city of johannesburg,27.9907,-26.0263,869,0,241,16,0,1,187,408,83,847,542,177,5,74,96,12,5,268,21,51,63,74,0,394,22,76,2,218,0,141,356,0
2022/2023,douglasdale,city of johannesburg,city of johannesburg,27.9907,-26.0263,965,0,242,22,0,0,187,331,66,979,491,178,7,177,116,14,54,241,31,64,53,57,2,340,30,95,3,230,1,185,337,10
2023/2024,douglasdale,johannesburg district,johannesburg district,27.9907,-26.0263,0,0,0,0,0,0,0,329,67,0,0,0,0,0,0,0,0,0,0,0,0,82,0,0,0,0,0,0,0,159,339,0
2024/2025,douglasdale,johannesburg district,johannesburg district,27.9907,-26.0263,0,0,0,0,0,0,0,301,64,0,0,0,0,0,0,0,0,0,0,0,0,81,0,0,0,0,0,0,0,112,293,0
2008/2009,driekop,fetakgomo tubatse,sekhukhune,30.16493,-24.6021,0,0,0,0,0,0,0,0,0,0,0,0,6,0,0,0,1,0,0,0,0,0,0,0,0,0,0,0,0,0,0,0
2009/2010,driekop,fetakgomo tubatse,sekhukhune,30.16493,-24.6021,0,0,0,0,0,0,0,0,0,0,0,0,6,0,0,0,1,0,0,0,0,0,0,0,0,0,0,0,0,0,0,0
2010/2011,driekop,fetakgomo tubatse,sekhukhune,30.16493,-24.6021,0,0,0,0,0,0,0,0,0,0,0,0,6,0,0,0,1,0,0,0,0,0,0,0,0,0,0,0,0,0,0,0
2011/2012,driekop,fetakgomo tubatse,sekhukhune,30.16493,-24.6021,0,0,0,0,0,0,0,0,0,0,0,0,6,0,0,0,1,0,0,0,0,0,0,0,0,0,0,0,0,0,0,0
2012/2013,driekop,fetakgomo tubatse,sekhukhune,30.16493,-24.6021,0,0,0,0,0,0,0,0,0,0,0,0,6,0,0,0,1,0,0,0,0,0,0,0,0,0,0,0,0,0,0,0
2013/2014,driekop,fetakgomo tubatse,sekhukhune,30.16493,-24.6021,0,0,0,0,0,0,0,0,0,0,0,0,6,0,0,0,13,0,0,0,0,0,0,0,0,0,0,0,0,0,0,0
2014/2015,driekop,fetakgomo tubatse,sekhukhune,30.16493,-24.6021,0,0,0,0,0,0,0,0,0,0,0,0,6,0,0,0,13,0,0,0,0,0,0,0,0,0,0,0,0,0,0,0
2015/2016,driekop,fetakgomo tubatse,sekhukhune,30.16493,-24.6021,0,0,0,0,0,0,0,0,0,0,0,0,6,0,0,0,13,0,0,0,0,0,0,0,0,0,0,0,0,0,0,0
2016/2017,driekop,fetakgomo tubatse,sekhukhune,30.16493,-24.6021,0,0,0,0,0,0,0,0,0,0,0,0,6,0,0,0,13,0,0,0,0,0,0,0,0,0,0,0,0,0,0,0
2017/2018,driekop,fetakgomo tubatse,sekhukhune,30.16493,-24.6021,24,4,31,1,0,0,7,13,3,4,19,4,6,5,4,0,12,32,3,9,10,0,0,19,1,10,0,0,1,1,4,0
2018/2019,driekop,fetakgomo tubatse,sekhukhune,30.16493,-24.6021,89,7,104,10,0,0,20,47,6,6,66,12,4,24,8,2,12,43,18,24,12,12,0,36,1,27,5,0,4,6,9,0
2019/2020,driekop,fetakgomo tubatse,sekhukhune,30.16493,-24.6021,77,1,98,7,0,0,24,62,7,4,73,23,4,37,6,3,12,45,6,26,21,8,0,49,3,31,13,0,13,2,9,1
2020/2021,driekop,fetakgomo tubatse,sekhukhune,30.16493,-24.6021,75,4,86,10,0,0,18,49,7,9,102,24,7,24,14,1,17,54,5,27,8,0,0,24,3,31,12,0,9,3,8,0
2021/2022,driekop,fetakgomo tubatse,sekhukhune,30.16493,-24.6021,95,3,102,4,0,0,16,54,9,7,80,16,6,16,11,0,13,36,5,16,9,3,0,37,2,18,11,0,27,4,4,0
2022/2023,driekop,fetakgomo tubatse,sekhukhune,30.16493,-24.6021,121,2,90,4,0,0,28,26,2,17,81,16,6,11,12,3,21,61,4,20,8,2,0,29,1,21,19,0,23,4,6,0
2023/2024,driekop,sekhukhune district,sekhukhune district,30.16493,-24.6021,0,0,0,0,0,0,0,42,7,0,0,0,0,0,0,0,0,0,0,0,0,7,0,0,0,0,0,0,0,4,9,0
2024/2025,driekop,sekhukhune district,sekhukhune district,30.16493,-24.6021,0,0,0,0,0,0,0,50,6,0,0,0,0,0,0,0,0,0,0,0,0,3,0,0,0,0,0,0,0,9,2,0
2008/2009,dube,city of tshwane,city of tshwane,28.02384,-25.40502,99,4,117,3,1,0,16,63,6,0,53,17,5,1,3,3,1,32,3,20,5,15,0,50,1,25,0,0,42,3,2,1
2009/2010,dube,city of tshwane,city of tshwane,28.02384,-25.40502,95,1,115,3,2,0,13,53,6,2,42,12,4,2,3,7,1,38,8,29,4,17,0,45,0,33,0,0,12,2,5,1
2010/2011,dube,city of tshwane,city of tshwane,28.02384,-25.40502,104,3,95,4,1,0,16,57,1,1,42,25,7,2,3,0,1,26,3,28,2,5,0,36,0,30,0,0,13,1,9,0
2011/2012,dube,city of tshwane,city of tshwane,28.02384,-25.40502,102,1,94,3,0,0,13,78,4,4,32,13,7,4,9,3,1,21,6,21,2,10,0,32,2,24,0,0,8,5,12,0
2012/2013,dube,city of tshwane,city of tshwane,28.02384,-25.40502,116,2,86,0,3,0,15,75,7,0,13,9,6,2,42,4,1,23,2,17,4,10,0,34,2,22,1,0,23,7,10,1
2013/2014,dube,city of tshwane,city of tshwane,28.02384,-25.40502,90,2,83,11,0,0,10,70,0,1,17,16,6,3,10,1,12,25,4,16,4,11,0,26,1,17,0,0,8,4,11,0
2014/2015,dube,city of tshwane,city of tshwane,28.02384,-25.40502,97,4,86,6,0,0,19,83,7,1,27,14,6,0,14,7,23,30,6,14,6,26,0,61,1,15,0,0,18,8,9,1
2015/2016,dube,city of tshwane,city of tshwane,28.02384,-25.40502,38,2,79,17,0,0,27,68,4,1,26,12,6,0,17,12,14,47,5,11,4,29,0,61,0,11,0,0,14,6,10,1
2016/2017,dube,city of tshwane,city of tshwane,28.02384,-25.40502,43,4,65,4,0,0,22,70,9,0,24,4,6,1,50,2,12,26,2,16,4,27,0,63,2,18,1,0,20,2,14,0
2017/2018,dube,city of tshwane,city of tshwane,28.02384,-25.40502,42,2,68,13,1,0,21,80,5,1,19,8,7,0,81,2,21,25,5,16,13,28,0,63,5,23,1,0,51,3,6,0
2018/2019,dube,city of tshwane,city of tshwane,28.02384,-25.40502,48,3,62,9,0,0,18,56,4,1,39,5,6,0,84,7,14,34,5,16,9,40,0,71,1,17,0,0,27,4,9,1
2019/2020,dube,city of tshwane,city of tshwane,28.02384,-25.40502,82,3,104,8,0,0,30,77,6,6,53,14,4,12,41,7,21,33,3,17,10,15,0,53,4,23,1,0,44,3,9,0
2020/2021,dube,city of tshwane,city of tshwane,28.02384,-25.40502,39,0,69,4,0,0,27,56,0,5,53,11,6,18,36,0,21,29,3,17,5,19,0,48,9,26,0,0,51,2,5,0
2021/2022,dube,city of tshwane,city of tshwane,28.02384,-25.40502,57,3,79,9,2,0,26,61,8,4,42,7,7,27,43,0,21,44,4,23,8,30,0,60,4,30,0,0,33,2,6,0
2022/2023,dube,city of tshwane,city of tshwane,28.02384,-25.40502,40,0,45,3,0,0,8,33,4,4,17,9,6,22,31,2,13,18,6,10,2,13,0,30,0,10,0,0,27,1,2,0
2023/2024,dube,tshwane district,tshwane district,28.02384,-25.40502,0,0,0,0,0,0,0,33,5,0,0,0,0,0,0,0,0,0,0,0,0,19,0,0,0,0,0,0,0,0,4,0
2024/2025,dube,tshwane district,tshwane district,28.02384,-25.40502,0,0,0,0,0,0,0,28,5,0,0,0,0,0,0,0,0,0,0,0,0,26,0,0,0,0,0,0,0,2,1,0
2008/2009,dududu,umdoni,ugu,30.61743,-30.19282,22,3,62,8,1,0,28,58,1,3,22,3,7,5,50,11,1,20,12,21,4,18,0,31,1,24,0,0,15,0,1,0
2009/2010,dududu,umdoni,ugu,30.61743,-30.19282,22,3,38,9,0,0,16,54,1,4,36,3,7,3,47,20,1,13,12,22,1,46,0,61,0,23,0,0,10,1,6,0
2010/2011,dududu,umdoni,ugu,30.61743,-30.19282,20,5,42,11,2,0,20,28,2,1,18,5,6,1,76,23,1,20,7,18,0,9,0,15,3,23,0,0,5,2,6,0
2011/2012,dududu,umdoni,ugu,30.61743,-30.19282,19,1,45,3,0,0,14,29,1,1,18,2,7,4,75,6,1,14,7,16,1,3,0,8,1,18,0,0,23,0,3,0
2012/2013,dududu,umdoni,ugu,30.61743,-30.19282,17,0,47,7,1,0,19,38,0,2,20,3,6,0,71,12,1,9,8,25,0,7,0,12,2,28,0,0,7,0,7,0
2013/2014,dududu,umdoni,ugu,30.61743,-30.19282,24,1,37,5,0,0,12,38,0,5,14,5,6,0,69,8,13,8,8,27,1,4,0,8,3,30,0,0,18,2,1,0
2014/2015,dududu,umdoni,ugu,30.61743,-30.19282,20,2,53,3,2,0,30,44,1,0,30,6,7,0,73,2,13,11,12,23,3,15,0,22,0,26,1,0,17,2,0,0
2015/2016,dududu,umdoni,ugu,30.61743,-30.19282,16,0,36,2,0,0,23,29,0,2,24,2,6,2,57,11,12,5,7,21,2,12,0,16,3,24,0,0,15,3,3,0
2016/2017,dududu,umdoni,ugu,30.61743,-30.19282,22,0,43,0,1,0,25,50,1,1,11,2,6,0,85,10,13,9,7,16,3,5,0,15,3,20,0,0,4,0,0,0
2017/2018,dududu,umdoni,ugu,30.61743,-30.19282,30,0,55,11,0,0,21,70,0,0,14,2,6,3,102,11,13,11,7,13,2,9,0,15,1,14,0,0,17,1,0,0
2018/2019,dududu,umdoni,ugu,30.61743,-30.19282,16,2,35,5,1,0,42,57,1,4,10,1,6,5,45,9,13,13,8,12,2,7,0,14,0,13,0,0,25,0,2,0
2019/2020,dududu,umdoni,ugu,30.61743,-30.19282,14,1,51,1,0,0,13,30,0,2,7,1,6,2,9,5,13,10,5,12,7,6,0,15,4,16,0,0,10,0,3,0
2020/2021,dududu,umdoni,ugu,30.61743,-30.19282,25,1,51,5,0,0,30,26,0,5,7,6,6,1,3,12,13,10,9,19,11,15,0,31,1,20,0,0,9,3,2,0
2021/2022,dududu,umdoni,ugu,30.61743,-30.19282,14,3,50,9,1,0,25,29,3,1,20,3,6,2,1,10,14,17,18,22,6,9,1,22,2,25,0,0,10,1,5,0
2022/2023,dududu,umdoni,ugu,30.61743,-30.19282,31,0,77,6,5,0,23,30,0,11,22,5,7,1,5,4,21,24,16,22,12,19,0,37,4,32,0,0,4,4,7,0
2023/2024,dududu,ugu district,ugu district,30.61743,-30.19282,0,0,0,0,0,0,0,38,3,0,0,0,0,0,0,0,0,0,0,0,0,10,0,0,0,0,0,0,0,3,6,0
2024/2025,dududu,ugu district,ugu district,30.61743,-30.19282,0,0,0,0,0,0,0,29,2,0,0,0,0,0,0,0,0,0,0,0,0,8,0,0,0,0,0,0,0,3,11,0
2008/2009,duduza,ekurhuleni,ekurhuleni,28.4177,-26.3754,220,13,385,36,7,0,52,236,31,9,287,95,12,77,9,25,1,216,26,89,17,25,1,221,14,117,0,8,7,50,52,2
2009/2010,duduza,ekurhuleni,ekurhuleni,28.4177,-26.3754,215,8,381,14,3,0,37,331,37,10,383,85,10,27,11,28,1,190,24,64,26,20,0,229,11,84,0,15,7,63,52,7
2010/2011,duduza,ekurhuleni,ekurhuleni,28.4177,-26.3754,230,9,437,20,2,0,46,243,31,12,395,63,9,48,51,28,1,210,14,68,20,15,0,160,15,90,0,12,9,51,50,2
2011/2012,duduza,ekurhuleni,ekurhuleni,28.4177,-26.3754,293,8,387,26,4,0,30,187,27,32,314,83,4,44,143,22,1,160,20,76,27,12,0,170,11,93,1,10,10,37,52,0
2012/2013,duduza,ekurhuleni,ekurhuleni,28.4177,-26.3754,288,10,375,20,6,0,27,263,28,56,264,71,6,48,260,23,1,161,17,107,33,17,1,170,14,127,0,13,18,36,72,1
2013/2014,duduza,ekurhuleni,ekurhuleni,28.4177,-26.3754,258,8,335,20,3,0,28,324,31,52,245,70,7,56,399,18,23,149,33,74,5,16,0,153,4,82,1,17,7,55,65,0
2014/2015,duduza,ekurhuleni,ekurhuleni,28.4177,-26.3754,281,3,340,13,2,0,46,335,29,22,205,59,5,91,351,2,23,154,25,54,9,21,0,159,5,64,0,23,1,53,52,1
2015/2016,duduza,ekurhuleni,ekurhuleni,28.4177,-26.3754,273,6,402,27,3,0,68,389,41,29,240,78,4,104,189,8,2,176,27,54,17,25,0,177,6,65,0,17,3,35,70,1
2016/2017,duduza,ekurhuleni,ekurhuleni,28.4177,-26.3754,268,6,393,22,2,0,77,462,29,25,253,89,10,89,313,11,25,188,26,62,15,40,0,216,6,76,0,11,16,66,82,0
2017/2018,duduza,ekurhuleni,ekurhuleni,28.4177,-26.3754,222,3,352,16,1,0,101,378,21,26,236,67,9,118,411,12,23,130,23,50,20,31,0,165,9,65,1,22,10,58,100,1
2018/2019,duduza,ekurhuleni,ekurhuleni,28.4177,-26.3754,187,0,328,14,1,0,113,378,31,24,212,48,7,81,310,23,21,171,18,46,18,14,0,141,10,58,0,8,11,44,52,2
2019/2020,duduza,ekurhuleni,ekurhuleni,28.4177,-26.3754,199,2,258,10,1,0,58,251,33,22,243,39,5,185,192,2,23,140,17,53,9,11,0,133,12,69,0,6,8,34,52,1
2020/2021,duduza,ekurhuleni,ekurhuleni,28.4177,-26.3754,161,1,203,6,2,0,57,174,42,29,228,41,7,69,166,7,28,115,15,53,11,15,0,122,13,69,0,17,6,25,45,1
2021/2022,duduza,ekurhuleni,ekurhuleni,28.4177,-26.3754,180,0,261,14,1,0,57,179,60,18,245,38,7,40,186,17,22,136,25,38,14,16,0,135,15,55,0,6,6,17,35,1
2022/2023,duduza,ekurhuleni,ekurhuleni,28.4177,-26.3754,157,3,243,29,2,0,42,178,52,35,249,22,6,99,219,12,5,142,29,70,13,26,0,141,6,78,0,6,7,18,37,0
2023/2024,duduza,ekurhuleni district,ekurhuleni district,28.4177,-26.3754,0,0,0,0,0,0,0,195,24,0,0,0,0,0,0,0,0,0,0,0,0,45,0,0,0,0,0,0,0,12,40,0
2024/2025,duduza,ekurhuleni district,ekurhuleni district,28.4177,-26.3754,0,0,0,0,0,0,0,186,28,0,0,0,0,0,0,0,0,0,0,0,0,16,0,0,0,0,0,0,0,10,36,0
2008/2009,dullstroom,emakhazeni,nkangala,30.10594,-25.41676,71,0,39,1,0,0,39,36,0,7,39,4,6,4,1,0,1,39,1,1,4,4,0,9,1,2,0,0,23,5,15,0
2009/2010,dullstroom,emakhazeni,nkangala,30.10594,-25.41676,84,1,57,3,0,0,26,77,0,12,47,3,6,3,4,1,1,31,2,5,0,1,0,5,0,5,0,3,29,6,27,0
2010/2011,dullstroom,emakhazeni,nkangala,30.10594,-25.41676,47,2,36,1,0,0,16,49,0,2,24,4,6,5,5,1,1,16,1,6,1,2,0,8,0,6,0,1,13,0,29,0
2011/2012,dullstroom,emakhazeni,nkangala,30.10594,-25.41676,37,0,27,1,0,0,17,62,0,2,28,2,6,16,11,2,1,13,1,2,0,2,0,2,2,4,0,1,11,7,16,0
2012/2013,dullstroom,emakhazeni,nkangala,30.10594,-25.41676,46,3,22,0,0,0,30,84,0,3,19,3,7,11,22,3,1,7,0,1,2,1,0,3,0,2,0,6,19,4,10,0
2013/2014,dullstroom,emakhazeni,nkangala,30.10594,-25.41676,48,1,33,0,0,0,22,73,0,5,12,3,6,13,30,0,12,16,1,4,0,1,0,4,0,4,0,1,18,8,12,0
2014/2015,dullstroom,emakhazeni,nkangala,30.10594,-25.41676,45,1,30,2,0,0,27,58,0,3,21,3,6,13,34,0,13,21,1,1,0,0,0,0,0,1,0,1,34,3,16,0
2015/2016,dullstroom,emakhazeni,nkangala,30.10594,-25.41676,54,1,26,1,0,0,43,62,0,1,26,2,6,14,36,0,13,14,1,1,5,5,0,12,0,1,0,1,31,5,9,0
2016/2017,dullstroom,emakhazeni,nkangala,30.10594,-25.41676,49,0,18,3,0,0,24,35,0,2,21,10,6,17,48,1,12,16,3,2,3,3,0,8,0,2,0,1,25,2,7,0
2017/2018,dullstroom,emakhazeni,nkangala,30.10594,-25.41676,48,1,22,1,0,0,28,46,1,6,16,2,6,21,44,0,13,13,2,3,0,5,0,8,1,4,0,0,25,3,16,0
2018/2019,dullstroom,emakhazeni,nkangala,30.10594,-25.41676,53,1,23,0,0,0,36,64,0,4,20,6,6,21,23,1,13,14,1,1,0,1,0,2,1,2,0,1,24,20,11,0
2019/2020,dullstroom,emakhazeni,nkangala,30.10594,-25.41676,34,0,16,1,0,0,48,60,0,7,18,4,6,19,4,1,13,8,4,3,1,3,0,9,0,3,0,0,20,12,13,1
2020/2021,dullstroom,emakhazeni,nkangala,30.10594,-25.41676,57,1,16,0,1,0,28,65,0,10,26,2,6,4,1,1,13,22,4,2,3,4,0,11,2,5,0,1,23,8,18,0
2021/2022,dullstroom,emakhazeni,nkangala,30.10594,-25.41676,48,1,8,0,0,0,39,65,0,6,36,4,6,6,0,0,13,21,1,1,1,0,0,5,0,1,0,1,21,11,9,0
2022/2023,dullstroom,emakhazeni,nkangala,30.10594,-25.41676,57,0,29,1,0,0,22,63,1,14,40,4,6,0,2,0,21,11,0,9,6,1,0,10,1,10,0,0,16,3,9,0
2023/2024,dullstroom,nkangala district,nkangala district,30.10594,-25.41676,0,0,0,0,0,0,0,56,0,0,0,0,0,0,0,0,0,0,0,0,0,1,0,0,0,0,0,0,0,4,7,0
2024/2025,dullstroom,nkangala district,nkangala district,30.10594,-25.41676,0,0,0,0,0,0,0,14,0,0,0,0,0,0,0,0,0,0,0,0,0,1,0,0,0,0,0,0,0,3,4,0
2008/2009,duncan village,buffalo city,buffalo city,27.88872,-33.00505,279,14,756,47,12,0,4,523,7,5,160,145,8,125,87,24,1,171,79,131,5,54,0,370,15,162,0,1,1,33,62,0
2009/2010,duncan village,buffalo city,buffalo city,27.88872,-33.00505,249,13,730,46,7,0,3,417,8,12,123,102,4,126,93,27,1,169,71,105,2,23,0,222,4,118,0,1,0,27,85,0
2010/2011,duncan village,buffalo city,buffalo city,27.88872,-33.00505,273,1,663,15,6,0,6,462,5,9,106,79,8,116,83,21,1,189,67,120,10,26,0,235,3,133,0,0,0,49,96,0
2011/2012,duncan village,buffalo city,buffalo city,27.88872,-33.00505,223,6,652,31,14,0,8,446,6,20,142,73,7,128,95,30,1,191,75,91,24,21,0,260,9,115,1,5,0,44,112,0
2012/2013,duncan village,buffalo city,buffalo city,27.88872,-33.00505,198,6,594,37,8,0,21,388,9,12,103,71,4,133,119,22,1,167,67,114,27,26,0,224,3,127,0,54,1,43,112,0
2013/2014,duncan village,buffalo city,buffalo city,27.88872,-33.00505,228,4,607,23,1,0,16,346,9,19,90,42,6,121,157,18,23,158,67,133,21,15,0,220,6,140,0,41,4,41,86,0
2014/2015,duncan village,buffalo city,buffalo city,27.88872,-33.00505,187,2,507,29,4,0,20,310,11,16,82,45,6,53,128,24,22,154,39,73,21,12,0,181,4,81,0,38,2,22,156,0
2015/2016,duncan village,buffalo city,buffalo city,27.88872,-33.00505,174,1,460,24,2,0,23,367,14,9,81,36,6,72,118,25,14,163,49,58,17,23,0,176,9,69,1,7,2,24,148,0
2016/2017,duncan village,buffalo city,buffalo city,27.88872,-33.00505,199,1,462,18,0,0,20,402,8,15,62,37,6,95,145,26,12,154,39,78,15,13,0,174,9,87,0,7,0,25,115,0
2017/2018,duncan village,buffalo city,buffalo city,27.88872,-33.00505,150,4,411,22,0,0,27,316,5,19,44,35,6,98,155,39,14,94,39,68,14,30,0,188,10,78,0,11,2,18,108,0
2018/2019,duncan village,buffalo city,buffalo city,27.88872,-33.00505,170,6,389,21,3,0,23,332,8,21,51,41,7,108,157,28,25,108,37,74,23,20,0,154,6,84,0,11,1,22,80,0
2019/2020,duncan village,buffalo city,buffalo city,27.88872,-33.00505,164,2,388,19,4,0,22,257,6,36,56,48,7,76,114,13,14,105,37,81,25,8,0,143,6,92,0,10,0,17,111,0
2020/2021,duncan village,buffalo city,buffalo city,27.88872,-33.00505,170,5,368,14,2,0,25,196,11,42,53,22,6,16,72,9,14,99,37,63,21,15,0,133,9,74,0,13,0,17,66,0
2021/2022,duncan village,buffalo city,buffalo city,27.88872,-33.00505,160,3,383,27,1,0,18,284,13,68,72,22,6,23,68,12,25,135,39,76,21,15,0,109,10,87,0,1,0,22,63,0
2022/2023,duncan village,buffalo city,buffalo city,27.88872,-33.00505,176,2,423,25,3,0,9,290,38,52,101,31,6,14,71,14,24,159,73,81,23,19,0,177,8,92,0,3,0,19,52,0
2023/2024,duncan village,buffalo city district,buffalo city district,27.88872,-33.00505,0,0,0,0,0,0,0,280,12,0,0,0,0,0,0,0,0,0,0,0,0,24,0,0,0,0,0,0,0,20,53,0
2024/2025,duncan village,buffalo city district,buffalo city district,27.88872,-33.00505,0,0,0,0,0,0,0,319,15,0,0,0,0,0,0,0,0,0,0,0,0,11,0,0,0,0,0,0,0,17,57,0
2008/2009,dundee,endumeni,umzinyathi,30.23368,-28.16235,358,6,207,10,0,0,78,178,3,59,175,79,48,163,146,9,1,97,18,48,11,13,1,51,12,95,0,68,67,67,69,1
2009/2010,dundee,endumeni,umzinyathi,30.23368,-28.16235,293,6,198,11,1,0,68,212,7,72,290,78,4,106,223,12,1,104,20,43,12,12,2,59,10,56,0,136,68,61,56,0
2010/2011,dundee,endumeni,umzinyathi,30.23368,-28.16235,278,6,187,10,0,0,75,215,9,79,263,55,19,106,227,31,1,103,13,57,3,6,0,41,10,81,0,73,51,50,58,1
2011/2012,dundee,endumeni,umzinyathi,30.23368,-28.16235,311,3,181,8,0,0,57,164,4,65,310,58,7,116,243,40,1,96,16,40,15,5,1,73,15,56,0,104,40,42,58,0
2012/2013,dundee,endumeni,umzinyathi,30.23368,-28.16235,342,2,154,8,0,0,76,163,3,83,288,56,7,175,369,33,1,80,21,29,14,10,0,87,12,42,7,126,40,19,51,1
2013/2014,dundee,endumeni,umzinyathi,30.23368,-28.16235,241,4,154,15,0,0,58,214,5,121,253,44,6,160,395,50,23,77,17,56,20,12,1,85,9,65,0,113,44,32,66,1
2014/2015,dundee,endumeni,umzinyathi,30.23368,-28.16235,241,3,155,13,0,0,68,177,5,164,205,49,6,101,409,31,14,70,13,51,20,6,0,76,7,58,0,111,33,30,47,0
2015/2016,dundee,endumeni,umzinyathi,30.23368,-28.16235,204,3,164,11,0,0,80,254,9,157,164,32,4,100,252,23,2,74,26,48,15,9,0,91,9,59,1,144,52,22,72,0
2016/2017,dundee,endumeni,umzinyathi,30.23368,-28.16235,237,0,162,12,1,0,86,255,3,195,161,28,4,34,257,22,17,57,15,42,19,8,0,76,10,55,1,107,44,22,48,0
2017/2018,dundee,endumeni,umzinyathi,30.23368,-28.16235,224,2,124,24,1,0,85,346,5,166,161,28,6,42,127,24,22,61,17,51,10,12,0,82,11,63,0,119,94,34,62,0
2018/2019,dundee,endumeni,umzinyathi,30.23368,-28.16235,240,3,108,22,0,0,62,279,5,231,139,32,7,34,146,17,2,58,21,41,10,10,2,95,9,51,0,100,100,33,49,0
2019/2020,dundee,endumeni,umzinyathi,30.23368,-28.16235,268,1,124,22,0,0,70,242,2,112,136,26,7,16,156,30,25,60,14,48,17,12,0,79,8,57,0,107,88,29,48,0
2020/2021,dundee,endumeni,umzinyathi,30.23368,-28.16235,238,4,105,22,0,0,51,192,4,74,150,24,7,16,179,20,24,68,21,47,11,14,0,50,13,61,0,101,85,39,33,0
2021/2022,dundee,endumeni,umzinyathi,30.23368,-28.16235,294,5,137,13,1,0,45,201,3,125,191,46,6,17,199,13,25,64,19,46,9,6,0,38,13,60,0,88,72,16,29,0
2022/2023,dundee,endumeni,umzinyathi,30.23368,-28.16235,415,5,171,13,3,0,80,207,5,123,193,40,6,10,211,27,36,85,17,52,17,15,1,81,4,59,0,87,73,23,39,0
2023/2024,dundee,umzinyathi district,umzinyathi district,30.23368,-28.16235,0,0,0,0,0,0,0,246,3,0,0,0,0,0,0,0,0,0,0,0,0,4,0,0,0,0,0,0,0,19,64,0
2024/2025,dundee,umzinyathi district,umzinyathi district,30.23368,-28.16235,0,0,0,0,0,0,0,231,3,0,0,0,0,0,0,0,0,0,0,0,0,17,0,0,0,0,0,0,0,15,50,0
2008/2009,dunnottar,ekurhuleni,ekurhuleni,28.4388,-26.35129,140,1,25,7,2,0,7,147,14,9,56,8,5,21,1,1,1,33,5,2,4,6,0,33,1,8,0,10,0,27,37,1
2009/2010,dunnottar,ekurhuleni,ekurhuleni,28.4388,-26.35129,120,1,29,4,1,0,5,208,7,8,56,8,9,14,2,0,1,41,0,2,6,7,0,30,3,11,0,18,2,48,23,0
2010/2011,dunnottar,ekurhuleni,ekurhuleni,28.4388,-26.35129,116,1,18,0,0,0,4,151,8,9,37,8,4,30,1,7,1,30,1,5,4,25,0,47,2,9,0,14,0,17,26,0
2011/2012,dunnottar,ekurhuleni,ekurhuleni,28.4388,-26.35129,93,0,18,1,1,0,10,141,12,22,49,11,4,40,6,1,1,52,1,6,7,11,0,39,4,13,0,7,0,27,31,0
2012/2013,dunnottar,ekurhuleni,ekurhuleni,28.4388,-26.35129,87,0,14,1,1,0,13,148,9,37,36,13,7,13,1,1,1,33,1,5,4,9,0,36,1,8,0,8,1,22,22,0
2013/2014,dunnottar,ekurhuleni,ekurhuleni,28.4388,-26.35129,123,1,19,1,0,0,12,171,7,13,49,10,7,24,16,2,21,41,3,6,12,5,0,30,0,7,0,4,1,24,22,0
2014/2015,dunnottar,ekurhuleni,ekurhuleni,28.4388,-26.35129,115,0,15,2,1,0,8,165,11,11,42,6,6,17,3,4,12,45,1,3,4,17,0,47,1,5,0,5,2,14,54,0
2015/2016,dunnottar,ekurhuleni,ekurhuleni,28.4388,-26.35129,119,1,19,2,1,0,9,141,6,17,51,12,6,14,8,2,12,53,0,4,7,16,0,61,0,5,0,7,2,16,46,0
2016/2017,dunnottar,ekurhuleni,ekurhuleni,28.4388,-26.35129,82,3,20,1,0,0,7,157,3,7,40,3,6,26,8,0,13,29,4,2,3,13,0,38,0,2,0,3,0,16,25,0
2017/2018,dunnottar,ekurhuleni,ekurhuleni,28.4388,-26.35129,67,1,20,4,0,0,7,119,3,17,38,15,7,49,23,5,23,33,2,4,4,20,0,50,3,8,0,5,2,18,30,0
2018/2019,dunnottar,ekurhuleni,ekurhuleni,28.4388,-26.35129,58,1,24,1,1,0,11,95,3,17,41,8,6,34,6,0,13,23,2,5,5,8,0,31,2,8,0,4,2,17,21,0
2019/2020,dunnottar,ekurhuleni,ekurhuleni,28.4388,-26.35129,59,0,7,5,0,0,11,113,3,22,20,10,6,44,0,6,12,21,0,3,13,11,0,33,3,6,0,14,7,7,28,0
2020/2021,dunnottar,ekurhuleni,ekurhuleni,28.4388,-26.35129,61,0,4,2,0,0,8,104,3,21,27,6,7,19,5,0,21,28,0,4,7,9,0,30,5,10,0,12,0,17,37,1
2021/2022,dunnottar,ekurhuleni,ekurhuleni,28.4388,-26.35129,49,1,9,1,0,0,9,98,5,43,24,6,7,11,2,0,13,20,2,8,5,13,1,38,4,13,0,7,0,13,25,1
2022/2023,dunnottar,ekurhuleni,ekurhuleni,28.4388,-26.35129,36,1,22,1,0,0,7,89,4,36,36,7,6,20,4,0,21,14,3,4,7,2,0,23,3,7,0,11,3,27,25,0
2023/2024,dunnottar,ekurhuleni district,ekurhuleni district,28.4388,-26.35129,0,0,0,0,0,0,0,87,5,0,0,0,0,0,0,0,0,0,0,0,0,11,0,0,0,0,0,0,0,8,29,0
2024/2025,dunnottar,ekurhuleni district,ekurhuleni district,28.4388,-26.35129,0,0,0,0,0,0,0,33,4,0,0,0,0,0,0,0,0,0,0,0,0,4,0,0,0,0,0,0,0,13,28,0
2008/2009,durban central,ethekwini,ethekwini,31.02748,-29.84229,3353,5,418,70,3,0,681,258,109,1392,932,639,91,521,1280,77,1,502,71,133,154,10,3,1966,22,1086,0,1787,0,1151,1010,1
2009/2010,durban central,ethekwini,ethekwini,31.02748,-29.84229,3183,2,355,48,6,0,686,240,81,1206,919,600,92,590,1462,100,1,440,48,90,70,6,0,1371,21,914,0,2570,0,873,1026,1
2010/2011,durban central,ethekwini,ethekwini,31.02748,-29.84229,2933,2,364,31,2,0,572,153,36,1228,812,487,93,616,1872,73,1,390,38,101,56,7,1,899,28,762,0,1843,0,670,1144,0
2011/2012,durban central,ethekwini,ethekwini,31.02748,-29.84229,3219,2,325,25,6,0,537,184,37,1158,878,514,11,978,2304,87,1,329,42,103,65,11,2,924,17,134,391,1958,0,584,1074,0
2012/2013,durban central,ethekwini,ethekwini,31.02748,-29.84229,3418,0,310,36,5,0,599,199,38,1141,787,467,11,1111,2336,91,1,378,39,96,66,9,0,885,15,124,451,1840,0,668,1251,1
2013/2014,durban central,ethekwini,ethekwini,31.02748,-29.84229,3390,1,333,28,4,0,579,194,39,1127,634,445,8,1166,2528,49,7,386,41,72,67,13,1,951,24,104,567,1694,0,620,1245,0
2014/2015,durban central,ethekwini,ethekwini,31.02748,-29.84229,2872,0,295,22,1,0,521,192,35,969,577,429,9,1201,2477,57,44,332,29,60,95,8,0,982,25,91,566,1589,0,570,1171,0
2015/2016,durban central,ethekwini,ethekwini,31.02748,-29.84229,2865,0,282,18,4,0,650,161,29,1050,544,533,5,994,1724,28,27,309,55,72,97,9,2,1024,17,96,410,1426,0,618,1223,0
2016/2017,durban central,ethekwini,ethekwini,31.02748,-29.84229,2776,0,303,32,5,0,525,171,66,985,494,542,9,1601,1969,48,44,367,57,67,149,7,2,1120,9,86,291,1309,0,727,1451,0
2017/2018,durban central,ethekwini,ethekwini,31.02748,-29.84229,2387,0,228,53,2,0,470,144,67,911,594,424,4,2687,2025,53,11,257,43,61,197,5,1,1170,15,80,298,1129,0,643,1613,0
2018/2019,durban central,ethekwini,ethekwini,31.02748,-29.84229,1860,1,242,56,3,0,510,165,64,1018,595,671,4,2524,2050,64,48,261,61,65,198,6,0,1141,14,84,340,1024,0,765,1344,0
2019/2020,durban central,ethekwini,ethekwini,31.02748,-29.84229,1691,0,223,39,2,0,464,130,66,899,638,741,6,2562,2101,64,11,194,49,79,120,14,0,966,9,90,355,778,0,752,1510,0
2020/2021,durban central,ethekwini,ethekwini,31.02748,-29.84229,1219,0,164,40,1,0,419,83,28,710,460,571,7,236,2444,41,55,147,40,64,103,5,1,709,4,70,629,515,0,452,842,1
2021/2022,durban central,ethekwini,ethekwini,31.02748,-29.84229,1197,14,190,46,6,0,746,76,45,1117,471,777,6,201,1980,44,120,219,73,82,190,5,2,1061,15,103,454,331,0,431,969,0
2022/2023,durban central,ethekwini,ethekwini,31.02748,-29.84229,1155,10,216,86,3,0,433,77,99,1265,604,1130,6,112,2239,52,128,240,89,117,188,9,5,1277,16,136,504,461,0,517,1160,0
2023/2024,durban central,ethekwini district,ethekwini district,31.02748,-29.84229,0,0,0,0,0,0,0,86,88,0,0,0,0,0,0,0,0,0,0,0,0,9,0,0,0,0,0,0,0,603,1410,0
2024/2025,durban central,ethekwini district,ethekwini district,31.02748,-29.84229,0,0,0,0,0,0,0,47,75,0,0,0,0,0,0,0,0,0,0,0,0,6,0,0,0,0,0,0,0,439,1176,0
2008/2009,durban north,ethekwini,ethekwini,31.04827,-29.77732,1096,0,28,7,0,0,138,575,27,444,244,38,19,119,153,14,1,192,3,10,20,49,2,201,12,36,0,683,0,289,407,0
2009/2010,durban north,ethekwini,ethekwini,31.04827,-29.77732,1060,0,24,2,0,0,116,766,7,483,250,44,11,103,164,10,1,221,1,6,8,46,0,135,4,18,0,740,0,252,388,0
2010/2011,durban north,ethekwini,ethekwini,31.04827,-29.77732,1082,0,35,4,0,0,73,590,23,443,199,45,17,154,167,2,1,241,4,14,9,39,0,117,10,33,0,659,0,346,495,0
2011/2012,durban north,ethekwini,ethekwini,31.04827,-29.77732,1176,0,18,14,0,1,95,588,10,414,220,31,8,208,150,12,1,245,4,21,4,37,0,114,11,36,1,583,0,343,600,0
2012/2013,durban north,ethekwini,ethekwini,31.04827,-29.77732,1102,0,25,11,0,0,152,591,9,454,239,40,4,238,134,2,1,227,2,11,6,64,0,144,13,26,4,668,0,352,571,0
2013/2014,durban north,ethekwini,ethekwini,31.04827,-29.77732,1070,0,17,14,1,0,86,597,6,482,165,31,4,135,192,7,22,209,5,11,11,62,0,138,10,24,6,860,0,297,599,0
2014/2015,durban north,ethekwini,ethekwini,31.04827,-29.77732,934,0,26,16,0,0,74,437,5,392,130,33,7,119,149,9,23,181,7,5,8,29,1,82,3,9,0,913,0,152,528,0
2015/2016,durban north,ethekwini,ethekwini,31.04827,-29.77732,831,0,34,8,3,0,104,367,7,377,156,33,6,168,153,8,12,138,3,3,12,25,0,100,7,13,1,664,0,252,467,0
2016/2017,durban north,ethekwini,ethekwini,31.04827,-29.77732,766,0,12,6,0,0,110,272,5,431,129,23,7,187,215,12,12,111,4,9,6,28,0,81,4,14,1,614,0,264,387,0
2017/2018,durban north,ethekwini,ethekwini,31.04827,-29.77732,725,1,29,14,0,0,89,340,3,431,154,13,4,282,282,6,14,94,3,11,15,56,0,118,9,22,8,497,0,352,340,0
2018/2019,durban north,ethekwini,ethekwini,31.04827,-29.77732,682,0,22,11,0,0,83,318,5,532,167,22,6,419,245,19,14,50,3,9,10,50,0,114,10,19,10,455,0,250,259,0
2019/2020,durban north,ethekwini,ethekwini,31.04827,-29.77732,716,1,17,6,1,0,70,266,4,463,187,28,4,755,76,7,25,72,5,11,16,22,0,113,8,22,13,436,0,256,216,0
2020/2021,durban north,ethekwini,ethekwini,31.04827,-29.77732,475,0,21,5,0,0,57,224,5,403,112,25,7,27,32,7,14,64,1,20,14,12,0,76,5,26,2,383,0,182,87,0
2021/2022,durban north,ethekwini,ethekwini,31.04827,-29.77732,522,0,27,10,0,0,62,216,4,555,134,37,7,32,28,13,16,73,7,22,11,13,0,81,13,36,0,429,0,164,117,1
2022/2023,durban north,ethekwini,ethekwini,31.04827,-29.77732,642,0,29,13,3,0,84,261,10,665,227,39,6,22,46,5,36,81,8,31,13,12,0,136,9,43,2,406,0,143,232,0
2023/2024,durban north,ethekwini district,ethekwini district,31.04827,-29.77732,0,0,0,0,0,0,0,270,6,0,0,0,0,0,0,0,0,0,0,0,0,10,0,0,0,0,0,0,0,146,255,0
2024/2025,durban north,ethekwini district,ethekwini district,31.04827,-29.77732,0,0,0,0,0,0,0,161,5,0,0,0,0,0,0,0,0,0,0,0,0,9,0,0,0,0,0,0,0,123,204,0
2008/2009,durbanville,city of cape town,city of cape town,18.64929,-33.83389,1167,3,118,13,2,0,136,929,2,180,229,45,12,80,307,10,1,353,16,36,12,13,1,51,8,53,0,68,8,259,414,0
2009/2010,durbanville,city of cape town,city of cape town,18.64929,-33.83389,1096,5,122,8,2,0,127,772,2,213,237,45,16,89,309,10,1,285,9,37,8,26,2,72,7,56,0,73,5,240,282,0
2010/2011,durbanville,city of cape town,city of cape town,18.64929,-33.83389,1091,3,153,7,2,0,125,891,1,233,205,46,16,120,311,12,1,273,7,33,9,24,1,63,6,51,0,71,7,232,460,0
2011/2012,durbanville,city of cape town,city of cape town,18.64929,-33.83389,1136,8,119,7,3,0,120,1059,4,288,197,54,4,228,420,10,1,257,13,36,14,37,0,97,11,52,2,51,10,239,506,0
2012/2013,durbanville,city of cape town,city of cape town,18.64929,-33.83389,1064,2,116,7,2,0,99,1353,2,338,211,77,8,242,457,14,1,243,10,34,23,60,0,144,5,45,0,52,13,205,604,1
2013/2014,durbanville,city of cape town,city of cape town,18.64929,-33.83389,1007,1,142,10,1,0,150,1185,2,238,220,66,7,233,551,5,13,198,10,22,28,43,0,144,8,32,0,38,4,170,533,1
2014/2015,durbanville,city of cape town,city of cape town,18.64929,-33.83389,990,2,147,9,3,0,193,785,3,203,231,61,9,205,556,12,21,222,10,19,27,30,0,149,4,31,1,62,12,118,484,1
2015/2016,durbanville,city of cape town,city of cape town,18.64929,-33.83389,929,4,118,4,3,0,117,581,3,204,295,77,7,210,797,12,14,238,7,24,12,33,0,143,7,35,2,58,4,99,466,0
2016/2017,durbanville,city of cape town,city of cape town,18.64929,-33.83389,907,3,71,12,2,0,117,557,6,203,219,75,7,221,960,13,23,213,12,28,28,26,0,132,13,44,0,35,7,80,438,0
2017/2018,durbanville,city of cape town,city of cape town,18.64929,-33.83389,866,0,79,8,0,0,136,489,7,221,177,74,7,208,934,9,21,244,22,38,29,34,1,174,11,50,1,29,10,67,454,0
2018/2019,durbanville,city of cape town,city of cape town,18.64929,-33.83389,658,2,50,7,0,0,156,497,5,279,200,43,7,174,783,21,12,229,9,17,21,42,0,155,12,30,2,30,1,82,379,1
2019/2020,durbanville,city of cape town,city of cape town,18.64929,-33.83389,625,2,64,10,2,0,127,481,8,225,132,53,7,171,456,13,25,207,21,27,17,36,0,146,10,40,0,56,1,70,366,1
2020/2021,durbanville,city of cape town,city of cape town,18.64929,-33.83389,601,2,61,9,2,0,120,411,10,319,185,34,7,52,265,5,25,216,17,35,33,33,0,165,17,55,2,48,6,53,309,2
2021/2022,durbanville,city of cape town,city of cape town,18.64929,-33.83389,672,1,71,11,2,0,124,429,8,472,258,53,12,28,816,8,14,236,25,31,17,49,0,176,15,55,1,54,7,56,301,0
2022/2023,durbanville,city of cape town,city of cape town,18.64929,-33.83389,751,3,70,23,1,0,159,466,9,539,329,78,6,30,771,9,22,297,20,39,14,36,0,150,7,47,3,61,2,94,424,0
2023/2024,durbanville,city of cape town district,city of cape town district,18.64929,-33.83389,0,0,0,0,0,0,0,490,4,0,0,0,0,0,0,0,0,0,0,0,0,58,0,0,0,0,0,0,0,84,479,0
2024/2025,durbanville,city of cape town district,city of cape town district,18.64929,-33.83389,0,0,0,0,0,0,0,341,16,0,0,0,0,0,0,0,0,0,0,0,0,46,0,0,0,0,0,0,0,83,480,0
2008/2009,dutywa,mbhashe,amathole,28.30797,-32.10058,103,5,206,22,2,0,48,139,5,51,54,21,5,12,112,32,1,56,46,90,18,26,0,79,2,97,0,48,76,26,35,0
2009/2010,dutywa,mbhashe,amathole,28.30797,-32.10058,120,4,199,22,0,0,35,123,4,79,73,26,10,75,146,24,1,81,54,77,16,18,0,71,2,85,0,42,88,31,38,0
2010/2011,dutywa,mbhashe,amathole,28.30797,-32.10058,113,6,191,11,1,0,53,122,8,61,72,3,4,38,238,17,1,67,49,78,13,11,3,56,2,83,0,30,83,31,46,1
2011/2012,dutywa,mbhashe,amathole,28.30797,-32.10058,127,8,192,6,1,0,80,119,4,141,61,13,6,24,287,26,1,61,66,119,12,7,0,56,8,128,0,35,76,29,59,1
2012/2013,dutywa,mbhashe,amathole,28.30797,-32.10058,110,8,191,22,1,0,84,137,14,100,49,12,7,20,291,45,1,67,57,98,23,23,2,82,14,114,0,38,65,26,78,3
2013/2014,dutywa,mbhashe,amathole,28.30797,-32.10058,146,9,166,13,0,0,89,119,7,99,43,9,6,36,310,49,21,51,58,115,39,29,0,119,12,127,0,44,73,28,56,1
2014/2015,dutywa,mbhashe,amathole,28.30797,-32.10058,147,5,205,15,2,0,98,115,5,80,69,13,6,12,354,37,25,78,58,107,50,15,0,127,19,128,0,32,82,30,57,1
2015/2016,dutywa,mbhashe,amathole,28.30797,-32.10058,131,7,195,23,0,0,88,137,12,95,69,18,7,23,347,34,23,87,57,118,30,23,0,118,12,131,0,23,75,21,46,3
2016/2017,dutywa,mbhashe,amathole,28.30797,-32.10058,199,10,226,34,2,0,105,200,10,98,89,19,7,31,293,40,22,119,68,132,44,22,0,123,2,137,0,29,54,24,74,1
2017/2018,dutywa,mbhashe,amathole,28.30797,-32.10058,221,9,243,23,1,0,89,206,14,95,97,21,5,15,292,35,24,95,79,109,29,14,0,111,15,128,0,47,42,11,73,4
2018/2019,dutywa,mbhashe,amathole,28.30797,-32.10058,168,8,232,24,0,0,90,176,6,90,83,25,4,3,277,34,3,89,73,108,20,10,2,82,10,120,0,40,107,33,91,0
2019/2020,dutywa,mbhashe,amathole,28.30797,-32.10058,168,9,237,31,2,0,61,185,11,127,96,18,4,12,194,63,14,99,63,143,27,28,0,133,3,150,0,44,126,18,82,5
2020/2021,dutywa,mbhashe,amathole,28.30797,-32.10058,164,9,231,39,2,0,74,151,10,135,96,15,4,2,131,42,23,108,77,122,30,36,2,118,17,143,0,14,89,16,63,0
2021/2022,dutywa,mbhashe,amathole,28.30797,-32.10058,131,6,226,46,2,0,72,153,15,139,163,11,7,21,104,18,14,93,87,112,24,18,0,100,19,134,0,22,88,26,49,1
2022/2023,dutywa,mbhashe,amathole,28.30797,-32.10058,139,5,270,39,7,0,113,134,19,90,127,19,4,16,94,19,23,106,119,152,34,24,4,134,10,171,0,17,98,23,65,4
2023/2024,dutywa,amathole district,amathole district,28.30797,-32.10058,0,0,0,0,0,0,0,118,13,0,0,0,0,0,0,0,0,0,0,0,0,18,0,0,0,0,0,0,0,12,35,0
2024/2025,dutywa,amathole district,amathole district,28.30797,-32.10058,0,0,0,0,0,0,0,144,9,0,0,0,0,0,0,0,0,0,0,0,0,24,0,0,0,0,0,0,0,12,33,0
2008/2009,dwaalboom,thabazimbi,waterberg,26.80808,-24.72708,30,0,5,1,0,0,2,8,0,1,14,2,7,2,1,1,1,3,0,2,0,2,0,2,0,3,0,1,3,2,1,0
2009/2010,dwaalboom,thabazimbi,waterberg,26.80808,-24.72708,30,0,13,0,1,0,1,10,0,0,13,1,6,0,1,0,1,3,1,2,0,0,0,0,0,3,0,0,12,0,0,0
2010/2011,dwaalboom,thabazimbi,waterberg,26.80808,-24.72708,37,0,8,0,0,0,2,13,0,1,8,1,7,0,1,0,1,5,1,2,0,1,0,1,0,3,0,0,5,1,1,0
2011/2012,dwaalboom,thabazimbi,waterberg,26.80808,-24.72708,28,0,12,0,0,0,3,5,0,1,10,0,6,0,1,2,1,2,1,2,0,1,0,1,0,2,0,0,7,1,1,0
2012/2013,dwaalboom,thabazimbi,waterberg,26.80808,-24.72708,13,0,7,0,0,0,0,10,0,1,7,0,6,0,7,0,1,2,0,1,0,1,0,1,1,2,0,0,6,1,0,0
2013/2014,dwaalboom,thabazimbi,waterberg,26.80808,-24.72708,15,0,8,1,0,0,2,9,0,0,5,0,6,0,5,1,13,2,0,4,0,1,0,1,0,4,0,0,4,1,0,0
2014/2015,dwaalboom,thabazimbi,waterberg,26.80808,-24.72708,12,1,5,0,0,0,2,9,0,1,11,0,6,0,14,0,13,0,1,0,0,0,0,0,1,1,0,0,11,2,3,0
2015/2016,dwaalboom,thabazimbi,waterberg,26.80808,-24.72708,38,2,7,0,0,0,1,12,0,1,14,0,6,0,3,0,12,4,0,2,0,0,0,0,0,2,0,0,5,1,0,0
2016/2017,dwaalboom,thabazimbi,waterberg,26.80808,-24.72708,23,0,10,1,0,0,1,15,0,2,7,1,6,6,10,1,13,3,2,0,0,2,0,2,0,0,0,0,7,0,2,0
2017/2018,dwaalboom,thabazimbi,waterberg,26.80808,-24.72708,15,0,3,0,0,0,1,6,0,0,7,0,6,12,32,0,13,3,0,0,0,0,0,0,1,1,0,0,10,2,0,0
2018/2019,dwaalboom,thabazimbi,waterberg,26.80808,-24.72708,118,0,110,1,0,0,29,55,0,4,118,12,6,19,338,6,13,38,2,17,0,0,0,3,4,21,0,0,42,1,8,0
2019/2020,dwaalboom,thabazimbi,waterberg,26.80808,-24.72708,109,1,115,1,0,0,11,33,0,0,115,7,5,11,313,3,13,49,4,6,0,0,0,5,10,19,0,1,45,0,21,0
2020/2021,dwaalboom,thabazimbi,waterberg,26.80808,-24.72708,124,2,80,23,1,0,19,40,0,3,109,7,6,7,179,0,13,42,4,12,1,1,0,10,3,16,0,0,45,0,18,0
2021/2022,dwaalboom,thabazimbi,waterberg,26.80808,-24.72708,111,0,131,4,1,0,20,48,0,4,87,1,6,4,119,2,13,42,4,17,1,0,0,5,5,23,0,0,22,0,7,0
2022/2023,dwaalboom,thabazimbi,waterberg,26.80808,-24.72708,127,3,88,2,0,0,26,71,0,9,111,7,6,3,118,1,12,47,3,12,2,0,0,8,8,20,0,1,29,0,23,0
2023/2024,dwaalboom,waterberg district,waterberg district,26.80808,-24.72708,0,0,0,0,0,0,0,1,0,0,0,0,0,0,0,0,0,0,0,0,0,0,0,0,0,0,0,0,0,0,0,0
2024/2025,dwaalboom,waterberg district,waterberg district,26.80808,-24.72708,0,0,0,0,0,0,0,3,0,0,0,0,0,0,0,0,0,0,0,0,0,0,0,0,0,0,0,0,0,0,0,0
2023/2024,dwarsberg,bojanala district,bojanala district,,,0,0,0,0,0,0,0,0,0,0,0,0,0,0,0,0,0,0,0,0,0,0,0,0,0,0,0,0,0,0,0,0
2024/2025,dwarsberg,bojanala district,bojanala district,,,0,0,0,0,0,0,0,0,0,0,0,0,0,0,0,0,0,0,0,0,0,0,0,0,0,0,0,0,0,0,0,0
2008/2009,dysselsdorp,oudtshoorn,garden route,22.43322,-33.57277,42,0,74,4,2,0,28,32,0,2,61,1,6,35,267,0,1,33,4,14,0,0,0,0,3,19,0,1,23,1,8,0
2009/2010,dysselsdorp,oudtshoorn,garden route,22.43322,-33.57277,40,2,61,4,0,0,29,41,0,0,69,4,4,28,193,1,1,20,5,18,2,0,0,3,5,25,0,0,25,0,6,0
2010/2011,dysselsdorp,oudtshoorn,garden route,22.43322,-33.57277,37,0,72,0,0,0,27,27,0,1,65,2,7,25,186,1,1,12,5,14,0,0,0,0,2,17,0,0,20,0,5,0
2011/2012,dysselsdorp,oudtshoorn,garden route,22.43322,-33.57277,31,0,57,2,1,0,17,22,0,0,67,3,7,16,122,0,1,16,6,7,0,0,0,1,5,14,0,1,25,0,2,0
2012/2013,dysselsdorp,oudtshoorn,garden route,22.43322,-33.57277,61,0,60,1,0,0,19,31,0,0,59,4,6,9,62,1,1,29,6,14,0,0,0,1,5,19,0,1,30,2,9,0
2013/2014,dysselsdorp,oudtshoorn,garden route,22.43322,-33.57277,80,0,88,0,1,0,12,19,0,0,65,3,6,13,99,1,13,34,4,4,1,0,0,6,3,8,0,1,30,0,1,0
2014/2015,dysselsdorp,oudtshoorn,garden route,22.43322,-33.57277,92,1,122,0,0,0,23,43,0,3,74,12,7,14,146,0,13,46,5,7,1,0,0,6,3,11,1,2,29,0,4,0
2015/2016,dysselsdorp,oudtshoorn,garden route,22.43322,-33.57277,90,2,112,2,1,0,39,57,0,2,104,9,6,10,202,0,13,45,3,10,0,0,0,4,6,17,0,1,35,0,7,0
2016/2017,dysselsdorp,oudtshoorn,garden route,22.43322,-33.57277,120,0,101,7,0,0,42,76,0,3,108,9,8,4,191,1,13,53,2,11,0,0,0,3,3,18,1,0,43,0,9,0
2017/2018,dysselsdorp,oudtshoorn,garden route,22.43322,-33.57277,178,3,117,1,0,0,30,75,0,3,131,17,6,6,221,0,12,46,2,11,0,0,0,3,8,19,2,0,18,2,8,0
2018/2019,dysselsdorp,oudtshoorn,garden route,22.43322,-33.57277,118,0,110,1,0,0,29,55,0,4,118,12,6,19,338,6,13,38,2,17,0,0,0,3,4,21,0,0,42,1,8,0
2019/2020,dysselsdorp,oudtshoorn,garden route,22.43322,-33.57277,109,1,115,1,0,0,11,33,0,0,115,7,5,11,313,3,13,49,4,6,0,0,0,5,10,19,0,1,45,0,21,0
2020/2021,dysselsdorp,oudtshoorn,garden route,22.43322,-33.57277,124,2,80,23,1,0,19,40,0,3,109,7,6,7,179,0,13,42,4,12,1,1,0,10,3,16,0,0,45,0,18,0
2021/2022,dysselsdorp,oudtshoorn,garden route,22.43322,-33.57277,111,0,131,4,1,0,20,48,0,4,87,1,6,4,119,2,13,42,4,17,1,0,0,5,5,23,0,0,22,0,7,0
2022/2023,dysselsdorp,oudtshoorn,garden route,22.43322,-33.57277,127,3,88,2,0,0,26,71,0,9,111,7,6,3,118,1,12,47,3,12,2,0,0,8,8,20,0,1,29,0,23,0
2023/2024,dysselsdorp,garden route district,garden route district,22.43322,-33.57277,0,0,0,0,0,0,0,62,0,0,0,0,0,0,0,0,0,0,0,0,0,0,0,0,0,0,0,0,0,0,8,0
2024/2025,dysselsdorp,garden route district,garden route district,22.43322,-33.57277,0,0,0,0,0,0,0,79,0,0,0,0,0,0,0,0,0,0,0,0,0,0,0,0,0,0,0,0,0,0,14,0
2008/2009,east london,buffalo city,buffalo city,27.90288,-33.02058,1892,12,623,25,10,0,635,710,16,769,529,266,19,652,195,14,1,367,64,115,18,18,1,369,10,149,0,565,38,291,607,0
2009/2010,east london,buffalo city,buffalo city,27.90288,-33.02058,1582,22,601,19,11,0,713,742,18,769,490,228,33,784,169,18,1,321,51,134,22,23,2,377,6,166,0,534,26,197,754,2
2010/2011,east london,buffalo city,buffalo city,27.90288,-33.02058,1567,20,577,21,14,0,775,1008,14,663,473,229,37,782,166,13,1,325,50,135,39,26,5,424,4,171,0,548,14,214,799,0
2011/2012,east london,buffalo city,buffalo city,27.90288,-33.02058,1498,10,575,17,16,0,469,1190,14,669,454,201,12,570,253,26,1,392,47,116,43,20,2,498,6,145,6,434,8,242,1054,0
2012/2013,east london,buffalo city,buffalo city,27.90288,-33.02058,1251,8,488,14,7,0,504,839,21,684,437,229,8,604,303,25,1,352,39,127,30,25,1,370,24,162,0,364,22,179,741,0
2013/2014,east london,buffalo city,buffalo city,27.90288,-33.02058,1618,3,420,13,1,0,474,761,18,622,399,246,7,527,311,24,16,392,34,107,64,26,0,440,13,122,1,377,14,166,718,0
2014/2015,east london,buffalo city,buffalo city,27.90288,-33.02058,1394,0,386,13,1,0,317,539,25,435,307,199,6,462,332,24,37,344,30,105,74,19,0,488,10,116,1,287,20,100,664,0
2015/2016,east london,buffalo city,buffalo city,27.90288,-33.02058,1268,3,336,21,0,0,303,637,25,460,211,166,4,356,440,35,17,312,41,115,60,25,0,489,13,130,1,314,17,107,589,0
2016/2017,east london,buffalo city,buffalo city,27.90288,-33.02058,1325,2,335,17,0,0,310,580,22,438,173,167,5,296,502,51,25,348,42,90,63,18,1,465,15,108,0,306,16,101,925,3
2017/2018,east london,buffalo city,buffalo city,27.90288,-33.02058,1276,2,365,16,5,0,380,682,36,499,266,185,6,240,526,39,2,335,42,97,136,29,1,643,19,121,1,381,32,129,887,0
2018/2019,east london,buffalo city,buffalo city,27.90288,-33.02058,1252,8,489,27,4,0,338,587,44,576,343,204,5,238,452,30,5,377,34,139,101,27,0,566,24,170,2,372,26,117,949,2
2019/2020,east london,buffalo city,buffalo city,27.90288,-33.02058,1262,6,469,16,4,0,314,704,31,570,402,281,7,257,264,28,37,291,42,124,66,37,0,505,30,159,1,441,28,105,833,0
2020/2021,east london,buffalo city,buffalo city,27.90288,-33.02058,856,4,405,24,5,0,403,367,32,494,292,116,4,84,198,30,29,290,41,106,86,37,2,428,24,137,0,262,26,52,527,2
2021/2022,east london,buffalo city,buffalo city,27.90288,-33.02058,968,9,438,32,9,0,331,452,73,639,342,151,6,115,191,42,5,293,54,110,165,28,2,543,26,145,1,230,18,74,657,4
2022/2023,east london,buffalo city,buffalo city,27.90288,-33.02058,1067,8,500,30,4,0,576,408,70,553,433,168,4,124,228,52,41,342,41,144,187,53,4,615,22,172,0,338,6,85,893,1
2023/2024,east london,buffalo city district,buffalo city district,27.90288,-33.02058,0,0,0,0,0,0,0,485,62,0,0,0,0,0,0,0,0,0,0,0,0,48,0,0,0,0,0,0,0,78,810,0
2024/2025,east london,buffalo city district,buffalo city district,27.90288,-33.02058,0,0,0,0,0,0,0,349,38,0,0,0,0,0,0,0,0,0,0,0,0,36,0,0,0,0,0,0,0,60,686,0
2008/2009,edenburg,kopanong,xhariep,25.93462,-29.73567,30,0,56,0,5,0,27,26,0,2,58,4,6,2,10,2,1,27,8,13,2,0,0,3,2,20,0,0,71,1,3,0
2009/2010,edenburg,kopanong,xhariep,25.93462,-29.73567,30,0,40,0,0,0,10,36,0,8,49,2,7,6,8,0,1,13,3,16,2,0,0,2,1,18,0,0,38,0,5,0
2010/2011,edenburg,kopanong,xhariep,25.93462,-29.73567,25,1,51,1,1,0,6,46,0,5,56,4,4,4,9,0,1,13,1,13,1,0,0,2,1,17,0,1,40,2,2,0
2011/2012,edenburg,kopanong,xhariep,25.93462,-29.73567,19,0,38,3,1,0,6,51,0,12,67,4,5,4,5,0,1,22,5,8,4,0,0,7,4,16,0,0,48,1,3,0
2012/2013,edenburg,kopanong,xhariep,25.93462,-29.73567,44,4,47,4,0,0,10,45,0,13,68,5,7,8,6,0,1,24,1,21,0,1,0,2,3,25,0,0,51,3,6,0
2013/2014,edenburg,kopanong,xhariep,25.93462,-29.73567,29,1,45,5,2,0,6,28,0,8,76,5,7,8,9,3,13,19,3,17,4,1,0,8,2,22,0,1,58,0,2,0
2014/2015,edenburg,kopanong,xhariep,25.93462,-29.73567,51,1,53,1,2,0,15,38,0,7,57,2,7,8,12,0,13,24,2,6,4,1,0,6,3,12,0,0,60,1,3,0
2015/2016,edenburg,kopanong,xhariep,25.93462,-29.73567,36,0,64,2,0,0,9,64,0,6,47,1,6,2,11,1,13,17,2,10,0,1,0,1,3,13,0,0,55,2,3,0
2016/2017,edenburg,kopanong,xhariep,25.93462,-29.73567,49,1,31,0,0,0,7,47,0,5,44,0,7,8,17,3,13,12,2,3,0,1,0,1,1,5,0,1,77,2,4,0
2017/2018,edenburg,kopanong,xhariep,25.93462,-29.73567,28,0,42,3,1,0,10,49,0,4,37,6,6,8,27,4,13,14,3,5,1,1,0,3,0,6,0,0,67,2,4,0
2018/2019,edenburg,kopanong,xhariep,25.93462,-29.73567,26,2,31,4,0,0,5,24,0,5,40,1,7,6,13,0,13,11,4,11,1,0,0,3,0,12,1,0,76,0,4,0
2019/2020,edenburg,kopanong,xhariep,25.93462,-29.73567,18,0,28,1,1,0,22,22,0,3,27,0,7,0,2,0,13,10,1,9,2,0,0,6,1,12,0,0,71,0,13,0
2020/2021,edenburg,kopanong,xhariep,25.93462,-29.73567,14,2,40,2,0,0,10,24,0,5,26,2,6,1,4,1,13,20,1,12,0,0,0,3,0,12,0,0,81,1,4,1
2021/2022,edenburg,kopanong,xhariep,25.93462,-29.73567,25,0,42,2,1,0,20,47,0,5,30,1,6,1,16,1,13,16,3,10,1,2,0,5,2,13,0,0,46,1,1,0
2022/2023,edenburg,kopanong,xhariep,25.93462,-29.73567,25,0,48,1,0,0,14,45,0,6,34,3,6,1,12,0,13,24,2,7,0,1,0,4,2,9,0,1,50,0,8,0
2023/2024,edenburg,xhariep district,xhariep district,25.93462,-29.73567,0,0,0,0,0,0,0,39,0,0,0,0,0,0,0,0,0,0,0,0,0,1,0,0,0,0,0,0,0,0,8,0
2024/2025,edenburg,xhariep district,xhariep district,25.93462,-29.73567,0,0,0,0,0,0,0,32,0,0,0,0,0,0,0,0,0,0,0,0,0,1,0,0,0,0,0,0,0,0,3,0
2008/2009,edenpark,ekurhuleni,ekurhuleni,28.1281,-26.3766,184,12,366,30,15,0,13,208,29,20,154,40,36,51,19,23,1,177,52,90,18,16,0,114,3,124,0,1,0,86,67,1
2009/2010,edenpark,ekurhuleni,ekurhuleni,28.1281,-26.3766,180,14,412,52,13,0,15,278,20,20,230,58,36,63,27,13,1,194,44,104,19,28,0,144,3,136,0,6,0,68,78,4
2010/2011,edenpark,ekurhuleni,ekurhuleni,28.1281,-26.3766,219,19,405,42,9,0,34,358,22,26,242,48,10,39,27,18,1,196,38,107,26,52,0,178,5,127,0,14,0,46,91,2
2011/2012,edenpark,ekurhuleni,ekurhuleni,28.1281,-26.3766,177,11,327,24,8,0,28,280,18,19,188,45,7,65,52,8,1,163,30,73,20,36,0,120,0,82,0,15,0,51,82,0
2012/2013,edenpark,ekurhuleni,ekurhuleni,28.1281,-26.3766,202,13,313,18,8,0,16,345,24,18,202,34,4,54,72,30,1,158,32,89,11,35,0,102,5,104,1,14,0,30,63,1
2013/2014,edenpark,ekurhuleni,ekurhuleni,28.1281,-26.3766,189,14,321,18,5,0,24,306,42,26,248,41,7,58,277,21,25,168,37,101,22,42,0,162,4,111,1,16,0,45,93,1
2014/2015,edenpark,ekurhuleni,ekurhuleni,28.1281,-26.3766,250,15,337,25,3,0,29,346,33,19,239,43,4,30,312,20,2,185,47,95,23,19,0,143,9,109,0,13,1,64,80,0
2015/2016,edenpark,ekurhuleni,ekurhuleni,28.1281,-26.3766,192,17,383,28,7,0,42,319,38,36,275,56,4,40,290,21,28,217,58,81,24,24,0,164,3,93,2,8,2,81,83,1
2016/2017,edenpark,ekurhuleni,ekurhuleni,28.1281,-26.3766,197,9,357,28,2,0,43,351,36,23,264,35,6,81,477,25,16,212,59,70,34,35,0,179,9,81,0,9,4,86,111,0
2017/2018,edenpark,ekurhuleni,ekurhuleni,28.1281,-26.3766,211,7,295,45,1,0,60,343,29,37,272,35,6,80,396,23,24,208,47,71,30,42,0,168,9,81,0,18,5,49,109,0
2018/2019,edenpark,ekurhuleni,ekurhuleni,28.1281,-26.3766,235,7,432,46,4,0,52,277,43,44,362,33,7,57,356,25,24,250,68,86,33,46,0,208,13,104,0,14,2,66,97,0
2019/2020,edenpark,ekurhuleni,ekurhuleni,28.1281,-26.3766,291,3,384,47,4,0,38,252,34,53,319,41,8,100,447,22,2,249,49,57,26,99,0,260,15,80,0,21,1,53,103,1
2020/2021,edenpark,ekurhuleni,ekurhuleni,28.1281,-26.3766,232,6,375,38,3,0,52,216,63,91,355,29,7,86,430,19,25,238,40,91,13,54,0,211,12,107,1,15,5,45,92,4
2021/2022,edenpark,ekurhuleni,ekurhuleni,28.1281,-26.3766,263,3,446,44,5,0,40,181,80,116,397,42,6,78,361,24,39,266,76,74,28,50,2,229,13,92,1,7,1,37,74,2
2022/2023,edenpark,ekurhuleni,ekurhuleni,28.1281,-26.3766,265,2,498,41,6,0,43,222,66,99,388,44,4,41,401,25,67,287,71,85,34,71,1,264,13,106,3,8,3,57,76,3
2023/2024,edenpark,ekurhuleni district,ekurhuleni district,28.1281,-26.3766,0,0,0,0,0,0,0,177,50,0,0,0,0,0,0,0,0,0,0,0,0,51,0,0,0,0,0,0,0,61,76,0
2024/2025,edenpark,ekurhuleni district,ekurhuleni district,28.1281,-26.3766,0,0,0,0,0,0,0,133,87,0,0,0,0,0,0,0,0,0,0,0,0,62,0,0,0,0,0,0,0,32,71,0
2008/2009,edenvale,ekurhuleni,ekurhuleni,28.14885,-26.14829,812,6,84,21,2,0,219,399,83,322,203,99,8,175,30,15,1,299,13,15,63,138,0,441,7,28,0,211,0,545,426,3
2009/2010,edenvale,ekurhuleni,ekurhuleni,28.14885,-26.14829,750,3,64,19,2,2,176,431,95,385,216,104,17,82,23,17,1,338,5,17,80,132,0,435,2,30,0,199,0,500,405,6
2010/2011,edenvale,ekurhuleni,ekurhuleni,28.14885,-26.14829,757,3,55,14,0,0,167,358,97,407,181,82,9,59,33,24,1,277,8,12,64,90,3,379,4,21,0,152,0,451,349,6
2011/2012,edenvale,ekurhuleni,ekurhuleni,28.14885,-26.14829,753,1,83,11,1,0,118,318,45,341,166,65,5,122,87,38,1,233,3,12,37,88,0,250,8,24,4,143,0,348,378,5
2012/2013,edenvale,ekurhuleni,ekurhuleni,28.14885,-26.14829,796,3,56,5,1,0,104,321,38,322,160,63,7,166,105,37,1,165,5,10,29,57,0,189,5,17,4,188,0,302,398,1
2013/2014,edenvale,ekurhuleni,ekurhuleni,28.14885,-26.14829,721,1,47,6,0,0,97,311,46,257,163,64,4,216,302,29,17,141,2,6,32,68,0,239,5,13,1,125,0,298,339,4
2014/2015,edenvale,ekurhuleni,ekurhuleni,28.14885,-26.14829,660,0,58,4,0,0,101,267,34,233,111,66,4,307,311,33,17,125,4,5,25,119,1,258,4,11,2,168,0,324,416,7
2015/2016,edenvale,ekurhuleni,ekurhuleni,28.14885,-26.14829,699,1,44,5,1,0,151,234,57,239,97,41,6,288,330,36,22,81,1,10,36,73,0,236,6,17,0,173,0,299,381,2
2016/2017,edenvale,ekurhuleni,ekurhuleni,28.14885,-26.14829,659,1,57,7,1,0,172,351,50,232,125,58,6,307,319,19,22,67,3,8,48,105,1,301,5,14,1,159,0,313,440,4
2017/2018,edenvale,ekurhuleni,ekurhuleni,28.14885,-26.14829,632,0,35,7,0,0,194,357,40,234,124,58,4,342,284,33,14,108,7,8,48,93,0,299,5,15,1,163,0,225,441,5
2018/2019,edenvale,ekurhuleni,ekurhuleni,28.14885,-26.14829,542,2,56,4,1,0,141,248,37,309,130,62,9,547,193,23,21,121,3,9,57,80,0,270,9,24,4,149,0,290,427,6
2019/2020,edenvale,ekurhuleni,ekurhuleni,28.14885,-26.14829,578,2,56,12,0,0,156,378,77,310,123,56,7,601,106,20,22,119,1,9,38,79,0,314,6,16,3,119,0,260,425,4
2020/2021,edenvale,ekurhuleni,ekurhuleni,28.14885,-26.14829,451,0,35,6,0,0,99,175,44,330,113,52,4,245,74,3,22,60,2,9,34,71,0,231,7,18,0,162,0,163,143,3
2021/2022,edenvale,ekurhuleni,ekurhuleni,28.14885,-26.14829,399,0,54,13,1,0,78,135,54,362,115,62,4,180,110,13,25,94,3,16,38,67,0,244,10,29,0,132,0,121,129,1
2022/2023,edenvale,ekurhuleni,ekurhuleni,28.14885,-26.14829,422,0,55,8,2,0,72,99,29,440,149,72,6,158,165,15,27,123,2,16,36,44,0,199,7,25,0,141,0,122,96,4
2023/2024,edenvale,ekurhuleni district,ekurhuleni district,28.14885,-26.14829,0,0,0,0,0,0,0,148,46,0,0,0,0,0,0,0,0,0,0,0,0,50,0,0,0,0,0,0,0,188,151,0
2024/2025,edenvale,ekurhuleni district,ekurhuleni district,28.14885,-26.14829,0,0,0,0,0,0,0,116,25,0,0,0,0,0,0,0,0,0,0,0,0,51,0,0,0,0,0,0,0,127,244,0
2008/2009,edenville,ngwathe,fezile dabi,27.67408,-27.55535,17,0,25,1,1,0,8,34,0,0,49,1,5,5,2,0,1,5,3,6,0,0,0,0,0,10,0,0,61,1,1,0
2009/2010,edenville,ngwathe,fezile dabi,27.67408,-27.55535,25,0,20,2,0,0,7,23,0,3,55,1,5,2,6,0,1,6,4,6,0,0,0,0,1,10,0,1,40,0,2,0
2010/2011,edenville,ngwathe,fezile dabi,27.67408,-27.55535,17,1,27,1,0,0,7,20,0,1,30,1,7,4,3,0,1,5,0,4,0,0,0,0,1,6,0,0,26,1,1,0
2011/2012,edenville,ngwathe,fezile dabi,27.67408,-27.55535,21,0,19,1,1,0,10,28,0,2,55,0,7,5,11,1,1,9,0,9,2,0,0,2,7,18,0,0,22,0,0,0
2012/2013,edenville,ngwathe,fezile dabi,27.67408,-27.55535,21,0,22,0,1,0,13,19,0,2,48,1,4,1,49,0,1,10,0,4,1,1,0,2,3,10,0,0,24,1,1,0
2013/2014,edenville,ngwathe,fezile dabi,27.67408,-27.55535,21,2,30,2,1,0,7,22,0,0,41,2,6,4,28,0,13,15,0,3,3,0,0,3,2,6,0,0,36,2,0,0
2014/2015,edenville,ngwathe,fezile dabi,27.67408,-27.55535,19,1,48,3,1,0,4,17,0,6,48,3,6,8,20,1,13,16,2,6,1,1,0,3,2,9,0,0,26,4,1,0
2015/2016,edenville,ngwathe,fezile dabi,27.67408,-27.55535,25,1,35,0,1,0,10,39,0,1,40,1,6,2,22,2,13,9,1,6,4,1,0,5,2,9,0,0,33,4,0,0
2016/2017,edenville,ngwathe,fezile dabi,27.67408,-27.55535,23,2,35,0,0,0,4,27,0,2,41,3,6,4,37,4,13,12,0,10,1,1,0,2,2,12,0,0,19,1,0,0
2017/2018,edenville,ngwathe,fezile dabi,27.67408,-27.55535,15,0,23,0,0,0,6,12,0,0,38,4,7,13,41,0,13,13,3,6,0,0,0,0,0,7,0,0,29,3,0,0
2018/2019,edenville,ngwathe,fezile dabi,27.67408,-27.55535,11,0,27,0,0,0,15,11,1,3,33,3,7,5,16,1,12,11,0,6,4,1,0,6,2,9,0,0,37,1,1,0
2019/2020,edenville,ngwathe,fezile dabi,27.67408,-27.55535,16,0,28,1,0,0,12,13,0,3,32,1,7,2,3,1,13,7,0,1,2,1,0,3,4,6,0,0,29,0,0,0
2020/2021,edenville,ngwathe,fezile dabi,27.67408,-27.55535,26,0,19,2,0,0,11,27,0,4,35,2,6,1,6,0,13,5,1,3,0,3,0,4,1,4,0,0,19,0,2,0
2021/2022,edenville,ngwathe,fezile dabi,27.67408,-27.55535,30,1,16,0,0,0,10,14,0,3,52,0,6,3,2,0,12,15,1,7,0,0,0,0,2,9,0,0,8,2,2,0
2022/2023,edenville,ngwathe,fezile dabi,27.67408,-27.55535,22,0,28,0,0,0,9,14,0,4,46,1,6,1,4,0,13,8,1,4,0,0,0,0,0,4,0,0,6,2,2,0
2023/2024,edenville,fezile dabi district,fezile dabi district,27.67408,-27.55535,0,0,0,0,0,0,0,28,0,0,0,0,0,0,0,0,0,0,0,0,0,0,0,0,0,0,0,0,0,0,2,0
2024/2025,edenville,fezile dabi district,fezile dabi district,27.67408,-27.55535,0,0,0,0,0,0,0,26,0,0,0,0,0,0,0,0,0,0,0,0,0,0,0,0,0,0,0,0,0,0,1,0
2008/2009,eendekuil,bergrivier,west coast,18.882,-32.6894,18,0,18,0,0,0,4,4,0,1,29,0,7,0,28,0,1,5,5,7,0,0,0,1,2,10,0,0,1,1,0,0
2009/2010,eendekuil,bergrivier,west coast,18.882,-32.6894,8,0,21,0,0,0,2,8,0,2,28,0,6,1,36,0,1,4,1,3,0,0,0,0,2,5,0,1,6,0,1,0
2010/2011,eendekuil,bergrivier,west coast,18.882,-32.6894,19,1,31,0,1,0,4,5,0,0,32,1,6,1,24,0,1,8,0,6,0,0,0,0,5,12,0,0,3,0,1,0
2011/2012,eendekuil,bergrivier,west coast,18.882,-32.6894,12,2,25,0,0,0,0,14,0,1,31,0,6,2,25,0,1,6,0,8,0,0,0,0,1,9,0,0,2,0,6,0
2012/2013,eendekuil,bergrivier,west coast,18.882,-32.6894,12,0,31,1,0,0,3,5,0,0,34,0,6,1,34,1,1,8,0,4,0,0,0,0,0,4,0,0,4,0,1,0
2013/2014,eendekuil,bergrivier,west coast,18.882,-32.6894,11,0,36,1,2,0,6,9,0,1,33,1,6,0,31,3,13,11,1,2,1,0,0,1,0,4,0,0,0,0,1,0
2014/2015,eendekuil,bergrivier,west coast,18.882,-32.6894,11,0,31,0,1,0,5,5,0,0,27,1,7,1,49,1,13,5,0,8,0,0,0,0,1,11,0,2,1,0,3,0
2015/2016,eendekuil,bergrivier,west coast,18.882,-32.6894,22,0,24,0,1,0,8,4,0,4,34,0,6,4,39,0,13,7,1,4,0,0,0,0,3,8,0,0,5,0,1,0
2016/2017,eendekuil,bergrivier,west coast,18.882,-32.6894,18,1,16,0,0,0,7,4,0,1,38,1,6,5,71,0,13,9,2,2,0,0,0,0,5,7,0,0,1,0,2,0
2017/2018,eendekuil,bergrivier,west coast,18.882,-32.6894,15,0,24,0,1,0,7,13,0,4,27,0,6,12,64,0,12,13,3,2,0,0,0,0,0,3,0,0,1,0,1,0
2018/2019,eendekuil,bergrivier,west coast,18.882,-32.6894,15,1,25,0,1,0,3,6,0,2,27,1,6,5,34,0,21,12,2,6,0,0,0,0,0,7,0,1,1,0,2,0
2019/2020,eendekuil,bergrivier,west coast,18.882,-32.6894,20,0,26,0,0,0,6,10,0,2,37,1,7,13,69,0,13,10,2,6,0,0,0,0,3,10,0,0,4,2,3,0
2020/2021,eendekuil,bergrivier,west coast,18.882,-32.6894,14,0,8,0,0,0,6,8,0,2,27,0,6,5,62,1,13,6,0,8,0,0,0,1,0,8,0,0,4,0,3,0
2021/2022,eendekuil,bergrivier,west coast,18.882,-32.6894,11,0,14,0,1,0,2,6,0,2,26,0,6,8,37,0,13,8,0,5,0,0,0,0,2,8,0,0,1,0,3,0
2022/2023,eendekuil,bergrivier,west coast,18.882,-32.6894,37,2,25,1,0,0,1,13,0,3,33,2,6,12,50,0,12,10,1,4,0,0,0,0,6,10,0,1,1,0,2,0
2023/2024,eendekuil,west coast district,west coast district,18.882,-32.6894,0,0,0,0,0,0,0,7,0,0,0,0,0,0,0,0,0,0,0,0,0,0,0,0,0,0,0,0,0,0,1,0
2024/2025,eendekuil,west coast district,west coast district,18.882,-32.6894,0,0,0,0,0,0,0,6,0,0,0,0,0,0,0,0,0,0,0,0,0,0,0,0,0,0,0,0,0,0,3,0
2008/2009,eersterust,city of tshwane,city of tshwane,28.3189,-25.70602,350,4,259,85,0,0,29,269,15,12,190,71,16,11,39,12,1,195,20,25,8,17,0,102,5,40,0,18,0,29,92,0
2009/2010,eersterust,city of tshwane,city of tshwane,28.3189,-25.70602,353,7,302,55,5,0,23,199,10,18,174,81,12,18,51,25,1,172,13,29,4,20,1,100,8,49,0,26,0,31,105,1
2010/2011,eersterust,city of tshwane,city of tshwane,28.3189,-25.70602,346,6,220,28,0,0,15,211,5,20,150,107,4,12,37,11,1,139,3,27,2,9,0,54,4,33,0,21,0,20,122,0
2011/2012,eersterust,city of tshwane,city of tshwane,28.3189,-25.70602,314,3,161,11,2,0,24,151,6,12,180,80,7,3,53,10,1,128,3,19,2,5,0,59,2,24,2,9,0,9,164,0
2012/2013,eersterust,city of tshwane,city of tshwane,28.3189,-25.70602,293,4,129,12,0,0,33,192,3,10,174,45,8,14,159,5,1,136,11,18,2,1,1,42,1,23,2,17,0,23,142,0
2013/2014,eersterust,city of tshwane,city of tshwane,28.3189,-25.70602,239,1,101,11,0,0,29,261,5,9,131,51,6,10,488,16,21,107,9,11,7,2,0,46,3,14,0,5,0,12,119,0
2014/2015,eersterust,city of tshwane,city of tshwane,28.3189,-25.70602,218,2,91,7,0,0,33,151,9,6,102,40,6,30,430,18,13,90,5,16,19,2,0,61,2,18,0,18,0,10,93,0
2015/2016,eersterust,city of tshwane,city of tshwane,28.3189,-25.70602,250,2,98,16,0,0,24,188,9,11,108,50,7,52,409,20,12,79,5,5,12,2,0,39,4,10,0,12,0,17,92,0
2016/2017,eersterust,city of tshwane,city of tshwane,28.3189,-25.70602,206,0,69,17,0,0,36,183,6,12,128,36,7,44,443,23,21,93,8,9,15,2,0,64,0,10,0,12,0,15,94,0
2017/2018,eersterust,city of tshwane,city of tshwane,28.3189,-25.70602,231,1,63,11,0,0,34,185,9,17,173,54,6,38,384,6,17,82,6,8,17,3,1,68,5,13,0,6,0,24,122,0
2018/2019,eersterust,city of tshwane,city of tshwane,28.3189,-25.70602,284,4,104,12,0,0,57,176,11,17,209,43,4,41,316,13,22,127,4,9,18,2,0,87,5,16,0,11,0,10,95,0
2019/2020,eersterust,city of tshwane,city of tshwane,28.3189,-25.70602,326,2,117,15,0,0,32,144,13,35,276,58,7,29,437,10,25,148,10,18,21,3,0,83,7,26,0,4,0,15,89,1
2020/2021,eersterust,city of tshwane,city of tshwane,28.3189,-25.70602,305,3,100,8,0,0,33,86,21,46,281,60,5,16,326,1,25,159,2,21,27,5,0,112,4,28,0,10,0,16,79,0
2021/2022,eersterust,city of tshwane,city of tshwane,28.3189,-25.70602,391,6,160,27,0,0,22,76,39,60,312,56,7,19,370,13,24,207,11,11,19,3,0,212,10,22,4,5,0,11,66,1
2022/2023,eersterust,city of tshwane,city of tshwane,28.3189,-25.70602,335,3,195,14,0,0,24,106,27,52,338,85,6,7,400,3,2,188,4,15,18,4,0,186,9,24,3,5,0,13,86,3
2023/2024,eersterust,tshwane district,tshwane district,28.3189,-25.70602,0,0,0,0,0,0,0,116,28,0,0,0,0,0,0,0,0,0,0,0,0,3,0,0,0,0,0,0,0,15,57,0
2024/2025,eersterust,tshwane district,tshwane district,28.3189,-25.70602,0,0,0,0,0,0,0,106,37,0,0,0,0,0,0,0,0,0,0,0,0,1,0,0,0,0,0,0,0,15,90,0
2008/2009,ekangala,city of tshwane,city of tshwane,28.74155,-25.69136,206,11,229,25,10,0,20,276,7,9,111,60,4,12,34,3,1,98,10,42,13,10,0,70,1,55,0,3,3,16,33,0
2009/2010,ekangala,city of tshwane,city of tshwane,28.74155,-25.69136,207,11,229,19,7,0,31,219,14,12,233,59,17,24,52,9,1,114,10,47,21,7,0,71,1,64,0,5,4,47,52,0
2010/2011,ekangala,city of tshwane,city of tshwane,28.74155,-25.69136,196,8,228,20,5,0,65,274,2,9,187,68,8,41,58,13,1,109,8,40,29,18,0,92,1,50,0,1,3,28,37,1
2011/2012,ekangala,city of tshwane,city of tshwane,28.74155,-25.69136,164,6,216,11,5,0,67,159,5,12,126,45,5,32,108,8,1,100,11,39,41,9,0,75,5,52,0,3,2,17,55,0
2012/2013,ekangala,city of tshwane,city of tshwane,28.74155,-25.69136,175,12,202,8,4,0,91,226,4,23,123,58,7,26,245,7,1,112,7,42,34,19,0,71,2,49,0,9,5,31,39,0
2013/2014,ekangala,city of tshwane,city of tshwane,28.74155,-25.69136,198,4,151,13,3,0,57,247,7,18,124,45,4,23,222,8,17,77,11,23,29,14,0,80,3,31,0,22,9,19,42,2
2014/2015,ekangala,city of tshwane,city of tshwane,28.74155,-25.69136,234,4,233,21,4,0,73,275,16,23,136,72,5,14,153,12,25,141,4,24,50,12,0,112,5,36,0,8,3,40,39,4
2015/2016,ekangala,city of tshwane,city of tshwane,28.74155,-25.69136,185,6,257,15,3,0,42,193,19,19,140,57,7,10,107,6,37,134,9,27,53,12,0,123,3,34,0,11,6,36,35,2
2016/2017,ekangala,city of tshwane,city of tshwane,28.74155,-25.69136,259,1,153,9,0,0,72,229,27,16,193,56,7,47,40,12,28,117,4,41,28,7,0,120,4,46,0,21,16,39,23,3
2017/2018,ekangala,city of tshwane,city of tshwane,28.74155,-25.69136,213,1,102,13,1,0,40,171,26,11,215,61,7,49,31,6,23,91,12,22,11,28,0,86,12,36,0,15,17,42,28,0
2018/2019,ekangala,city of tshwane,city of tshwane,28.74155,-25.69136,177,2,93,14,0,0,69,186,9,14,223,43,6,51,40,7,27,102,13,45,21,10,0,80,7,52,0,8,11,35,40,0
2019/2020,ekangala,city of tshwane,city of tshwane,28.74155,-25.69136,244,1,69,17,0,0,67,140,14,21,251,67,7,21,42,6,21,109,9,31,30,19,0,116,5,37,1,33,8,34,30,0
2020/2021,ekangala,city of tshwane,city of tshwane,28.74155,-25.69136,142,1,85,12,0,0,79,110,14,29,225,27,7,18,44,5,21,99,11,39,23,8,0,71,4,44,0,24,17,11,25,0
2021/2022,ekangala,city of tshwane,city of tshwane,28.74155,-25.69136,184,0,88,19,1,0,58,100,11,34,186,21,6,21,47,4,2,90,8,32,18,6,0,68,7,40,0,17,12,11,14,2
2022/2023,ekangala,city of tshwane,city of tshwane,28.74155,-25.69136,169,0,89,12,0,0,57,136,16,43,239,37,6,31,43,3,3,122,15,42,22,12,0,81,7,49,0,21,13,13,33,0
2023/2024,ekangala,tshwane district,tshwane district,28.74155,-25.69136,0,0,0,0,0,0,0,106,15,0,0,0,0,0,0,0,0,0,0,0,0,25,0,0,0,0,0,0,0,10,25,0
2024/2025,ekangala,tshwane district,tshwane district,28.74155,-25.69136,0,0,0,0,0,0,0,100,28,0,0,0,0,0,0,0,0,0,0,0,0,15,0,0,0,0,0,0,0,15,25,0
2008/2009,ekombe,nkandla,king cetshwayo,30.8973,-28.64461,26,3,53,3,0,0,12,20,2,0,14,3,6,0,13,10,1,9,21,16,1,0,0,17,1,17,0,0,40,1,2,1
2009/2010,ekombe,nkandla,king cetshwayo,30.8973,-28.64461,17,4,80,11,0,0,14,21,0,0,7,3,6,0,61,28,1,10,18,29,2,5,0,14,2,31,0,0,24,0,4,0
2010/2011,ekombe,nkandla,king cetshwayo,30.8973,-28.64461,23,7,91,20,0,0,14,11,0,3,25,10,4,0,30,35,1,18,12,38,0,3,0,13,0,40,0,0,31,4,5,0
2011/2012,ekombe,nkandla,king cetshwayo,30.8973,-28.64461,20,2,74,17,0,0,14,17,1,2,10,5,6,1,19,29,1,9,15,31,4,5,0,15,0,31,0,0,53,1,5,0
2012/2013,ekombe,nkandla,king cetshwayo,30.8973,-28.64461,24,3,79,13,0,0,20,17,1,1,19,5,6,1,46,20,1,7,17,18,0,6,0,8,1,19,0,0,28,0,4,0
2013/2014,ekombe,nkandla,king cetshwayo,30.8973,-28.64461,31,3,90,14,0,0,30,27,2,1,21,5,7,1,54,61,12,14,21,16,2,1,0,16,1,18,0,0,29,1,2,0
2014/2015,ekombe,nkandla,king cetshwayo,30.8973,-28.64461,33,4,80,11,0,0,20,24,0,2,20,5,6,3,83,74,23,16,21,12,5,6,0,18,0,12,0,0,42,0,11,0
2015/2016,ekombe,nkandla,king cetshwayo,30.8973,-28.64461,31,4,98,12,0,0,19,12,1,4,32,4,6,1,60,36,13,20,17,24,2,11,0,20,2,26,0,0,29,0,2,0
2016/2017,ekombe,nkandla,king cetshwayo,30.8973,-28.64461,26,4,97,11,0,0,26,25,0,4,19,5,7,3,35,17,23,12,16,23,4,11,0,27,5,29,0,0,47,2,1,0
2017/2018,ekombe,nkandla,king cetshwayo,30.8973,-28.64461,32,3,71,15,0,0,20,37,0,5,21,0,7,3,38,38,12,14,26,22,0,10,0,15,7,30,0,0,41,1,4,0
2018/2019,ekombe,nkandla,king cetshwayo,30.8973,-28.64461,26,6,96,13,0,0,27,26,0,2,15,0,6,1,30,82,21,17,11,23,4,12,0,19,5,28,0,0,32,1,2,0
2019/2020,ekombe,nkandla,king cetshwayo,30.8973,-28.64461,19,3,111,11,1,0,34,28,1,7,13,1,6,1,17,88,23,18,19,32,2,7,1,26,2,35,0,0,31,0,7,0
2020/2021,ekombe,nkandla,king cetshwayo,30.8973,-28.64461,38,2,85,22,0,0,15,25,0,5,17,7,7,1,4,55,12,13,28,26,3,12,0,18,7,34,0,0,25,1,1,0
2021/2022,ekombe,nkandla,king cetshwayo,30.8973,-28.64461,23,3,107,17,0,0,24,20,0,7,18,2,6,0,3,29,14,19,20,23,3,7,0,23,4,27,0,0,38,1,2,0
2022/2023,ekombe,nkandla,king cetshwayo,30.8973,-28.64461,30,0,119,14,0,0,22,16,2,7,14,2,7,0,0,21,17,14,15,39,0,6,0,9,2,42,0,0,27,3,8,0
2023/2024,ekombe,king cetshwayo district,king cetshwayo district,30.8973,-28.64461,0,0,0,0,0,0,0,12,2,0,0,0,0,0,0,0,0,0,0,0,0,19,0,0,0,0,0,0,0,1,2,0
2024/2025,ekombe,king cetshwayo district,king cetshwayo district,30.8973,-28.64461,0,0,0,0,0,0,0,17,0,0,0,0,0,0,0,0,0,0,0,0,0,12,0,0,0,0,0,0,0,0,1,0
2008/2009,ekulindeni,chief albert luthuli,gert sibande,31.01682,-26.0496,8,0,23,0,0,0,2,17,0,3,5,1,6,3,20,0,1,4,0,5,1,0,0,1,0,5,0,0,5,0,2,0
2009/2010,ekulindeni,chief albert luthuli,gert sibande,31.01682,-26.0496,4,2,9,0,0,0,0,13,0,3,1,0,6,1,6,0,1,5,1,4,0,1,0,1,2,6,0,0,3,1,0,0
2010/2011,ekulindeni,chief albert luthuli,gert sibande,31.01682,-26.0496,6,0,14,1,0,0,1,13,0,1,1,1,6,3,25,0,1,2,0,2,2,0,0,4,0,2,0,0,4,0,2,0
2011/2012,ekulindeni,chief albert luthuli,gert sibande,31.01682,-26.0496,11,0,10,0,0,0,4,9,0,4,1,1,6,5,9,0,1,2,0,4,0,0,0,0,2,6,0,0,1,0,2,0
2012/2013,ekulindeni,chief albert luthuli,gert sibande,31.01682,-26.0496,3,0,13,0,1,0,0,10,0,0,0,1,6,2,36,0,1,3,1,5,2,1,0,3,0,6,0,0,0,0,0,0
2013/2014,ekulindeni,chief albert luthuli,gert sibande,31.01682,-26.0496,10,0,23,0,0,0,2,19,0,0,4,1,6,0,26,0,13,2,4,0,1,1,0,2,0,0,0,0,1,0,2,0
2014/2015,ekulindeni,chief albert luthuli,gert sibande,31.01682,-26.0496,6,1,28,0,1,0,2,15,0,0,2,3,6,3,34,0,13,1,0,6,0,0,0,0,1,8,0,0,3,0,0,0
2015/2016,ekulindeni,chief albert luthuli,gert sibande,31.01682,-26.0496,8,0,20,0,3,0,4,19,0,2,3,2,6,3,25,4,13,1,1,3,1,1,0,4,0,6,0,0,6,1,0,0
2016/2017,ekulindeni,chief albert luthuli,gert sibande,31.01682,-26.0496,5,0,19,1,1,0,3,9,0,1,4,1,6,2,51,0,13,0,0,1,0,0,0,2,0,2,0,0,0,0,1,0
2017/2018,ekulindeni,chief albert luthuli,gert sibande,31.01682,-26.0496,8,2,6,0,0,0,4,14,0,2,5,1,6,0,64,2,13,3,0,5,1,0,0,1,0,5,0,0,0,0,0,0
2018/2019,ekulindeni,chief albert luthuli,gert sibande,31.01682,-26.0496,4,0,21,0,1,0,9,14,0,1,1,2,6,2,37,0,13,4,0,7,0,0,0,0,0,8,0,0,0,0,2,0
2019/2020,ekulindeni,chief albert luthuli,gert sibande,31.01682,-26.0496,7,2,16,0,0,0,7,10,0,1,3,4,6,1,37,0,12,2,2,1,0,1,0,1,0,1,0,0,1,0,0,0
2020/2021,ekulindeni,chief albert luthuli,gert sibande,31.01682,-26.0496,2,0,9,0,0,0,2,17,0,1,3,0,6,2,15,0,13,4,1,4,1,1,0,2,0,4,0,0,4,0,0,0
2021/2022,ekulindeni,chief albert luthuli,gert sibande,31.01682,-26.0496,5,0,14,0,0,0,1,2,0,2,4,1,7,0,12,0,13,7,1,4,1,1,0,3,0,5,0,0,1,0,1,0
2022/2023,ekulindeni,chief albert luthuli,gert sibande,31.01682,-26.0496,8,0,20,1,0,0,0,4,0,0,4,2,6,0,20,1,12,2,3,7,2,0,0,2,0,7,0,0,2,0,0,0
2023/2024,ekulindeni,gert sibande district,gert sibande district,31.01682,-26.0496,0,0,0,0,0,0,0,2,1,0,0,0,0,0,0,0,0,0,0,0,0,2,0,0,0,0,0,0,0,0,1,0
2024/2025,ekulindeni,gert sibande district,gert sibande district,31.01682,-26.0496,0,0,0,0,0,0,0,7,0,0,0,0,0,0,0,0,0,0,0,0,0,3,0,0,0,0,0,0,0,0,0,0
2008/2009,ekuvukeni,alfred duma,uthukela,30.15365,-28.4618,69,10,152,29,2,0,31,109,5,5,89,16,7,2,8,28,1,59,34,53,7,17,0,58,1,57,0,0,104,4,7,0
2009/2010,ekuvukeni,alfred duma,uthukela,30.15365,-28.4618,85,1,167,36,6,0,28,129,4,3,109,13,7,4,7,36,1,79,22,60,6,20,1,71,3,70,0,0,111,2,4,0
2010/2011,ekuvukeni,alfred duma,uthukela,30.15365,-28.4618,84,3,196,21,4,0,15,126,1,3,96,21,4,5,16,64,1,60,30,75,17,24,0,69,0,81,0,0,104,2,8,0
2011/2012,ekuvukeni,alfred duma,uthukela,30.15365,-28.4618,119,2,206,41,9,0,9,110,2,5,114,8,4,8,36,52,1,57,25,48,4,16,0,50,3,62,0,0,105,2,5,2
2012/2013,ekuvukeni,alfred duma,uthukela,30.15365,-28.4618,107,6,172,45,12,0,27,131,3,3,131,17,6,11,20,50,1,65,17,75,16,10,0,56,1,88,0,0,94,4,11,0
2013/2014,ekuvukeni,alfred duma,uthukela,30.15365,-28.4618,226,1,156,36,6,0,35,147,4,1,147,23,7,13,26,74,2,90,15,57,23,17,0,71,2,66,0,0,69,5,21,1
2014/2015,ekuvukeni,alfred duma,uthukela,30.15365,-28.4618,139,5,155,27,12,0,28,172,0,1,162,18,6,25,12,62,25,65,19,68,8,12,0,49,2,82,0,0,96,7,15,2
2015/2016,ekuvukeni,alfred duma,uthukela,30.15365,-28.4618,92,3,175,29,9,0,26,134,2,2,153,24,4,12,6,44,14,72,15,64,7,16,0,49,2,77,1,0,91,10,15,0
2016/2017,ekuvukeni,alfred duma,uthukela,30.15365,-28.4618,95,4,163,30,1,0,40,133,3,3,140,21,6,6,7,23,23,82,14,44,16,7,0,65,2,47,0,7,67,13,18,0
2017/2018,ekuvukeni,alfred duma,uthukela,30.15365,-28.4618,137,5,181,26,5,0,25,128,4,12,128,26,7,29,27,28,14,66,19,43,11,11,0,55,3,52,0,35,50,10,30,1
2018/2019,ekuvukeni,alfred duma,uthukela,30.15365,-28.4618,114,9,225,23,3,0,42,99,1,6,172,26,4,8,18,38,14,90,25,45,21,5,0,52,2,52,0,37,62,7,22,0
2019/2020,ekuvukeni,alfred duma,uthukela,30.15365,-28.4618,105,9,172,24,6,0,25,161,2,25,152,22,6,15,7,23,17,78,30,42,14,13,0,64,8,56,0,51,25,9,8,1
2020/2021,ekuvukeni,alfred duma,uthukela,30.15365,-28.4618,99,1,174,38,3,0,24,95,4,23,152,28,7,0,6,23,2,71,33,53,19,13,0,83,4,61,0,34,25,6,9,2
2021/2022,ekuvukeni,alfred duma,uthukela,30.15365,-28.4618,86,6,185,36,2,0,31,86,4,15,130,16,7,2,1,27,14,79,26,43,12,5,0,68,9,55,0,17,32,4,14,1
2022/2023,ekuvukeni,alfred duma,uthukela,30.15365,-28.4618,129,2,156,33,1,0,27,89,1,22,133,20,6,2,6,26,14,62,38,58,24,9,0,74,6,65,0,65,21,5,8,0
2023/2024,ekuvukeni,uthukela district,uthukela district,30.15365,-28.4618,0,0,0,0,0,0,0,65,4,0,0,0,0,0,0,0,0,0,0,0,0,24,0,0,0,0,0,0,0,4,11,0
2024/2025,ekuvukeni,uthukela district,uthukela district,30.15365,-28.4618,0,0,0,0,0,0,0,88,6,0,0,0,0,0,0,0,0,0,0,0,0,25,0,0,0,0,0,0,0,5,7,0
2008/2009,elands bay,cederberg,west coast,18.34069,-32.31333,11,0,8,0,0,0,0,8,0,0,12,0,6,3,47,0,1,3,1,2,0,0,0,0,0,2,0,0,0,0,1,0
2009/2010,elands bay,cederberg,west coast,18.34069,-32.31333,24,1,29,0,0,0,4,16,0,3,47,0,7,8,39,0,1,7,1,6,0,0,0,0,0,7,0,1,0,0,3,0
2010/2011,elands bay,cederberg,west coast,18.34069,-32.31333,28,0,31,0,0,0,2,11,0,1,40,0,5,3,43,0,1,10,0,7,0,1,0,1,3,13,0,0,2,0,2,0
2011/2012,elands bay,cederberg,west coast,18.34069,-32.31333,20,2,36,1,0,0,2,13,0,2,33,0,6,9,37,0,1,14,0,4,0,0,0,0,2,6,0,0,2,1,3,0
2012/2013,elands bay,cederberg,west coast,18.34069,-32.31333,15,1,46,0,0,0,3,14,0,2,40,1,6,8,68,1,1,6,0,6,0,0,0,0,0,6,0,0,0,0,4,0
2013/2014,elands bay,cederberg,west coast,18.34069,-32.31333,9,1,36,0,0,0,2,8,0,5,31,2,6,4,96,1,13,6,1,9,0,0,0,0,3,12,0,1,2,0,1,0
2014/2015,elands bay,cederberg,west coast,18.34069,-32.31333,10,0,23,0,0,0,2,13,0,2,33,0,6,5,94,0,13,5,0,2,0,0,0,0,0,2,0,1,0,0,1,0
2015/2016,elands bay,cederberg,west coast,18.34069,-32.31333,18,0,21,0,0,0,4,16,0,2,30,0,7,1,101,0,13,10,0,6,0,0,0,0,1,8,0,2,1,0,7,0
2016/2017,elands bay,cederberg,west coast,18.34069,-32.31333,16,0,18,0,1,0,0,12,0,1,25,0,6,1,145,0,13,9,0,4,0,0,0,0,4,9,0,0,2,0,1,0
2017/2018,elands bay,cederberg,west coast,18.34069,-32.31333,14,0,19,1,1,0,3,19,0,1,45,1,6,0,198,3,13,9,1,1,0,0,0,0,2,4,0,1,0,0,4,0
2018/2019,elands bay,cederberg,west coast,18.34069,-32.31333,19,1,13,0,1,0,1,19,0,6,26,1,6,2,161,0,13,6,1,2,1,0,0,1,0,3,0,1,3,0,4,0
2019/2020,elands bay,cederberg,west coast,18.34069,-32.31333,25,0,22,0,1,0,3,21,0,3,37,0,4,0,134,0,13,10,0,0,0,0,0,0,1,4,0,0,2,0,3,0
2020/2021,elands bay,cederberg,west coast,18.34069,-32.31333,28,1,17,0,0,0,3,27,0,3,28,2,6,1,113,0,13,13,2,3,0,0,0,0,0,3,0,0,4,0,8,0
2021/2022,elands bay,cederberg,west coast,18.34069,-32.31333,25,0,17,0,3,0,0,19,0,4,38,0,6,1,62,0,13,12,1,1,1,0,0,1,1,5,0,1,5,0,4,0
2022/2023,elands bay,cederberg,west coast,18.34069,-32.31333,29,0,11,0,0,0,12,33,0,3,22,2,6,1,58,1,13,7,0,2,0,0,0,0,1,3,0,0,2,0,3,0
2023/2024,elands bay,west coast district,west coast district,18.34069,-32.31333,0,0,0,0,0,0,0,24,0,0,0,0,0,0,0,0,0,0,0,0,0,0,0,0,0,0,0,0,0,0,4,0
2024/2025,elands bay,west coast district,west coast district,18.34069,-32.31333,0,0,0,0,0,0,0,14,0,0,0,0,0,0,0,0,0,0,0,0,0,0,0,0,0,0,0,0,0,0,1,0
2008/2009,elands height,elundini,joe gqabi,28.22494,-30.80423,0,0,0,0,0,0,0,0,0,0,0,0,6,0,2,0,1,0,0,0,0,0,0,0,0,0,0,0,2,0,0,0
2009/2010,elands height,elundini,joe gqabi,28.22494,-30.80423,0,0,1,0,0,0,0,1,0,0,0,0,7,0,5,0,1,1,0,0,0,0,0,0,0,1,0,0,0,0,0,0
2010/2011,elands height,elundini,joe gqabi,28.22494,-30.80423,1,0,1,0,0,0,2,3,0,0,0,0,6,0,1,1,1,0,0,0,0,0,0,0,0,0,0,0,0,0,0,0
2011/2012,elands height,elundini,joe gqabi,28.22494,-30.80423,1,0,4,0,0,0,0,0,0,0,0,0,6,0,0,1,1,0,0,0,0,0,0,0,0,0,0,0,0,0,1,0
2012/2013,elands height,elundini,joe gqabi,28.22494,-30.80423,0,0,3,0,0,0,0,1,0,0,0,0,6,0,3,0,1,0,1,0,0,0,0,0,0,0,0,0,2,0,0,0
2013/2014,elands height,elundini,joe gqabi,28.22494,-30.80423,0,0,0,0,0,0,1,2,0,0,0,0,6,0,5,0,13,0,0,0,1,0,0,1,0,0,0,0,1,1,0,0
2014/2015,elands height,elundini,joe gqabi,28.22494,-30.80423,0,0,0,0,0,0,0,2,0,0,0,0,6,0,2,0,13,0,0,0,0,0,0,0,0,0,0,0,1,0,0,0
2015/2016,elands height,elundini,joe gqabi,28.22494,-30.80423,0,0,1,0,0,0,3,1,0,0,0,0,6,0,4,0,13,0,0,0,0,0,0,0,0,0,0,0,0,0,0,0
2016/2017,elands height,elundini,joe gqabi,28.22494,-30.80423,0,0,0,0,0,0,1,1,0,0,3,0,6,0,2,0,13,0,0,0,0,0,0,0,0,0,0,0,0,0,0,0
2017/2018,elands height,elundini,joe gqabi,28.22494,-30.80423,0,0,1,0,0,0,0,0,0,0,0,0,6,0,3,0,13,0,0,0,0,0,0,0,0,0,0,0,0,0,0,0
2018/2019,elands height,elundini,joe gqabi,28.22494,-30.80423,1,0,1,0,0,0,1,0,0,0,0,0,6,0,2,0,13,0,0,0,0,0,0,0,0,0,0,0,1,0,0,0
2019/2020,elands height,elundini,joe gqabi,28.22494,-30.80423,1,0,0,0,0,0,0,0,0,0,0,0,6,0,0,0,13,0,1,1,0,0,0,0,0,1,0,0,3,0,0,0
2020/2021,elands height,elundini,joe gqabi,28.22494,-30.80423,0,0,2,0,0,0,0,1,0,0,1,0,6,0,0,0,13,0,0,0,0,0,0,0,0,0,0,0,2,0,0,0
2021/2022,elands height,elundini,joe gqabi,28.22494,-30.80423,0,0,0,0,0,0,0,0,0,0,0,0,6,0,0,0,13,0,0,0,0,0,0,0,0,0,0,0,1,0,0,0
2022/2023,elands height,elundini,joe gqabi,28.22494,-30.80423,0,0,0,0,0,0,1,0,0,0,0,0,6,0,0,0,13,0,0,0,0,0,0,0,0,0,0,0,1,0,0,0
2023/2024,elands height,joe gqabi district,joe gqabi district,28.22494,-30.80423,0,0,0,0,0,0,0,0,0,0,0,0,0,0,0,0,0,0,0,0,0,0,0,0,0,0,0,0,0,0,0,0
2024/2025,elands height,joe gqabi district,joe gqabi district,28.22494,-30.80423,0,0,0,0,0,0,0,0,0,0,0,0,0,0,0,0,0,0,0,0,0,0,0,0,0,0,0,0,0,0,0,0
2008/2009,elandskraal,modimolle-mookgophong,waterberg,29.41198,-24.71591,59,1,49,8,4,0,22,54,0,3,17,11,6,1,3,3,1,27,1,17,2,2,0,9,1,22,0,0,7,3,6,0
2009/2010,elandskraal,modimolle-mookgophong,waterberg,29.41198,-24.71591,31,0,51,3,1,0,12,50,1,2,34,8,10,6,33,4,1,28,3,19,2,1,1,9,0,26,0,0,18,1,6,0
2010/2011,elandskraal,modimolle-mookgophong,waterberg,29.41198,-24.71591,35,2,34,8,1,0,14,48,0,3,28,4,4,5,43,3,1,21,2,25,2,2,0,6,0,28,0,0,16,1,6,0
2011/2012,elandskraal,modimolle-mookgophong,waterberg,29.41198,-24.71591,32,0,51,2,0,0,19,19,1,1,24,8,6,2,23,0,1,15,1,12,2,0,0,4,2,14,0,0,27,2,5,0
2012/2013,elandskraal,modimolle-mookgophong,waterberg,29.41198,-24.71591,27,0,55,1,0,0,22,23,0,0,9,7,6,5,27,6,1,25,2,16,1,0,0,2,0,16,0,0,14,1,2,0
2013/2014,elandskraal,modimolle-mookgophong,waterberg,29.41198,-24.71591,35,2,36,4,0,0,21,17,0,1,10,3,6,0,36,2,13,13,4,13,4,0,0,5,0,13,0,1,19,0,4,0
2014/2015,elandskraal,modimolle-mookgophong,waterberg,29.41198,-24.71591,24,2,42,1,2,0,12,24,4,1,8,6,6,0,42,1,13,16,2,14,4,1,0,12,0,16,0,0,10,0,2,0
2015/2016,elandskraal,modimolle-mookgophong,waterberg,29.41198,-24.71591,42,5,49,0,0,0,30,23,0,2,18,5,6,0,22,1,12,16,3,11,0,1,0,4,0,11,0,0,9,4,4,0
2016/2017,elandskraal,modimolle-mookgophong,waterberg,29.41198,-24.71591,42,2,40,0,0,0,13,46,1,1,7,5,6,4,38,1,13,18,3,12,2,2,0,7,3,15,0,0,24,4,10,1
2017/2018,elandskraal,modimolle-mookgophong,waterberg,29.41198,-24.71591,38,2,52,4,0,0,15,24,2,3,4,1,6,35,73,2,12,19,4,11,5,5,0,19,2,13,0,0,18,4,6,0
2018/2019,elandskraal,modimolle-mookgophong,waterberg,29.41198,-24.71591,39,2,63,3,0,0,20,30,1,0,13,2,6,20,51,6,12,21,1,14,5,2,0,10,0,14,0,0,32,1,3,0
2019/2020,elandskraal,modimolle-mookgophong,waterberg,29.41198,-24.71591,37,1,52,2,0,0,18,18,2,1,11,4,6,13,17,5,14,24,5,7,2,4,0,16,0,7,0,0,26,0,3,0
2020/2021,elandskraal,modimolle-mookgophong,waterberg,29.41198,-24.71591,38,0,50,5,0,0,17,22,3,2,21,5,6,14,16,1,13,17,3,14,7,4,0,20,1,15,0,0,40,3,8,0
2021/2022,elandskraal,modimolle-mookgophong,waterberg,29.41198,-24.71591,49,1,51,4,0,0,19,38,4,4,18,5,6,3,11,1,14,14,6,17,6,6,0,19,1,18,0,0,32,10,6,0
2022/2023,elandskraal,modimolle-mookgophong,waterberg,29.41198,-24.71591,55,0,78,6,1,0,16,41,2,5,25,6,6,4,26,2,14,23,3,12,3,7,0,14,5,18,4,0,22,3,5,0
2023/2024,elandskraal,sekhukhune district,sekhukhune district,29.41198,-24.71591,0,0,0,0,0,0,0,36,1,0,0,0,0,0,0,0,0,0,0,0,0,10,0,0,0,0,0,0,0,1,7,0
2024/2025,elandskraal,sekhukhune district,sekhukhune district,29.41198,-24.71591,0,0,0,0,0,0,0,32,1,0,0,0,0,0,0,0,0,0,0,0,0,10,0,0,0,0,0,0,0,0,7,0
2008/2009,elandslaagte,alfred duma,uthukela,29.9588,-28.40129,95,5,56,8,1,0,8,56,2,0,48,4,7,14,0,6,1,29,13,17,1,2,0,12,0,19,0,0,92,1,5,0
2009/2010,elandslaagte,alfred duma,uthukela,29.9588,-28.40129,112,6,74,14,1,0,13,45,5,0,36,14,7,14,0,3,1,28,7,27,3,2,2,25,0,29,0,0,105,2,7,1
2010/2011,elandslaagte,alfred duma,uthukela,29.9588,-28.40129,96,10,56,9,3,0,7,56,0,1,42,2,6,10,1,2,1,33,9,12,7,2,0,14,0,15,0,0,110,1,6,0
2011/2012,elandslaagte,alfred duma,uthukela,29.9588,-28.40129,83,11,56,7,2,0,14,42,0,0,53,5,4,13,9,7,1,41,2,14,2,7,0,20,3,21,0,0,100,3,13,1
2012/2013,elandslaagte,alfred duma,uthukela,29.9588,-28.40129,72,1,38,5,0,0,17,57,0,0,48,2,6,13,14,1,1,32,10,11,8,6,0,19,3,14,0,0,103,1,8,0
2013/2014,elandslaagte,alfred duma,uthukela,29.9588,-28.40129,46,7,54,10,2,0,11,40,1,2,55,4,6,8,12,6,12,23,11,17,1,4,0,12,1,20,0,0,98,3,5,0
2014/2015,elandslaagte,alfred duma,uthukela,29.9588,-28.40129,51,5,49,14,1,0,15,35,0,3,36,8,6,7,8,2,12,28,6,12,4,3,0,17,1,14,0,0,84,1,8,0
2015/2016,elandslaagte,alfred duma,uthukela,29.9588,-28.40129,52,6,70,2,1,0,11,30,5,1,54,6,6,8,5,3,21,27,4,13,1,4,0,12,3,17,0,0,97,2,9,0
2016/2017,elandslaagte,alfred duma,uthukela,29.9588,-28.40129,86,3,50,6,3,0,12,30,1,0,28,5,6,7,11,10,12,28,9,10,3,4,0,13,0,13,0,0,112,2,16,0
2017/2018,elandslaagte,alfred duma,uthukela,29.9588,-28.40129,101,1,53,12,0,0,21,28,0,0,36,3,6,16,11,4,14,39,12,7,4,0,0,13,1,8,0,0,141,3,9,0
2018/2019,elandslaagte,alfred duma,uthukela,29.9588,-28.40129,67,3,65,6,1,0,16,29,1,2,42,9,7,9,10,2,12,46,4,16,5,5,0,31,1,19,0,0,117,0,6,1
2019/2020,elandslaagte,alfred duma,uthukela,29.9588,-28.40129,54,2,53,10,1,0,16,32,2,2,35,10,7,12,3,16,17,25,8,15,4,2,0,22,4,21,0,0,66,3,3,1
2020/2021,elandslaagte,alfred duma,uthukela,29.9588,-28.40129,67,1,41,4,1,0,13,31,0,3,36,6,6,3,3,0,13,34,5,14,2,1,0,9,1,16,0,0,89,1,4,0
2021/2022,elandslaagte,alfred duma,uthukela,29.9588,-28.40129,71,2,53,4,0,0,23,24,3,8,46,6,6,4,1,2,12,34,8,13,6,5,0,32,3,16,0,0,65,1,4,0
2022/2023,elandslaagte,alfred duma,uthukela,29.9588,-28.40129,111,2,35,6,2,0,16,32,0,6,36,5,4,1,3,2,14,33,7,19,4,3,0,15,1,24,0,0,51,0,11,0
2023/2024,elandslaagte,uthukela district,uthukela district,29.9588,-28.40129,0,0,0,0,0,0,0,26,1,0,0,0,0,0,0,0,0,0,0,0,0,5,0,0,0,0,0,0,0,0,5,0
2024/2025,elandslaagte,uthukela district,uthukela district,29.9588,-28.40129,0,0,0,0,0,0,0,26,1,0,0,0,0,0,0,0,0,0,0,0,0,7,0,0,0,0,0,0,0,1,1,0
2008/2009,eldorado park,city of johannesburg,city of johannesburg,27.90082,-26.29105,665,14,662,55,9,0,45,389,54,38,523,124,73,204,671,37,1,432,39,75,16,25,1,296,7,130,0,145,0,106,141,5
2009/2010,eldorado park,city of johannesburg,city of johannesburg,27.90082,-26.29105,886,19,920,56,3,0,115,446,59,87,1219,204,51,153,741,37,1,657,38,98,33,26,0,392,42,180,0,157,2,95,321,3
2010/2011,eldorado park,city of johannesburg,city of johannesburg,27.90082,-26.29105,1200,18,884,31,9,0,96,527,41,99,1710,196,33,320,493,37,1,681,31,97,42,24,1,415,45,166,0,167,2,118,345,4
2011/2012,eldorado park,city of johannesburg,city of johannesburg,27.90082,-26.29105,1117,8,734,40,11,0,61,442,42,40,1199,188,5,135,469,56,1,655,29,94,28,34,2,321,24,132,3,196,1,144,250,0
2012/2013,eldorado park,city of johannesburg,city of johannesburg,27.90082,-26.29105,1030,14,736,29,5,0,87,453,35,55,905,172,12,189,1300,45,1,612,42,94,22,12,1,335,25,131,6,153,2,170,322,6
2013/2014,eldorado park,city of johannesburg,city of johannesburg,27.90082,-26.29105,1134,13,664,32,8,0,138,532,48,72,880,172,9,501,3124,48,28,603,24,92,24,14,0,358,23,128,0,178,1,120,300,0
2014/2015,eldorado park,city of johannesburg,city of johannesburg,27.90082,-26.29105,1018,8,685,35,4,0,100,523,33,54,881,132,8,331,3089,35,3,572,44,77,55,18,2,379,19,104,3,193,7,155,328,9
2015/2016,eldorado park,city of johannesburg,city of johannesburg,27.90082,-26.29105,826,14,653,42,3,0,113,501,45,56,786,157,7,266,2117,42,8,634,48,103,32,18,0,425,20,127,2,145,1,139,313,6
2016/2017,eldorado park,city of johannesburg,city of johannesburg,27.90082,-26.29105,793,5,644,59,4,0,111,455,62,44,711,155,9,338,2134,43,36,604,56,94,62,37,0,538,12,115,0,186,4,126,300,4
2017/2018,eldorado park,city of johannesburg,city of johannesburg,27.90082,-26.29105,710,8,605,48,4,0,105,407,61,57,681,154,7,353,2237,29,38,637,50,89,45,16,0,483,15,109,0,211,1,134,329,2
2018/2019,eldorado park,city of johannesburg,city of johannesburg,27.90082,-26.29105,704,3,594,66,5,0,123,398,108,68,803,186,5,245,1531,25,28,600,57,95,51,49,1,638,15,118,0,255,1,126,306,1
2019/2020,eldorado park,city of johannesburg,city of johannesburg,27.90082,-26.29105,648,2,627,70,1,0,101,368,138,76,958,233,7,245,924,35,42,611,57,83,74,18,0,632,12,97,0,290,0,87,203,3
2020/2021,eldorado park,city of johannesburg,city of johannesburg,27.90082,-26.29105,599,1,541,64,1,0,93,232,134,134,886,125,4,108,600,26,8,543,70,52,42,44,1,464,26,81,2,174,1,82,174,0
2021/2022,eldorado park,city of johannesburg,city of johannesburg,27.90082,-26.29105,727,6,589,81,1,0,94,234,152,168,880,128,7,126,402,23,108,654,85,94,44,60,1,561,26,122,0,138,1,68,152,7
2022/2023,eldorado park,city of johannesburg,city of johannesburg,27.90082,-26.29105,768,1,545,101,2,0,89,276,165,153,965,178,6,110,541,85,109,642,89,84,54,26,1,616,23,109,0,274,0,67,150,14
2023/2024,eldorado park,johannesburg district,johannesburg district,27.90082,-26.29105,0,0,0,0,0,0,0,227,190,0,0,0,0,0,0,0,0,0,0,0,0,54,0,0,0,0,0,0,0,69,120,0
2024/2025,eldorado park,johannesburg district,johannesburg district,27.90082,-26.29105,0,0,0,0,0,0,0,198,172,0,0,0,0,0,0,0,0,0,0,0,0,47,0,0,0,0,0,0,0,52,99,0
2008/2009,elliot,,,,,89,2,158,1,0,0,11,78,1,22,30,19,6,5,22,2,1,30,12,27,0,0,0,3,0,27,0,20,42,15,11,0
2009/2010,elliot,,,,,72,1,119,4,2,0,5,76,0,20,22,8,5,5,19,1,1,31,11,24,2,1,0,8,2,31,0,10,53,10,9,0
2010/2011,elliot,,,,,58,3,113,4,0,0,6,66,0,22,21,4,7,2,14,2,1,19,12,26,3,3,0,8,1,28,0,18,41,11,8,0
2011/2012,elliot,,,,,70,1,116,1,1,1,8,74,1,15,32,10,6,8,22,2,1,19,12,38,12,2,0,17,0,39,0,29,45,18,7,0
2012/2013,elliot,,,,,107,2,106,0,1,0,17,79,0,14,43,5,4,4,26,4,1,37,18,29,5,3,0,13,1,33,0,37,44,16,7,0
2013/2014,elliot,,,,,88,1,92,4,0,0,16,78,2,6,35,5,6,3,40,3,13,42,24,49,12,1,0,26,1,50,0,50,49,10,6,0
2014/2015,elliot,,,,,69,2,125,3,1,0,21,75,1,17,41,9,7,2,42,4,21,48,18,37,7,2,0,17,2,41,0,27,61,7,13,0
2015/2016,elliot,,,,,67,2,119,3,1,0,39,90,0,18,35,6,6,9,34,3,13,32,22,44,14,4,0,29,0,45,0,18,24,8,10,0
2016/2017,elliot,,,,,61,2,89,0,0,0,29,63,1,16,25,7,6,4,20,5,13,35,26,41,9,4,0,27,2,43,0,20,43,5,7,0
2017/2018,elliot,,,,,69,0,86,4,0,0,25,95,0,16,25,8,6,12,17,4,13,32,32,39,6,0,0,17,0,39,0,15,43,3,10,0
2018/2019,elliot,,,,,87,2,98,4,0,0,37,144,0,15,33,10,6,6,19,1,13,57,13,30,12,3,0,29,1,31,0,23,62,5,25,0
2019/2020,elliot,,,,,62,2,82,3,2,0,30,93,1,10,34,8,6,6,19,1,21,39,10,28,15,3,0,32,1,31,0,13,42,7,19,0
2020/2021,elliot,,,,,53,0,99,3,2,0,24,84,1,25,31,6,6,1,16,9,13,50,10,15,5,9,0,25,0,17,0,11,61,5,11,0
2021/2022,elliot,,,,,102,1,127,3,0,0,21,85,1,25,35,8,6,3,6,4,13,31,14,32,8,3,0,21,4,36,0,5,53,6,6,0
2022/2023,elliot,,,,,125,4,126,4,1,1,49,97,2,14,34,18,6,0,10,3,12,68,20,31,6,7,0,26,4,36,0,7,24,6,18,0
2008/2009,elliotdale,mbhashe,amathole,28.68342,-31.96778,64,10,144,7,3,0,2,49,1,12,42,6,8,3,21,5,1,10,13,31,7,9,0,18,0,38,0,20,15,6,10,0
2009/2010,elliotdale,mbhashe,amathole,28.68342,-31.96778,46,9,155,8,11,0,9,72,0,11,51,10,9,6,8,13,1,17,18,48,16,10,0,31,1,65,0,38,14,3,9,0
2010/2011,elliotdale,mbhashe,amathole,28.68342,-31.96778,47,9,122,8,3,0,10,52,0,8,26,10,7,3,15,7,1,24,18,53,7,10,0,27,0,57,0,25,7,4,6,0
2011/2012,elliotdale,mbhashe,amathole,28.68342,-31.96778,34,20,134,4,5,0,30,29,0,21,36,11,7,1,13,11,1,13,29,45,9,5,0,21,0,51,0,20,11,2,4,0
2012/2013,elliotdale,mbhashe,amathole,28.68342,-31.96778,40,10,145,5,4,0,33,25,0,41,27,13,6,1,17,11,1,31,26,33,3,6,0,15,0,37,0,14,5,2,7,0
2013/2014,elliotdale,mbhashe,amathole,28.68342,-31.96778,51,12,146,9,4,0,36,33,0,21,35,7,6,0,32,13,21,31,28,55,23,9,0,48,1,60,0,26,3,5,19,1
2014/2015,elliotdale,mbhashe,amathole,28.68342,-31.96778,55,10,162,5,3,0,30,35,3,7,39,8,4,3,37,18,12,21,34,49,10,4,0,32,1,55,0,5,8,0,8,1
2015/2016,elliotdale,mbhashe,amathole,28.68342,-31.96778,53,1,150,8,1,0,12,23,0,16,31,9,6,0,18,13,13,31,31,50,7,7,0,19,0,51,0,3,7,2,12,0
2016/2017,elliotdale,mbhashe,amathole,28.68342,-31.96778,45,10,150,10,2,0,33,28,3,11,25,5,4,5,39,21,22,41,36,63,13,2,0,37,2,69,0,6,9,5,7,0
2017/2018,elliotdale,mbhashe,amathole,28.68342,-31.96778,32,10,130,9,1,0,34,23,2,20,37,4,7,1,34,14,22,28,43,70,10,4,0,24,0,72,0,5,3,4,9,0
2018/2019,elliotdale,mbhashe,amathole,28.68342,-31.96778,36,11,163,8,6,0,27,28,2,27,45,8,6,1,18,13,25,41,34,55,9,1,0,25,7,68,0,4,8,2,8,0
2019/2020,elliotdale,mbhashe,amathole,28.68342,-31.96778,39,10,117,13,1,0,19,15,1,27,43,5,6,4,8,7,22,31,34,42,9,1,0,16,2,45,0,8,0,0,4,1
2020/2021,elliotdale,mbhashe,amathole,28.68342,-31.96778,33,8,103,7,1,0,27,18,2,31,30,2,7,2,14,9,23,23,39,48,8,1,0,17,4,54,0,6,5,2,12,0
2021/2022,elliotdale,mbhashe,amathole,28.68342,-31.96778,42,3,115,9,1,0,21,11,2,30,32,7,6,1,15,6,23,35,34,65,15,3,0,35,2,68,0,8,7,4,3,0
2022/2023,elliotdale,mbhashe,amathole,28.68342,-31.96778,40,5,133,13,0,0,26,37,1,31,49,6,4,2,36,10,13,35,37,58,14,5,0,33,2,62,0,20,6,3,2,0
2023/2024,elliotdale,amathole district,amathole district,28.68342,-31.96778,0,0,0,0,0,0,0,22,4,0,0,0,0,0,0,0,0,0,0,0,0,5,0,0,0,0,0,0,0,1,0,0
2024/2025,elliotdale,amathole district,amathole district,28.68342,-31.96778,0,0,0,0,0,0,0,18,3,0,0,0,0,0,0,0,0,0,0,0,0,1,0,0,0,0,0,0,0,1,4,0
2008/2009,elsburg,ekurhuleni,ekurhuleni,28.19877,-26.24517,563,12,177,27,4,1,199,315,80,139,116,58,11,68,8,8,1,189,23,42,109,24,0,317,1,55,0,6,0,352,196,8
2009/2010,elsburg,ekurhuleni,ekurhuleni,28.19877,-26.24517,567,11,194,15,0,1,159,356,91,159,143,64,18,53,15,8,1,167,6,34,80,55,0,330,8,53,0,13,0,380,221,15
2010/2011,elsburg,ekurhuleni,ekurhuleni,28.19877,-26.24517,546,8,193,12,7,0,101,267,69,148,161,46,18,31,19,5,1,199,13,48,68,26,1,257,9,75,0,15,1,291,142,12
2011/2012,elsburg,ekurhuleni,ekurhuleni,28.19877,-26.24517,586,12,173,16,3,0,79,284,62,146,166,46,12,32,31,12,1,160,6,31,37,13,0,178,16,57,3,22,0,222,143,2
2012/2013,elsburg,ekurhuleni,ekurhuleni,28.19877,-26.24517,558,6,138,43,3,0,117,442,35,165,208,42,5,37,52,20,1,175,12,23,45,26,0,152,8,37,0,19,0,159,148,6
2013/2014,elsburg,ekurhuleni,ekurhuleni,28.19877,-26.24517,553,12,162,22,1,0,165,392,65,127,152,39,12,47,110,12,22,153,16,31,52,53,0,243,11,50,0,13,2,149,146,7
2014/2015,elsburg,ekurhuleni,ekurhuleni,28.19877,-26.24517,532,2,144,20,0,0,150,321,61,121,125,34,7,48,51,21,25,135,11,29,51,37,0,245,11,41,0,13,0,195,145,8
2015/2016,elsburg,ekurhuleni,ekurhuleni,28.19877,-26.24517,526,11,142,24,2,0,198,316,75,113,159,46,5,83,80,17,17,136,8,32,109,29,0,328,2,39,1,11,1,207,176,5
2016/2017,elsburg,ekurhuleni,ekurhuleni,28.19877,-26.24517,492,3,147,19,2,0,201,362,35,145,137,50,4,169,194,19,14,131,16,35,58,82,0,274,12,51,0,20,0,188,221,5
2017/2018,elsburg,ekurhuleni,ekurhuleni,28.19877,-26.24517,432,6,171,36,0,0,177,373,48,121,162,43,7,237,237,22,21,134,12,45,63,52,0,258,12,58,1,29,1,141,156,5
2018/2019,elsburg,ekurhuleni,ekurhuleni,28.19877,-26.24517,426,1,174,23,2,0,127,267,55,153,179,49,7,168,136,46,22,125,21,43,63,39,0,263,7,53,0,17,0,165,176,5
2019/2020,elsburg,ekurhuleni,ekurhuleni,28.19877,-26.24517,455,4,185,34,4,0,109,300,88,137,157,41,7,248,140,25,21,139,21,39,61,38,1,298,19,63,0,10,0,167,132,2
2020/2021,elsburg,ekurhuleni,ekurhuleni,28.19877,-26.24517,355,5,182,30,1,0,98,234,58,166,141,38,4,125,68,31,2,143,11,45,62,46,0,251,12,60,2,16,4,142,113,3
2021/2022,elsburg,ekurhuleni,ekurhuleni,28.19877,-26.24517,384,7,163,24,2,0,63,252,75,159,180,42,4,105,109,10,37,159,32,36,61,38,0,268,12,52,1,11,2,119,107,11
2022/2023,elsburg,ekurhuleni,ekurhuleni,28.19877,-26.24517,457,6,173,52,3,0,74,169,67,181,178,47,7,62,143,20,29,160,50,48,38,71,0,300,10,62,2,12,1,142,93,13
2023/2024,elsburg,ekurhuleni district,ekurhuleni district,28.19877,-26.24517,0,0,0,0,0,0,0,178,38,0,0,0,0,0,0,0,0,0,0,0,0,42,0,0,0,0,0,0,0,114,95,0
2024/2025,elsburg,ekurhuleni district,ekurhuleni district,28.19877,-26.24517,0,0,0,0,0,0,0,135,60,0,0,0,0,0,0,0,0,0,0,0,0,33,0,0,0,0,0,0,0,118,72,0
2008/2009,elsies river,city of cape town,city of cape town,18.56443,-33.92441,1588,2,203,24,0,0,199,314,2,123,525,86,17,110,2030,60,1,381,16,52,10,2,1,155,16,77,0,102,0,117,412,0
2009/2010,elsies river,city of cape town,city of cape town,18.56443,-33.92441,1348,5,253,22,1,0,173,281,4,132,602,126,12,136,2647,77,1,442,18,63,7,4,0,144,41,112,0,138,0,105,405,0
2010/2011,elsies river,city of cape town,city of cape town,18.56443,-33.92441,1368,14,337,63,0,0,165,330,5,104,621,158,12,131,2602,84,1,425,23,85,21,5,0,163,37,129,0,100,0,100,369,0
2011/2012,elsies river,city of cape town,city of cape town,18.56443,-33.92441,1570,11,341,90,3,0,203,308,7,123,566,217,32,223,1871,62,1,529,36,62,25,8,0,202,33,110,1,118,0,87,359,1
2012/2013,elsies river,city of cape town,city of cape town,18.56443,-33.92441,1316,7,320,159,2,0,205,299,13,129,503,256,10,203,1944,97,1,626,40,67,23,8,0,282,22,97,0,131,0,83,410,0
2013/2014,elsies river,city of cape town,city of cape town,18.56443,-33.92441,1354,9,342,178,2,0,245,308,15,120,546,226,11,160,1354,94,25,592,60,71,28,5,0,303,14,95,0,87,0,136,503,0
2014/2015,elsies river,city of cape town,city of cape town,18.56443,-33.92441,1502,19,384,225,1,0,192,305,17,107,660,275,12,161,1406,92,2,828,69,61,29,16,0,361,26,95,1,121,0,127,501,1
2015/2016,elsies river,city of cape town,city of cape town,18.56443,-33.92441,1168,13,319,163,1,0,204,292,19,123,619,240,5,66,1497,83,2,757,58,46,26,8,0,312,30,80,0,88,0,156,543,1
2016/2017,elsies river,city of cape town,city of cape town,18.56443,-33.92441,914,9,275,156,1,0,216,276,28,107,532,294,9,78,1951,125,12,681,65,29,19,8,0,327,12,47,2,71,0,153,444,1
2017/2018,elsies river,city of cape town,city of cape town,18.56443,-33.92441,955,14,294,129,0,0,141,292,24,130,611,283,7,67,2459,75,17,710,54,52,25,22,0,309,30,83,2,64,0,149,402,1
2018/2019,elsies river,city of cape town,city of cape town,18.56443,-33.92441,939,17,306,175,1,0,114,278,19,102,563,275,5,76,1028,100,25,735,90,38,19,13,1,287,32,74,2,44,0,96,402,7
2019/2020,elsies river,city of cape town,city of cape town,18.56443,-33.92441,633,10,284,137,0,0,92,257,32,94,548,279,4,88,714,89,3,671,85,35,28,8,1,352,30,67,2,59,0,61,385,4
2020/2021,elsies river,city of cape town,city of cape town,18.56443,-33.92441,524,7,223,207,0,0,91,147,15,92,430,146,4,10,508,82,25,531,87,28,12,22,0,222,25,55,0,90,0,69,231,5
2021/2022,elsies river,city of cape town,city of cape town,18.56443,-33.92441,568,10,221,99,5,2,155,143,17,144,481,193,7,63,525,59,24,570,57,38,17,16,0,195,30,74,1,57,0,42,243,1
2022/2023,elsies river,city of cape town,city of cape town,18.56443,-33.92441,687,11,286,81,2,0,100,188,14,170,698,183,7,48,599,51,23,654,37,35,9,14,0,222,32,70,0,68,0,49,287,2
2023/2024,elsies river,city of cape town district,city of cape town district,18.56443,-33.92441,0,0,0,0,0,0,0,186,26,0,0,0,0,0,0,0,0,0,0,0,0,14,0,0,0,0,0,0,0,66,304,0
2024/2025,elsies river,city of cape town district,city of cape town district,18.56443,-33.92441,0,0,0,0,0,0,0,96,27,0,0,0,0,0,0,0,0,0,0,0,0,11,0,0,0,0,0,0,0,53,201,0
2008/2009,elukwatini,chief albert luthuli,gert sibande,30.78716,-26.06088,109,5,189,10,6,0,39,201,2,74,26,53,8,10,17,6,1,61,16,61,10,19,0,67,0,71,0,11,39,19,16,0
2009/2010,elukwatini,chief albert luthuli,gert sibande,30.78716,-26.06088,104,12,208,14,6,0,37,197,3,67,44,47,4,13,12,9,1,65,10,75,11,22,0,61,0,83,0,11,27,19,9,0
2010/2011,elukwatini,chief albert luthuli,gert sibande,30.78716,-26.06088,84,0,149,6,7,0,29,149,3,31,27,36,4,15,19,7,1,39,11,60,21,6,0,44,1,70,0,10,15,8,12,0
2011/2012,elukwatini,chief albert luthuli,gert sibande,30.78716,-26.06088,80,2,131,5,3,0,59,149,2,20,28,47,6,50,56,11,1,41,5,58,21,12,0,44,2,63,0,11,26,22,10,0
2012/2013,elukwatini,chief albert luthuli,gert sibande,30.78716,-26.06088,40,2,117,6,4,0,50,124,2,49,44,30,5,32,106,10,1,36,7,40,26,7,0,48,0,47,0,26,24,31,11,0
2013/2014,elukwatini,chief albert luthuli,gert sibande,30.78716,-26.06088,69,7,160,6,7,0,38,143,2,45,36,27,6,39,109,4,25,25,13,41,16,5,0,35,0,48,0,34,31,13,16,0
2014/2015,elukwatini,chief albert luthuli,gert sibande,30.78716,-26.06088,90,3,129,6,5,0,90,184,0,48,52,51,6,34,73,18,14,38,16,39,12,7,0,29,0,44,0,36,29,6,25,0
2015/2016,elukwatini,chief albert luthuli,gert sibande,30.78716,-26.06088,105,5,168,8,3,0,93,197,0,57,40,30,7,53,89,10,17,53,12,41,10,7,0,38,1,46,0,31,36,11,28,0
2016/2017,elukwatini,chief albert luthuli,gert sibande,30.78716,-26.06088,109,1,168,6,4,0,79,270,0,66,53,54,7,46,102,13,14,39,8,42,11,14,1,53,2,49,0,26,67,21,31,0
2017/2018,elukwatini,chief albert luthuli,gert sibande,30.78716,-26.06088,122,2,159,6,0,0,78,263,1,97,41,49,4,60,122,15,23,49,8,44,10,11,0,48,2,48,0,27,47,14,26,0
2018/2019,elukwatini,chief albert luthuli,gert sibande,30.78716,-26.06088,148,3,148,19,2,0,55,271,2,81,46,24,5,48,85,5,23,56,14,59,14,9,0,60,9,73,0,33,64,9,26,0
2019/2020,elukwatini,chief albert luthuli,gert sibande,30.78716,-26.06088,130,1,203,10,3,0,110,260,2,77,60,40,8,76,53,6,27,53,17,43,17,7,0,72,6,56,0,36,48,12,19,0
2020/2021,elukwatini,chief albert luthuli,gert sibande,30.78716,-26.06088,101,0,161,16,1,0,82,231,4,87,55,39,7,20,75,2,2,77,13,49,32,11,0,91,6,57,0,24,49,25,24,0
2021/2022,elukwatini,chief albert luthuli,gert sibande,30.78716,-26.06088,108,7,190,11,2,0,70,175,4,73,52,37,6,24,25,7,16,69,25,73,24,9,0,81,4,79,0,24,68,23,29,0
2022/2023,elukwatini,chief albert luthuli,gert sibande,30.78716,-26.06088,120,3,240,12,1,0,103,224,10,73,73,39,6,7,42,5,29,71,25,56,29,11,0,89,9,66,0,33,39,17,29,0
2023/2024,elukwatini,gert sibande district,gert sibande district,30.78716,-26.06088,0,0,0,0,0,0,0,181,5,0,0,0,0,0,0,0,0,0,0,0,0,30,0,0,0,0,0,0,0,8,37,0
2024/2025,elukwatini,gert sibande district,gert sibande district,30.78716,-26.06088,0,0,0,0,0,0,0,180,2,0,0,0,0,0,0,0,0,0,0,0,0,35,0,0,0,0,0,0,0,8,15,0
2008/2009,emanguzi,umhlabuyalingana,umkhanyakude,32.74348,-26.99803,122,7,139,12,0,0,48,123,3,29,65,14,4,19,29,21,1,31,15,51,3,16,0,36,0,53,0,34,6,4,17,0
2009/2010,emanguzi,umhlabuyalingana,umkhanyakude,32.74348,-26.99803,118,8,132,8,0,0,80,109,5,38,77,21,7,22,33,25,1,34,10,44,9,11,0,38,2,47,0,49,5,3,20,0
2010/2011,emanguzi,umhlabuyalingana,umkhanyakude,32.74348,-26.99803,106,13,134,7,1,0,64,130,3,36,53,19,4,29,21,15,1,26,18,41,11,8,1,46,7,51,0,28,5,4,36,1
2011/2012,emanguzi,umhlabuyalingana,umkhanyakude,32.74348,-26.99803,122,8,118,13,1,0,74,106,9,61,33,11,7,62,31,5,1,25,13,25,9,7,1,38,3,30,0,23,10,5,35,0
2012/2013,emanguzi,umhlabuyalingana,umkhanyakude,32.74348,-26.99803,124,7,118,10,1,0,55,110,4,36,40,15,4,52,35,23,1,31,15,32,17,15,0,51,2,37,0,37,10,4,57,0
2013/2014,emanguzi,umhlabuyalingana,umkhanyakude,32.74348,-26.99803,119,9,104,11,1,0,80,131,2,47,38,16,6,6,36,9,12,22,14,24,12,7,0,30,5,30,0,13,6,9,50,0
2014/2015,emanguzi,umhlabuyalingana,umkhanyakude,32.74348,-26.99803,173,14,150,16,1,0,111,114,6,38,41,19,5,33,12,12,12,34,15,35,28,18,0,70,1,40,0,37,7,2,23,0
2015/2016,emanguzi,umhlabuyalingana,umkhanyakude,32.74348,-26.99803,198,11,156,14,0,0,51,92,16,50,28,22,7,29,20,17,14,36,15,25,26,16,1,82,3,29,0,29,5,4,26,0
2016/2017,emanguzi,umhlabuyalingana,umkhanyakude,32.74348,-26.99803,172,4,167,8,1,0,57,142,12,42,19,19,4,63,19,15,24,20,16,30,12,44,1,90,4,37,0,38,11,6,39,1
2017/2018,emanguzi,umhlabuyalingana,umkhanyakude,32.74348,-26.99803,131,9,206,19,1,0,52,156,4,51,50,19,7,46,32,26,17,37,22,36,11,20,0,49,7,45,0,38,11,1,24,0
2018/2019,emanguzi,umhlabuyalingana,umkhanyakude,32.74348,-26.99803,151,6,177,11,3,0,68,138,18,55,52,20,7,137,14,18,22,35,11,50,5,30,0,74,4,58,0,37,3,2,20,0
2019/2020,emanguzi,umhlabuyalingana,umkhanyakude,32.74348,-26.99803,132,11,223,12,4,0,82,191,53,57,63,28,9,107,20,9,25,35,11,62,14,36,0,138,5,76,0,25,7,4,20,4
2020/2021,emanguzi,umhlabuyalingana,umkhanyakude,32.74348,-26.99803,113,5,188,28,0,0,69,84,35,53,72,14,4,33,21,10,14,41,24,44,13,34,0,105,5,51,0,14,8,5,15,2
2021/2022,emanguzi,umhlabuyalingana,umkhanyakude,32.74348,-26.99803,106,10,152,23,1,0,70,75,27,75,88,11,6,58,32,14,51,46,29,55,23,67,0,158,2,58,0,13,8,4,8,1
2022/2023,emanguzi,umhlabuyalingana,umkhanyakude,32.74348,-26.99803,99,7,115,16,3,0,41,74,14,59,135,15,6,36,32,20,36,34,35,45,18,37,0,87,0,48,0,23,10,3,15,0
2023/2024,emanguzi,umkhanyakude district,umkhanyakude district,32.74348,-26.99803,0,0,0,0,0,0,0,82,6,0,0,0,0,0,0,0,0,0,0,0,0,31,0,0,0,0,0,0,0,10,24,0
2024/2025,emanguzi,umkhanyakude district,umkhanyakude district,32.74348,-26.99803,0,0,0,0,0,0,0,78,2,0,0,0,0,0,0,0,0,0,0,0,0,21,0,0,0,0,0,0,0,12,31,0
2008/2009,ematimatolo,umvoti,umzinyathi,30.82659,-29.14101,10,3,45,11,1,0,0,51,0,1,17,0,7,0,19,13,1,13,15,22,0,1,0,6,0,24,0,0,13,6,2,0
2009/2010,ematimatolo,umvoti,umzinyathi,30.82659,-29.14101,13,3,44,14,0,0,0,50,4,1,25,3,6,0,13,16,1,12,20,17,1,4,0,14,2,19,0,0,5,3,0,0
2010/2011,ematimatolo,umvoti,umzinyathi,30.82659,-29.14101,14,5,45,6,0,0,0,43,0,0,27,2,6,2,34,21,1,9,19,29,1,2,0,4,0,29,0,0,15,0,1,0
2011/2012,ematimatolo,umvoti,umzinyathi,30.82659,-29.14101,9,2,44,16,0,0,5,23,0,1,18,1,6,1,44,32,1,9,14,26,9,6,0,19,1,27,0,0,18,1,2,0
2012/2013,ematimatolo,umvoti,umzinyathi,30.82659,-29.14101,13,1,46,10,1,0,3,46,0,0,35,2,4,0,31,11,1,13,21,23,5,2,0,13,0,26,0,0,22,3,0,0
2013/2014,ematimatolo,umvoti,umzinyathi,30.82659,-29.14101,21,10,56,9,0,0,3,62,1,1,24,5,6,0,15,24,21,19,17,26,3,8,0,19,1,27,0,0,28,2,9,0
2014/2015,ematimatolo,umvoti,umzinyathi,30.82659,-29.14101,43,6,69,20,0,0,11,87,0,0,34,9,4,0,20,19,21,16,29,28,5,9,0,24,0,30,0,0,24,1,7,0
2015/2016,ematimatolo,umvoti,umzinyathi,30.82659,-29.14101,35,3,72,18,1,0,20,92,0,0,41,7,7,9,38,31,12,20,16,33,1,2,0,6,1,36,0,0,21,3,9,0
2016/2017,ematimatolo,umvoti,umzinyathi,30.82659,-29.14101,18,3,73,20,0,0,17,72,0,4,44,3,7,15,29,34,12,17,29,23,1,3,0,9,2,26,0,0,18,0,1,0
2017/2018,ematimatolo,umvoti,umzinyathi,30.82659,-29.14101,13,1,50,18,0,0,17,34,0,3,46,5,7,12,37,24,21,24,29,19,2,2,0,14,0,20,0,0,21,1,3,0
2018/2019,ematimatolo,umvoti,umzinyathi,30.82659,-29.14101,18,0,67,16,0,0,20,34,2,0,21,4,6,5,30,16,21,30,28,15,1,2,0,9,3,18,0,0,23,0,2,0
2019/2020,ematimatolo,umvoti,umzinyathi,30.82659,-29.14101,16,0,39,13,0,0,19,38,1,3,9,3,7,6,19,16,13,9,30,34,0,3,0,10,0,35,0,0,24,3,1,0
2020/2021,ematimatolo,umvoti,umzinyathi,30.82659,-29.14101,22,5,36,9,0,0,8,37,0,2,23,1,7,1,16,11,13,14,26,20,0,1,0,3,1,22,0,0,13,2,2,0
2021/2022,ematimatolo,umvoti,umzinyathi,30.82659,-29.14101,17,3,33,13,0,0,12,30,0,4,17,2,6,5,34,13,21,10,30,22,0,7,0,13,0,22,0,0,8,0,4,0
2022/2023,ematimatolo,umvoti,umzinyathi,30.82659,-29.14101,16,1,35,8,0,0,18,35,0,4,30,3,4,1,30,9,12,16,24,29,1,6,0,9,3,34,0,0,8,0,1,0
2023/2024,ematimatolo,umzinyathi district,umzinyathi district,30.82659,-29.14101,0,0,0,0,0,0,0,26,1,0,0,0,0,0,0,0,0,0,0,0,0,1,0,0,0,0,0,0,0,0,1,0
2024/2025,ematimatolo,umzinyathi district,umzinyathi district,30.82659,-29.14101,0,0,0,0,0,0,0,23,0,0,0,0,0,0,0,0,0,0,0,0,0,3,0,0,0,0,0,0,0,0,0,0
2008/2009,ematsheni,okhahlamba,uthukela,29.1555,-28.69808,38,6,63,5,1,0,11,69,1,1,44,13,11,0,2,9,1,16,11,26,2,1,0,9,0,35,0,0,100,2,4,0
2009/2010,ematsheni,okhahlamba,uthukela,29.1555,-28.69808,30,12,88,1,0,0,10,73,1,0,49,17,12,3,3,11,1,23,4,33,1,4,0,15,3,43,0,0,77,4,9,0
2010/2011,ematsheni,okhahlamba,uthukela,29.1555,-28.69808,37,3,56,3,0,0,14,56,0,1,30,7,4,0,7,8,1,11,11,27,6,4,0,19,5,34,0,0,59,3,8,0
2011/2012,ematsheni,okhahlamba,uthukela,29.1555,-28.69808,36,4,61,5,2,0,13,38,0,2,33,6,7,2,2,7,1,11,4,18,2,4,0,6,1,22,0,0,85,6,7,0
2012/2013,ematsheni,okhahlamba,uthukela,29.1555,-28.69808,40,5,75,7,0,0,18,62,0,2,64,12,7,0,11,6,1,18,12,23,6,8,0,22,2,26,1,0,66,3,2,0
2013/2014,ematsheni,okhahlamba,uthukela,29.1555,-28.69808,44,3,70,6,3,0,19,87,2,1,38,12,7,2,4,4,23,23,4,17,7,7,0,20,5,26,0,0,73,3,7,0
2014/2015,ematsheni,okhahlamba,uthukela,29.1555,-28.69808,29,2,98,10,4,0,16,57,0,3,47,7,4,3,6,4,14,33,8,36,14,12,0,36,3,45,0,0,59,2,5,0
2015/2016,ematsheni,okhahlamba,uthukela,29.1555,-28.69808,16,6,56,5,4,0,21,71,1,2,40,4,6,0,7,0,13,15,3,19,4,3,0,15,1,24,0,0,76,3,8,0
2016/2017,ematsheni,okhahlamba,uthukela,29.1555,-28.69808,35,6,71,10,0,0,19,79,0,1,26,7,4,3,7,14,14,21,10,17,6,4,0,21,5,24,0,0,109,3,13,0
2017/2018,ematsheni,okhahlamba,uthukela,29.1555,-28.69808,28,7,76,8,4,0,19,63,3,2,30,8,5,10,13,11,14,20,15,33,7,3,0,20,3,43,0,0,128,5,4,0
2018/2019,ematsheni,okhahlamba,uthukela,29.1555,-28.69808,28,0,86,11,2,0,29,42,0,5,18,5,8,4,8,2,21,22,9,23,16,5,0,25,1,30,0,0,112,5,5,0
2019/2020,ematsheni,okhahlamba,uthukela,29.1555,-28.69808,24,10,89,10,4,0,43,72,2,5,29,13,6,4,0,7,17,23,9,21,16,5,0,31,2,27,0,0,75,1,4,0
2020/2021,ematsheni,okhahlamba,uthukela,29.1555,-28.69808,30,2,63,16,3,0,23,55,1,5,27,6,5,3,1,6,14,28,10,18,3,6,0,14,0,24,0,0,79,2,2,0
2021/2022,ematsheni,okhahlamba,uthukela,29.1555,-28.69808,17,3,87,9,2,0,14,33,0,4,30,5,4,3,0,15,14,16,12,18,5,2,0,12,4,26,0,0,129,2,2,0
2022/2023,ematsheni,okhahlamba,uthukela,29.1555,-28.69808,23,3,59,11,1,0,7,42,0,8,24,6,7,0,1,5,22,12,20,16,4,11,0,26,3,21,0,0,99,5,5,0
2023/2024,ematsheni,uthukela district,uthukela district,29.1555,-28.69808,0,0,0,0,0,0,0,34,1,0,0,0,0,0,0,0,0,0,0,0,0,19,0,0,0,0,0,0,0,3,2,0
2024/2025,ematsheni,uthukela district,uthukela district,29.1555,-28.69808,0,0,0,0,0,0,0,53,3,0,0,0,0,0,0,0,0,0,0,0,0,16,0,0,0,0,0,0,0,4,2,0
2008/2009,embalenhle,govan mbeki,gert sibande,29.0747,-26.54492,548,26,598,24,8,0,65,542,11,45,516,358,11,27,35,15,1,268,44,136,5,38,0,167,4,156,0,150,6,102,66,3
2009/2010,embalenhle,govan mbeki,gert sibande,29.0747,-26.54492,570,10,517,21,12,0,61,593,17,74,418,252,12,33,71,12,1,186,39,138,29,37,0,180,2,159,0,43,2,157,67,3
2010/2011,embalenhle,govan mbeki,gert sibande,29.0747,-26.54492,317,10,448,14,7,0,67,581,3,75,231,138,4,24,79,18,1,147,39,121,18,12,0,96,1,131,0,99,5,119,108,0
2011/2012,embalenhle,govan mbeki,gert sibande,29.0747,-26.54492,320,6,332,18,12,0,52,507,11,48,152,121,11,85,109,18,1,120,42,109,7,15,0,111,6,135,0,84,8,54,53,0
2012/2013,embalenhle,govan mbeki,gert sibande,29.0747,-26.54492,420,8,366,9,7,0,65,462,8,58,170,93,4,38,174,6,1,141,28,123,18,13,0,90,8,140,0,71,10,46,58,1
2013/2014,embalenhle,govan mbeki,gert sibande,29.0747,-26.54492,295,7,321,19,7,0,40,458,17,40,96,84,4,39,224,21,14,97,47,109,22,15,0,95,2,120,1,92,2,87,141,1
2014/2015,embalenhle,govan mbeki,gert sibande,29.0747,-26.54492,271,4,317,18,5,0,70,513,14,58,103,65,6,25,268,55,22,121,66,93,35,6,1,109,3,101,0,104,4,79,93,0
2015/2016,embalenhle,govan mbeki,gert sibande,29.0747,-26.54492,284,5,394,40,2,0,65,517,11,63,129,46,7,32,323,42,23,105,79,101,46,4,0,123,4,108,0,77,10,74,96,0
2016/2017,embalenhle,govan mbeki,gert sibande,29.0747,-26.54492,309,4,375,41,7,0,63,518,16,91,142,75,4,42,371,30,25,147,85,112,46,11,0,141,2,123,0,113,6,78,74,0
2017/2018,embalenhle,govan mbeki,gert sibande,29.0747,-26.54492,282,7,434,29,5,0,81,573,23,118,202,83,6,45,429,56,22,163,78,101,48,17,0,140,1,107,0,93,36,51,78,0
2018/2019,embalenhle,govan mbeki,gert sibande,29.0747,-26.54492,285,11,574,34,8,0,89,507,19,91,247,67,6,49,316,42,27,192,66,122,21,26,0,135,5,135,0,147,27,55,109,0
2019/2020,embalenhle,govan mbeki,gert sibande,29.0747,-26.54492,278,12,562,36,10,0,64,368,38,125,330,110,4,73,156,45,38,249,59,103,31,24,0,216,7,122,1,122,20,90,92,2
2020/2021,embalenhle,govan mbeki,gert sibande,29.0747,-26.54492,221,8,503,28,7,0,82,314,22,140,298,67,4,87,61,16,36,208,49,114,28,28,0,152,7,130,0,98,20,44,56,0
2021/2022,embalenhle,govan mbeki,gert sibande,29.0747,-26.54492,273,5,506,33,10,0,34,217,14,147,319,71,8,122,46,18,39,192,62,125,28,45,0,176,4,143,0,160,14,87,44,2
2022/2023,embalenhle,govan mbeki,gert sibande,29.0747,-26.54492,232,13,520,24,3,0,72,275,13,162,317,85,6,88,78,22,27,173,60,106,42,57,0,184,3,112,0,144,37,69,62,3
2023/2024,embalenhle,gert sibande district,gert sibande district,29.0747,-26.54492,0,0,0,0,0,0,0,262,16,0,0,0,0,0,0,0,0,0,0,0,0,65,0,0,0,0,0,0,0,66,71,0
2024/2025,embalenhle,gert sibande district,gert sibande district,29.0747,-26.54492,0,0,0,0,0,0,0,216,4,0,0,0,0,0,0,0,0,0,0,0,0,27,0,0,0,0,0,0,0,31,43,0
2008/2009,empangeni,umhlathuze,king cetshwayo,31.88623,-28.74586,1004,25,923,125,19,0,357,928,135,423,849,262,22,520,98,84,1,347,96,182,97,171,10,668,22,243,0,464,52,124,245,1
2009/2010,empangeni,umhlathuze,king cetshwayo,31.88623,-28.74586,962,26,785,112,11,0,389,1101,102,466,799,241,37,345,122,88,1,403,77,185,78,186,1,620,13,227,0,487,75,141,289,2
2010/2011,empangeni,umhlathuze,king cetshwayo,31.88623,-28.74586,936,24,657,106,9,0,355,895,52,575,786,176,4,197,115,48,1,335,87,191,58,183,2,581,27,229,0,472,49,129,326,2
2011/2012,empangeni,umhlathuze,king cetshwayo,31.88623,-28.74586,946,29,745,112,14,0,307,1011,43,576,747,190,7,195,169,107,1,317,58,194,75,139,1,521,36,245,0,443,53,132,408,1
2012/2013,empangeni,umhlathuze,king cetshwayo,31.88623,-28.74586,1026,23,719,126,8,0,304,1220,41,767,803,165,8,128,215,84,1,327,68,234,98,135,2,534,29,275,1,403,54,131,541,1
2013/2014,empangeni,umhlathuze,king cetshwayo,31.88623,-28.74586,956,26,702,141,2,0,252,1064,56,503,679,245,7,93,202,65,5,299,66,227,92,181,2,640,33,263,1,368,41,116,558,0
2014/2015,empangeni,umhlathuze,king cetshwayo,31.88623,-28.74586,861,12,681,116,1,0,229,988,41,448,571,217,6,62,202,79,51,301,69,210,63,106,0,541,29,240,1,369,50,83,399,1
2015/2016,empangeni,umhlathuze,king cetshwayo,31.88623,-28.74586,925,14,580,132,0,0,274,1223,88,483,565,209,8,148,230,73,48,326,76,185,111,177,3,733,30,219,2,364,67,82,591,1
2016/2017,empangeni,umhlathuze,king cetshwayo,31.88623,-28.74586,783,15,608,112,1,0,240,924,86,478,550,219,6,118,217,60,69,255,56,195,75,180,1,660,30,226,1,370,67,86,465,3
2017/2018,empangeni,umhlathuze,king cetshwayo,31.88623,-28.74586,811,11,601,127,0,0,241,883,74,481,558,174,6,125,278,118,31,225,67,186,71,196,2,641,22,208,0,348,23,54,327,3
2018/2019,empangeni,umhlathuze,king cetshwayo,31.88623,-28.74586,854,18,617,94,1,0,227,760,46,574,590,197,4,173,229,84,20,247,66,202,62,153,0,545,29,234,0,410,15,77,297,1
2019/2020,empangeni,umhlathuze,king cetshwayo,31.88623,-28.74586,881,16,650,96,2,0,263,754,60,577,650,177,6,223,432,77,95,232,76,176,44,111,0,450,38,216,1,355,29,67,347,0
2020/2021,empangeni,umhlathuze,king cetshwayo,31.88623,-28.74586,771,18,583,90,1,0,244,577,78,571,652,134,7,224,375,68,77,286,80,139,58,140,2,549,24,165,1,274,46,47,314,3
2021/2022,empangeni,umhlathuze,king cetshwayo,31.88623,-28.74586,790,23,604,113,12,0,424,527,94,633,802,203,7,220,381,83,67,333,93,168,64,145,1,562,29,210,0,233,44,47,269,0
2022/2023,empangeni,umhlathuze,king cetshwayo,31.88623,-28.74586,783,19,630,133,11,0,191,487,128,691,729,192,9,132,439,73,110,282,119,223,76,145,1,660,26,265,0,274,72,51,314,1
2023/2024,empangeni,king cetshwayo district,king cetshwayo district,31.88623,-28.74586,0,0,0,0,0,0,0,583,93,0,0,0,0,0,0,0,0,0,0,0,0,153,0,0,0,0,0,0,0,39,314,0
2024/2025,empangeni,king cetshwayo district,king cetshwayo district,31.88623,-28.74586,0,0,0,0,0,0,0,506,57,0,0,0,0,0,0,0,0,0,0,0,0,115,0,0,0,0,0,0,0,49,258,0
2008/2009,emzinoni,govan mbeki,gert sibande,29.44593,-26.48456,103,12,205,8,3,0,28,200,4,7,87,38,12,4,5,2,1,86,12,33,2,7,0,21,1,44,0,0,8,30,14,0
2009/2010,emzinoni,govan mbeki,gert sibande,29.44593,-26.48456,72,13,230,7,4,0,15,193,3,6,66,29,12,15,15,2,1,63,6,46,5,9,0,29,2,59,0,2,13,52,16,1
2010/2011,emzinoni,govan mbeki,gert sibande,29.44593,-26.48456,85,5,191,6,4,0,3,171,5,6,90,42,32,12,39,2,1,62,8,29,2,4,0,20,0,45,0,0,9,15,17,0
2011/2012,emzinoni,govan mbeki,gert sibande,29.44593,-26.48456,62,5,173,6,2,0,6,174,1,3,67,28,16,22,52,5,1,44,4,17,12,4,0,25,7,36,0,0,13,13,20,1
2012/2013,emzinoni,govan mbeki,gert sibande,29.44593,-26.48456,83,3,152,7,1,0,16,250,0,3,54,16,17,20,83,3,1,42,14,27,5,5,0,14,5,42,1,1,8,19,15,0
2013/2014,emzinoni,govan mbeki,gert sibande,29.44593,-26.48456,93,2,179,5,2,0,18,274,5,7,59,21,11,11,119,5,23,52,10,27,8,3,0,20,4,41,2,0,21,7,23,0
2014/2015,emzinoni,govan mbeki,gert sibande,29.44593,-26.48456,77,3,172,9,3,0,22,313,0,8,44,27,8,4,155,3,21,46,12,33,10,8,0,23,4,44,1,0,24,9,32,1
2015/2016,emzinoni,govan mbeki,gert sibande,29.44593,-26.48456,69,4,164,7,5,0,34,312,1,7,36,24,10,5,181,8,13,43,20,22,11,6,0,21,9,42,1,0,26,25,16,0
2016/2017,emzinoni,govan mbeki,gert sibande,29.44593,-26.48456,77,2,186,7,3,0,20,320,5,6,62,33,11,9,201,5,23,75,7,28,17,3,0,27,3,42,0,0,47,27,30,0
2017/2018,emzinoni,govan mbeki,gert sibande,29.44593,-26.48456,89,4,194,2,6,0,34,333,5,16,81,26,8,21,240,8,13,54,11,41,14,5,0,28,2,53,0,0,43,26,22,1
2018/2019,emzinoni,govan mbeki,gert sibande,29.44593,-26.48456,116,1,197,6,0,0,62,302,2,14,82,24,4,43,250,8,21,77,11,49,8,9,0,27,7,58,0,0,20,11,18,0
2019/2020,emzinoni,govan mbeki,gert sibande,29.44593,-26.48456,84,2,203,5,1,0,35,220,1,11,88,36,5,55,252,5,13,68,12,41,12,1,0,21,4,49,0,0,26,30,20,0
2020/2021,emzinoni,govan mbeki,gert sibande,29.44593,-26.48456,94,2,152,2,2,0,68,221,3,12,107,25,5,26,58,8,17,60,11,30,11,8,0,31,0,35,0,0,21,12,10,0
2021/2022,emzinoni,govan mbeki,gert sibande,29.44593,-26.48456,89,5,148,5,0,0,38,146,6,20,99,15,9,16,60,3,22,79,18,37,10,8,0,43,3,45,0,0,37,15,13,1
2022/2023,emzinoni,govan mbeki,gert sibande,29.44593,-26.48456,113,0,201,14,1,0,20,177,1,23,153,22,6,10,103,5,14,102,11,31,13,5,0,39,5,37,0,0,22,15,16,1
2023/2024,emzinoni,gert sibande district,gert sibande district,29.44593,-26.48456,0,0,0,0,0,0,0,220,3,0,0,0,0,0,0,0,0,0,0,0,0,6,0,0,0,0,0,0,0,21,21,0
2024/2025,emzinoni,gert sibande district,gert sibande district,29.44593,-26.48456,0,0,0,0,0,0,0,138,7,0,0,0,0,0,0,0,0,0,0,0,0,16,0,0,0,0,0,0,0,25,26,0
2008/2009,ennerdale,city of johannesburg,city of johannesburg,27.83225,-26.40392,446,19,608,41,0,0,56,329,29,32,190,103,31,12,54,27,1,299,26,92,20,27,1,238,8,119,0,29,3,96,110,3
2009/2010,ennerdale,city of johannesburg,city of johannesburg,27.83225,-26.40392,367,6,477,36,1,0,54,395,29,35,349,73,11,25,54,33,1,307,30,78,28,32,0,239,15,102,0,37,6,161,169,2
2010/2011,ennerdale,city of johannesburg,city of johannesburg,27.83225,-26.40392,393,2,325,19,1,0,51,297,22,37,282,44,12,62,85,45,1,228,26,79,24,30,1,196,12,99,0,41,4,84,173,1
2011/2012,ennerdale,city of johannesburg,city of johannesburg,27.83225,-26.40392,359,2,286,25,1,0,53,289,7,14,237,38,5,80,186,28,1,160,23,70,28,24,1,107,5,79,0,28,1,52,222,0
2012/2013,ennerdale,city of johannesburg,city of johannesburg,27.83225,-26.40392,339,5,251,24,4,0,41,305,11,27,169,32,6,111,522,42,1,215,19,72,15,30,0,119,6,82,0,18,4,72,138,0
2013/2014,ennerdale,city of johannesburg,city of johannesburg,27.83225,-26.40392,342,11,326,21,1,0,52,358,16,33,256,29,7,302,1859,55,14,167,31,63,21,31,1,125,2,67,1,45,5,48,141,0
2014/2015,ennerdale,city of johannesburg,city of johannesburg,27.83225,-26.40392,372,17,287,36,4,0,80,361,17,25,248,41,6,249,1016,25,2,189,35,63,36,27,0,175,10,77,0,69,7,66,140,0
2015/2016,ennerdale,city of johannesburg,city of johannesburg,27.83225,-26.40392,378,5,365,48,0,0,68,440,21,46,273,38,7,278,621,41,17,215,58,64,31,21,0,168,4,69,0,57,8,75,124,1
2016/2017,ennerdale,city of johannesburg,city of johannesburg,27.83225,-26.40392,340,3,301,33,0,0,60,359,21,46,246,49,7,279,810,36,3,228,53,67,28,27,0,178,7,75,0,63,5,78,128,0
2017/2018,ennerdale,city of johannesburg,city of johannesburg,27.83225,-26.40392,252,1,265,23,1,0,32,219,40,20,220,21,4,387,1093,44,11,164,45,78,20,9,1,143,7,88,1,44,7,65,47,1
2018/2019,ennerdale,city of johannesburg,city of johannesburg,27.83225,-26.40392,269,6,400,36,3,0,100,434,41,41,404,59,5,278,875,38,30,252,46,115,37,38,3,271,11,132,0,55,8,75,86,0
2019/2020,ennerdale,city of johannesburg,city of johannesburg,27.83225,-26.40392,285,1,432,33,1,0,74,387,60,48,504,58,6,179,693,37,9,273,53,65,38,34,1,296,9,75,0,49,14,66,66,1
2020/2021,ennerdale,city of johannesburg,city of johannesburg,27.83225,-26.40392,277,4,408,58,1,0,79,255,63,65,502,42,6,38,147,23,27,289,65,81,44,55,0,295,20,102,0,16,6,55,68,5
2021/2022,ennerdale,city of johannesburg,city of johannesburg,27.83225,-26.40392,263,0,384,47,8,0,69,278,107,82,488,36,6,24,180,50,64,277,85,88,36,60,0,354,18,114,0,36,4,41,51,5
2022/2023,ennerdale,city of johannesburg,city of johannesburg,27.83225,-26.40392,341,1,352,56,2,0,60,238,97,74,600,52,7,59,214,37,63,303,94,109,31,59,0,350,19,131,0,92,2,52,59,2
2023/2024,ennerdale,johannesburg district,johannesburg district,27.83225,-26.40392,0,0,0,0,0,0,0,257,145,0,0,0,0,0,0,0,0,0,0,0,0,85,0,0,0,0,0,0,0,33,58,0
2024/2025,ennerdale,johannesburg district,johannesburg district,27.83225,-26.40392,0,0,0,0,0,0,0,216,150,0,0,0,0,0,0,0,0,0,0,0,0,60,0,0,0,0,0,0,0,64,59,0
2008/2009,erasmia,city of tshwane,city of tshwane,28.09258,-25.81177,606,19,529,110,1,0,51,429,47,76,236,169,15,21,60,32,1,243,106,118,27,90,0,508,5,141,0,69,2,99,140,15
2009/2010,erasmia,city of tshwane,city of tshwane,28.09258,-25.81177,627,18,449,97,4,0,53,615,52,53,205,173,31,13,120,32,1,298,90,124,58,93,1,494,1,148,0,54,3,70,201,6
2010/2011,erasmia,city of tshwane,city of tshwane,28.09258,-25.81177,462,11,238,65,2,0,37,476,18,25,123,87,26,7,26,15,1,187,75,100,53,122,0,378,0,123,0,45,2,39,180,5
2011/2012,erasmia,city of tshwane,city of tshwane,28.09258,-25.81177,290,3,80,31,0,0,39,207,12,19,36,35,7,14,60,12,1,106,13,19,7,54,0,148,3,23,2,0,1,26,65,1
2012/2013,erasmia,city of tshwane,city of tshwane,28.09258,-25.81177,314,3,83,15,0,0,57,225,7,17,51,23,7,15,235,7,1,92,5,12,13,34,0,95,0,13,1,3,1,27,59,0
2013/2014,erasmia,city of tshwane,city of tshwane,28.09258,-25.81177,255,9,77,21,0,0,47,196,6,25,45,22,6,18,425,8,21,92,8,11,8,52,0,120,3,14,0,3,5,30,59,2
2014/2015,erasmia,city of tshwane,city of tshwane,28.09258,-25.81177,290,10,64,19,1,0,79,157,8,21,54,28,6,15,414,5,21,79,19,21,13,36,0,123,4,26,0,2,2,23,50,10
2015/2016,erasmia,city of tshwane,city of tshwane,28.09258,-25.81177,268,3,89,10,1,0,82,178,13,25,56,26,6,13,202,7,13,76,10,18,18,42,0,140,6,25,1,1,1,24,52,1
2016/2017,erasmia,city of tshwane,city of tshwane,28.09258,-25.81177,271,7,57,18,0,0,80,155,8,45,53,30,6,22,255,8,13,82,29,12,19,38,0,117,2,14,0,1,4,26,53,2
2017/2018,erasmia,city of tshwane,city of tshwane,28.09258,-25.81177,265,2,74,16,0,0,28,92,5,49,52,29,7,14,326,11,23,48,20,20,24,31,0,118,2,23,0,2,3,18,48,2
2018/2019,erasmia,city of tshwane,city of tshwane,28.09258,-25.81177,207,9,78,25,0,0,54,135,13,53,43,24,8,16,259,3,13,78,13,17,24,50,0,147,5,26,0,1,0,21,72,3
2019/2020,erasmia,city of tshwane,city of tshwane,28.09258,-25.81177,199,1,37,17,0,0,73,94,13,47,69,16,6,28,120,5,13,65,19,10,28,37,0,135,4,14,0,2,7,33,65,3
2020/2021,erasmia,city of tshwane,city of tshwane,28.09258,-25.81177,196,2,46,21,0,0,60,82,20,39,51,13,7,14,47,2,12,64,18,19,21,48,0,139,3,23,0,1,8,24,58,5
2021/2022,erasmia,city of tshwane,city of tshwane,28.09258,-25.81177,144,0,59,15,0,0,45,66,27,70,43,15,4,25,89,1,28,54,18,18,13,37,0,130,4,24,0,0,5,20,46,1
2022/2023,erasmia,city of tshwane,city of tshwane,28.09258,-25.81177,196,2,51,14,2,0,67,94,18,68,74,14,6,12,55,4,16,74,25,18,25,42,0,172,1,21,0,0,5,28,49,5
2023/2024,erasmia,tshwane district,tshwane district,28.09258,-25.81177,0,0,0,0,0,0,0,91,27,0,0,0,0,0,0,0,0,0,0,0,0,32,0,0,0,0,0,0,0,17,41,0
2024/2025,erasmia,tshwane district,tshwane district,28.09258,-25.81177,0,0,0,0,0,0,0,69,30,0,0,0,0,0,0,0,0,0,0,0,0,13,0,0,0,0,0,0,0,14,31,0
2008/2009,ermelo,msukaligwa,gert sibande,29.98454,-26.52267,1047,22,538,35,1,0,64,812,8,287,535,283,8,148,18,7,1,347,24,140,8,19,0,93,6,151,0,127,126,87,344,1
2009/2010,ermelo,msukaligwa,gert sibande,29.98454,-26.52267,991,13,482,32,7,0,38,738,6,376,578,385,35,113,35,8,1,389,37,118,17,29,0,133,7,166,0,161,158,126,306,1
2010/2011,ermelo,msukaligwa,gert sibande,29.98454,-26.52267,920,13,474,25,3,0,103,790,3,343,536,294,19,100,82,9,1,389,28,122,12,17,0,133,24,163,0,192,167,40,313,6
2011/2012,ermelo,msukaligwa,gert sibande,29.98454,-26.52267,776,9,472,24,5,0,169,894,2,602,510,202,9,123,82,14,1,347,39,103,18,23,0,149,15,128,6,196,91,84,284,1
2012/2013,ermelo,msukaligwa,gert sibande,29.98454,-26.52267,905,15,479,21,3,0,91,885,3,701,567,192,11,124,99,13,1,425,34,120,26,28,0,153,12,143,1,197,101,79,274,1
2013/2014,ermelo,msukaligwa,gert sibande,29.98454,-26.52267,791,5,402,28,6,0,137,873,3,552,602,185,12,101,125,13,4,381,45,91,53,19,1,214,14,118,1,178,95,47,332,4
2014/2015,ermelo,msukaligwa,gert sibande,29.98454,-26.52267,729,10,396,25,5,0,136,864,4,532,599,164,7,83,178,35,26,397,43,96,38,33,2,169,7,109,5,160,45,62,339,0
2015/2016,ermelo,msukaligwa,gert sibande,29.98454,-26.52267,771,4,376,28,12,0,129,811,3,649,571,187,5,191,214,13,28,335,31,77,30,27,1,119,13,105,67,155,63,53,313,1
2016/2017,ermelo,msukaligwa,gert sibande,29.98454,-26.52267,682,12,300,34,6,0,173,860,3,571,490,179,4,115,272,21,23,259,41,64,27,26,0,104,15,87,6,153,131,40,313,0
2017/2018,ermelo,msukaligwa,gert sibande,29.98454,-26.52267,554,9,309,20,1,0,174,699,3,433,329,98,9,138,341,20,17,250,30,81,25,19,0,102,11,98,2,152,127,61,295,0
2018/2019,ermelo,msukaligwa,gert sibande,29.98454,-26.52267,470,1,323,22,8,0,206,545,5,333,237,104,9,132,196,13,25,168,26,113,16,15,0,112,14,140,7,104,91,58,244,1
2019/2020,ermelo,msukaligwa,gert sibande,29.98454,-26.52267,434,4,313,18,1,0,144,489,5,258,224,75,9,264,98,15,24,203,49,100,30,17,0,149,13,119,2,144,82,64,234,1
2020/2021,ermelo,msukaligwa,gert sibande,29.98454,-26.52267,393,9,247,31,1,0,108,530,3,240,216,65,8,112,80,13,26,162,45,89,42,23,0,144,28,122,0,101,75,40,129,2
2021/2022,ermelo,msukaligwa,gert sibande,29.98454,-26.52267,382,7,276,44,2,0,146,487,12,277,186,55,5,157,66,20,43,210,56,105,48,64,0,232,11,121,0,93,76,47,142,1
2022/2023,ermelo,msukaligwa,gert sibande,29.98454,-26.52267,312,5,211,32,1,0,162,382,8,251,176,53,5,105,90,25,26,194,72,79,44,43,0,208,24,107,1,83,76,55,166,2
2023/2024,ermelo,gert sibande district,gert sibande district,29.98454,-26.52267,0,0,0,0,0,0,0,354,6,0,0,0,0,0,0,0,0,0,0,0,0,24,0,0,0,0,0,0,0,54,127,0
2024/2025,ermelo,gert sibande district,gert sibande district,29.98454,-26.52267,0,0,0,0,0,0,0,372,5,0,0,0,0,0,0,0,0,0,0,0,0,20,0,0,0,0,0,0,0,39,134,0
2008/2009,eshowe,umlalazi,king cetshwayo,31.45689,-28.90237,346,18,313,53,9,0,107,289,13,180,324,59,7,90,147,32,1,137,49,67,15,29,0,137,10,87,0,147,70,37,73,0
2009/2010,eshowe,umlalazi,king cetshwayo,31.45689,-28.90237,372,15,305,70,5,0,97,314,12,104,397,53,5,73,181,60,1,144,49,101,33,60,5,185,14,123,0,144,69,35,66,1
2010/2011,eshowe,umlalazi,king cetshwayo,31.45689,-28.90237,359,24,313,38,7,0,193,372,8,153,354,54,5,63,242,59,1,141,60,74,28,41,3,161,11,95,0,104,58,39,89,0
2011/2012,eshowe,umlalazi,king cetshwayo,31.45689,-28.90237,390,12,233,48,10,0,131,459,11,162,303,60,4,89,309,62,1,150,34,84,26,66,1,178,11,107,0,75,52,29,94,0
2012/2013,eshowe,umlalazi,king cetshwayo,31.45689,-28.90237,369,16,233,55,12,0,106,449,7,169,270,59,10,94,360,63,1,115,40,96,40,54,0,164,3,117,0,124,61,25,105,0
2013/2014,eshowe,umlalazi,king cetshwayo,31.45689,-28.90237,319,14,247,37,4,0,91,363,4,157,293,49,12,137,454,59,1,107,43,91,52,43,2,158,10,112,1,138,66,18,58,0
2014/2015,eshowe,umlalazi,king cetshwayo,31.45689,-28.90237,373,10,280,38,4,0,96,432,12,104,191,57,4,165,512,57,1,118,36,84,18,34,0,118,9,99,1,145,36,20,79,1
2015/2016,eshowe,umlalazi,king cetshwayo,31.45689,-28.90237,348,13,260,54,4,0,98,436,24,146,170,51,7,174,534,55,1,104,41,87,29,53,1,155,11,103,1,131,29,47,103,0
2016/2017,eshowe,umlalazi,king cetshwayo,31.45689,-28.90237,395,7,283,33,6,0,103,393,20,122,196,50,7,153,588,49,1,126,36,72,24,53,0,147,14,93,0,113,32,20,105,2
2017/2018,eshowe,umlalazi,king cetshwayo,31.45689,-28.90237,379,22,325,45,4,0,125,401,12,145,232,55,7,134,690,34,1,145,47,108,32,41,0,142,22,135,0,86,49,29,88,0
2018/2019,eshowe,umlalazi,king cetshwayo,31.45689,-28.90237,366,23,341,52,5,0,104,419,13,213,294,74,8,55,296,37,22,153,48,117,27,45,0,152,20,146,0,115,35,14,69,0
2019/2020,eshowe,umlalazi,king cetshwayo,31.45689,-28.90237,422,19,388,54,11,0,111,343,18,178,297,62,4,56,89,22,8,167,42,130,24,50,0,147,14,157,2,86,28,21,93,0
2020/2021,eshowe,umlalazi,king cetshwayo,31.45689,-28.90237,314,19,311,52,7,0,171,327,19,173,255,43,7,21,87,17,16,148,51,117,27,35,1,139,15,140,0,66,30,19,69,0
2021/2022,eshowe,umlalazi,king cetshwayo,31.45689,-28.90237,347,32,346,78,5,0,131,264,24,192,257,41,4,34,104,46,36,151,82,125,43,68,1,210,13,145,0,70,51,13,67,0
2022/2023,eshowe,umlalazi,king cetshwayo,31.45689,-28.90237,282,7,332,85,12,0,92,247,24,198,246,39,4,18,176,42,44,143,70,159,26,44,1,193,11,184,0,84,36,13,69,1
2023/2024,eshowe,king cetshwayo district,king cetshwayo district,31.45689,-28.90237,0,0,0,0,0,0,0,236,14,0,0,0,0,0,0,0,0,0,0,0,0,57,0,0,0,0,0,0,0,12,44,0
2024/2025,eshowe,king cetshwayo district,king cetshwayo district,31.45689,-28.90237,0,0,0,0,0,0,0,231,9,0,0,0,0,0,0,0,0,0,0,0,0,60,0,0,0,0,0,0,0,9,63,0
2008/2009,esikhaleni,umhlathuze,king cetshwayo,31.90505,-28.87487,428,13,542,102,4,0,83,545,101,138,509,161,17,68,55,63,1,166,78,106,32,108,6,438,4,123,0,74,40,47,107,1
2009/2010,esikhaleni,umhlathuze,king cetshwayo,31.90505,-28.87487,411,9,463,70,8,0,103,535,59,140,523,126,18,55,59,83,1,153,45,100,21,116,0,369,18,137,0,89,31,62,66,0
2010/2011,esikhaleni,umhlathuze,king cetshwayo,31.90505,-28.87487,303,8,443,61,6,0,82,505,27,204,418,105,5,15,64,40,1,147,53,134,35,139,0,342,9,152,0,139,25,25,64,0
2011/2012,esikhaleni,umhlathuze,king cetshwayo,31.90505,-28.87487,303,12,419,43,2,0,91,652,14,252,336,110,7,26,87,28,1,89,36,87,47,150,0,359,8,98,0,180,6,50,45,0
2012/2013,esikhaleni,umhlathuze,king cetshwayo,31.90505,-28.87487,346,11,397,45,7,0,73,669,14,403,384,90,7,31,100,41,1,135,53,124,45,126,1,395,10,142,2,138,6,33,90,0
2013/2014,esikhaleni,umhlathuze,king cetshwayo,31.90505,-28.87487,370,2,392,47,5,0,85,643,20,201,323,97,5,36,204,51,10,147,52,126,62,126,1,449,12,146,0,157,3,51,150,1
2014/2015,esikhaleni,umhlathuze,king cetshwayo,31.90505,-28.87487,330,4,361,45,4,0,81,659,15,112,207,62,5,42,145,26,28,125,51,106,52,122,1,359,18,131,2,152,12,43,128,0
2015/2016,esikhaleni,umhlathuze,king cetshwayo,31.90505,-28.87487,330,6,395,65,9,0,101,668,41,106,247,100,7,65,324,50,36,155,45,125,47,127,0,374,20,155,0,125,26,44,164,1
2016/2017,esikhaleni,umhlathuze,king cetshwayo,31.90505,-28.87487,270,7,347,60,3,0,104,546,21,132,248,85,7,59,336,37,36,129,41,113,29,99,0,337,19,136,0,137,8,30,71,0
2017/2018,esikhaleni,umhlathuze,king cetshwayo,31.90505,-28.87487,318,6,405,65,2,0,100,570,22,143,221,87,4,53,405,29,3,128,62,118,24,84,1,340,12,134,0,110,4,24,93,0
2018/2019,esikhaleni,umhlathuze,king cetshwayo,31.90505,-28.87487,301,8,382,64,3,0,53,524,14,138,235,79,6,58,354,34,3,108,72,131,36,69,0,373,19,153,0,130,5,17,79,0
2019/2020,esikhaleni,umhlathuze,king cetshwayo,31.90505,-28.87487,286,7,421,55,7,0,77,379,22,109,278,92,6,83,312,22,38,143,67,126,24,122,0,387,18,151,1,121,3,12,119,1
2020/2021,esikhaleni,umhlathuze,king cetshwayo,31.90505,-28.87487,243,8,410,60,3,0,87,420,30,135,232,50,7,44,213,24,27,129,90,102,41,145,0,407,15,121,0,112,10,14,98,2
2021/2022,esikhaleni,umhlathuze,king cetshwayo,31.90505,-28.87487,230,9,422,83,3,0,70,329,33,102,281,65,5,47,262,25,5,110,73,146,42,142,0,366,9,161,0,32,15,4,25,5
2022/2023,esikhaleni,umhlathuze,king cetshwayo,31.90505,-28.87487,255,7,464,70,8,0,55,294,52,106,239,62,4,48,251,45,10,112,89,127,43,209,0,457,15,152,0,0,22,29,40,3
2023/2024,esikhaleni,king cetshwayo district,king cetshwayo district,31.90505,-28.87487,0,0,0,0,0,0,0,286,37,0,0,0,0,0,0,0,0,0,0,0,0,202,0,0,0,0,0,0,0,10,31,0
2024/2025,esikhaleni,king cetshwayo district,king cetshwayo district,31.90505,-28.87487,0,0,0,0,0,0,0,348,26,0,0,0,0,0,0,0,0,0,0,0,0,119,0,0,0,0,0,0,0,13,29,0
2008/2009,estcourt,inkosi langalibalele,uthukela,29.87219,-29.00566,287,7,150,26,1,0,77,254,7,110,132,54,9,151,122,28,1,86,15,36,24,14,0,69,1,43,0,85,162,39,139,2
2009/2010,estcourt,inkosi langalibalele,uthukela,29.87219,-29.00566,251,17,153,42,5,0,55,194,15,149,156,44,4,71,125,50,1,108,35,48,19,21,0,113,7,62,0,159,158,49,187,4
2010/2011,estcourt,inkosi langalibalele,uthukela,29.87219,-29.00566,263,13,151,35,1,0,56,228,9,235,121,65,4,77,132,53,1,101,31,44,14,14,1,86,4,51,0,119,123,55,232,2
2011/2012,estcourt,inkosi langalibalele,uthukela,29.87219,-29.00566,309,10,147,31,0,0,65,202,3,177,134,66,4,62,176,29,1,75,19,40,8,9,0,73,5,47,1,150,109,23,208,3
2012/2013,estcourt,inkosi langalibalele,uthukela,29.87219,-29.00566,312,5,138,31,1,0,86,267,2,120,165,58,7,65,176,28,1,108,25,38,16,11,0,72,2,42,1,141,96,38,200,8
2013/2014,estcourt,inkosi langalibalele,uthukela,29.87219,-29.00566,251,7,170,24,1,0,72,128,1,144,143,73,7,44,190,25,23,76,18,37,18,8,0,45,5,44,2,186,104,19,187,1
2014/2015,estcourt,inkosi langalibalele,uthukela,29.87219,-29.00566,254,8,136,33,0,0,61,182,1,104,114,81,7,41,135,27,17,82,22,24,11,17,0,70,4,29,0,182,128,13,221,1
2015/2016,estcourt,inkosi langalibalele,uthukela,29.87219,-29.00566,236,5,167,21,3,0,114,161,6,120,135,73,7,36,164,25,21,83,19,38,11,4,0,70,3,45,1,149,114,27,180,2
2016/2017,estcourt,inkosi langalibalele,uthukela,29.87219,-29.00566,248,5,139,20,2,0,63,179,2,145,113,66,4,35,178,22,21,72,16,34,18,15,0,58,6,44,0,158,116,22,149,1
2017/2018,estcourt,inkosi langalibalele,uthukela,29.87219,-29.00566,165,7,145,27,0,0,112,171,7,129,108,47,6,47,259,29,12,66,22,40,19,15,0,70,9,49,5,153,141,13,112,2
2018/2019,estcourt,inkosi langalibalele,uthukela,29.87219,-29.00566,174,3,132,25,1,0,95,168,4,144,83,59,4,26,139,23,13,62,21,48,19,16,0,78,6,57,6,136,154,14,78,3
2019/2020,estcourt,inkosi langalibalele,uthukela,29.87219,-29.00566,210,0,149,35,5,0,93,150,7,126,84,58,4,25,58,5,14,58,27,42,15,14,0,77,3,52,0,173,155,18,54,0
2020/2021,estcourt,inkosi langalibalele,uthukela,29.87219,-29.00566,212,2,147,47,2,0,92,97,5,116,99,48,8,33,78,25,12,76,39,39,34,20,0,125,6,51,0,142,139,8,58,2
2021/2022,estcourt,inkosi langalibalele,uthukela,29.87219,-29.00566,212,7,178,57,1,0,67,117,6,116,141,66,7,43,98,15,4,87,32,63,19,25,0,118,15,80,0,123,152,20,84,2
2022/2023,estcourt,inkosi langalibalele,uthukela,29.87219,-29.00566,244,8,128,66,3,0,77,150,9,163,133,65,7,16,79,22,8,91,55,64,24,14,1,124,6,74,0,93,146,18,65,1
2023/2024,estcourt,uthukela district,uthukela district,29.87219,-29.00566,0,0,0,0,0,0,0,139,6,0,0,0,0,0,0,0,0,0,0,0,0,30,0,0,0,0,0,0,0,11,88,0
2024/2025,estcourt,uthukela district,uthukela district,29.87219,-29.00566,0,0,0,0,0,0,0,123,3,0,0,0,0,0,0,0,0,0,0,0,0,26,0,0,0,0,0,0,0,15,77,0
2008/2009,etwatwa,ekurhuleni,ekurhuleni,28.4642,-26.11999,248,7,454,35,5,0,19,384,18,13,330,100,17,52,15,13,1,185,37,129,6,38,0,178,3,146,0,0,0,74,68,1
2009/2010,etwatwa,ekurhuleni,ekurhuleni,28.4642,-26.11999,255,9,502,39,4,0,7,552,44,17,318,71,37,51,15,21,1,211,33,146,39,46,0,256,6,174,0,0,0,63,91,2
2010/2011,etwatwa,ekurhuleni,ekurhuleni,28.4642,-26.11999,242,19,507,30,2,0,32,595,29,52,356,79,3,39,37,42,1,190,39,148,74,52,1,291,12,175,0,2,1,68,79,7
2011/2012,etwatwa,ekurhuleni,ekurhuleni,28.4642,-26.11999,178,14,462,18,3,0,58,414,19,50,265,62,12,42,90,35,1,157,29,132,69,31,0,187,15,157,2,2,1,82,72,0
2012/2013,etwatwa,ekurhuleni,ekurhuleni,28.4642,-26.11999,203,14,500,28,0,0,54,362,16,53,234,59,6,49,186,27,1,138,34,124,69,30,0,243,14,138,2,3,0,105,79,2
2013/2014,etwatwa,ekurhuleni,ekurhuleni,28.4642,-26.11999,326,18,510,22,1,0,87,462,20,32,250,62,4,79,1067,30,28,186,33,122,46,22,0,304,9,134,1,3,5,96,94,2
2014/2015,etwatwa,ekurhuleni,ekurhuleni,28.4642,-26.11999,359,6,576,24,2,0,72,426,36,21,238,52,4,86,686,16,24,174,38,122,31,30,0,290,7,133,2,0,0,131,96,0
2015/2016,etwatwa,ekurhuleni,ekurhuleni,28.4642,-26.11999,344,16,652,26,1,0,72,408,32,29,219,71,6,80,193,17,43,144,41,92,30,20,1,246,7,100,0,0,0,90,39,1
2016/2017,etwatwa,ekurhuleni,ekurhuleni,28.4642,-26.11999,353,17,588,43,0,0,74,485,42,40,188,73,6,80,298,41,37,177,35,111,45,49,0,362,4,115,0,1,2,135,69,2
2017/2018,etwatwa,ekurhuleni,ekurhuleni,28.4642,-26.11999,304,8,600,36,3,0,64,443,22,38,248,60,7,119,380,42,2,145,28,101,51,45,0,294,15,120,0,3,3,108,80,3
2018/2019,etwatwa,ekurhuleni,ekurhuleni,28.4642,-26.11999,321,11,611,33,4,0,78,439,21,46,390,85,6,130,339,39,18,218,43,107,39,52,0,265,19,130,0,14,1,55,84,0
2019/2020,etwatwa,ekurhuleni,ekurhuleni,28.4642,-26.11999,331,8,705,43,3,0,77,525,43,68,335,90,4,215,390,31,44,189,33,123,25,33,0,290,19,147,0,20,1,70,94,2
2020/2021,etwatwa,ekurhuleni,ekurhuleni,28.4642,-26.11999,263,7,705,27,4,0,79,377,35,126,336,72,12,131,322,24,39,221,35,114,22,42,0,276,8,133,1,6,2,79,100,1
2021/2022,etwatwa,ekurhuleni,ekurhuleni,28.4642,-26.11999,251,6,684,43,0,0,49,265,41,163,352,64,4,102,354,19,5,273,52,117,26,69,0,270,19,138,0,8,1,63,64,0
2022/2023,etwatwa,ekurhuleni,ekurhuleni,28.4642,-26.11999,291,9,678,39,3,0,57,299,54,138,293,71,6,84,366,29,20,233,45,99,28,43,0,263,13,115,0,8,2,48,62,3
2023/2024,etwatwa,ekurhuleni district,ekurhuleni district,28.4642,-26.11999,0,0,0,0,0,0,0,255,45,0,0,0,0,0,0,0,0,0,0,0,0,80,0,0,0,0,0,0,0,34,52,0
2024/2025,etwatwa,ekurhuleni district,ekurhuleni district,28.4642,-26.11999,0,0,0,0,0,0,0,230,63,0,0,0,0,0,0,0,0,0,0,0,0,105,0,0,0,0,0,0,0,20,59,0
2008/2009,evander,govan mbeki,gert sibande,29.10759,-26.47065,302,2,50,3,0,0,91,95,7,22,69,32,8,13,16,1,1,52,7,8,6,0,0,31,1,13,0,19,0,38,61,0
2009/2010,evander,govan mbeki,gert sibande,29.10759,-26.47065,259,1,44,8,1,0,106,133,5,35,63,30,5,15,15,1,1,53,11,14,10,15,0,51,0,18,0,37,0,36,37,1
2010/2011,evander,govan mbeki,gert sibande,29.10759,-26.47065,210,0,43,2,0,0,35,100,2,24,59,14,5,24,11,4,1,31,6,14,6,2,1,16,2,19,0,27,0,48,38,0
2011/2012,evander,govan mbeki,gert sibande,29.10759,-26.47065,189,0,30,2,2,0,23,95,0,52,41,16,4,29,28,3,1,18,1,2,0,5,0,14,0,6,0,18,1,27,20,0
2012/2013,evander,govan mbeki,gert sibande,29.10759,-26.47065,163,0,33,0,0,0,26,112,0,44,38,4,6,23,52,1,1,19,2,7,4,3,0,10,1,8,0,23,4,31,33,2
2013/2014,evander,govan mbeki,gert sibande,29.10759,-26.47065,193,0,20,5,0,0,30,142,3,44,37,12,6,27,51,1,13,25,5,6,4,14,0,22,2,8,0,13,1,36,36,0
2014/2015,evander,govan mbeki,gert sibande,29.10759,-26.47065,176,1,16,13,0,0,48,95,2,32,22,7,7,29,54,22,13,15,17,4,3,12,0,19,4,9,1,20,0,17,31,0
2015/2016,evander,govan mbeki,gert sibande,29.10759,-26.47065,236,0,17,5,1,0,49,160,2,19,21,9,4,43,62,15,13,27,17,8,5,4,0,14,4,15,0,28,2,10,52,0
2016/2017,evander,govan mbeki,gert sibande,29.10759,-26.47065,174,0,25,8,1,0,57,227,2,33,33,12,6,50,52,14,13,22,8,4,9,3,0,18,2,7,0,13,2,27,58,0
2017/2018,evander,govan mbeki,gert sibande,29.10759,-26.47065,217,0,29,5,0,0,69,129,1,32,36,10,6,46,81,9,13,25,9,7,9,8,0,25,5,12,0,33,2,39,35,0
2018/2019,evander,govan mbeki,gert sibande,29.10759,-26.47065,218,0,16,2,0,0,77,135,5,42,29,4,6,65,70,12,14,17,13,10,10,5,0,23,1,11,0,35,5,29,46,0
2019/2020,evander,govan mbeki,gert sibande,29.10759,-26.47065,139,0,27,6,0,0,39,200,1,56,43,10,6,93,59,4,21,13,1,15,16,6,0,34,2,17,1,35,7,16,36,0
2020/2021,evander,govan mbeki,gert sibande,29.10759,-26.47065,135,1,11,4,0,0,38,114,3,54,31,9,7,47,10,0,13,15,2,7,10,2,0,23,3,11,0,25,4,7,40,0
2021/2022,evander,govan mbeki,gert sibande,29.10759,-26.47065,89,1,30,10,0,0,26,110,5,55,31,3,7,44,17,0,21,16,4,13,7,8,0,27,8,22,0,28,2,12,32,0
2022/2023,evander,govan mbeki,gert sibande,29.10759,-26.47065,145,0,36,6,0,0,25,199,2,57,47,2,6,17,40,6,14,19,3,10,12,9,0,30,2,12,1,22,5,17,35,1
2023/2024,evander,gert sibande district,gert sibande district,29.10759,-26.47065,0,0,0,0,0,0,0,84,2,0,0,0,0,0,0,0,0,0,0,0,0,0,0,0,0,0,0,0,0,10,40,0
2024/2025,evander,gert sibande district,gert sibande district,29.10759,-26.47065,0,0,0,0,0,0,0,82,1,0,0,0,0,0,0,0,0,0,0,0,0,4,0,0,0,0,0,0,0,7,21,0
2008/2009,evaton,emfuleni,sedibeng,27.85719,-26.54172,465,17,733,50,7,0,175,645,25,73,333,222,17,85,200,44,1,359,48,220,33,22,0,262,4,240,0,408,8,111,125,1
2009/2010,evaton,emfuleni,sedibeng,27.85719,-26.54172,487,11,719,38,7,0,201,761,46,77,307,236,16,123,234,53,1,359,58,195,52,36,1,304,4,216,0,619,10,164,194,1
2010/2011,evaton,emfuleni,sedibeng,27.85719,-26.54172,583,17,698,34,5,0,201,650,33,118,285,228,37,170,283,46,1,276,50,187,40,47,1,265,8,218,0,442,13,112,190,0
2011/2012,evaton,emfuleni,sedibeng,27.85719,-26.54172,570,22,765,33,8,0,161,733,22,167,322,168,5,146,352,39,1,252,62,150,60,69,1,307,6,167,2,360,8,167,171,0
2012/2013,evaton,emfuleni,sedibeng,27.85719,-26.54172,510,26,685,28,4,0,120,738,40,165,341,135,8,266,745,40,1,271,59,136,63,55,1,342,5,149,1,329,7,185,173,0
2013/2014,evaton,emfuleni,sedibeng,27.85719,-26.54172,533,18,647,62,4,0,149,719,58,119,314,118,4,263,1298,58,39,303,48,114,56,87,1,428,10,130,0,333,8,163,228,0
2014/2015,evaton,emfuleni,sedibeng,27.85719,-26.54172,512,20,845,57,12,0,143,741,74,108,290,95,5,308,1321,56,20,382,82,155,110,77,0,548,14,184,3,360,9,137,188,3
2015/2016,evaton,emfuleni,sedibeng,27.85719,-26.54172,426,19,807,103,4,0,123,642,74,108,233,131,4,292,1009,45,11,335,69,108,131,103,1,634,7,121,0,357,13,163,189,8
2016/2017,evaton,emfuleni,sedibeng,27.85719,-26.54172,370,9,669,97,3,0,175,712,86,94,227,123,4,170,1020,63,9,349,90,125,170,95,2,629,8,138,0,322,11,192,209,1
2017/2018,evaton,emfuleni,sedibeng,27.85719,-26.54172,378,9,780,68,1,0,177,752,95,137,230,108,7,192,1148,73,5,326,86,118,138,100,4,596,11,131,0,398,2,172,139,2
2018/2019,evaton,emfuleni,sedibeng,27.85719,-26.54172,339,7,556,73,7,0,185,729,100,131,309,119,7,174,731,40,44,289,92,107,115,112,1,608,5,120,0,326,10,132,199,4
2019/2020,evaton,emfuleni,sedibeng,27.85719,-26.54172,370,10,597,56,3,0,224,600,115,149,374,113,7,154,441,26,55,272,84,141,120,86,0,652,8,153,0,391,7,143,179,3
2020/2021,evaton,emfuleni,sedibeng,27.85719,-26.54172,348,10,530,65,4,0,191,381,128,173,361,77,5,101,356,38,42,315,75,95,59,117,1,507,10,112,0,240,1,88,99,1
2021/2022,evaton,emfuleni,sedibeng,27.85719,-26.54172,286,5,481,78,3,0,186,345,140,124,413,56,6,136,474,56,101,283,104,111,63,79,1,486,10,124,0,221,3,68,100,1
2022/2023,evaton,emfuleni,sedibeng,27.85719,-26.54172,270,4,430,76,5,0,125,314,182,114,277,54,7,158,633,34,111,205,102,128,82,80,0,545,4,138,0,378,7,68,83,2
2023/2024,evaton,sedibeng district,sedibeng district,27.85719,-26.54172,0,0,0,0,0,0,0,288,143,0,0,0,0,0,0,0,0,0,0,0,0,99,0,0,0,0,0,0,0,39,71,0
2024/2025,evaton,sedibeng district,sedibeng district,27.85719,-26.54172,0,0,0,0,0,0,0,284,100,0,0,0,0,0,0,0,0,0,0,0,0,108,0,0,0,0,0,0,0,43,75,0
2008/2009,evatt,greater kokstad,harry gwala,29.35065,-30.03691,2,1,8,0,0,0,0,3,0,0,1,0,6,1,28,3,1,0,0,1,0,0,0,0,0,1,0,0,10,0,2,0
2009/2010,evatt,greater kokstad,harry gwala,29.35065,-30.03691,4,0,6,0,0,0,0,6,0,1,2,0,7,4,42,1,1,1,0,0,0,0,0,0,0,1,0,0,14,0,0,0
2010/2011,evatt,greater kokstad,harry gwala,29.35065,-30.03691,5,0,6,0,1,0,0,8,0,0,5,0,6,0,36,0,1,0,1,0,0,0,0,0,0,1,0,0,10,0,0,0
2011/2012,evatt,greater kokstad,harry gwala,29.35065,-30.03691,3,3,20,0,0,0,1,17,0,0,7,1,6,3,10,5,1,4,1,5,0,0,0,0,2,7,0,0,9,1,3,0
2012/2013,evatt,greater kokstad,harry gwala,29.35065,-30.03691,7,2,14,0,0,0,0,9,0,0,7,0,6,0,29,2,1,4,3,7,0,0,0,0,2,9,0,0,14,0,0,0
2013/2014,evatt,greater kokstad,harry gwala,29.35065,-30.03691,5,0,13,2,0,0,0,17,0,0,8,0,6,3,36,4,13,1,1,1,0,1,0,1,0,1,0,0,18,0,0,0
2014/2015,evatt,greater kokstad,harry gwala,29.35065,-30.03691,1,2,13,0,0,0,0,10,0,0,5,1,6,0,33,2,13,2,1,3,0,0,0,1,0,3,0,0,8,0,1,0
2015/2016,evatt,greater kokstad,harry gwala,29.35065,-30.03691,3,0,18,0,0,0,2,9,0,0,0,1,6,2,34,0,13,2,0,10,0,2,0,2,0,10,0,0,13,0,0,0
2016/2017,evatt,greater kokstad,harry gwala,29.35065,-30.03691,4,1,11,0,0,0,6,8,0,1,3,0,6,0,42,4,13,6,4,3,0,1,0,2,0,3,0,0,8,0,0,0
2017/2018,evatt,greater kokstad,harry gwala,29.35065,-30.03691,12,0,9,0,1,0,2,5,0,3,4,0,6,0,58,0,13,5,2,4,0,1,0,1,1,6,0,0,14,0,0,0
2018/2019,evatt,greater kokstad,harry gwala,29.35065,-30.03691,3,0,22,1,1,0,6,10,1,0,2,0,6,3,25,2,13,8,2,4,0,0,0,1,2,7,0,0,21,0,1,0
2019/2020,evatt,greater kokstad,harry gwala,29.35065,-30.03691,5,0,21,0,0,0,3,10,0,1,5,0,6,6,1,1,12,6,1,3,0,0,0,0,0,3,0,0,23,0,0,0
2020/2021,evatt,greater kokstad,harry gwala,29.35065,-30.03691,3,0,14,0,1,0,3,13,0,0,5,0,6,9,10,2,13,7,3,8,0,4,0,4,0,9,0,0,33,0,0,0
2021/2022,evatt,greater kokstad,harry gwala,29.35065,-30.03691,2,0,15,1,0,0,1,6,0,2,10,0,6,0,6,2,12,4,2,4,0,0,0,0,0,4,0,0,22,0,0,0
2022/2023,evatt,greater kokstad,harry gwala,29.35065,-30.03691,8,1,22,1,1,0,4,3,0,0,4,2,6,3,3,3,13,3,6,9,1,4,0,5,1,11,0,0,22,0,0,0
2023/2024,evatt,harry gwala district,harry gwala district,29.35065,-30.03691,0,0,0,0,0,0,0,6,0,0,0,0,0,0,0,0,0,0,0,0,0,0,0,0,0,0,0,0,0,0,1,0
2024/2025,evatt,harry gwala district,harry gwala district,29.35065,-30.03691,0,0,0,0,0,0,0,2,0,0,0,0,0,0,0,0,0,0,0,0,0,0,0,0,0,0,0,0,0,0,1,0
2008/2009,excelsior,mantsopa,thabo mofutsanyane,27.06109,-28.9382,32,0,26,0,0,0,7,10,0,1,40,5,7,3,18,0,1,11,2,5,0,0,0,2,2,8,0,0,21,0,0,0
2009/2010,excelsior,mantsopa,thabo mofutsanyane,27.06109,-28.9382,23,0,39,1,0,0,8,17,0,2,34,1,7,1,11,0,1,15,2,7,2,0,0,2,8,16,0,0,21,4,2,0
2010/2011,excelsior,mantsopa,thabo mofutsanyane,27.06109,-28.9382,18,0,30,1,0,0,5,34,0,2,40,3,7,2,15,0,1,6,0,8,0,6,0,7,3,12,0,3,21,1,0,0
2011/2012,excelsior,mantsopa,thabo mofutsanyane,27.06109,-28.9382,27,1,24,0,0,0,8,17,0,3,34,4,6,2,11,0,1,13,0,9,0,1,0,1,5,14,0,5,30,0,4,0
2012/2013,excelsior,mantsopa,thabo mofutsanyane,27.06109,-28.9382,20,0,23,1,1,0,5,20,0,2,34,1,7,4,13,0,1,12,0,9,3,1,0,4,4,15,0,5,28,1,1,0
2013/2014,excelsior,mantsopa,thabo mofutsanyane,27.06109,-28.9382,29,1,25,1,0,0,13,21,0,0,18,1,6,1,22,1,13,10,1,8,4,0,0,4,1,9,0,1,15,5,2,0
2014/2015,excelsior,mantsopa,thabo mofutsanyane,27.06109,-28.9382,16,0,17,1,1,0,10,20,0,1,18,1,6,1,39,0,13,9,0,4,1,2,0,3,2,7,1,0,23,4,2,0
2015/2016,excelsior,mantsopa,thabo mofutsanyane,27.06109,-28.9382,22,1,31,2,1,0,20,20,0,2,22,1,7,2,23,2,13,12,2,4,1,0,0,3,3,9,1,0,12,1,2,0
2016/2017,excelsior,mantsopa,thabo mofutsanyane,27.06109,-28.9382,15,0,14,0,2,0,12,15,0,2,29,2,7,0,36,1,13,7,1,7,2,0,0,2,1,11,0,2,21,0,2,0
2017/2018,excelsior,mantsopa,thabo mofutsanyane,27.06109,-28.9382,10,0,10,0,1,0,7,11,0,2,14,0,7,1,38,3,13,3,1,7,0,0,0,0,0,9,0,1,22,1,2,0
2018/2019,excelsior,mantsopa,thabo mofutsanyane,27.06109,-28.9382,11,0,18,0,0,0,7,6,0,1,30,0,6,1,11,1,13,6,2,8,0,1,0,1,2,10,0,1,13,0,4,0
2019/2020,excelsior,mantsopa,thabo mofutsanyane,27.06109,-28.9382,16,0,24,0,0,0,20,9,0,6,28,1,6,0,0,0,13,7,1,5,0,1,0,2,6,11,0,0,18,1,1,0
2020/2021,excelsior,mantsopa,thabo mofutsanyane,27.06109,-28.9382,14,0,17,0,0,0,10,7,0,3,23,1,6,0,3,0,13,4,0,3,0,1,0,1,2,5,0,0,9,0,0,0
2021/2022,excelsior,mantsopa,thabo mofutsanyane,27.06109,-28.9382,7,0,22,0,1,0,5,4,0,2,16,2,6,2,2,0,13,2,2,6,0,0,0,1,1,8,0,0,5,0,1,0
2022/2023,excelsior,mantsopa,thabo mofutsanyane,27.06109,-28.9382,2,0,17,0,0,0,9,10,0,4,7,0,7,1,6,0,13,7,2,4,2,0,0,3,1,6,0,0,13,0,1,0
2023/2024,excelsior,thabo mofutsanyana district,thabo mofutsanyana district,27.06109,-28.9382,0,0,0,0,0,0,0,14,0,0,0,0,0,0,0,0,0,0,0,0,0,0,0,0,0,0,0,0,0,0,3,0
2024/2025,excelsior,thabo mofutsanyana district,thabo mofutsanyana district,27.06109,-28.9382,0,0,0,0,0,0,0,9,0,0,0,0,0,0,0,0,0,0,0,0,0,0,0,0,0,0,0,0,0,0,3,0
2008/2009,ezakheni,alfred duma,uthukela,29.9278,-28.59515,183,10,261,91,1,0,59,312,12,7,210,40,7,37,100,64,1,132,73,101,20,58,0,151,7,110,0,0,147,12,54,1
2009/2010,ezakheni,alfred duma,uthukela,29.9278,-28.59515,171,11,304,68,3,0,62,326,18,119,251,22,4,39,142,218,1,108,67,91,9,61,0,166,5,101,0,0,143,10,30,0
2010/2011,ezakheni,alfred duma,uthukela,29.9278,-28.59515,191,6,255,66,5,0,40,241,16,27,225,29,9,64,89,107,1,94,52,108,12,58,0,140,3,121,0,0,137,10,23,0
2011/2012,ezakheni,alfred duma,uthukela,29.9278,-28.59515,139,7,256,47,5,0,40,190,10,14,222,23,6,32,97,96,1,84,34,91,6,58,0,143,4,100,1,0,183,23,26,0
2012/2013,ezakheni,alfred duma,uthukela,29.9278,-28.59515,157,4,281,50,8,0,43,215,6,18,229,31,8,43,60,45,1,106,29,97,11,39,0,114,6,115,0,0,163,22,38,0
2013/2014,ezakheni,alfred duma,uthukela,29.9278,-28.59515,160,9,276,57,7,0,44,252,6,22,167,27,5,46,55,60,3,100,49,96,19,54,0,164,7,113,0,36,104,44,38,0
2014/2015,ezakheni,alfred duma,uthukela,29.9278,-28.59515,150,9,311,62,7,0,76,229,2,49,189,46,6,36,66,65,37,119,56,82,41,65,0,202,11,100,0,104,119,36,36,0
2015/2016,ezakheni,alfred duma,uthukela,29.9278,-28.59515,134,8,318,74,3,0,66,227,6,30,200,37,7,52,94,52,38,126,64,72,24,62,0,182,10,86,0,75,139,32,45,0
2016/2017,ezakheni,alfred duma,uthukela,29.9278,-28.59515,191,8,334,50,1,0,39,227,8,27,256,47,7,63,137,109,16,143,46,84,18,109,0,228,9,95,0,109,133,14,48,0
2017/2018,ezakheni,alfred duma,uthukela,29.9278,-28.59515,136,6,352,39,1,0,48,199,9,28,260,42,6,49,117,81,2,116,52,81,16,57,0,164,12,94,0,97,132,18,42,0
2018/2019,ezakheni,alfred duma,uthukela,29.9278,-28.59515,207,2,383,42,1,0,30,190,10,27,217,41,6,105,118,37,3,132,45,102,21,42,0,158,18,121,0,76,124,13,41,0
2019/2020,ezakheni,alfred duma,uthukela,29.9278,-28.59515,151,7,361,38,1,0,44,184,3,27,198,38,9,124,132,32,42,97,83,90,8,26,0,109,10,106,0,53,84,9,21,1
2020/2021,ezakheni,alfred duma,uthukela,29.9278,-28.59515,154,2,314,58,1,0,35,114,8,37,206,29,7,48,163,44,16,119,65,85,6,58,0,141,7,94,0,55,75,11,19,0
2021/2022,ezakheni,alfred duma,uthukela,29.9278,-28.59515,182,6,377,58,6,0,70,169,9,46,204,41,6,20,171,28,36,152,59,90,13,41,1,166,12,108,0,10,68,12,23,0
2022/2023,ezakheni,alfred duma,uthukela,29.9278,-28.59515,163,4,277,68,3,0,27,183,9,22,152,29,6,25,177,50,18,84,67,89,12,34,0,118,6,98,0,16,74,4,21,0
2023/2024,ezakheni,uthukela district,uthukela district,29.9278,-28.59515,0,0,0,0,0,0,0,119,7,0,0,0,0,0,0,0,0,0,0,0,0,13,0,0,0,0,0,0,0,6,21,0
2024/2025,ezakheni,uthukela district,uthukela district,29.9278,-28.59515,0,0,0,0,0,0,0,127,1,0,0,0,0,0,0,0,0,0,0,0,0,22,0,0,0,0,0,0,0,5,22,0
2008/2009,ezibayeni,big five hlabisa,umkhanyakude,32.06748,-27.99895,11,2,24,3,0,0,12,7,0,0,5,1,6,1,26,11,1,5,1,11,0,0,0,5,1,12,0,0,2,0,0,0
2009/2010,ezibayeni,big five hlabisa,umkhanyakude,32.06748,-27.99895,7,1,25,1,0,0,5,10,0,0,9,2,6,5,32,1,1,2,1,10,2,0,0,5,1,11,0,0,2,0,0,0
2010/2011,ezibayeni,big five hlabisa,umkhanyakude,32.06748,-27.99895,3,0,20,5,0,0,7,5,0,0,6,2,6,5,36,10,1,2,4,11,0,2,0,2,0,11,0,0,5,0,0,0
2011/2012,ezibayeni,big five hlabisa,umkhanyakude,32.06748,-27.99895,20,0,21,4,0,0,9,13,0,0,9,1,7,1,40,8,1,6,0,13,2,2,0,5,0,14,0,0,19,1,3,0
2012/2013,ezibayeni,big five hlabisa,umkhanyakude,32.06748,-27.99895,10,2,29,1,0,0,12,13,0,0,13,2,6,0,46,5,1,5,5,4,0,1,0,1,1,5,0,0,18,1,1,0
2013/2014,ezibayeni,big five hlabisa,umkhanyakude,32.06748,-27.99895,11,2,31,2,0,0,8,18,0,0,9,3,4,0,40,19,13,8,0,10,1,4,0,5,2,14,0,0,13,0,1,0
2014/2015,ezibayeni,big five hlabisa,umkhanyakude,32.06748,-27.99895,6,1,22,4,0,0,5,9,0,0,8,0,7,3,16,9,13,4,0,16,5,5,0,12,2,19,0,0,6,1,2,0
2015/2016,ezibayeni,big five hlabisa,umkhanyakude,32.06748,-27.99895,14,0,24,2,0,0,7,10,1,0,4,3,6,2,14,12,13,9,5,11,1,3,0,7,1,12,0,0,16,0,0,0
2016/2017,ezibayeni,big five hlabisa,umkhanyakude,32.06748,-27.99895,17,1,20,2,2,0,10,13,0,2,7,2,7,1,14,5,12,7,4,7,2,4,0,8,0,10,0,0,11,0,3,0
2017/2018,ezibayeni,big five hlabisa,umkhanyakude,32.06748,-27.99895,12,1,25,2,1,0,6,13,0,2,7,1,6,3,8,8,12,3,4,12,0,1,0,2,0,13,0,0,8,0,2,0
2018/2019,ezibayeni,big five hlabisa,umkhanyakude,32.06748,-27.99895,9,1,28,7,0,0,12,9,1,2,11,0,6,2,12,16,13,5,3,12,2,1,0,6,2,14,0,0,9,0,0,0
2019/2020,ezibayeni,big five hlabisa,umkhanyakude,32.06748,-27.99895,13,0,24,3,0,0,12,13,0,2,14,0,7,3,4,16,12,6,2,7,0,1,0,2,3,11,0,0,8,1,1,0
2020/2021,ezibayeni,big five hlabisa,umkhanyakude,32.06748,-27.99895,15,2,19,6,0,0,23,17,2,1,12,0,6,1,7,4,13,11,5,4,3,2,0,8,3,7,0,0,8,1,2,0
2021/2022,ezibayeni,big five hlabisa,umkhanyakude,32.06748,-27.99895,7,0,36,7,0,0,7,12,0,1,8,2,6,0,9,4,13,9,5,11,5,7,0,13,1,12,0,0,8,0,2,0
2022/2023,ezibayeni,big five hlabisa,umkhanyakude,32.06748,-27.99895,9,0,27,5,0,0,11,12,0,4,3,0,6,2,9,3,12,1,5,14,3,1,0,4,2,16,0,0,3,0,0,0
2023/2024,ezibayeni,umkhanyakude district,umkhanyakude district,32.06748,-27.99895,0,0,0,0,0,0,0,7,0,0,0,0,0,0,0,0,0,0,0,0,0,1,0,0,0,0,0,0,0,0,0,0
2024/2025,ezibayeni,umkhanyakude district,umkhanyakude district,32.06748,-27.99895,0,0,0,0,0,0,0,5,0,0,0,0,0,0,0,0,0,0,0,0,0,3,0,0,0,0,0,0,0,0,1,0
2008/2009,ezibeleni,enoch mgijima,chris hani,26.95282,-31.90484,53,1,134,13,3,0,11,124,2,5,15,9,7,63,29,8,1,34,12,35,4,4,0,13,6,45,0,1,13,1,5,0
2009/2010,ezibeleni,enoch mgijima,chris hani,26.95282,-31.90484,38,2,96,2,5,1,9,126,0,0,14,11,6,95,10,3,1,35,12,41,4,8,0,16,3,49,0,1,9,4,6,0
2010/2011,ezibeleni,enoch mgijima,chris hani,26.95282,-31.90484,33,2,93,4,3,0,10,85,0,2,19,9,6,82,4,5,1,28,8,45,5,1,0,7,3,51,0,0,9,5,3,0
2011/2012,ezibeleni,enoch mgijima,chris hani,26.95282,-31.90484,32,0,79,3,1,0,2,99,0,3,6,8,6,19,16,4,1,25,11,53,3,6,0,13,1,55,0,0,13,6,5,0
2012/2013,ezibeleni,enoch mgijima,chris hani,26.95282,-31.90484,20,1,58,2,0,0,15,96,0,1,14,6,7,25,18,4,1,17,12,50,7,5,0,16,2,53,0,0,18,6,10,0
2013/2014,ezibeleni,enoch mgijima,chris hani,26.95282,-31.90484,32,0,75,3,1,0,10,92,1,2,9,5,6,20,12,4,21,24,9,51,4,1,0,10,3,55,0,0,20,3,11,0
2014/2015,ezibeleni,enoch mgijima,chris hani,26.95282,-31.90484,28,3,96,4,0,0,10,76,1,3,21,3,7,28,26,3,21,42,10,79,7,3,0,21,4,84,0,0,9,1,10,0
2015/2016,ezibeleni,enoch mgijima,chris hani,26.95282,-31.90484,42,3,96,6,0,0,7,54,2,3,28,3,7,78,62,8,13,20,12,73,4,2,0,25,2,76,0,0,16,8,34,0
2016/2017,ezibeleni,enoch mgijima,chris hani,26.95282,-31.90484,33,0,97,2,3,0,15,82,1,5,41,10,4,68,55,2,12,39,15,55,4,10,0,34,1,61,0,0,7,2,17,0
2017/2018,ezibeleni,enoch mgijima,chris hani,26.95282,-31.90484,34,2,109,3,4,0,20,84,0,2,36,12,6,43,105,2,21,37,12,52,4,4,0,19,2,58,0,0,9,4,14,0
2018/2019,ezibeleni,enoch mgijima,chris hani,26.95282,-31.90484,68,7,114,4,3,0,21,111,0,7,42,18,7,61,62,3,13,25,11,52,4,3,0,25,1,57,0,0,8,2,16,1
2019/2020,ezibeleni,enoch mgijima,chris hani,26.95282,-31.90484,56,5,119,6,3,0,17,132,0,9,46,15,6,54,71,6,13,43,16,43,4,7,0,40,0,46,0,0,10,6,24,0
2020/2021,ezibeleni,enoch mgijima,chris hani,26.95282,-31.90484,75,6,135,4,5,0,29,156,0,19,59,17,6,63,78,5,12,55,15,29,8,12,0,51,0,34,0,0,24,3,23,0
2021/2022,ezibeleni,enoch mgijima,chris hani,26.95282,-31.90484,73,0,136,7,0,0,26,102,1,18,76,9,6,59,45,8,13,60,11,28,11,4,0,28,0,28,0,0,22,3,16,0
2022/2023,ezibeleni,enoch mgijima,chris hani,26.95282,-31.90484,35,1,131,5,2,0,16,93,1,24,92,9,6,18,80,8,13,53,15,34,4,0,0,14,2,38,0,6,28,0,10,0
2023/2024,ezibeleni,chris hani district,chris hani district,26.95282,-31.90484,0,0,0,0,0,0,0,69,1,0,0,0,0,0,0,0,0,0,0,0,0,4,0,0,0,0,0,0,0,4,11,0
2024/2025,ezibeleni,chris hani district,chris hani district,26.95282,-31.90484,0,0,0,0,0,0,0,73,2,0,0,0,0,0,0,0,0,0,0,0,0,4,0,0,0,0,0,0,0,4,13,0
2008/2009,ezinqoleni,ray nkonyeni,ugu,30.12799,-30.78476,65,10,134,31,5,0,73,208,4,41,41,34,8,17,106,26,1,45,34,34,5,11,0,43,3,46,0,4,34,2,27,0
2009/2010,ezinqoleni,ray nkonyeni,ugu,30.12799,-30.78476,65,6,164,20,5,0,75,148,3,16,99,23,8,23,134,36,1,45,25,52,16,14,0,52,5,66,0,0,36,8,41,0
2010/2011,ezinqoleni,ray nkonyeni,ugu,30.12799,-30.78476,80,3,147,10,2,0,62,190,1,184,98,24,8,16,178,54,1,38,22,61,7,26,0,58,8,75,0,4,37,11,24,0
2011/2012,ezinqoleni,ray nkonyeni,ugu,30.12799,-30.78476,112,4,123,6,1,0,72,196,1,275,71,43,5,7,265,26,1,39,22,50,14,22,0,45,10,64,0,4,64,12,29,0
2012/2013,ezinqoleni,ray nkonyeni,ugu,30.12799,-30.78476,97,3,120,14,4,0,41,186,1,212,75,25,10,5,288,33,1,34,30,63,12,34,0,60,8,81,0,1,34,3,29,0
2013/2014,ezinqoleni,ray nkonyeni,ugu,30.12799,-30.78476,127,2,172,11,6,0,44,196,4,41,85,39,7,7,375,21,25,49,19,36,3,12,0,27,5,48,0,1,32,4,34,0
2014/2015,ezinqoleni,ray nkonyeni,ugu,30.12799,-30.78476,129,3,161,10,3,0,52,163,0,15,67,25,6,3,395,21,14,61,18,30,6,10,0,26,4,37,0,5,33,6,36,0
2015/2016,ezinqoleni,ray nkonyeni,ugu,30.12799,-30.78476,76,2,131,7,1,0,42,146,1,17,63,29,6,5,390,9,12,56,21,39,13,9,0,36,3,43,0,10,28,8,27,0
2016/2017,ezinqoleni,ray nkonyeni,ugu,30.12799,-30.78476,89,1,158,14,1,0,45,146,2,19,63,19,4,6,193,23,12,57,20,35,9,12,0,44,6,44,0,14,30,7,28,0
2017/2018,ezinqoleni,ray nkonyeni,ugu,30.12799,-30.78476,80,1,165,18,2,0,63,143,0,10,70,23,6,8,230,21,22,58,22,47,12,14,0,46,6,55,0,18,27,8,35,0
2018/2019,ezinqoleni,ray nkonyeni,ugu,30.12799,-30.78476,84,7,127,11,3,0,51,160,5,30,69,18,6,9,117,6,23,64,23,51,15,7,0,44,3,57,0,23,32,6,39,0
2019/2020,ezinqoleni,ray nkonyeni,ugu,30.12799,-30.78476,58,0,125,19,0,0,27,118,6,19,60,19,4,30,38,11,14,51,19,48,14,0,0,47,4,54,0,16,20,5,38,0
2020/2021,ezinqoleni,ray nkonyeni,ugu,30.12799,-30.78476,40,3,84,20,0,0,49,99,1,13,27,7,7,6,53,38,12,37,30,27,13,5,0,33,1,29,0,1,10,4,25,0
2021/2022,ezinqoleni,ray nkonyeni,ugu,30.12799,-30.78476,38,6,88,24,0,0,34,67,5,25,34,7,6,12,28,24,12,29,30,45,10,12,0,70,7,52,0,0,9,3,18,1
2022/2023,ezinqoleni,ray nkonyeni,ugu,30.12799,-30.78476,47,7,130,27,4,0,32,74,1,13,47,14,7,0,32,11,3,33,52,38,16,8,1,57,1,44,0,1,14,5,13,1
2023/2024,ezinqoleni,ugu district,ugu district,30.12799,-30.78476,0,0,0,0,0,0,0,95,4,0,0,0,0,0,0,0,0,0,0,0,0,10,0,0,0,0,0,0,0,7,22,0
2024/2025,ezinqoleni,ugu district,ugu district,30.12799,-30.78476,0,0,0,0,0,0,0,71,3,0,0,0,0,0,0,0,0,0,0,0,0,11,0,0,0,0,0,0,0,2,12,0
2008/2009,fairland,city of johannesburg,city of johannesburg,27.9375,-26.14423,367,2,40,5,0,0,31,210,19,117,64,24,8,8,30,3,1,126,3,1,42,52,1,189,1,6,0,34,0,190,69,0
2009/2010,fairland,city of johannesburg,city of johannesburg,27.9375,-26.14423,331,0,33,3,2,0,18,257,23,118,84,25,9,17,29,2,1,99,1,1,34,42,0,129,2,10,0,41,0,168,91,0
2010/2011,fairland,city of johannesburg,city of johannesburg,27.9375,-26.14423,312,0,38,9,1,0,26,196,6,103,69,15,4,28,13,7,1,86,1,5,9,49,0,102,1,9,0,46,0,148,98,0
2011/2012,fairland,city of johannesburg,city of johannesburg,27.9375,-26.14423,248,0,28,7,0,0,26,167,8,106,51,17,6,12,19,11,1,74,1,1,13,46,0,100,2,3,4,39,0,107,141,0
2012/2013,fairland,city of johannesburg,city of johannesburg,27.9375,-26.14423,268,0,17,9,0,0,23,215,3,116,56,21,7,8,18,5,1,98,2,3,5,23,0,56,1,5,1,39,0,117,157,0
2013/2014,fairland,city of johannesburg,city of johannesburg,27.9375,-26.14423,322,1,21,3,1,0,25,194,10,78,44,24,7,18,33,1,12,103,1,4,11,52,0,109,3,9,0,41,0,93,152,0
2014/2015,fairland,city of johannesburg,city of johannesburg,27.9375,-26.14423,292,0,17,8,0,0,21,167,8,81,29,25,6,77,41,15,13,82,1,3,6,56,0,116,2,5,1,25,0,124,210,0
2015/2016,fairland,city of johannesburg,city of johannesburg,27.9375,-26.14423,292,1,26,6,1,0,22,133,8,63,30,19,7,136,12,0,12,92,2,2,7,48,0,100,3,7,2,33,0,115,241,0
2016/2017,fairland,city of johannesburg,city of johannesburg,27.9375,-26.14423,264,0,18,4,0,0,43,114,6,55,28,15,6,72,11,0,12,94,1,1,9,26,0,76,0,1,0,28,0,154,231,0
2017/2018,fairland,city of johannesburg,city of johannesburg,27.9375,-26.14423,235,1,18,4,0,0,22,136,12,76,35,22,6,42,8,2,21,108,0,4,11,32,0,100,3,7,0,32,0,169,182,0
2018/2019,fairland,city of johannesburg,city of johannesburg,27.9375,-26.14423,260,1,29,3,0,0,29,106,14,112,44,17,7,52,16,7,21,67,0,2,25,32,0,104,2,5,0,32,0,141,167,0
2019/2020,fairland,city of johannesburg,city of johannesburg,27.9375,-26.14423,196,0,22,1,0,0,20,108,4,78,32,30,7,56,4,1,13,49,1,5,7,41,0,84,0,6,0,38,0,160,172,0
2020/2021,fairland,city of johannesburg,city of johannesburg,27.9375,-26.14423,183,1,9,3,0,0,21,81,11,95,22,28,6,11,11,5,12,39,3,3,7,31,0,67,4,7,0,33,0,75,59,0
2021/2022,fairland,city of johannesburg,city of johannesburg,27.9375,-26.14423,180,0,17,2,0,0,10,134,3,154,34,27,6,16,7,1,12,25,1,14,18,25,0,69,3,17,0,28,0,74,133,0
2022/2023,fairland,city of johannesburg,city of johannesburg,27.9375,-26.14423,154,0,18,3,0,0,20,100,11,164,35,18,6,17,24,4,17,24,0,3,12,18,0,61,2,5,0,23,0,87,111,0
2023/2024,fairland,johannesburg district,johannesburg district,27.9375,-26.14423,0,0,0,0,0,0,0,76,3,0,0,0,0,0,0,0,0,0,0,0,0,29,0,0,0,0,0,0,0,81,101,0
2024/2025,fairland,johannesburg district,johannesburg district,27.9375,-26.14423,0,0,0,0,0,0,0,72,3,0,0,0,0,0,0,0,0,0,0,0,0,18,0,0,0,0,0,0,0,77,94,0
2008/2009,fauresmith,kopanong,xhariep,25.31122,-29.74649,12,1,20,1,0,0,2,17,0,0,17,1,6,3,7,0,1,13,0,6,0,0,0,0,0,6,0,2,12,0,1,0
2009/2010,fauresmith,kopanong,xhariep,25.31122,-29.74649,20,1,26,0,0,0,6,15,0,3,16,1,7,1,2,0,1,5,2,4,0,0,0,0,0,5,0,6,16,1,0,0
2010/2011,fauresmith,kopanong,xhariep,25.31122,-29.74649,11,1,18,0,0,0,2,11,0,0,11,0,6,1,5,0,1,3,2,4,1,1,0,2,1,5,0,3,16,0,1,0
2011/2012,fauresmith,kopanong,xhariep,25.31122,-29.74649,14,0,25,1,1,0,12,15,0,1,7,0,6,0,8,0,1,11,1,5,3,0,0,3,1,7,1,0,14,0,2,0
2012/2013,fauresmith,kopanong,xhariep,25.31122,-29.74649,12,0,18,0,0,0,9,17,0,1,10,1,6,0,6,1,1,11,1,5,0,0,0,0,0,5,0,0,19,0,0,0
2013/2014,fauresmith,kopanong,xhariep,25.31122,-29.74649,11,0,15,0,0,0,13,10,0,2,10,0,6,0,7,0,13,6,0,6,1,0,0,2,0,6,0,0,7,0,0,0
2014/2015,fauresmith,kopanong,xhariep,25.31122,-29.74649,9,0,12,0,0,0,5,3,0,1,7,0,6,2,12,0,13,4,2,3,0,0,0,0,2,5,0,1,8,0,0,0
2015/2016,fauresmith,kopanong,xhariep,25.31122,-29.74649,5,0,12,0,1,0,9,5,0,0,6,0,6,0,12,0,13,2,3,7,0,0,0,0,0,8,0,0,5,0,0,0
2016/2017,fauresmith,kopanong,xhariep,25.31122,-29.74649,4,1,6,0,0,0,4,5,0,1,5,0,6,8,22,0,13,1,0,3,0,0,0,0,1,4,0,0,2,0,0,0
2017/2018,fauresmith,kopanong,xhariep,25.31122,-29.74649,4,0,15,0,0,0,2,2,0,0,9,0,6,6,16,0,13,3,2,1,0,0,0,0,0,1,0,0,4,4,0,0
2018/2019,fauresmith,kopanong,xhariep,25.31122,-29.74649,6,0,16,0,0,0,11,5,0,1,7,0,6,5,12,0,13,4,0,2,0,0,0,0,0,2,0,0,5,0,2,0
2019/2020,fauresmith,kopanong,xhariep,25.31122,-29.74649,4,0,11,0,1,0,2,7,0,4,4,0,7,5,2,0,13,3,1,5,2,0,0,2,0,7,0,0,5,0,0,0
2020/2021,fauresmith,kopanong,xhariep,25.31122,-29.74649,1,0,15,1,0,0,9,4,0,0,3,0,6,6,2,2,13,4,1,5,0,0,0,0,0,5,0,0,3,1,2,0
2021/2022,fauresmith,kopanong,xhariep,25.31122,-29.74649,14,0,14,0,0,0,4,2,0,5,11,0,6,3,3,0,13,3,1,2,0,0,0,0,2,4,0,0,4,1,0,0
2022/2023,fauresmith,kopanong,xhariep,25.31122,-29.74649,18,2,25,0,0,0,6,11,0,1,19,0,6,4,9,0,13,5,2,9,0,0,0,0,0,9,0,0,14,0,0,0
2023/2024,fauresmith,xhariep district,xhariep district,25.31122,-29.74649,0,0,0,0,0,0,0,13,0,0,0,0,0,0,0,0,0,0,0,0,0,0,0,0,0,0,0,0,0,0,2,0
2024/2025,fauresmith,xhariep district,xhariep district,25.31122,-29.74649,0,0,0,0,0,0,0,10,0,0,0,0,0,0,0,0,0,0,0,0,0,0,0,0,0,0,0,0,0,2,2,0
2008/2009,fernie,chief albert luthuli,gert sibande,30.7737,-26.41759,10,3,42,2,2,0,5,33,0,0,7,12,6,0,11,3,1,5,7,9,3,4,0,13,0,11,0,0,34,2,0,0
2009/2010,fernie,chief albert luthuli,gert sibande,30.7737,-26.41759,15,6,52,6,1,0,4,45,1,5,9,6,7,1,10,5,1,7,2,11,2,2,0,9,0,13,0,0,19,1,3,0
2010/2011,fernie,chief albert luthuli,gert sibande,30.7737,-26.41759,19,0,38,5,2,0,0,27,0,2,10,1,6,1,6,3,1,7,2,17,1,0,0,1,0,19,0,0,27,1,0,0
2011/2012,fernie,chief albert luthuli,gert sibande,30.7737,-26.41759,13,0,31,2,0,0,0,29,0,3,2,0,7,0,13,1,1,8,5,14,1,0,0,4,0,15,0,0,26,1,2,0
2012/2013,fernie,chief albert luthuli,gert sibande,30.7737,-26.41759,12,4,52,3,1,0,2,37,0,2,5,6,4,0,31,0,1,7,4,10,2,3,0,7,2,15,0,0,37,2,9,0
2013/2014,fernie,chief albert luthuli,gert sibande,30.7737,-26.41759,8,3,42,0,1,0,3,15,0,3,2,2,6,6,32,1,12,7,1,15,1,1,0,3,0,16,0,0,41,1,0,0
2014/2015,fernie,chief albert luthuli,gert sibande,30.7737,-26.41759,5,5,42,4,3,0,7,12,0,3,4,2,6,3,40,0,12,4,3,11,1,2,0,6,1,15,0,0,42,5,5,0
2015/2016,fernie,chief albert luthuli,gert sibande,30.7737,-26.41759,11,3,49,4,0,0,14,18,0,3,4,2,6,1,46,3,21,6,7,12,3,8,0,17,1,13,0,5,39,1,5,0
2016/2017,fernie,chief albert luthuli,gert sibande,30.7737,-26.41759,12,0,57,3,2,0,12,21,1,4,8,6,4,1,63,8,12,16,6,26,3,4,0,14,3,33,0,11,39,3,6,0
2017/2018,fernie,chief albert luthuli,gert sibande,30.7737,-26.41759,13,0,55,5,0,0,25,29,0,7,3,17,6,3,76,1,13,6,8,33,5,1,0,8,1,34,0,19,55,0,8,0
2018/2019,fernie,chief albert luthuli,gert sibande,30.7737,-26.41759,8,1,59,4,1,0,23,32,0,6,5,14,6,3,41,2,13,8,13,20,6,3,0,10,1,22,0,31,43,1,3,0
2019/2020,fernie,chief albert luthuli,gert sibande,30.7737,-26.41759,15,1,61,7,1,0,29,37,0,4,13,17,6,1,14,0,14,14,8,19,2,3,0,6,0,20,0,29,38,0,4,0
2020/2021,fernie,chief albert luthuli,gert sibande,30.7737,-26.41759,17,0,49,3,0,0,34,25,0,8,10,6,7,1,8,1,14,15,4,18,1,4,0,7,3,22,0,16,48,5,5,0
2021/2022,fernie,chief albert luthuli,gert sibande,30.7737,-26.41759,15,1,56,5,0,0,20,42,1,7,9,4,6,4,11,1,14,17,7,24,6,9,0,21,4,28,0,13,76,1,10,0
2022/2023,fernie,chief albert luthuli,gert sibande,30.7737,-26.41759,15,1,62,3,1,0,10,40,0,6,15,9,6,0,37,1,21,15,10,12,7,2,0,13,4,17,0,18,57,0,3,0
2023/2024,fernie,gert sibande district,gert sibande district,30.7737,-26.41759,0,0,0,0,0,0,0,20,0,0,0,0,0,0,0,0,0,0,0,0,0,2,0,0,0,0,0,0,0,0,3,0
2024/2025,fernie,gert sibande district,gert sibande district,30.7737,-26.41759,0,0,0,0,0,0,0,35,0,0,0,0,0,0,0,0,0,0,0,0,0,8,0,0,0,0,0,0,0,1,10,0
2008/2009,ficksburg,setsoto,thabo mofutsanyane,27.87397,-28.87051,375,5,215,16,2,0,84,258,2,56,273,20,8,1,164,8,1,151,8,51,0,8,0,49,7,64,0,93,91,27,62,0
2009/2010,ficksburg,setsoto,thabo mofutsanyane,27.87397,-28.87051,359,9,210,7,2,0,111,328,1,79,338,28,12,4,199,7,1,187,10,43,6,13,1,49,2,54,0,114,88,28,35,1
2010/2011,ficksburg,setsoto,thabo mofutsanyane,27.87397,-28.87051,320,10,272,8,2,1,120,335,1,61,253,19,9,4,134,7,1,188,7,58,16,11,0,50,1,66,0,44,90,24,67,0
2011/2012,ficksburg,setsoto,thabo mofutsanyane,27.87397,-28.87051,305,8,218,20,3,0,56,375,0,73,249,33,5,4,113,9,1,169,13,55,13,26,1,78,5,66,1,52,62,32,72,0
2012/2013,ficksburg,setsoto,thabo mofutsanyane,27.87397,-28.87051,279,13,236,13,4,0,126,437,1,66,269,43,11,3,215,7,1,158,14,38,12,18,1,70,13,63,1,88,76,23,81,0
2013/2014,ficksburg,setsoto,thabo mofutsanyane,27.87397,-28.87051,282,7,262,7,5,0,76,278,1,67,305,27,9,12,273,9,21,132,16,42,12,11,0,63,17,69,0,81,43,15,74,0
2014/2015,ficksburg,setsoto,thabo mofutsanyane,27.87397,-28.87051,285,6,295,9,4,0,95,267,3,59,248,40,8,8,123,4,17,156,12,53,17,9,0,74,6,67,0,78,67,14,53,1
2015/2016,ficksburg,setsoto,thabo mofutsanyane,27.87397,-28.87051,307,0,262,9,1,0,109,204,3,68,274,25,7,11,133,9,14,167,8,67,4,7,0,58,7,76,0,81,68,11,79,0
2016/2017,ficksburg,setsoto,thabo mofutsanyane,27.87397,-28.87051,266,5,188,11,0,0,99,248,1,104,193,22,4,36,255,17,12,144,11,56,14,17,0,73,8,66,1,94,79,12,108,0
2017/2018,ficksburg,setsoto,thabo mofutsanyane,27.87397,-28.87051,248,2,183,7,0,0,95,232,2,59,164,11,7,33,302,10,17,155,23,39,17,12,0,58,5,45,0,73,70,20,118,0
2018/2019,ficksburg,setsoto,thabo mofutsanyane,27.87397,-28.87051,253,1,185,13,5,0,117,246,0,67,214,14,7,53,149,11,17,164,29,47,15,7,1,57,6,59,0,78,79,17,80,0
2019/2020,ficksburg,setsoto,thabo mofutsanyane,27.87397,-28.87051,250,0,163,7,3,0,108,201,1,56,231,21,4,92,73,11,17,125,12,41,15,7,0,55,4,50,1,84,83,13,75,0
2020/2021,ficksburg,setsoto,thabo mofutsanyane,27.87397,-28.87051,204,1,189,8,2,0,101,196,2,58,228,14,6,63,80,6,17,134,14,40,14,13,0,50,7,49,0,69,108,8,64,1
2021/2022,ficksburg,setsoto,thabo mofutsanyane,27.87397,-28.87051,257,4,184,8,3,0,63,125,0,74,286,31,5,74,82,19,17,129,31,31,18,17,0,63,6,43,1,53,81,22,42,0
2022/2023,ficksburg,setsoto,thabo mofutsanyane,27.87397,-28.87051,295,6,200,19,1,0,87,177,3,95,286,34,4,104,84,16,17,132,21,41,29,23,0,84,9,53,0,55,67,13,24,0
2023/2024,ficksburg,thabo mofutsanyana district,thabo mofutsanyana district,27.87397,-28.87051,0,0,0,0,0,0,0,173,3,0,0,0,0,0,0,0,0,0,0,0,0,8,0,0,0,0,0,0,0,6,29,0
2024/2025,ficksburg,thabo mofutsanyana district,thabo mofutsanyana district,27.87397,-28.87051,0,0,0,0,0,0,0,123,1,0,0,0,0,0,0,0,0,0,0,0,0,16,0,0,0,0,0,0,0,5,19,0
2008/2009,fish hoek,city of cape town,city of cape town,18.43492,-34.13289,506,0,6,1,0,0,22,465,1,147,49,18,12,143,60,7,1,179,0,6,5,7,0,21,6,19,0,172,0,105,184,0
2009/2010,fish hoek,city of cape town,city of cape town,18.43492,-34.13289,494,0,6,0,1,0,32,356,0,132,58,28,8,233,59,4,1,147,1,1,4,5,0,19,2,8,0,122,0,83,201,0
2010/2011,fish hoek,city of cape town,city of cape town,18.43492,-34.13289,427,0,17,1,1,0,21,337,0,119,71,16,7,226,49,4,1,148,0,8,1,7,0,19,4,14,0,167,0,109,200,0
2011/2012,fish hoek,city of cape town,city of cape town,18.43492,-34.13289,473,0,10,0,0,0,41,319,0,107,87,17,4,183,40,1,1,137,2,6,3,12,0,39,6,14,0,146,0,83,239,0
2012/2013,fish hoek,city of cape town,city of cape town,18.43492,-34.13289,521,0,8,0,0,0,33,417,0,122,62,20,6,100,54,1,1,147,1,3,3,21,1,49,3,6,2,105,0,118,246,0
2013/2014,fish hoek,city of cape town,city of cape town,18.43492,-34.13289,537,0,9,0,0,0,26,444,3,133,78,37,6,78,88,0,13,162,2,5,4,11,0,48,4,9,1,135,0,82,301,0
2014/2015,fish hoek,city of cape town,city of cape town,18.43492,-34.13289,522,0,14,0,0,0,37,352,1,115,110,46,4,110,108,3,14,121,0,4,4,8,0,42,3,9,3,159,1,97,359,0
2015/2016,fish hoek,city of cape town,city of cape town,18.43492,-34.13289,503,0,13,1,2,0,34,401,0,115,70,33,8,71,133,6,14,105,2,5,3,17,0,49,7,18,3,167,0,83,249,0
2016/2017,fish hoek,city of cape town,city of cape town,18.43492,-34.13289,508,0,10,0,0,0,28,500,2,134,78,41,4,126,130,0,13,112,1,4,3,7,0,28,0,6,1,122,0,55,288,0
2017/2018,fish hoek,city of cape town,city of cape town,18.43492,-34.13289,532,0,8,4,0,0,47,487,4,126,77,34,5,116,95,6,13,98,4,7,4,23,0,71,6,16,2,83,2,86,233,0
2018/2019,fish hoek,city of cape town,city of cape town,18.43492,-34.13289,412,1,9,0,0,0,42,341,1,155,72,23,6,92,103,0,13,92,0,5,8,11,0,50,2,7,0,105,0,54,228,0
2019/2020,fish hoek,city of cape town,city of cape town,18.43492,-34.13289,387,0,10,3,1,0,39,320,5,145,91,36,7,74,114,3,17,74,1,7,3,8,0,38,6,15,1,141,0,53,135,0
2020/2021,fish hoek,city of cape town,city of cape town,18.43492,-34.13289,316,0,14,1,0,0,18,173,2,144,70,30,6,19,49,5,12,50,0,9,5,11,0,39,3,12,2,114,0,29,87,0
2021/2022,fish hoek,city of cape town,city of cape town,18.43492,-34.13289,314,2,10,2,1,0,14,147,1,208,71,27,6,20,47,0,21,63,0,7,2,16,0,42,8,16,1,119,0,28,122,0
2022/2023,fish hoek,city of cape town,city of cape town,18.43492,-34.13289,445,0,18,0,2,0,24,173,1,225,80,29,7,29,83,1,12,57,2,7,3,10,0,41,3,13,0,115,1,37,145,0
2023/2024,fish hoek,city of cape town district,city of cape town district,18.43492,-34.13289,0,0,0,0,0,0,0,190,0,0,0,0,0,0,0,0,0,0,0,0,0,4,0,0,0,0,0,0,0,71,132,0
2024/2025,fish hoek,city of cape town district,city of cape town district,18.43492,-34.13289,0,0,0,0,0,0,0,164,1,0,0,0,0,0,0,0,0,0,0,0,0,2,0,0,0,0,0,0,0,76,134,0
2008/2009,flagstaff,ngquza hill,o.r.tambo,29.49472,-31.08187,191,17,212,28,8,0,13,201,2,40,186,42,17,5,16,35,1,84,43,65,17,17,2,52,3,85,0,32,45,14,9,1
2009/2010,flagstaff,ngquza hill,o.r.tambo,29.49472,-31.08187,131,34,236,26,14,0,9,245,1,78,111,46,32,1,26,18,1,63,66,62,22,10,0,59,2,90,0,28,72,8,15,0
2010/2011,flagstaff,ngquza hill,o.r.tambo,29.49472,-31.08187,188,42,264,30,15,0,44,212,5,64,107,36,8,1,27,26,1,83,68,67,26,15,2,114,3,89,0,23,93,12,16,0
2011/2012,flagstaff,ngquza hill,o.r.tambo,29.49472,-31.08187,144,30,187,24,15,0,62,191,15,97,117,39,5,1,33,22,1,63,74,87,34,32,2,148,0,105,1,36,78,9,27,0
2012/2013,flagstaff,ngquza hill,o.r.tambo,29.49472,-31.08187,147,28,219,35,10,0,77,130,7,149,123,35,6,4,27,39,1,84,74,65,41,30,1,126,1,76,2,27,73,10,33,0
2013/2014,flagstaff,ngquza hill,o.r.tambo,29.49472,-31.08187,148,21,196,22,6,0,64,82,2,75,100,17,6,6,29,29,25,57,77,91,48,7,0,123,1,98,1,23,67,14,26,0
2014/2015,flagstaff,ngquza hill,o.r.tambo,29.49472,-31.08187,126,24,186,14,4,0,88,90,3,73,79,21,7,4,37,33,21,73,38,143,28,9,0,90,6,154,0,25,53,5,20,0
2015/2016,flagstaff,ngquza hill,o.r.tambo,29.49472,-31.08187,101,14,161,30,5,0,92,112,3,67,62,16,6,7,42,41,23,77,40,107,21,14,0,76,1,113,1,25,56,7,22,0
2016/2017,flagstaff,ngquza hill,o.r.tambo,29.49472,-31.08187,100,13,131,12,8,0,61,103,2,65,36,10,6,8,50,32,21,62,54,61,31,2,0,79,5,74,0,37,47,6,22,1
2017/2018,flagstaff,ngquza hill,o.r.tambo,29.49472,-31.08187,79,11,151,11,5,0,69,99,3,54,34,7,6,9,61,38,14,41,65,73,19,12,0,63,6,84,0,34,48,0,23,0
2018/2019,flagstaff,ngquza hill,o.r.tambo,29.49472,-31.08187,111,12,190,23,0,0,70,99,5,64,52,8,4,21,34,29,3,87,54,69,32,8,0,69,8,79,0,26,53,4,32,0
2019/2020,flagstaff,ngquza hill,o.r.tambo,29.49472,-31.08187,93,11,210,24,2,0,107,161,5,91,76,22,7,23,69,40,23,76,57,83,32,15,0,89,12,98,1,19,53,7,37,0
2020/2021,flagstaff,ngquza hill,o.r.tambo,29.49472,-31.08187,126,3,155,16,1,0,73,139,2,64,72,13,7,21,109,24,22,80,48,85,29,10,2,98,8,95,1,22,54,5,20,1
2021/2022,flagstaff,ngquza hill,o.r.tambo,29.49472,-31.08187,97,2,191,14,2,0,73,96,2,69,91,15,5,10,92,26,21,78,47,90,25,10,0,70,12,107,2,31,32,9,17,0
2022/2023,flagstaff,ngquza hill,o.r.tambo,29.49472,-31.08187,109,1,218,22,1,0,57,111,2,51,86,15,6,3,96,57,12,83,71,97,54,11,1,103,15,113,1,33,43,3,22,2
2023/2024,flagstaff,or tambo district,or tambo district,29.49472,-31.08187,0,0,0,0,0,0,0,95,7,0,0,0,0,0,0,0,0,0,0,0,0,4,0,0,0,0,0,0,0,2,12,0
2024/2025,flagstaff,or tambo district,or tambo district,29.49472,-31.08187,0,0,0,0,0,0,0,84,5,0,0,0,0,0,0,0,0,0,0,0,0,4,0,0,0,0,0,0,0,4,16,0
2008/2009,florida,city of johannesburg,city of johannesburg,27.9051,-26.1693,1656,6,248,26,3,0,203,821,94,363,462,212,15,62,93,26,1,539,21,33,104,60,3,557,12,65,0,115,0,612,749,6
2009/2010,florida,city of johannesburg,city of johannesburg,27.9051,-26.1693,1533,3,318,27,6,1,200,837,69,330,482,172,59,66,116,42,1,588,9,35,95,72,0,491,14,87,0,106,0,601,630,6
2010/2011,florida,city of johannesburg,city of johannesburg,27.9051,-26.1693,1724,8,230,22,0,0,157,740,65,326,379,116,38,72,132,25,1,492,5,38,65,68,1,380,6,68,0,97,1,624,577,6
2011/2012,florida,city of johannesburg,city of johannesburg,27.9051,-26.1693,1679,3,212,14,4,0,160,748,70,276,353,135,32,62,212,29,1,455,8,34,75,56,0,414,5,55,3,103,0,544,517,3
2012/2013,florida,city of johannesburg,city of johannesburg,27.9051,-26.1693,1631,1,226,19,1,0,218,861,82,247,306,101,10,93,310,36,1,456,20,33,40,81,0,412,22,62,6,100,0,491,568,7
2013/2014,florida,city of johannesburg,city of johannesburg,27.9051,-26.1693,1535,6,260,20,1,1,195,928,73,233,319,113,9,120,715,31,17,455,9,28,49,121,0,447,13,47,4,105,0,507,712,12
2014/2015,florida,city of johannesburg,city of johannesburg,27.9051,-26.1693,1421,3,281,18,2,0,182,766,119,211,261,109,9,198,625,49,16,427,15,43,39,104,1,537,10,60,4,90,0,499,650,15
2015/2016,florida,city of johannesburg,city of johannesburg,27.9051,-26.1693,1567,2,314,17,2,0,156,732,116,250,302,125,17,329,559,32,23,446,7,40,38,98,1,505,4,55,5,137,0,453,610,14
2016/2017,florida,city of johannesburg,city of johannesburg,27.9051,-26.1693,1462,5,238,23,2,0,145,751,90,249,367,208,10,353,679,25,3,371,24,33,64,141,0,662,13,54,2,145,0,425,601,10
2017/2018,florida,city of johannesburg,city of johannesburg,27.9051,-26.1693,1300,2,237,32,3,0,151,643,109,256,377,166,7,304,606,12,26,309,27,34,71,168,0,656,9,47,0,137,0,461,554,7
2018/2019,florida,city of johannesburg,city of johannesburg,27.9051,-26.1693,1168,0,255,22,1,0,156,636,155,276,408,159,7,306,512,30,16,327,20,39,71,151,1,650,19,60,0,148,1,432,531,5
2019/2020,florida,city of johannesburg,city of johannesburg,27.9051,-26.1693,1069,0,213,49,2,0,173,413,143,296,413,196,10,169,359,24,3,272,22,43,56,112,1,671,12,63,2,111,0,403,478,4
2020/2021,florida,city of johannesburg,city of johannesburg,27.9051,-26.1693,850,2,175,41,0,0,167,315,95,280,355,156,5,24,192,27,15,206,22,33,65,71,2,455,19,55,0,85,0,365,242,4
2021/2022,florida,city of johannesburg,city of johannesburg,27.9051,-26.1693,877,1,207,46,2,0,115,329,109,326,361,138,4,66,265,23,55,238,35,44,46,88,2,523,13,61,0,103,0,418,265,11
2022/2023,florida,city of johannesburg,city of johannesburg,27.9051,-26.1693,986,0,209,50,1,0,152,320,99,370,440,157,6,145,311,39,50,195,50,46,71,84,2,537,14,61,0,110,0,397,310,16
2023/2024,florida,johannesburg district,johannesburg district,27.9051,-26.1693,0,0,0,0,0,0,0,322,115,0,0,0,0,0,0,0,0,0,0,0,0,66,0,0,0,0,0,0,0,378,296,0
2024/2025,florida,johannesburg district,johannesburg district,27.9051,-26.1693,0,0,0,0,0,0,0,227,116,0,0,0,0,0,0,0,0,0,0,0,0,56,0,0,0,0,0,0,0,294,312,0
2008/2009,floukraal,walter sisulu,joe gqabi,27.05484,-30.99623,6,0,8,0,0,0,0,2,0,1,2,0,6,0,0,0,1,1,0,3,0,0,0,1,0,3,0,0,20,0,0,0
2009/2010,floukraal,walter sisulu,joe gqabi,27.05484,-30.99623,4,0,3,1,1,0,0,1,0,0,4,0,6,0,4,0,1,4,0,0,0,0,0,0,0,1,0,0,30,1,0,0
2010/2011,floukraal,walter sisulu,joe gqabi,27.05484,-30.99623,4,0,6,0,0,0,0,2,0,1,1,0,6,0,4,0,1,0,0,1,0,0,0,0,0,1,0,0,28,0,0,0
2011/2012,floukraal,walter sisulu,joe gqabi,27.05484,-30.99623,4,0,6,0,0,0,0,8,0,0,5,0,6,0,5,0,1,3,1,2,0,0,0,0,2,4,0,0,10,1,0,0
2012/2013,floukraal,walter sisulu,joe gqabi,27.05484,-30.99623,6,0,4,0,0,0,0,1,0,0,0,0,6,0,1,0,1,0,0,0,0,0,0,0,1,1,0,0,14,0,0,0
2013/2014,floukraal,walter sisulu,joe gqabi,27.05484,-30.99623,1,0,3,1,0,0,0,4,0,0,1,0,6,0,0,0,13,0,1,1,0,0,0,0,0,1,0,0,11,0,0,0
2014/2015,floukraal,walter sisulu,joe gqabi,27.05484,-30.99623,4,0,1,0,0,0,0,4,0,0,0,0,6,0,0,0,13,0,0,0,0,0,0,0,0,0,0,0,19,0,0,0
2015/2016,floukraal,walter sisulu,joe gqabi,27.05484,-30.99623,3,0,5,2,0,0,0,5,0,0,1,0,6,0,1,1,13,0,0,1,0,0,0,0,0,1,0,0,8,1,0,0
2016/2017,floukraal,walter sisulu,joe gqabi,27.05484,-30.99623,0,0,4,0,0,0,0,3,0,0,1,0,6,1,1,0,13,2,0,1,0,0,0,0,0,1,0,0,13,0,0,0
2017/2018,floukraal,walter sisulu,joe gqabi,27.05484,-30.99623,3,0,2,0,0,0,0,1,0,1,1,0,6,0,0,0,13,3,0,2,0,1,0,1,0,2,0,0,18,0,0,0
2018/2019,floukraal,walter sisulu,joe gqabi,27.05484,-30.99623,4,0,3,0,0,0,0,3,0,1,1,0,6,0,0,0,13,2,0,2,0,0,0,0,0,2,0,0,13,0,0,0
2019/2020,floukraal,walter sisulu,joe gqabi,27.05484,-30.99623,1,0,3,0,0,0,0,1,0,0,0,0,6,0,0,0,13,1,0,0,0,0,0,0,0,0,0,0,8,0,0,0
2020/2021,floukraal,walter sisulu,joe gqabi,27.05484,-30.99623,2,0,3,0,0,0,0,2,0,2,0,0,6,0,0,0,13,0,0,1,0,0,0,0,0,1,0,0,5,2,1,0
2021/2022,floukraal,walter sisulu,joe gqabi,27.05484,-30.99623,1,0,3,0,0,0,0,1,0,0,0,0,6,0,0,0,13,0,0,0,0,0,0,0,0,0,0,0,12,0,0,0
2022/2023,floukraal,walter sisulu,joe gqabi,27.05484,-30.99623,0,0,3,0,0,0,0,2,0,0,0,0,6,0,0,0,13,2,0,1,0,0,0,0,0,1,0,0,5,0,0,0
2023/2024,floukraal,joe gqabi district,joe gqabi district,27.05484,-30.99623,0,0,0,0,0,0,0,2,0,0,0,0,0,0,0,0,0,0,0,0,0,0,0,0,0,0,0,0,0,0,0,0
2024/2025,floukraal,joe gqabi district,joe gqabi district,27.05484,-30.99623,0,0,0,0,0,0,0,1,0,0,0,0,0,0,0,0,0,0,0,0,0,0,0,0,0,0,0,0,0,0,0,0
2008/2009,fochville,merafong city,west rand,27.49416,-26.4879,274,8,191,24,3,0,56,206,12,61,92,43,17,33,112,9,1,124,20,38,7,16,0,77,8,58,0,19,36,91,87,10
2009/2010,fochville,merafong city,west rand,27.49416,-26.4879,227,12,181,10,3,0,64,253,11,41,86,31,8,50,80,9,1,118,17,30,11,13,1,67,2,39,0,24,55,67,106,9
2010/2011,fochville,merafong city,west rand,27.49416,-26.4879,237,5,212,18,3,0,63,313,10,44,77,28,12,72,146,14,1,106,38,35,8,18,0,73,6,51,0,26,40,45,91,3
2011/2012,fochville,merafong city,west rand,27.49416,-26.4879,227,10,194,11,1,0,63,303,5,40,74,25,8,60,218,6,1,121,33,23,7,9,0,55,9,37,1,16,25,42,53,6
2012/2013,fochville,merafong city,west rand,27.49416,-26.4879,238,4,201,26,2,0,46,324,9,36,50,20,5,80,280,9,1,94,33,46,18,5,0,56,9,60,0,19,28,83,44,7
2013/2014,fochville,merafong city,west rand,27.49416,-26.4879,247,5,158,39,0,0,80,350,6,48,65,9,8,96,411,32,23,96,54,33,27,17,0,71,9,46,0,13,48,89,71,2
2014/2015,fochville,merafong city,west rand,27.49416,-26.4879,267,2,195,12,1,0,49,361,6,50,69,15,9,111,342,10,23,68,26,20,23,10,0,58,4,30,0,18,33,53,60,3
2015/2016,fochville,merafong city,west rand,27.49416,-26.4879,264,6,244,15,1,0,61,295,9,32,73,18,6,113,175,5,23,87,28,42,29,15,0,91,2,45,0,12,68,64,48,4
2016/2017,fochville,merafong city,west rand,27.49416,-26.4879,251,5,215,7,2,0,58,342,24,63,89,25,6,144,227,16,21,134,30,39,16,23,0,101,5,46,0,17,42,56,34,10
2017/2018,fochville,merafong city,west rand,27.49416,-26.4879,302,4,223,15,0,0,72,344,18,82,114,22,6,200,300,15,23,118,19,42,39,12,0,102,13,55,0,21,73,83,60,4
2018/2019,fochville,merafong city,west rand,27.49416,-26.4879,296,10,212,15,1,0,54,341,32,76,140,27,5,201,152,21,25,127,13,49,21,15,0,101,8,61,0,30,38,52,59,6
2019/2020,fochville,merafong city,west rand,27.49416,-26.4879,296,3,240,8,1,0,64,270,35,66,170,31,6,204,93,14,22,135,17,37,26,12,0,110,6,44,0,26,32,64,70,2
2020/2021,fochville,merafong city,west rand,27.49416,-26.4879,315,1,223,11,3,0,64,206,34,111,113,20,7,115,133,19,22,129,13,23,11,12,0,101,6,33,0,17,47,42,41,3
2021/2022,fochville,merafong city,west rand,27.49416,-26.4879,356,10,270,16,1,0,63,275,44,117,94,37,7,131,207,13,7,137,10,43,36,22,0,145,1,46,1,23,24,38,33,12
2022/2023,fochville,merafong city,west rand,27.49416,-26.4879,350,7,260,19,0,0,51,252,78,131,123,24,5,116,264,13,56,138,28,30,31,20,0,187,2,35,0,45,41,44,57,18
2023/2024,fochville,west rand district,west rand district,27.49416,-26.4879,0,0,0,0,0,0,0,267,71,0,0,0,0,0,0,0,0,0,0,0,0,28,0,0,0,0,0,0,0,48,53,0
2024/2025,fochville,west rand district,west rand district,27.49416,-26.4879,0,0,0,0,0,0,0,212,24,0,0,0,0,0,0,0,0,0,0,0,0,22,0,0,0,0,0,0,0,20,55,0
2008/2009,folweni,ethekwini,ethekwini,30.81185,-29.99068,57,11,177,34,0,0,28,127,34,1,85,30,7,21,117,45,1,61,47,87,6,51,0,128,5,93,0,0,2,16,9,0
2009/2010,folweni,ethekwini,ethekwini,30.81185,-29.99068,48,8,170,40,1,0,17,149,25,5,71,42,8,14,123,30,1,57,49,61,0,70,0,124,5,71,0,0,9,12,14,1
2010/2011,folweni,ethekwini,ethekwini,30.81185,-29.99068,79,5,253,28,0,0,18,176,8,7,83,38,10,20,237,51,1,58,33,73,2,17,0,63,1,80,0,0,6,9,11,0
2011/2012,folweni,ethekwini,ethekwini,30.81185,-29.99068,228,5,237,15,5,0,22,225,5,5,123,25,7,81,252,37,1,50,25,60,1,21,0,63,5,71,3,0,11,8,10,0
2012/2013,folweni,ethekwini,ethekwini,30.81185,-29.99068,121,10,208,26,1,0,15,208,12,2,122,15,7,103,220,39,1,48,31,64,17,10,0,80,8,74,1,0,10,13,35,1
2013/2014,folweni,ethekwini,ethekwini,30.81185,-29.99068,187,4,227,20,1,0,17,238,8,5,146,25,4,117,223,44,14,63,28,61,6,19,0,64,9,73,1,0,12,14,38,0
2014/2015,folweni,ethekwini,ethekwini,30.81185,-29.99068,149,9,250,20,1,0,23,288,7,6,122,30,5,205,169,52,17,64,37,54,9,22,0,85,3,61,0,9,16,18,26,0
2015/2016,folweni,ethekwini,ethekwini,30.81185,-29.99068,141,10,250,44,3,0,25,247,16,4,111,33,4,96,165,37,23,97,32,58,21,17,0,100,5,68,2,20,16,14,32,0
2016/2017,folweni,ethekwini,ethekwini,30.81185,-29.99068,290,13,222,47,3,0,24,239,13,3,128,34,6,76,129,37,17,118,43,58,24,15,0,89,4,65,2,23,8,14,28,0
2017/2018,folweni,ethekwini,ethekwini,30.81185,-29.99068,202,5,233,27,0,0,24,220,17,10,112,27,7,155,179,9,25,89,44,58,13,17,0,76,3,62,0,24,11,18,15,0
2018/2019,folweni,ethekwini,ethekwini,30.81185,-29.99068,139,4,214,31,1,0,28,228,21,9,149,39,6,24,151,24,12,76,43,56,17,24,0,105,3,60,0,30,16,9,18,0
2019/2020,folweni,ethekwini,ethekwini,30.81185,-29.99068,119,6,227,33,0,0,29,152,21,9,135,35,4,21,83,14,24,74,52,69,14,37,0,107,4,75,1,19,27,17,14,0
2020/2021,folweni,ethekwini,ethekwini,30.81185,-29.99068,77,2,173,33,2,0,44,146,23,13,141,35,6,6,31,9,23,73,57,59,15,52,0,133,5,66,0,14,9,12,13,0
2021/2022,folweni,ethekwini,ethekwini,30.81185,-29.99068,84,7,197,41,2,0,28,140,35,14,114,29,6,6,32,24,8,80,62,49,6,40,0,128,4,55,0,3,14,5,5,0
2022/2023,folweni,ethekwini,ethekwini,30.81185,-29.99068,83,5,169,41,1,0,25,157,35,29,92,25,6,0,67,17,28,83,85,53,12,47,0,160,4,58,0,3,23,11,8,0
2023/2024,folweni,ethekwini district,ethekwini district,30.81185,-29.99068,0,0,0,0,0,0,0,97,35,0,0,0,0,0,0,0,0,0,0,0,0,34,0,0,0,0,0,0,0,8,7,0
2024/2025,folweni,ethekwini district,ethekwini district,30.81185,-29.99068,0,0,0,0,0,0,0,98,39,0,0,0,0,0,0,0,0,0,0,0,0,38,0,0,0,0,0,0,0,12,7,0
2008/2009,fort beaufort,raymond mhlaba,amathole,26.63555,-32.77701,201,4,324,4,10,0,3,269,4,51,112,62,8,36,25,1,1,104,12,34,4,5,0,17,2,50,0,74,24,7,31,0
2009/2010,fort beaufort,raymond mhlaba,amathole,26.63555,-32.77701,171,8,342,5,9,0,0,281,1,25,111,45,8,81,39,6,1,96,9,50,7,9,0,36,0,63,0,76,34,7,16,0
2010/2011,fort beaufort,raymond mhlaba,amathole,26.63555,-32.77701,185,2,341,7,9,0,0,240,2,56,87,89,4,70,19,7,1,93,16,42,5,1,1,28,0,53,0,56,26,12,24,0
2011/2012,fort beaufort,raymond mhlaba,amathole,26.63555,-32.77701,162,11,387,9,14,0,1,245,3,41,129,72,8,47,21,7,1,131,14,30,14,7,0,49,5,53,0,68,24,10,47,0
2012/2013,fort beaufort,raymond mhlaba,amathole,26.63555,-32.77701,205,11,374,9,4,0,9,312,0,39,154,70,5,38,32,7,1,132,11,44,17,17,1,67,3,54,1,58,40,9,61,0
2013/2014,fort beaufort,raymond mhlaba,amathole,26.63555,-32.77701,186,9,332,6,4,0,6,257,4,40,93,54,6,24,34,2,21,110,9,44,11,16,0,84,3,51,2,46,50,7,70,0
2014/2015,fort beaufort,raymond mhlaba,amathole,26.63555,-32.77701,177,7,317,8,8,0,23,263,3,28,94,42,4,22,27,7,14,85,12,33,12,28,0,91,7,50,0,55,28,9,54,0
2015/2016,fort beaufort,raymond mhlaba,amathole,26.63555,-32.77701,212,8,371,13,11,0,24,272,2,56,101,68,6,12,53,3,13,93,7,21,10,25,0,119,6,38,0,31,22,7,75,1
2016/2017,fort beaufort,raymond mhlaba,amathole,26.63555,-32.77701,174,4,338,9,3,0,19,181,1,51,118,58,6,12,46,3,21,94,15,18,13,21,0,129,7,28,0,24,34,13,53,0
2017/2018,fort beaufort,raymond mhlaba,amathole,26.63555,-32.77701,222,4,328,6,0,0,31,237,1,52,147,58,6,22,50,5,12,114,15,25,19,11,0,102,9,34,0,33,39,5,58,0
2018/2019,fort beaufort,raymond mhlaba,amathole,26.63555,-32.77701,229,5,316,14,3,0,61,246,2,53,118,45,6,30,29,14,14,112,8,50,29,13,1,92,10,63,0,46,37,8,78,0
2019/2020,fort beaufort,raymond mhlaba,amathole,26.63555,-32.77701,206,2,333,8,3,0,46,178,1,37,106,47,9,20,49,5,22,111,10,41,22,9,0,72,4,53,0,54,35,2,73,1
2020/2021,fort beaufort,raymond mhlaba,amathole,26.63555,-32.77701,159,4,251,8,2,0,61,169,1,70,62,20,6,19,17,4,14,87,15,29,13,10,0,53,3,34,0,16,32,8,46,0
2021/2022,fort beaufort,raymond mhlaba,amathole,26.63555,-32.77701,197,5,311,15,3,0,74,149,3,44,87,24,6,20,25,7,17,142,12,26,7,11,1,36,4,33,0,7,23,8,41,0
2022/2023,fort beaufort,raymond mhlaba,amathole,26.63555,-32.77701,181,5,267,10,3,0,61,176,2,45,112,24,6,15,17,5,17,113,12,42,14,8,0,64,4,49,0,17,25,8,61,0
2008/2009,fort brown,makana,sarah baartman,26.61773,-33.12978,12,0,3,0,1,0,0,3,0,1,4,0,6,1,0,0,1,2,1,0,0,0,0,0,0,1,0,0,19,0,0,0
2009/2010,fort brown,makana,sarah baartman,26.61773,-33.12978,16,0,7,0,0,0,2,4,0,0,2,0,6,0,2,0,1,5,1,1,0,0,0,0,0,1,0,0,21,0,0,0
2010/2011,fort brown,makana,sarah baartman,26.61773,-33.12978,5,0,4,0,0,0,0,4,0,0,0,0,6,0,3,0,1,1,0,1,0,0,0,0,2,3,0,0,8,1,2,0
2011/2012,fort brown,makana,sarah baartman,26.61773,-33.12978,5,0,3,0,0,0,0,1,0,0,1,0,6,0,1,0,1,0,0,1,0,0,0,0,0,1,0,0,7,0,0,0
2012/2013,fort brown,makana,sarah baartman,26.61773,-33.12978,3,0,4,0,0,0,0,0,0,0,0,0,6,1,1,0,1,4,1,2,0,0,0,0,0,2,0,0,10,1,0,0
2013/2014,fort brown,makana,sarah baartman,26.61773,-33.12978,2,0,5,0,0,0,1,2,0,0,1,0,6,0,1,0,13,0,0,0,0,0,0,0,0,0,0,0,3,0,0,0
2014/2015,fort brown,makana,sarah baartman,26.61773,-33.12978,4,0,7,2,0,0,0,2,0,0,0,0,7,1,1,0,13,1,1,0,0,0,0,0,0,1,0,0,4,0,0,0
2015/2016,fort brown,makana,sarah baartman,26.61773,-33.12978,1,0,6,0,0,0,0,4,0,0,0,0,6,2,0,0,13,2,0,1,0,0,0,0,0,1,0,0,5,1,0,0
2016/2017,fort brown,makana,sarah baartman,26.61773,-33.12978,2,0,2,0,0,0,0,3,1,0,0,0,7,3,3,0,13,2,0,1,0,0,0,1,0,2,0,0,10,0,0,0
2017/2018,fort brown,makana,sarah baartman,26.61773,-33.12978,5,0,2,0,0,0,1,1,0,0,1,0,6,1,1,0,13,2,0,3,0,0,0,1,0,3,0,0,3,0,0,0
2018/2019,fort brown,makana,sarah baartman,26.61773,-33.12978,6,0,1,0,0,0,2,3,0,1,2,0,6,3,0,0,13,1,0,0,0,0,0,0,0,0,0,0,3,0,0,0
2019/2020,fort brown,makana,sarah baartman,26.61773,-33.12978,7,0,3,0,0,0,0,6,0,0,1,0,6,0,0,0,12,1,0,1,0,0,0,0,2,3,0,0,8,0,0,0
2020/2021,fort brown,makana,sarah baartman,26.61773,-33.12978,2,0,1,1,0,0,1,3,0,1,1,0,6,0,0,1,13,1,0,0,0,0,0,1,0,0,0,0,3,0,0,0
2021/2022,fort brown,makana,sarah baartman,26.61773,-33.12978,4,0,5,0,0,0,0,2,0,3,3,0,6,1,0,0,13,0,0,1,0,0,0,3,1,2,0,0,4,0,1,2
2022/2023,fort brown,makana,sarah baartman,26.61773,-33.12978,3,0,4,0,0,0,0,0,0,2,2,0,6,0,1,0,13,2,0,0,0,0,0,0,0,0,0,0,4,0,0,0
2023/2024,fort brown,sarah baartman district,sarah baartman district,26.61773,-33.12978,0,0,0,0,0,0,0,4,0,0,0,0,0,0,0,0,0,0,0,0,0,0,0,0,0,0,0,0,0,0,0,0
2024/2025,fort brown,sarah baartman district,sarah baartman district,26.61773,-33.12978,0,0,0,0,0,0,0,0,0,0,0,0,0,0,0,0,0,0,0,0,0,0,0,0,0,0,0,0,0,0,0,0
2008/2009,fouriesburg,dihlabeng,thabo mofutsanyane,28.20841,-28.61588,102,3,110,1,4,0,24,97,0,11,67,7,7,6,41,3,1,38,1,22,2,0,0,3,0,27,0,6,80,3,8,0
2009/2010,fouriesburg,dihlabeng,thabo mofutsanyane,28.20841,-28.61588,74,3,58,5,1,0,9,65,2,5,45,4,4,5,39,3,1,32,2,16,3,1,0,7,1,20,0,4,75,2,10,0
2010/2011,fouriesburg,dihlabeng,thabo mofutsanyane,28.20841,-28.61588,50,0,58,3,0,0,20,83,1,7,33,7,7,5,24,0,1,34,3,15,4,0,0,6,3,19,0,1,50,9,11,0
2011/2012,fouriesburg,dihlabeng,thabo mofutsanyane,28.20841,-28.61588,61,2,61,6,0,0,23,50,0,7,33,1,6,2,20,0,1,44,6,16,6,1,0,8,0,16,0,0,75,6,12,0
2012/2013,fouriesburg,dihlabeng,thabo mofutsanyane,28.20841,-28.61588,70,1,75,3,0,0,23,58,1,8,35,3,6,13,69,1,1,29,2,20,7,4,0,16,3,23,0,1,67,1,6,0
2013/2014,fouriesburg,dihlabeng,thabo mofutsanyane,28.20841,-28.61588,52,1,52,4,0,0,20,61,0,60,30,6,4,13,102,5,21,37,2,20,3,0,0,4,2,24,0,0,94,2,5,0
2014/2015,fouriesburg,dihlabeng,thabo mofutsanyane,28.20841,-28.61588,64,2,67,0,1,0,11,46,2,12,31,2,7,12,94,1,13,42,1,14,4,2,0,9,2,18,0,0,79,3,9,0
2015/2016,fouriesburg,dihlabeng,thabo mofutsanyane,28.20841,-28.61588,43,0,84,1,1,0,27,24,2,12,37,1,7,25,83,1,12,28,3,17,8,0,0,12,1,20,0,0,37,3,10,1
2016/2017,fouriesburg,dihlabeng,thabo mofutsanyane,28.20841,-28.61588,49,0,73,1,1,0,19,49,1,12,26,3,7,24,119,3,21,25,2,17,2,2,0,6,2,21,1,1,43,3,7,0
2017/2018,fouriesburg,dihlabeng,thabo mofutsanyane,28.20841,-28.61588,30,0,43,1,0,0,11,30,1,16,33,3,6,23,189,6,12,18,4,13,1,1,0,3,0,13,0,1,44,6,4,0
2018/2019,fouriesburg,dihlabeng,thabo mofutsanyane,28.20841,-28.61588,37,0,50,5,0,0,26,23,0,10,47,1,17,51,130,9,22,21,1,32,2,0,0,4,2,43,0,0,59,13,2,0
2019/2020,fouriesburg,dihlabeng,thabo mofutsanyane,28.20841,-28.61588,51,0,41,1,4,0,31,31,0,12,25,3,6,61,45,3,13,17,6,14,2,2,0,5,2,20,0,1,69,6,7,0
2020/2021,fouriesburg,dihlabeng,thabo mofutsanyane,28.20841,-28.61588,53,0,61,1,2,0,38,32,3,6,26,3,6,30,41,4,21,19,4,12,6,3,0,14,1,15,0,0,65,3,5,0
2021/2022,fouriesburg,dihlabeng,thabo mofutsanyane,28.20841,-28.61588,61,0,68,0,0,0,33,59,0,11,37,1,6,31,72,1,12,25,7,17,1,3,0,7,0,17,0,0,85,3,9,0
2022/2023,fouriesburg,dihlabeng,thabo mofutsanyane,28.20841,-28.61588,52,1,52,3,0,0,19,56,1,17,36,2,6,43,80,1,23,37,6,12,1,0,0,2,2,14,0,0,47,1,7,0
2023/2024,fouriesburg,thabo mofutsanyana district,thabo mofutsanyana district,28.20841,-28.61588,0,0,0,0,0,0,0,56,1,0,0,0,0,0,0,0,0,0,0,0,0,0,0,0,0,0,0,0,0,1,11,0
2024/2025,fouriesburg,thabo mofutsanyana district,thabo mofutsanyana district,28.20841,-28.61588,0,0,0,0,0,0,0,32,1,0,0,0,0,0,0,0,0,0,0,0,0,0,0,0,0,0,0,0,0,0,8,0
2008/2009,franklin,greater kokstad,harry gwala,29.45103,-30.3176,14,0,17,0,0,0,5,16,0,0,4,0,7,2,9,0,1,6,2,0,0,0,0,1,0,1,0,0,28,0,4,0
2009/2010,franklin,greater kokstad,harry gwala,29.45103,-30.3176,16,0,15,0,0,0,0,6,0,0,7,0,4,2,8,0,1,5,1,3,0,0,0,0,0,5,0,0,10,0,2,0
2010/2011,franklin,greater kokstad,harry gwala,29.45103,-30.3176,9,0,21,1,0,0,4,9,0,0,8,1,4,1,14,2,1,4,1,1,0,0,0,0,1,4,0,0,18,0,0,0
2011/2012,franklin,greater kokstad,harry gwala,29.45103,-30.3176,8,0,21,1,0,0,9,4,1,0,7,0,7,2,13,0,1,1,2,3,0,1,0,2,1,5,0,0,25,1,2,0
2012/2013,franklin,greater kokstad,harry gwala,29.45103,-30.3176,22,1,14,5,0,0,3,4,0,2,5,0,6,1,22,1,1,4,0,3,0,1,0,1,1,4,0,0,13,1,1,0
2013/2014,franklin,greater kokstad,harry gwala,29.45103,-30.3176,13,0,6,1,0,0,6,3,0,0,7,0,6,2,43,0,13,6,0,2,0,0,0,0,1,3,0,0,17,0,1,0
2014/2015,franklin,greater kokstad,harry gwala,29.45103,-30.3176,14,1,17,0,0,0,1,7,0,2,2,0,6,0,38,0,13,5,2,3,0,1,0,1,0,3,0,0,10,0,2,0
2015/2016,franklin,greater kokstad,harry gwala,29.45103,-30.3176,10,1,15,0,0,0,4,11,0,1,3,0,7,3,46,2,13,10,0,5,0,1,0,1,1,7,0,0,3,0,4,0
2016/2017,franklin,greater kokstad,harry gwala,29.45103,-30.3176,22,0,18,1,0,0,8,8,0,1,1,0,6,2,54,0,13,8,3,6,0,0,0,3,1,7,0,0,8,0,1,0
2017/2018,franklin,greater kokstad,harry gwala,29.45103,-30.3176,7,0,7,1,1,0,5,6,0,0,1,0,6,0,61,2,13,3,1,3,1,0,0,2,0,4,0,0,7,0,4,0
2018/2019,franklin,greater kokstad,harry gwala,29.45103,-30.3176,3,0,9,1,0,0,3,3,0,1,0,0,6,0,32,3,13,2,1,1,0,0,0,0,3,4,0,0,10,2,3,0
2019/2020,franklin,greater kokstad,harry gwala,29.45103,-30.3176,8,1,6,3,0,0,9,11,0,1,1,0,6,18,16,0,13,3,1,4,0,0,0,0,2,6,0,0,13,0,3,0
2020/2021,franklin,greater kokstad,harry gwala,29.45103,-30.3176,9,0,9,1,0,0,4,15,0,2,1,0,6,14,8,2,13,4,1,2,0,0,0,1,0,2,0,0,11,0,0,0
2021/2022,franklin,greater kokstad,harry gwala,29.45103,-30.3176,11,0,4,0,0,0,5,2,0,1,1,0,6,9,6,2,13,1,0,2,0,1,0,1,3,5,0,0,7,0,0,0
2022/2023,franklin,greater kokstad,harry gwala,29.45103,-30.3176,9,1,7,2,0,0,5,9,0,0,2,0,6,0,34,3,13,4,1,3,0,2,0,3,0,3,0,0,7,1,1,0
2023/2024,franklin,harry gwala district,harry gwala district,29.45103,-30.3176,0,0,0,0,0,0,0,9,0,0,0,0,0,0,0,0,0,0,0,0,0,0,0,0,0,0,0,0,0,0,2,0
2024/2025,franklin,harry gwala district,harry gwala district,29.45103,-30.3176,0,0,0,0,0,0,0,7,0,0,0,0,0,0,0,0,0,0,0,0,0,0,0,0,0,0,0,0,0,0,1,0
2008/2009,franschhoek,stellenbosch,cape winelands,19.12143,-33.9122,235,1,125,2,1,0,38,195,0,14,41,17,10,12,135,6,1,75,10,18,1,2,0,13,6,31,0,15,0,3,45,0
2009/2010,franschhoek,stellenbosch,cape winelands,19.12143,-33.9122,155,3,124,6,2,0,29,173,0,17,42,13,9,12,147,6,1,75,8,22,2,4,0,18,3,32,0,39,0,7,33,0
2010/2011,franschhoek,stellenbosch,cape winelands,19.12143,-33.9122,187,0,150,4,1,0,29,174,0,22,44,23,19,6,139,1,1,76,10,26,6,2,0,23,7,48,0,53,1,7,55,0
2011/2012,franschhoek,stellenbosch,cape winelands,19.12143,-33.9122,260,3,188,5,2,0,34,180,0,31,51,32,9,12,133,3,1,63,7,33,5,3,0,19,4,44,2,27,0,6,68,0
2012/2013,franschhoek,stellenbosch,cape winelands,19.12143,-33.9122,217,1,155,7,1,0,50,166,0,19,41,18,6,5,180,4,1,68,7,22,4,11,0,34,6,29,1,22,1,2,65,0
2013/2014,franschhoek,stellenbosch,cape winelands,19.12143,-33.9122,189,3,120,3,1,0,61,192,0,20,32,16,4,9,173,4,13,56,15,26,5,7,0,26,10,39,0,7,0,1,60,0
2014/2015,franschhoek,stellenbosch,cape winelands,19.12143,-33.9122,176,8,138,1,0,0,34,130,1,21,26,8,7,5,193,4,12,62,2,16,3,5,0,25,3,20,0,18,0,4,69,0
2015/2016,franschhoek,stellenbosch,cape winelands,19.12143,-33.9122,169,1,154,8,5,0,30,148,0,17,41,20,6,10,276,1,12,76,8,21,12,2,0,35,2,28,0,22,1,4,48,0
2016/2017,franschhoek,stellenbosch,cape winelands,19.12143,-33.9122,192,6,146,7,3,0,29,149,1,29,39,10,6,17,334,2,12,71,10,19,4,10,0,33,7,29,0,10,0,7,56,0
2017/2018,franschhoek,stellenbosch,cape winelands,19.12143,-33.9122,205,4,157,4,1,0,53,150,1,29,67,10,6,18,304,3,13,75,7,22,6,3,0,27,2,25,0,21,0,4,47,0
2018/2019,franschhoek,stellenbosch,cape winelands,19.12143,-33.9122,212,4,180,6,3,0,49,196,1,39,77,14,6,20,182,3,13,105,10,28,9,5,0,39,6,37,0,27,0,3,58,0
2019/2020,franschhoek,stellenbosch,cape winelands,19.12143,-33.9122,208,4,171,11,0,0,45,183,0,46,63,18,4,10,130,2,12,78,8,27,12,7,0,43,10,39,1,43,0,16,58,0
2020/2021,franschhoek,stellenbosch,cape winelands,19.12143,-33.9122,154,4,138,12,1,0,44,89,2,25,80,12,7,12,105,3,12,94,12,29,6,7,0,28,4,35,0,28,1,2,47,0
2021/2022,franschhoek,stellenbosch,cape winelands,19.12143,-33.9122,180,6,150,13,1,0,40,94,0,47,84,6,4,7,69,3,14,70,13,28,4,5,0,29,7,38,0,14,0,3,28,1
2022/2023,franschhoek,stellenbosch,cape winelands,19.12143,-33.9122,198,2,196,4,1,0,29,131,0,57,97,12,7,14,77,2,21,84,10,30,6,5,1,30,5,37,0,18,0,3,47,0
2023/2024,franschhoek,cape winelands district,cape winelands district,19.12143,-33.9122,0,0,0,0,0,0,0,107,0,0,0,0,0,0,0,0,0,0,0,0,0,2,0,0,0,0,0,0,0,2,42,0
2024/2025,franschhoek,cape winelands district,cape winelands district,19.12143,-33.9122,0,0,0,0,0,0,0,90,2,0,0,0,0,0,0,0,0,0,0,0,0,6,0,0,0,0,0,0,0,5,27,0
2008/2009,fraserburg,karoo hoogland,namakwa,21.5136,-31.91087,10,0,37,1,0,0,0,24,0,1,19,0,6,4,23,0,1,7,2,6,0,0,0,1,1,7,0,0,12,0,2,0
2009/2010,fraserburg,karoo hoogland,namakwa,21.5136,-31.91087,20,0,36,2,0,0,7,21,0,1,28,3,6,1,21,0,1,7,4,5,0,0,0,0,3,8,0,0,16,0,1,0
2010/2011,fraserburg,karoo hoogland,namakwa,21.5136,-31.91087,14,0,32,4,2,0,6,29,0,0,27,4,6,2,31,0,1,8,2,3,0,0,0,0,0,5,0,0,14,2,1,0
2011/2012,fraserburg,karoo hoogland,namakwa,21.5136,-31.91087,14,0,32,1,0,0,6,27,0,2,29,0,6,2,29,0,1,12,0,5,0,1,0,1,0,5,0,0,22,0,3,0
2012/2013,fraserburg,karoo hoogland,namakwa,21.5136,-31.91087,11,1,27,0,1,0,6,20,0,0,32,0,6,2,32,0,1,9,3,5,0,1,0,2,0,6,0,0,15,0,3,0
2013/2014,fraserburg,karoo hoogland,namakwa,21.5136,-31.91087,16,0,38,2,0,0,6,16,0,6,27,1,7,3,20,0,13,10,4,6,1,0,0,1,0,7,0,0,19,0,6,0
2014/2015,fraserburg,karoo hoogland,namakwa,21.5136,-31.91087,11,0,32,4,0,0,7,14,0,1,17,3,6,1,33,0,13,12,3,4,0,0,0,0,0,4,0,0,9,1,8,0
2015/2016,fraserburg,karoo hoogland,namakwa,21.5136,-31.91087,14,0,36,3,0,0,2,16,0,4,17,1,6,1,37,0,13,6,4,4,0,0,0,0,1,5,0,0,12,0,1,0
2016/2017,fraserburg,karoo hoogland,namakwa,21.5136,-31.91087,10,1,31,3,0,0,2,9,0,1,15,0,7,1,64,0,12,9,2,0,0,1,0,1,0,1,0,0,3,2,4,0
2017/2018,fraserburg,karoo hoogland,namakwa,21.5136,-31.91087,12,0,14,2,0,0,3,12,0,4,21,2,6,0,70,0,13,4,2,2,0,0,0,2,0,2,0,0,16,0,3,0
2018/2019,fraserburg,karoo hoogland,namakwa,21.5136,-31.91087,16,0,26,8,0,0,4,10,0,6,16,1,6,5,31,0,13,5,3,1,0,0,0,0,2,3,0,0,10,0,2,0
2019/2020,fraserburg,karoo hoogland,namakwa,21.5136,-31.91087,16,1,20,2,0,0,2,9,0,5,16,1,6,0,25,0,13,4,2,2,0,0,0,0,0,2,0,0,8,0,1,0
2020/2021,fraserburg,karoo hoogland,namakwa,21.5136,-31.91087,11,1,21,1,0,0,2,1,0,1,18,1,6,0,27,1,13,5,6,3,0,0,0,0,1,4,0,0,8,0,0,0
2021/2022,fraserburg,karoo hoogland,namakwa,21.5136,-31.91087,21,0,28,3,0,0,2,6,0,4,23,0,6,3,10,1,13,13,4,0,0,3,0,3,2,2,0,0,4,0,3,0
2022/2023,fraserburg,karoo hoogland,namakwa,21.5136,-31.91087,18,1,22,5,0,0,3,16,0,3,20,1,6,0,47,0,13,3,0,4,0,0,0,0,0,4,0,0,5,0,0,0
2023/2024,fraserburg,namakwa district,namakwa district,21.5136,-31.91087,0,0,0,0,0,0,0,20,0,0,0,0,0,0,0,0,0,0,0,0,0,0,0,0,0,0,0,0,0,0,1,0
2024/2025,fraserburg,namakwa district,namakwa district,21.5136,-31.91087,0,0,0,0,0,0,0,21,0,0,0,0,0,0,0,0,0,0,0,0,0,0,0,0,0,0,0,0,0,0,8,0
2008/2009,ga-rankuwa,city of tshwane,city of tshwane,27.99901,-25.59973,610,4,500,52,3,0,177,542,73,87,238,68,12,85,496,45,1,277,24,111,21,55,2,336,7,128,0,166,6,87,99,2
2009/2010,ga-rankuwa,city of tshwane,city of tshwane,27.99901,-25.59973,796,9,522,42,11,0,175,728,72,69,301,82,10,70,568,39,1,288,22,127,37,44,3,336,4,148,0,219,8,80,154,1
2010/2011,ga-rankuwa,city of tshwane,city of tshwane,27.99901,-25.59973,1002,14,506,35,5,0,144,724,49,71,358,95,9,68,530,32,1,275,24,114,39,39,2,293,10,134,0,177,6,93,132,0
2011/2012,ga-rankuwa,city of tshwane,city of tshwane,27.99901,-25.59973,755,8,458,26,6,0,108,406,18,95,346,67,5,95,484,61,1,246,14,101,28,26,1,178,11,121,5,242,5,90,140,0
2012/2013,ga-rankuwa,city of tshwane,city of tshwane,27.99901,-25.59973,578,5,300,8,7,0,61,316,15,105,257,56,5,73,720,18,1,181,14,54,14,15,0,123,11,75,0,227,2,58,105,0
2013/2014,ga-rankuwa,city of tshwane,city of tshwane,27.99901,-25.59973,796,11,317,21,3,0,83,514,15,76,238,84,7,69,1033,19,16,163,12,65,36,28,0,193,6,75,0,203,1,50,86,0
2014/2015,ga-rankuwa,city of tshwane,city of tshwane,27.99901,-25.59973,732,12,280,18,4,0,79,447,37,56,251,98,6,56,334,15,2,166,12,54,47,33,0,260,7,65,0,152,5,45,129,0
2015/2016,ga-rankuwa,city of tshwane,city of tshwane,27.99901,-25.59973,646,13,378,37,1,0,100,550,44,66,312,94,8,31,224,19,43,173,15,68,35,42,2,313,4,77,1,143,6,75,156,1
2016/2017,ga-rankuwa,city of tshwane,city of tshwane,27.99901,-25.59973,543,9,350,38,2,0,128,562,68,64,312,117,6,59,240,20,43,194,14,45,59,52,0,388,7,54,0,121,7,81,130,1
2017/2018,ga-rankuwa,city of tshwane,city of tshwane,27.99901,-25.59973,612,5,389,37,2,1,136,576,47,80,279,105,4,42,285,23,16,154,11,66,43,61,0,360,7,77,7,175,3,87,162,1
2018/2019,ga-rankuwa,city of tshwane,city of tshwane,27.99901,-25.59973,565,4,391,42,4,0,131,529,38,70,362,104,7,29,243,13,24,200,17,85,68,56,0,368,13,103,1,138,4,70,168,0
2019/2020,ga-rankuwa,city of tshwane,city of tshwane,27.99901,-25.59973,629,7,372,30,1,0,101,410,74,80,372,110,8,83,338,23,37,190,30,77,61,76,0,477,7,89,2,130,8,71,125,3
2020/2021,ga-rankuwa,city of tshwane,city of tshwane,27.99901,-25.59973,513,2,264,31,5,0,150,260,51,100,328,86,5,22,160,7,3,151,16,80,60,54,0,371,14,102,2,153,3,41,101,2
2021/2022,ga-rankuwa,city of tshwane,city of tshwane,27.99901,-25.59973,511,8,320,48,1,0,72,204,83,66,350,79,7,22,204,16,9,198,41,63,64,43,0,383,15,80,4,47,4,44,89,2
2022/2023,ga-rankuwa,city of tshwane,city of tshwane,27.99901,-25.59973,611,4,345,58,1,0,60,241,76,60,388,79,7,49,222,8,97,219,43,66,57,42,2,375,10,78,2,73,4,44,79,10
2023/2024,ga-rankuwa,tshwane district,tshwane district,27.99901,-25.59973,0,0,0,0,0,0,0,250,73,0,0,0,0,0,0,0,0,0,0,0,0,60,0,0,0,0,0,0,0,33,67,0
2024/2025,ga-rankuwa,tshwane district,tshwane district,27.99901,-25.59973,0,0,0,0,0,0,0,210,70,0,0,0,0,0,0,0,0,0,0,0,0,81,0,0,0,0,0,0,0,32,71,0
2008/2009,galeshewe,sol plaatje,frances baard,24.74277,-28.71051,455,20,1108,68,19,0,60,359,0,22,605,201,17,44,56,2,1,362,50,121,15,2,0,392,20,169,0,57,4,35,141,0
2009/2010,galeshewe,sol plaatje,frances baard,24.74277,-28.71051,427,15,1009,47,27,0,85,382,0,20,534,191,8,67,60,5,1,307,24,105,9,5,0,296,21,157,0,105,5,25,153,0
2010/2011,galeshewe,sol plaatje,frances baard,24.74277,-28.71051,367,13,856,47,14,0,105,414,1,10,406,160,9,38,64,0,1,283,22,102,26,3,0,248,21,142,0,43,2,17,290,0
2011/2012,galeshewe,sol plaatje,frances baard,24.74277,-28.71051,388,18,772,46,21,0,91,387,1,10,365,138,5,46,69,1,1,247,22,77,19,4,0,204,13,114,0,68,0,9,201,0
2012/2013,galeshewe,sol plaatje,frances baard,24.74277,-28.71051,349,8,813,44,19,0,97,386,6,23,385,130,5,45,62,1,1,266,24,93,19,6,0,222,14,129,0,54,3,6,227,0
2013/2014,galeshewe,sol plaatje,frances baard,24.74277,-28.71051,371,11,712,54,15,0,65,364,5,11,368,125,5,52,79,6,14,288,37,88,13,8,0,205,14,120,3,65,3,20,206,0
2014/2015,galeshewe,sol plaatje,frances baard,24.74277,-28.71051,365,8,859,40,9,0,82,350,1,22,418,147,4,36,109,3,22,308,36,80,26,9,0,285,14,105,0,61,2,11,231,0
2015/2016,galeshewe,sol plaatje,frances baard,24.74277,-28.71051,337,10,704,35,11,0,59,325,4,11,407,112,10,30,115,11,23,292,22,99,6,10,0,166,14,130,0,60,1,13,223,0
2016/2017,galeshewe,sol plaatje,frances baard,24.74277,-28.71051,287,12,683,59,9,0,56,409,1,13,391,112,9,44,133,6,23,292,14,106,5,18,0,159,25,145,0,79,4,14,194,0
2017/2018,galeshewe,sol plaatje,frances baard,24.74277,-28.71051,356,9,645,50,12,0,48,372,0,16,377,105,11,46,137,6,25,279,13,75,13,3,0,156,14,109,2,71,10,10,186,0
2018/2019,galeshewe,sol plaatje,frances baard,24.74277,-28.71051,392,15,676,53,15,0,149,383,3,37,424,115,8,24,107,5,28,310,20,91,47,5,0,215,18,128,1,86,0,17,201,0
2019/2020,galeshewe,sol plaatje,frances baard,24.74277,-28.71051,395,14,659,47,23,0,61,383,4,33,408,124,9,18,70,6,25,274,15,69,5,8,0,224,23,120,0,103,3,13,154,0
2020/2021,galeshewe,sol plaatje,frances baard,24.74277,-28.71051,346,13,495,62,16,0,98,415,1,38,379,104,4,10,89,3,2,265,23,67,10,10,0,135,12,97,1,42,2,9,146,0
2021/2022,galeshewe,sol plaatje,frances baard,24.74277,-28.71051,393,7,547,86,12,0,94,361,1,62,417,90,9,18,60,2,2,293,24,71,11,8,0,141,13,101,0,34,6,10,123,0
2022/2023,galeshewe,sol plaatje,frances baard,24.74277,-28.71051,509,11,619,155,14,0,74,480,2,64,488,115,7,9,61,0,24,378,28,84,11,7,0,146,34,133,0,69,5,14,126,0
2023/2024,galeshewe,frances baard district,frances baard district,24.74277,-28.71051,0,0,0,0,0,0,0,433,1,0,0,0,0,0,0,0,0,0,0,0,0,7,0,0,0,0,0,0,0,14,143,0
2024/2025,galeshewe,frances baard district,frances baard district,24.74277,-28.71051,0,0,0,0,0,0,0,400,0,0,0,0,0,0,0,0,0,0,0,0,0,13,0,0,0,0,0,0,0,3,133,0
2008/2009,gamalakhe,ray nkonyeni,ugu,30.34176,-30.79981,99,5,150,15,2,0,14,138,0,1,111,49,10,14,128,4,1,39,14,39,0,0,0,8,4,51,0,0,1,5,11,0
2009/2010,gamalakhe,ray nkonyeni,ugu,30.34176,-30.79981,70,3,87,11,2,0,14,142,0,3,110,27,4,48,144,14,1,42,13,51,0,0,0,8,3,58,0,2,0,5,25,0
2010/2011,gamalakhe,ray nkonyeni,ugu,30.34176,-30.79981,100,7,115,12,0,0,18,143,1,5,90,35,7,9,137,8,1,43,8,40,3,7,0,21,5,46,0,1,0,7,20,0
2011/2012,gamalakhe,ray nkonyeni,ugu,30.34176,-30.79981,72,3,95,9,1,0,25,149,1,3,82,39,6,10,179,9,1,32,12,33,5,2,0,14,4,38,0,1,4,1,20,0
2012/2013,gamalakhe,ray nkonyeni,ugu,30.34176,-30.79981,81,2,100,6,0,0,17,137,0,3,64,23,6,6,216,6,1,32,5,16,13,1,0,21,3,19,0,1,0,5,23,0
2013/2014,gamalakhe,ray nkonyeni,ugu,30.34176,-30.79981,91,1,127,2,1,0,11,135,0,19,106,27,8,9,250,12,13,44,10,20,8,2,0,43,6,31,0,0,2,21,15,0
2014/2015,gamalakhe,ray nkonyeni,ugu,30.34176,-30.79981,110,2,148,3,1,0,12,255,0,5,71,34,5,12,299,7,13,40,14,18,6,1,0,41,5,27,0,0,1,11,28,0
2015/2016,gamalakhe,ray nkonyeni,ugu,30.34176,-30.79981,102,2,122,4,1,0,12,228,1,5,72,31,7,9,295,3,14,27,13,22,6,2,0,34,1,25,0,2,1,3,28,0
2016/2017,gamalakhe,ray nkonyeni,ugu,30.34176,-30.79981,129,1,156,13,4,0,31,237,0,12,102,30,6,2,314,4,21,42,10,21,5,3,0,43,8,33,0,5,0,4,37,0
2017/2018,gamalakhe,ray nkonyeni,ugu,30.34176,-30.79981,125,0,157,8,1,0,14,269,1,12,112,32,6,14,346,1,14,41,12,19,10,4,0,62,1,21,0,24,1,17,43,0
2018/2019,gamalakhe,ray nkonyeni,ugu,30.34176,-30.79981,186,2,172,7,4,0,17,270,0,44,96,34,5,22,222,4,14,46,15,28,8,6,0,58,2,37,0,15,1,6,40,0
2019/2020,gamalakhe,ray nkonyeni,ugu,30.34176,-30.79981,172,4,188,10,0,0,14,199,0,38,95,26,5,15,12,2,12,41,10,26,6,3,0,45,8,37,0,9,0,5,39,0
2020/2021,gamalakhe,ray nkonyeni,ugu,30.34176,-30.79981,160,1,167,12,0,0,20,201,1,29,102,15,6,32,22,5,21,49,12,24,7,2,0,35,5,29,0,9,0,6,20,0
2021/2022,gamalakhe,ray nkonyeni,ugu,30.34176,-30.79981,139,9,187,9,1,0,29,241,0,30,90,26,6,44,20,1,22,59,18,44,4,8,0,52,8,53,0,2,0,7,33,0
2022/2023,gamalakhe,ray nkonyeni,ugu,30.34176,-30.79981,180,1,168,9,1,0,26,212,3,31,96,21,6,14,41,4,24,63,18,40,7,6,0,44,3,44,0,26,2,6,23,0
2023/2024,gamalakhe,ugu district,ugu district,30.34176,-30.79981,0,0,0,0,0,0,0,231,1,0,0,0,0,0,0,0,0,0,0,0,0,3,0,0,0,0,0,0,0,3,46,0
2024/2025,gamalakhe,ugu district,ugu district,30.34176,-30.79981,0,0,0,0,0,0,0,274,1,0,0,0,0,0,0,0,0,0,0,0,0,10,0,0,0,0,0,0,0,6,46,0
2008/2009,gans bay,overstrand,overberg,19.35139,-34.57818,210,3,77,4,0,0,28,329,0,23,102,5,5,43,171,7,1,55,8,17,3,1,0,5,4,24,0,31,0,7,48,0
2009/2010,gans bay,overstrand,overberg,19.35139,-34.57818,163,2,82,9,1,0,62,395,0,16,95,7,12,43,232,8,1,70,3,14,2,2,0,11,2,24,0,20,4,8,72,0
2010/2011,gans bay,overstrand,overberg,19.35139,-34.57818,178,5,78,4,4,0,43,299,0,12,109,6,7,65,278,5,1,68,8,18,1,4,0,14,5,28,0,29,5,8,55,0
2011/2012,gans bay,overstrand,overberg,19.35139,-34.57818,270,1,75,6,0,0,85,294,0,17,95,9,6,37,302,2,1,66,6,12,2,2,0,16,9,21,0,19,3,3,50,0
2012/2013,gans bay,overstrand,overberg,19.35139,-34.57818,275,2,73,7,3,0,50,259,1,20,110,7,7,28,273,8,1,52,1,23,2,4,0,16,6,33,0,13,4,5,70,0
2013/2014,gans bay,overstrand,overberg,19.35139,-34.57818,271,2,88,5,0,0,60,276,0,17,116,6,7,26,319,3,14,59,5,10,6,6,0,21,8,19,1,16,3,6,62,0
2014/2015,gans bay,overstrand,overberg,19.35139,-34.57818,259,2,123,1,1,0,53,390,0,17,109,18,6,27,352,5,13,71,5,8,5,4,0,21,5,14,0,13,2,5,109,0
2015/2016,gans bay,overstrand,overberg,19.35139,-34.57818,268,4,101,9,2,0,76,368,0,21,139,11,6,30,383,3,17,68,6,10,2,4,0,21,6,18,0,23,15,4,73,0
2016/2017,gans bay,overstrand,overberg,19.35139,-34.57818,218,1,100,14,0,0,56,510,0,27,110,8,4,45,490,5,13,78,9,19,2,11,0,28,6,27,1,21,12,11,98,0
2017/2018,gans bay,overstrand,overberg,19.35139,-34.57818,213,1,118,7,1,0,58,533,0,31,94,14,7,47,650,12,21,60,7,12,3,1,0,23,7,21,0,40,3,8,89,0
2018/2019,gans bay,overstrand,overberg,19.35139,-34.57818,237,3,132,16,1,0,94,476,0,77,108,10,5,54,359,8,21,78,11,16,4,11,0,42,4,24,4,56,2,13,112,0
2019/2020,gans bay,overstrand,overberg,19.35139,-34.57818,191,2,93,13,0,0,57,440,1,47,78,15,6,42,327,16,14,71,15,10,3,9,0,27,3,13,0,76,0,5,81,0
2020/2021,gans bay,overstrand,overberg,19.35139,-34.57818,126,3,54,3,0,0,47,358,0,44,51,5,7,13,224,7,21,32,8,10,4,6,0,23,5,16,0,45,2,2,61,0
2021/2022,gans bay,overstrand,overberg,19.35139,-34.57818,129,1,72,4,0,0,36,208,0,53,46,3,6,12,298,11,21,38,2,11,1,5,0,12,5,16,1,23,1,1,52,0
2022/2023,gans bay,overstrand,overberg,19.35139,-34.57818,118,1,46,7,1,0,37,228,0,59,46,4,6,26,440,17,12,26,5,9,5,1,0,18,5,15,1,21,1,2,35,0
2023/2024,gans bay,overberg district,overberg district,19.35139,-34.57818,0,0,0,0,0,0,0,128,1,0,0,0,0,0,0,0,0,0,0,0,0,10,0,0,0,0,0,0,0,4,24,0
2024/2025,gans bay,overberg district,overberg district,19.35139,-34.57818,0,0,0,0,0,0,0,173,1,0,0,0,0,0,0,0,0,0,0,0,0,7,0,0,0,0,0,0,0,1,40,0
2008/2009,ganyesa,kagisano/molopo,dr ruth segomotsi mompati,24.18723,-26.5997,61,1,153,4,6,0,58,75,0,34,38,28,7,5,41,2,1,46,3,49,5,4,0,21,1,57,0,2,46,0,11,0
2009/2010,ganyesa,kagisano/molopo,dr ruth segomotsi mompati,24.18723,-26.5997,57,3,168,7,9,0,63,102,0,19,37,11,6,8,26,6,1,37,6,42,8,1,0,9,2,53,0,6,24,0,3,0
2010/2011,ganyesa,kagisano/molopo,dr ruth segomotsi mompati,24.18723,-26.5997,69,15,194,6,2,0,71,81,0,12,28,36,4,3,25,1,1,27,3,52,6,3,0,10,2,58,0,9,21,4,5,0
2011/2012,ganyesa,kagisano/molopo,dr ruth segomotsi mompati,24.18723,-26.5997,55,4,201,7,5,0,85,84,1,10,46,33,10,4,46,3,1,40,7,59,10,7,1,32,1,71,0,11,30,3,6,0
2012/2013,ganyesa,kagisano/molopo,dr ruth segomotsi mompati,24.18723,-26.5997,43,11,210,8,2,0,63,79,1,11,18,16,4,17,80,4,1,33,5,76,10,2,0,18,5,85,0,3,42,0,8,0
2013/2014,ganyesa,kagisano/molopo,dr ruth segomotsi mompati,24.18723,-26.5997,44,3,187,8,10,0,68,56,0,10,19,24,6,16,129,1,17,37,6,62,6,4,0,11,5,77,0,2,22,1,2,0
2014/2015,ganyesa,kagisano/molopo,dr ruth segomotsi mompati,24.18723,-26.5997,64,2,192,10,5,0,67,53,0,9,27,12,9,22,138,4,14,35,10,78,14,5,0,24,7,95,0,2,46,6,8,0
2015/2016,ganyesa,kagisano/molopo,dr ruth segomotsi mompati,24.18723,-26.5997,84,2,243,3,9,0,79,51,1,40,44,17,7,22,138,4,21,54,6,57,28,2,0,42,5,72,0,4,56,2,16,0
2016/2017,ganyesa,kagisano/molopo,dr ruth segomotsi mompati,24.18723,-26.5997,92,3,227,13,13,0,68,76,2,10,66,18,7,20,119,5,12,80,13,64,29,9,0,44,0,78,0,11,81,6,11,0
2017/2018,ganyesa,kagisano/molopo,dr ruth segomotsi mompati,24.18723,-26.5997,112,9,210,5,5,0,74,67,1,4,81,24,4,36,175,13,14,58,15,77,13,6,0,41,1,85,0,5,104,4,8,0
2018/2019,ganyesa,kagisano/molopo,dr ruth segomotsi mompati,24.18723,-26.5997,109,5,240,9,7,0,74,56,1,13,77,22,7,28,175,4,17,105,19,84,14,3,0,42,2,94,0,7,97,1,21,0
2019/2020,ganyesa,kagisano/molopo,dr ruth segomotsi mompati,24.18723,-26.5997,106,1,281,6,5,0,64,90,0,16,79,25,6,28,182,4,25,112,8,53,10,7,0,30,0,58,0,15,82,3,14,0
2020/2021,ganyesa,kagisano/molopo,dr ruth segomotsi mompati,24.18723,-26.5997,99,1,207,5,7,0,39,78,0,16,74,21,6,12,20,0,17,92,9,72,19,5,0,37,3,82,0,8,103,1,10,0
2021/2022,ganyesa,kagisano/molopo,dr ruth segomotsi mompati,24.18723,-26.5997,93,2,219,6,2,0,36,85,0,40,101,25,6,13,11,1,2,90,17,81,8,4,1,22,1,84,0,5,112,1,7,0
2022/2023,ganyesa,kagisano/molopo,dr ruth segomotsi mompati,24.18723,-26.5997,130,5,246,24,4,0,81,81,1,26,86,21,7,2,6,2,17,102,10,72,7,1,1,14,3,80,0,11,89,2,25,0
2023/2024,ganyesa,dr ruth segomotsi mompati district,dr ruth segomotsi mompati district,24.18723,-26.5997,0,0,0,0,0,0,0,79,1,0,0,0,0,0,0,0,0,0,0,0,0,5,0,0,0,0,0,0,0,6,11,0
2024/2025,ganyesa,dr ruth segomotsi mompati district,dr ruth segomotsi mompati district,24.18723,-26.5997,0,0,0,0,0,0,0,59,2,0,0,0,0,0,0,0,0,0,0,0,0,7,0,0,0,0,0,0,0,1,9,0
2008/2009,gariepdam,kopanong,xhariep,25.49178,-30.5913,12,0,22,1,0,0,4,12,0,2,20,0,6,3,4,0,1,8,0,6,0,1,0,1,1,7,0,0,5,0,1,0
2009/2010,gariepdam,kopanong,xhariep,25.49178,-30.5913,17,0,16,0,0,0,4,10,0,0,16,0,6,2,4,0,1,6,1,1,0,1,0,1,0,1,0,2,2,2,3,0
2010/2011,gariepdam,kopanong,xhariep,25.49178,-30.5913,14,0,11,0,1,0,3,11,0,0,24,0,7,2,2,0,1,4,1,1,0,0,0,0,1,4,0,0,6,2,1,0
2011/2012,gariepdam,kopanong,xhariep,25.49178,-30.5913,9,0,14,0,0,0,0,12,0,1,11,2,7,1,4,0,1,0,0,0,0,0,0,0,0,1,0,0,11,1,1,0
2012/2013,gariepdam,kopanong,xhariep,25.49178,-30.5913,11,1,14,0,0,0,5,7,0,0,10,0,6,1,2,0,1,9,0,1,0,0,0,0,0,1,0,1,9,5,4,0
2013/2014,gariepdam,kopanong,xhariep,25.49178,-30.5913,14,0,7,1,0,0,7,2,0,1,9,0,6,0,3,0,1,6,0,1,0,0,0,0,2,3,1,0,6,0,1,0
2014/2015,gariepdam,kopanong,xhariep,25.49178,-30.5913,12,0,6,1,0,0,6,4,0,3,11,1,6,1,3,1,1,2,1,0,0,0,0,0,0,0,0,0,4,0,1,0
2015/2016,gariepdam,kopanong,xhariep,25.49178,-30.5913,17,0,5,2,0,0,9,10,0,0,6,0,6,2,2,0,1,5,0,1,1,0,0,1,0,1,0,0,2,0,5,0
2016/2017,gariepdam,kopanong,xhariep,25.49178,-30.5913,18,0,5,0,0,0,4,6,0,1,3,0,6,0,4,0,1,1,1,2,0,0,0,0,0,2,0,1,2,2,2,0
2017/2018,gariepdam,kopanong,xhariep,25.49178,-30.5913,11,0,8,0,0,0,3,4,0,1,1,0,6,0,1,0,1,2,1,1,0,0,0,0,2,3,0,0,6,1,2,0
2018/2019,gariepdam,kopanong,xhariep,25.49178,-30.5913,5,0,9,0,1,0,6,7,0,1,8,0,6,0,3,1,13,2,0,1,0,0,0,0,2,4,0,0,1,0,0,0
2019/2020,gariepdam,kopanong,xhariep,25.49178,-30.5913,8,0,4,0,0,0,4,8,0,3,4,1,6,0,3,0,13,3,0,2,0,0,0,0,0,2,0,1,0,2,5,0
2020/2021,gariepdam,kopanong,xhariep,25.49178,-30.5913,8,0,4,0,0,0,6,11,1,1,10,0,6,0,1,0,13,4,1,0,0,0,0,1,1,1,1,1,4,0,0,0
2021/2022,gariepdam,kopanong,xhariep,25.49178,-30.5913,7,0,3,0,0,0,1,3,0,1,4,0,6,0,3,0,13,2,1,2,1,0,0,1,0,2,0,0,4,0,0,0
2022/2023,gariepdam,kopanong,xhariep,25.49178,-30.5913,4,0,7,0,0,0,1,8,0,0,3,0,6,0,2,0,13,4,0,0,0,0,0,1,0,0,0,0,1,4,1,0
2023/2024,gariepdam,xhariep district,xhariep district,25.49178,-30.5913,0,0,0,0,0,0,0,5,0,0,0,0,0,0,0,0,0,0,0,0,0,0,0,0,0,0,0,0,0,0,5,0
2024/2025,gariepdam,xhariep district,xhariep district,25.49178,-30.5913,0,0,0,0,0,0,0,2,0,0,0,0,0,0,0,0,0,0,0,0,0,0,0,0,0,0,0,0,0,0,3,0
2008/2009,garies,kamiesberg,namakwa,17.99024,-30.56504,22,0,38,5,3,0,10,13,0,4,36,1,6,4,25,1,1,33,2,4,0,1,0,1,4,11,0,2,12,1,2,0
2009/2010,garies,kamiesberg,namakwa,17.99024,-30.56504,16,0,46,2,3,0,3,4,0,1,28,5,6,5,20,0,1,19,2,3,0,0,0,1,1,7,0,1,8,0,6,0
2010/2011,garies,kamiesberg,namakwa,17.99024,-30.56504,24,2,53,4,0,0,11,7,0,0,40,3,5,2,14,0,1,35,1,3,0,0,0,0,3,9,0,0,6,0,1,0
2011/2012,garies,kamiesberg,namakwa,17.99024,-30.56504,24,0,41,4,0,0,16,11,0,3,48,2,6,1,15,0,1,32,2,6,0,0,0,3,3,9,1,1,5,0,6,0
2012/2013,garies,kamiesberg,namakwa,17.99024,-30.56504,17,2,50,5,0,0,9,20,0,0,44,4,7,7,18,1,1,31,0,9,0,1,0,2,1,11,0,1,4,0,1,0
2013/2014,garies,kamiesberg,namakwa,17.99024,-30.56504,23,0,58,6,0,0,15,22,0,0,51,2,6,4,14,0,13,38,0,3,1,0,0,1,3,6,0,1,8,0,1,0
2014/2015,garies,kamiesberg,namakwa,17.99024,-30.56504,26,0,31,4,0,0,13,32,0,4,36,1,6,5,10,0,13,28,1,6,1,0,0,3,1,7,0,1,5,0,5,0
2015/2016,garies,kamiesberg,namakwa,17.99024,-30.56504,29,0,44,7,0,0,9,17,0,2,30,0,6,2,9,0,13,28,0,6,0,0,0,0,5,11,0,2,9,1,1,0
2016/2017,garies,kamiesberg,namakwa,17.99024,-30.56504,27,0,28,4,2,0,5,25,0,2,28,0,6,0,36,0,13,14,0,5,0,0,0,1,0,7,0,1,4,0,1,0
2017/2018,garies,kamiesberg,namakwa,17.99024,-30.56504,15,0,18,4,1,0,12,12,0,1,16,0,6,4,41,0,12,10,0,1,0,0,0,1,0,2,0,1,4,1,1,0
2018/2019,garies,kamiesberg,namakwa,17.99024,-30.56504,16,0,28,2,1,0,8,5,0,2,13,0,6,2,18,0,13,16,0,1,0,1,0,1,2,4,0,0,7,0,8,0
2019/2020,garies,kamiesberg,namakwa,17.99024,-30.56504,37,0,25,0,1,0,17,17,0,3,20,1,6,0,24,0,13,15,0,1,1,0,0,1,1,3,0,1,5,1,10,0
2020/2021,garies,kamiesberg,namakwa,17.99024,-30.56504,30,0,26,4,2,0,5,9,0,4,25,0,6,5,21,1,12,32,0,3,0,0,0,0,1,6,0,1,5,0,3,0
2021/2022,garies,kamiesberg,namakwa,17.99024,-30.56504,17,0,35,3,1,0,4,32,0,8,26,3,6,1,6,1,13,17,0,2,0,0,0,0,0,3,1,0,5,2,4,0
2022/2023,garies,kamiesberg,namakwa,17.99024,-30.56504,16,2,14,5,0,0,7,23,0,1,36,0,6,1,10,1,13,19,1,3,0,0,0,1,2,5,0,1,4,0,2,0
2023/2024,garies,namakwa district,namakwa district,17.99024,-30.56504,0,0,0,0,0,0,0,23,0,0,0,0,0,0,0,0,0,0,0,0,0,0,0,0,0,0,0,0,0,0,2,0
2024/2025,garies,namakwa district,namakwa district,17.99024,-30.56504,0,0,0,0,0,0,0,4,0,0,0,0,0,0,0,0,0,0,0,0,0,0,0,0,0,0,0,0,0,0,2,0
2008/2009,garsfontein,city of tshwane,city of tshwane,28.2891,-25.78853,1065,3,97,28,6,0,144,1133,21,432,319,69,11,46,32,5,1,383,7,20,44,114,2,261,5,39,0,300,0,476,1021,0
2009/2010,garsfontein,city of tshwane,city of tshwane,28.2891,-25.78853,977,7,130,29,7,1,126,1114,31,458,295,66,15,45,41,14,1,357,9,28,30,97,1,248,4,56,0,306,0,478,885,0
2010/2011,garsfontein,city of tshwane,city of tshwane,28.2891,-25.78853,948,4,122,13,3,2,89,1035,19,415,259,48,17,68,51,14,1,285,5,13,14,73,0,176,5,30,0,261,0,372,793,0
2011/2012,garsfontein,city of tshwane,city of tshwane,28.2891,-25.78853,832,2,94,9,1,0,75,865,4,340,233,34,10,88,101,11,1,272,6,14,13,40,0,124,8,29,2,258,0,404,664,0
2012/2013,garsfontein,city of tshwane,city of tshwane,28.2891,-25.78853,846,1,56,6,0,0,102,936,7,287,204,30,5,84,101,12,1,244,7,7,15,57,0,156,7,17,3,242,0,339,629,0
2013/2014,garsfontein,city of tshwane,city of tshwane,28.2891,-25.78853,901,1,59,12,0,0,74,711,5,245,174,48,7,57,144,4,23,284,12,15,21,47,0,141,3,19,3,208,0,301,622,0
2014/2015,garsfontein,city of tshwane,city of tshwane,28.2891,-25.78853,766,0,36,9,0,0,111,589,6,288,176,48,4,65,166,7,21,214,9,17,17,52,1,141,8,27,2,193,0,262,629,0
2015/2016,garsfontein,city of tshwane,city of tshwane,28.2891,-25.78853,1011,0,39,5,1,0,110,705,15,286,201,48,5,126,143,3,13,149,12,8,5,46,0,125,7,19,0,187,0,237,741,0
2016/2017,garsfontein,city of tshwane,city of tshwane,28.2891,-25.78853,957,0,42,10,2,0,126,839,13,322,205,35,9,74,155,14,21,186,13,16,25,68,0,195,12,35,1,224,0,379,768,1
2017/2018,garsfontein,city of tshwane,city of tshwane,28.2891,-25.78853,760,0,33,4,0,0,142,710,30,319,154,23,5,163,160,9,21,115,9,12,15,78,0,206,14,29,1,186,0,407,659,0
2018/2019,garsfontein,city of tshwane,city of tshwane,28.2891,-25.78853,826,0,43,3,0,0,136,612,9,351,182,37,7,101,125,7,12,90,6,15,19,68,0,166,8,24,0,110,0,315,529,4
2019/2020,garsfontein,city of tshwane,city of tshwane,28.2891,-25.78853,855,0,41,6,0,0,122,634,10,365,179,37,4,140,122,20,22,71,8,22,13,56,0,168,17,41,3,121,0,361,547,0
2020/2021,garsfontein,city of tshwane,city of tshwane,28.2891,-25.78853,672,0,25,7,0,0,101,397,12,428,149,60,5,34,64,0,21,57,3,9,29,63,1,166,12,24,0,113,0,308,445,0
2021/2022,garsfontein,city of tshwane,city of tshwane,28.2891,-25.78853,640,0,31,7,0,0,90,515,18,590,162,71,7,37,72,7,14,79,8,18,22,75,0,203,6,25,0,129,0,361,404,1
2022/2023,garsfontein,city of tshwane,city of tshwane,28.2891,-25.78853,636,0,54,4,0,0,91,394,12,717,189,67,9,26,87,1,24,80,8,12,22,40,0,151,11,28,1,116,0,288,310,0
2023/2024,garsfontein,tshwane district,tshwane district,28.2891,-25.78853,0,0,0,0,0,0,0,350,15,0,0,0,0,0,0,0,0,0,0,0,0,56,0,0,0,0,0,0,0,355,294,0
2024/2025,garsfontein,tshwane district,tshwane district,28.2891,-25.78853,0,0,0,0,0,0,0,377,11,0,0,0,0,0,0,0,0,0,0,0,0,37,0,0,0,0,0,0,0,372,302,0
2008/2009,gelvandale,nelson mandela bay,nelson mandela bay,25.5503,-33.91055,775,9,617,121,5,0,147,443,8,66,436,92,11,277,194,36,1,562,41,111,30,28,0,293,31,155,0,478,1,26,233,0
2009/2010,gelvandale,nelson mandela bay,nelson mandela bay,25.5503,-33.91055,633,8,500,131,7,0,133,392,14,61,465,93,12,187,258,54,1,523,51,106,30,22,6,261,20,140,0,463,0,62,312,1
2010/2011,gelvandale,nelson mandela bay,nelson mandela bay,25.5503,-33.91055,743,15,572,75,8,0,121,430,8,95,553,91,11,140,273,31,1,576,32,101,15,18,0,256,35,152,0,416,0,55,323,0
2011/2012,gelvandale,nelson mandela bay,nelson mandela bay,25.5503,-33.91055,933,12,531,109,3,0,145,438,9,88,619,123,9,110,421,39,1,534,45,90,27,21,1,344,47,145,0,345,0,88,366,1
2012/2013,gelvandale,nelson mandela bay,nelson mandela bay,25.5503,-33.91055,758,13,526,52,4,0,140,528,6,89,532,161,4,84,559,27,1,537,31,82,22,22,0,349,38,126,0,373,0,84,415,0
2013/2014,gelvandale,nelson mandela bay,nelson mandela bay,25.5503,-33.91055,725,10,417,131,2,0,120,460,16,73,396,181,8,62,676,69,14,455,50,68,36,20,0,365,21,95,1,313,0,85,392,1
2014/2015,gelvandale,nelson mandela bay,nelson mandela bay,25.5503,-33.91055,516,13,367,174,3,0,128,367,13,71,294,124,8,45,749,74,12,416,42,88,34,13,1,332,24,119,0,329,0,69,300,1
2015/2016,gelvandale,nelson mandela bay,nelson mandela bay,25.5503,-33.91055,568,10,312,215,4,0,141,381,25,62,307,170,4,50,630,92,17,432,80,60,41,35,1,390,17,83,1,280,0,72,326,1
2016/2017,gelvandale,nelson mandela bay,nelson mandela bay,25.5503,-33.91055,453,7,268,225,1,0,111,292,17,75,235,110,7,55,568,98,21,396,73,47,36,32,0,368,14,63,0,279,0,39,173,0
2017/2018,gelvandale,nelson mandela bay,nelson mandela bay,25.5503,-33.91055,478,12,274,265,7,0,69,241,13,73,347,121,6,64,581,70,17,473,67,63,43,40,1,373,19,89,0,214,0,31,172,1
2018/2019,gelvandale,nelson mandela bay,nelson mandela bay,25.5503,-33.91055,470,10,324,228,4,0,87,222,14,83,449,137,7,68,624,61,23,441,84,83,24,30,0,376,24,112,0,233,0,29,163,2
2019/2020,gelvandale,nelson mandela bay,nelson mandela bay,25.5503,-33.91055,390,6,292,196,3,0,82,195,18,93,365,127,9,65,635,76,24,431,59,62,19,33,0,365,27,97,0,206,0,27,162,1
2020/2021,gelvandale,nelson mandela bay,nelson mandela bay,25.5503,-33.91055,295,6,203,107,1,0,80,142,14,67,252,72,9,9,173,42,17,266,57,48,9,32,1,192,19,73,0,96,0,20,106,1
2021/2022,gelvandale,nelson mandela bay,nelson mandela bay,25.5503,-33.91055,374,3,203,86,1,0,62,137,15,119,306,50,7,9,187,47,14,356,42,42,8,27,3,154,23,67,0,58,0,23,96,1
2022/2023,gelvandale,nelson mandela bay,nelson mandela bay,25.5503,-33.91055,416,5,185,113,1,0,88,148,13,127,303,37,5,22,499,87,2,322,74,47,7,12,2,105,18,69,1,85,0,21,90,0
2023/2024,gelvandale,nelson mandela district,nelson mandela district,25.5503,-33.91055,0,0,0,0,0,0,0,111,12,0,0,0,0,0,0,0,0,0,0,0,0,19,0,0,0,0,0,0,0,10,68,0
2024/2025,gelvandale,nelson mandela district,nelson mandela district,25.5503,-33.91055,0,0,0,0,0,0,0,99,22,0,0,0,0,0,0,0,0,0,0,0,0,16,0,0,0,0,0,0,0,16,72,0
2008/2009,genadendal,theewaterskloof,overberg,19.5628,-34.04481,82,0,57,0,0,0,11,50,0,2,80,0,4,12,131,2,1,28,1,10,0,0,0,1,3,15,0,1,6,0,6,0
2009/2010,genadendal,theewaterskloof,overberg,19.5628,-34.04481,88,0,78,0,1,0,14,56,0,3,77,7,9,10,140,3,1,48,4,16,1,1,0,3,1,23,0,3,9,0,18,0
2010/2011,genadendal,theewaterskloof,overberg,19.5628,-34.04481,113,0,54,1,2,0,26,82,0,4,77,4,4,18,120,1,1,43,1,10,0,1,0,3,9,23,0,4,5,4,29,0
2011/2012,genadendal,theewaterskloof,overberg,19.5628,-34.04481,124,1,66,0,2,0,18,88,0,4,69,6,6,8,83,1,1,37,3,9,2,1,0,3,5,16,1,3,11,3,24,0
2012/2013,genadendal,theewaterskloof,overberg,19.5628,-34.04481,141,0,63,3,1,0,32,161,0,11,105,4,4,7,122,1,1,61,2,12,0,1,0,1,4,19,0,2,9,2,39,0
2013/2014,genadendal,theewaterskloof,overberg,19.5628,-34.04481,93,2,70,1,1,0,23,109,0,2,98,9,6,11,180,1,12,46,1,12,0,1,0,1,5,18,0,5,12,3,44,0
2014/2015,genadendal,theewaterskloof,overberg,19.5628,-34.04481,116,0,83,1,1,0,31,121,0,4,101,10,7,11,229,1,12,30,2,8,2,2,0,8,3,13,0,0,16,8,31,0
2015/2016,genadendal,theewaterskloof,overberg,19.5628,-34.04481,134,1,61,4,0,0,27,135,0,10,104,8,6,16,407,2,12,47,3,5,2,1,0,13,0,5,0,2,6,4,45,0
2016/2017,genadendal,theewaterskloof,overberg,19.5628,-34.04481,89,1,65,5,0,0,21,97,0,12,98,6,6,13,467,0,12,45,2,7,0,2,0,5,3,10,0,6,8,2,34,0
2017/2018,genadendal,theewaterskloof,overberg,19.5628,-34.04481,111,0,78,3,0,0,18,135,0,9,70,3,6,6,375,0,12,43,1,2,0,0,0,2,9,11,0,3,8,2,32,0
2018/2019,genadendal,theewaterskloof,overberg,19.5628,-34.04481,96,1,58,1,0,0,12,159,0,11,118,3,6,6,315,1,13,66,2,8,0,0,0,2,0,8,1,5,11,2,21,0
2019/2020,genadendal,theewaterskloof,overberg,19.5628,-34.04481,69,3,52,6,1,0,15,94,0,4,72,11,6,5,294,1,13,36,3,2,2,3,0,8,2,5,0,3,10,0,20,0
2020/2021,genadendal,theewaterskloof,overberg,19.5628,-34.04481,96,3,59,2,1,0,4,111,0,9,90,10,7,0,188,0,12,36,2,8,0,2,0,5,2,12,0,3,9,2,24,0
2021/2022,genadendal,theewaterskloof,overberg,19.5628,-34.04481,91,5,71,2,2,0,9,80,0,17,69,2,6,5,169,1,14,41,1,3,0,2,0,4,2,7,0,0,18,1,22,0
2022/2023,genadendal,theewaterskloof,overberg,19.5628,-34.04481,95,0,82,3,4,0,4,90,0,25,104,4,6,1,151,1,21,36,2,9,5,0,0,5,5,18,0,0,6,2,27,0
2023/2024,genadendal,overberg district,overberg district,19.5628,-34.04481,0,0,0,0,0,0,0,128,0,0,0,0,0,0,0,0,0,0,0,0,0,2,0,0,0,0,0,0,0,1,35,0
2024/2025,genadendal,overberg district,overberg district,19.5628,-34.04481,0,0,0,0,0,0,0,113,0,0,0,0,0,0,0,0,0,0,0,0,0,2,0,0,0,0,0,0,0,1,27,0
2008/2009,george,george,garden route,22.46031,-33.95658,1436,2,163,2,3,0,288,588,2,207,326,28,10,396,581,8,1,318,16,64,2,3,2,27,17,90,0,549,13,87,449,0
2009/2010,george,george,garden route,22.46031,-33.95658,1238,3,173,2,6,0,327,664,0,254,267,31,16,394,596,5,1,292,9,66,2,5,0,30,31,113,0,697,23,57,486,0
2010/2011,george,george,garden route,22.46031,-33.95658,1426,6,169,6,13,0,376,846,1,258,431,56,18,389,696,14,1,279,13,76,4,13,1,55,34,134,0,510,17,54,638,0
2011/2012,george,george,garden route,22.46031,-33.95658,1412,9,207,6,5,0,339,863,0,211,410,64,31,303,685,6,1,293,17,71,6,12,0,81,19,114,1,445,11,50,611,0
2012/2013,george,george,garden route,22.46031,-33.95658,1511,7,199,11,7,0,478,860,3,224,471,59,12,257,743,22,1,226,13,80,4,27,0,112,27,121,3,363,23,50,955,1
2013/2014,george,george,garden route,22.46031,-33.95658,1420,10,198,12,8,0,462,816,0,231,482,60,18,207,894,21,12,249,3,72,10,20,0,108,34,125,2,337,11,50,849,1
2014/2015,george,george,garden route,22.46031,-33.95658,1195,9,224,11,12,0,366,650,2,201,503,47,12,203,1076,16,21,219,5,65,9,10,1,66,19,103,6,290,13,31,677,0
2015/2016,george,george,garden route,22.46031,-33.95658,1096,4,186,15,9,0,420,699,2,271,549,49,17,244,1011,13,17,241,11,51,11,10,0,106,22,91,3,310,20,27,497,0
2016/2017,george,george,garden route,22.46031,-33.95658,1150,9,154,8,5,0,391,763,3,275,499,49,17,259,1125,7,13,256,6,70,2,10,0,85,32,116,5,300,22,29,567,0
2017/2018,george,george,garden route,22.46031,-33.95658,1169,5,160,7,10,0,441,580,2,256,492,62,9,312,932,6,23,221,9,76,9,7,0,74,30,121,2,283,19,30,467,0
2018/2019,george,george,garden route,22.46031,-33.95658,1009,4,157,12,7,0,352,498,1,342,507,42,32,341,464,5,14,223,14,53,7,14,0,101,20,92,1,273,23,35,402,0
2019/2020,george,george,garden route,22.46031,-33.95658,1096,3,168,11,6,0,362,527,1,396,507,56,10,367,436,6,12,198,11,56,8,13,0,132,26,94,2,291,10,30,481,0
2020/2021,george,george,garden route,22.46031,-33.95658,840,3,109,35,4,0,310,458,2,328,352,60,11,99,171,6,25,177,9,52,11,14,1,114,26,90,1,241,9,22,359,0
2021/2022,george,george,garden route,22.46031,-33.95658,914,8,133,15,8,0,250,464,2,442,442,54,11,212,423,7,24,223,13,52,24,12,0,123,16,84,1,226,13,27,361,2
2022/2023,george,george,garden route,22.46031,-33.95658,1021,7,152,18,3,0,259,430,3,578,500,66,4,403,677,6,23,237,14,56,16,13,0,132,17,78,0,308,13,30,330,0
2023/2024,george,garden route district,garden route district,22.46031,-33.95658,0,0,0,0,0,0,0,377,1,0,0,0,0,0,0,0,0,0,0,0,0,14,0,0,0,0,0,0,0,34,318,0
2024/2025,george,garden route district,garden route district,22.46031,-33.95658,0,0,0,0,0,0,0,296,0,0,0,0,0,0,0,0,0,0,0,0,0,7,0,0,0,0,0,0,0,20,261,0
2008/2009,germiston,ekurhuleni,ekurhuleni,28.16174,-26.21722,1364,11,268,50,3,1,472,471,152,315,577,202,11,182,47,28,1,404,43,70,126,45,2,754,13,94,0,300,0,735,571,7
2009/2010,germiston,ekurhuleni,ekurhuleni,28.16174,-26.21722,1398,14,313,45,3,0,452,652,161,378,529,195,36,125,70,37,1,414,39,59,123,77,1,729,16,94,0,353,0,540,684,14
2010/2011,germiston,ekurhuleni,ekurhuleni,28.16174,-26.21722,1205,13,316,38,4,0,362,519,111,578,516,193,16,100,110,16,1,416,30,68,94,60,2,551,19,101,0,311,0,627,571,18
2011/2012,germiston,ekurhuleni,ekurhuleni,28.16174,-26.21722,1206,14,316,26,8,0,417,488,80,358,519,224,17,103,117,34,1,375,21,58,76,30,0,395,19,94,42,237,0,496,464,9
2012/2013,germiston,ekurhuleni,ekurhuleni,28.16174,-26.21722,1325,12,311,31,6,0,403,568,58,377,488,212,5,170,114,21,1,385,26,67,69,41,0,403,18,94,8,306,0,343,536,8
2013/2014,germiston,ekurhuleni,ekurhuleni,28.16174,-26.21722,1272,1,300,31,8,0,357,473,70,368,451,194,9,189,450,27,2,314,18,59,61,38,1,411,13,85,2,302,0,292,615,12
2014/2015,germiston,ekurhuleni,ekurhuleni,28.16174,-26.21722,1189,9,295,46,8,0,442,596,64,285,561,220,7,268,297,40,38,317,42,76,103,46,0,537,14,99,2,303,0,388,610,19
2015/2016,germiston,ekurhuleni,ekurhuleni,28.16174,-26.21722,1328,7,320,55,6,0,466,543,97,269,478,318,8,345,261,50,4,391,48,72,130,61,2,695,14,96,1,317,0,347,635,15
2016/2017,germiston,ekurhuleni,ekurhuleni,28.16174,-26.21722,1187,5,368,43,6,0,485,580,79,376,533,272,5,383,544,57,4,350,44,62,103,52,1,631,12,83,2,304,0,308,631,16
2017/2018,germiston,ekurhuleni,ekurhuleni,28.16174,-26.21722,988,2,288,53,5,0,249,451,74,321,453,189,7,733,829,64,27,275,55,53,63,59,2,552,15,74,2,229,0,280,606,14
2018/2019,germiston,ekurhuleni,ekurhuleni,28.16174,-26.21722,914,0,271,49,2,0,269,351,45,364,445,158,7,856,661,73,37,251,40,58,89,74,0,498,11,72,0,237,0,218,530,11
2019/2020,germiston,ekurhuleni,ekurhuleni,28.16174,-26.21722,737,5,265,55,1,0,277,297,61,384,393,164,6,1093,454,71,26,232,60,67,134,65,0,614,13,81,0,273,0,243,494,11
2020/2021,germiston,ekurhuleni,ekurhuleni,28.16174,-26.21722,546,4,203,65,5,0,215,175,104,367,372,118,4,650,429,58,17,205,55,59,113,42,0,536,11,77,0,165,0,210,407,11
2021/2022,germiston,ekurhuleni,ekurhuleni,28.16174,-26.21722,562,4,219,80,2,0,171,135,138,421,378,141,12,830,566,115,29,227,82,57,119,47,0,576,21,87,1,154,0,189,397,32
2022/2023,germiston,ekurhuleni,ekurhuleni,28.16174,-26.21722,667,0,183,78,6,0,149,173,156,400,406,129,4,397,689,114,52,205,95,79,111,34,3,634,14,101,0,178,0,215,357,32
2023/2024,germiston,ekurhuleni district,ekurhuleni district,28.16174,-26.21722,0,0,0,0,0,0,0,196,150,0,0,0,0,0,0,0,0,0,0,0,0,53,0,0,0,0,0,0,0,224,248,0
2024/2025,germiston,ekurhuleni district,ekurhuleni district,28.16174,-26.21722,0,0,0,0,0,0,0,186,170,0,0,0,0,0,0,0,0,0,0,0,0,29,0,0,0,0,0,0,0,243,236,0
2008/2009,gilead,mogalakwena,waterberg,28.65649,-23.48766,64,4,153,3,3,0,29,42,0,0,43,17,4,1,22,1,1,50,5,34,3,1,0,9,0,39,0,0,18,2,8,1
2009/2010,gilead,mogalakwena,waterberg,28.65649,-23.48766,68,1,134,12,6,0,58,51,1,6,52,12,4,7,38,2,1,47,4,40,8,4,0,17,1,49,0,0,28,0,7,0
2010/2011,gilead,mogalakwena,waterberg,28.65649,-23.48766,39,3,97,4,5,0,65,28,3,9,32,9,6,3,29,3,1,33,8,26,4,3,0,13,2,33,0,0,24,2,4,0
2011/2012,gilead,mogalakwena,waterberg,28.65649,-23.48766,47,1,114,2,1,0,54,34,2,2,36,11,6,0,26,5,1,40,8,28,17,2,0,25,0,29,0,1,21,2,6,0
2012/2013,gilead,mogalakwena,waterberg,28.65649,-23.48766,63,0,121,6,3,0,47,20,2,4,43,18,7,1,31,0,1,28,6,30,6,3,0,20,0,34,0,5,15,2,4,1
2013/2014,gilead,mogalakwena,waterberg,28.65649,-23.48766,62,1,120,7,2,0,63,57,2,2,42,11,6,0,48,3,21,30,5,38,16,3,0,24,2,42,0,2,22,2,4,0
2014/2015,gilead,mogalakwena,waterberg,28.65649,-23.48766,60,2,133,3,1,0,45,46,5,3,48,18,6,1,42,3,21,44,8,31,7,2,0,25,1,33,0,1,16,4,4,0
2015/2016,gilead,mogalakwena,waterberg,28.65649,-23.48766,97,3,121,3,1,0,63,46,1,5,60,16,7,2,34,3,21,62,11,32,13,1,0,18,1,35,0,5,24,2,4,0
2016/2017,gilead,mogalakwena,waterberg,28.65649,-23.48766,172,0,111,3,1,0,57,64,4,3,67,27,6,1,68,4,14,47,9,26,9,1,0,26,4,31,0,15,46,1,9,0
2017/2018,gilead,mogalakwena,waterberg,28.65649,-23.48766,117,3,135,2,2,0,54,59,3,3,63,26,6,6,113,2,23,69,4,29,16,5,0,28,0,31,0,9,30,3,8,0
2018/2019,gilead,mogalakwena,waterberg,28.65649,-23.48766,133,3,128,3,1,0,67,53,0,2,69,22,7,10,101,1,13,64,5,26,23,3,0,30,3,31,0,7,44,4,4,1
2019/2020,gilead,mogalakwena,waterberg,28.65649,-23.48766,121,5,115,10,1,0,49,35,2,6,51,20,7,13,59,1,12,55,17,25,22,6,0,38,5,32,0,18,52,2,7,0
2020/2021,gilead,mogalakwena,waterberg,28.65649,-23.48766,107,3,97,3,0,0,30,25,0,2,64,17,6,14,71,2,12,54,10,36,15,1,0,30,3,39,0,12,37,1,2,0
2021/2022,gilead,mogalakwena,waterberg,28.65649,-23.48766,173,5,110,5,2,0,40,48,2,6,85,13,7,4,67,2,13,53,7,45,8,4,0,23,4,52,0,15,50,3,1,0
2022/2023,gilead,mogalakwena,waterberg,28.65649,-23.48766,106,2,109,1,0,0,35,50,0,6,51,14,6,6,75,2,21,41,15,35,8,1,0,21,3,38,0,13,98,0,5,0
2023/2024,gilead,waterberg district,waterberg district,28.65649,-23.48766,0,0,0,0,0,0,0,26,0,0,0,0,0,0,0,0,0,0,0,0,0,4,0,0,0,0,0,0,0,3,4,0
2024/2025,gilead,waterberg district,waterberg district,28.65649,-23.48766,0,0,0,0,0,0,0,31,0,0,0,0,0,0,0,0,0,0,0,0,0,5,0,0,0,0,0,0,0,7,10,0
2008/2009,gingindlovu,umlalazi,king cetshwayo,31.58145,-29.02791,130,6,98,33,0,1,40,143,9,23,44,24,5,55,56,19,1,33,14,32,8,46,1,86,1,36,0,13,22,12,19,1
2009/2010,gingindlovu,umlalazi,king cetshwayo,31.58145,-29.02791,104,1,111,19,0,0,37,112,3,27,70,21,4,62,64,21,1,33,12,40,11,33,0,68,1,43,0,8,15,7,19,0
2010/2011,gingindlovu,umlalazi,king cetshwayo,31.58145,-29.02791,123,5,117,11,2,0,44,97,0,16,44,16,9,48,133,26,1,43,13,36,8,20,0,48,0,43,0,6,21,10,21,1
2011/2012,gingindlovu,umlalazi,king cetshwayo,31.58145,-29.02791,126,8,104,13,3,0,61,108,2,8,51,13,6,31,59,8,1,35,17,28,13,25,0,62,1,32,0,4,12,13,13,0
2012/2013,gingindlovu,umlalazi,king cetshwayo,31.58145,-29.02791,111,1,126,10,3,0,72,147,1,10,55,24,7,50,127,13,1,45,7,30,7,25,0,50,7,41,0,8,21,9,18,0
2013/2014,gingindlovu,umlalazi,king cetshwayo,31.58145,-29.02791,93,3,111,5,3,0,67,121,4,16,44,10,6,17,104,15,14,37,13,28,15,17,0,62,9,40,0,10,23,5,14,0
2014/2015,gingindlovu,umlalazi,king cetshwayo,31.58145,-29.02791,102,2,95,13,2,0,38,67,5,17,58,12,7,27,117,7,21,40,11,33,8,13,2,47,6,42,0,13,31,2,22,0
2015/2016,gingindlovu,umlalazi,king cetshwayo,31.58145,-29.02791,102,6,97,16,0,0,54,104,1,28,66,13,6,49,93,8,13,39,24,20,9,15,0,40,7,27,0,12,12,7,27,0
2016/2017,gingindlovu,umlalazi,king cetshwayo,31.58145,-29.02791,121,3,102,13,2,0,41,81,5,17,57,21,7,77,45,13,21,37,9,29,7,15,0,45,3,35,0,8,20,7,26,0
2017/2018,gingindlovu,umlalazi,king cetshwayo,31.58145,-29.02791,83,4,100,15,1,0,51,117,4,15,39,13,7,75,40,19,2,38,17,32,10,11,0,52,4,38,0,14,19,5,26,0
2018/2019,gingindlovu,umlalazi,king cetshwayo,31.58145,-29.02791,99,8,107,13,4,0,38,73,1,26,52,14,6,35,14,5,22,44,14,32,11,9,0,48,4,40,0,14,18,3,27,0
2019/2020,gingindlovu,umlalazi,king cetshwayo,31.58145,-29.02791,105,9,128,16,2,0,39,67,3,16,61,18,7,33,3,8,21,47,12,31,6,17,2,55,6,40,0,20,8,3,17,0
2020/2021,gingindlovu,umlalazi,king cetshwayo,31.58145,-29.02791,83,3,116,9,2,0,45,68,1,15,50,5,6,5,10,9,14,54,10,29,3,7,0,26,10,41,0,22,5,5,19,0
2021/2022,gingindlovu,umlalazi,king cetshwayo,31.58145,-29.02791,107,4,139,12,3,0,59,54,1,32,75,11,6,8,11,3,23,59,11,45,7,12,0,36,3,51,0,35,8,5,17,0
2022/2023,gingindlovu,umlalazi,king cetshwayo,31.58145,-29.02791,118,3,144,28,5,0,53,81,2,35,50,11,6,5,16,18,27,48,13,42,8,12,0,41,8,55,1,35,22,4,12,1
2023/2024,gingindlovu,king cetshwayo district,king cetshwayo district,31.58145,-29.02791,0,0,0,0,0,0,0,83,3,0,0,0,0,0,0,0,0,0,0,0,0,16,0,0,0,0,0,0,0,6,20,0
2024/2025,gingindlovu,king cetshwayo district,king cetshwayo district,31.58145,-29.02791,0,0,0,0,0,0,0,134,8,0,0,0,0,0,0,0,0,0,0,0,0,24,0,0,0,0,0,0,0,3,15,0
2008/2009,giyani,greater giyani,mopani,30.71573,-23.31353,409,30,324,11,7,0,151,280,6,97,233,54,15,22,40,11,1,130,18,75,3,6,0,55,7,106,0,139,56,15,51,1
2009/2010,giyani,greater giyani,mopani,30.71573,-23.31353,315,36,374,13,12,0,200,395,4,132,232,55,17,13,62,9,1,140,34,86,14,25,0,89,3,110,0,203,50,15,77,0
2010/2011,giyani,greater giyani,mopani,30.71573,-23.31353,375,41,449,25,7,0,155,438,2,151,247,65,4,114,33,10,1,146,20,138,19,11,0,70,4,151,0,159,58,12,58,0
2011/2012,giyani,greater giyani,mopani,30.71573,-23.31353,443,40,546,19,14,0,184,403,3,345,418,84,12,30,39,13,1,197,21,129,32,14,0,106,6,156,2,154,71,15,124,0
2012/2013,giyani,greater giyani,mopani,30.71573,-23.31353,362,45,508,7,3,0,183,363,2,469,330,71,4,25,57,13,1,205,22,150,30,31,0,119,10,165,5,127,34,17,76,0
2013/2014,giyani,greater giyani,mopani,30.71573,-23.31353,271,41,414,11,10,0,191,474,7,331,280,63,4,9,84,8,21,196,19,88,25,30,0,114,4,104,1,139,43,12,105,0
2014/2015,giyani,greater giyani,mopani,30.71573,-23.31353,315,33,409,16,11,0,168,537,5,332,298,63,7,12,111,8,24,169,24,104,39,28,0,118,4,120,15,162,39,17,82,0
2015/2016,giyani,greater giyani,mopani,30.71573,-23.31353,295,29,362,21,8,0,131,402,8,245,221,71,4,46,147,10,22,145,29,98,34,45,0,159,4,112,11,126,38,23,97,0
2016/2017,giyani,greater giyani,mopani,30.71573,-23.31353,303,16,368,19,4,0,183,404,7,160,183,66,5,65,227,26,25,175,28,90,67,24,0,159,5,102,1,97,39,14,72,0
2017/2018,giyani,greater giyani,mopani,30.71573,-23.31353,265,17,289,26,8,0,204,338,13,138,152,74,6,76,312,19,22,169,27,95,77,76,0,254,3,106,11,85,66,15,95,0
2018/2019,giyani,greater giyani,mopani,30.71573,-23.31353,271,12,357,17,3,0,163,345,8,135,151,79,4,69,188,24,14,127,25,139,54,44,0,207,8,152,35,93,40,16,82,0
2019/2020,giyani,greater giyani,mopani,30.71573,-23.31353,305,22,334,33,3,0,243,343,14,145,192,61,7,96,31,12,14,162,26,154,68,35,0,224,6,164,56,132,36,8,95,0
2020/2021,giyani,greater giyani,mopani,30.71573,-23.31353,305,10,342,32,3,0,178,338,15,166,232,49,6,18,76,11,17,200,15,128,72,43,0,246,4,135,60,124,37,6,42,0
2021/2022,giyani,greater giyani,mopani,30.71573,-23.31353,278,11,383,35,4,0,161,311,24,156,239,40,6,7,82,15,17,203,37,144,70,31,3,232,11,159,63,92,53,20,51,0
2022/2023,giyani,greater giyani,mopani,30.71573,-23.31353,218,18,360,21,8,0,143,272,17,171,275,62,6,29,164,24,28,205,25,137,60,33,2,234,13,158,91,99,88,10,58,0
2023/2024,giyani,mopani district,mopani district,30.71573,-23.31353,0,0,0,0,0,0,0,144,15,0,0,0,0,0,0,0,0,0,0,0,0,25,0,0,0,0,0,0,0,10,65,0
2024/2025,giyani,mopani district,mopani district,30.71573,-23.31353,0,0,0,0,0,0,0,230,19,0,0,0,0,0,0,0,0,0,0,0,0,39,0,0,0,0,0,0,0,9,78,0
2008/2009,glen,masilonyana,lejweleputswa,26.33199,-28.93999,57,1,25,0,0,0,2,39,0,1,20,1,6,7,1,1,1,16,1,4,0,0,0,0,1,5,0,0,31,2,0,0
2009/2010,glen,masilonyana,lejweleputswa,26.33199,-28.93999,42,0,29,1,0,0,2,33,0,5,21,2,7,4,6,0,1,7,1,7,2,0,0,5,2,10,0,0,19,1,1,0
2010/2011,glen,masilonyana,lejweleputswa,26.33199,-28.93999,52,0,29,0,0,0,1,20,0,1,17,7,6,4,5,0,1,11,1,2,0,0,0,2,0,2,0,0,14,3,3,0
2011/2012,glen,masilonyana,lejweleputswa,26.33199,-28.93999,31,1,27,1,0,0,2,24,2,4,18,2,6,2,3,0,1,8,2,3,1,1,0,6,0,3,0,0,22,3,3,0
2012/2013,glen,masilonyana,lejweleputswa,26.33199,-28.93999,38,0,29,0,0,0,3,27,0,7,13,1,6,3,4,0,1,10,0,3,0,0,0,0,3,6,0,1,19,1,6,0
2013/2014,glen,masilonyana,lejweleputswa,26.33199,-28.93999,72,0,15,2,0,0,2,26,0,11,16,0,6,2,4,1,13,13,3,3,0,0,0,2,0,3,0,0,28,1,4,0
2014/2015,glen,masilonyana,lejweleputswa,26.33199,-28.93999,39,0,17,0,0,0,5,56,0,3,11,1,7,4,10,0,13,12,1,4,3,0,0,4,0,5,0,0,21,3,7,0
2015/2016,glen,masilonyana,lejweleputswa,26.33199,-28.93999,45,2,16,3,1,0,10,56,1,4,18,0,6,5,19,0,12,12,3,3,0,1,0,3,2,6,0,0,21,4,5,0
2016/2017,glen,masilonyana,lejweleputswa,26.33199,-28.93999,31,1,13,0,0,0,14,42,2,6,13,0,6,1,12,0,13,4,1,1,0,0,0,5,2,3,0,0,34,3,4,1
2017/2018,glen,masilonyana,lejweleputswa,26.33199,-28.93999,31,1,16,0,1,0,27,32,0,3,10,2,7,7,0,0,12,1,1,3,0,1,0,3,2,7,0,0,37,0,10,0
2018/2019,glen,masilonyana,lejweleputswa,26.33199,-28.93999,39,0,14,1,2,0,13,19,0,5,13,1,6,6,3,0,13,4,1,3,2,0,0,3,1,6,0,0,22,1,7,0
2019/2020,glen,masilonyana,lejweleputswa,26.33199,-28.93999,35,0,6,0,0,0,18,20,0,3,15,0,6,9,0,0,12,7,0,2,0,1,0,2,0,2,0,0,12,0,6,0
2020/2021,glen,masilonyana,lejweleputswa,26.33199,-28.93999,33,0,9,1,0,0,23,28,0,4,10,0,6,1,1,0,13,5,2,2,0,0,0,2,3,5,0,0,10,1,8,1
2021/2022,glen,masilonyana,lejweleputswa,26.33199,-28.93999,35,0,7,0,1,0,18,14,0,6,9,2,6,2,0,0,13,4,1,3,1,0,0,4,1,5,0,0,19,1,4,0
2022/2023,glen,masilonyana,lejweleputswa,26.33199,-28.93999,15,0,12,3,0,0,14,11,0,6,14,1,6,1,0,3,13,5,0,5,0,0,0,2,1,6,0,0,20,0,4,1
2023/2024,glen,mangaung district,mangaung district,26.33199,-28.93999,0,0,0,0,0,0,0,20,0,0,0,0,0,0,0,0,0,0,0,0,0,0,0,0,0,0,0,0,0,0,4,0
2024/2025,glen,mangaung district,mangaung district,26.33199,-28.93999,0,0,0,0,0,0,0,17,0,0,0,0,0,0,0,0,0,0,0,0,0,1,0,0,0,0,0,0,0,2,5,0
2008/2009,glen grey,emalahleni,chris hani,27.0212,-31.75751,34,12,97,9,4,0,2,53,0,3,24,14,4,5,42,3,1,27,13,35,1,1,0,4,1,42,0,0,26,2,1,0
2009/2010,glen grey,emalahleni,chris hani,27.0212,-31.75751,26,4,141,5,4,0,9,35,0,1,36,4,6,1,10,1,1,27,21,32,3,4,0,8,2,38,0,0,13,3,2,0
2010/2011,glen grey,emalahleni,chris hani,27.0212,-31.75751,21,9,128,3,9,0,6,32,0,0,17,3,7,10,25,7,1,32,11,37,8,1,0,12,3,50,0,0,12,1,2,0
2011/2012,glen grey,emalahleni,chris hani,27.0212,-31.75751,20,4,91,3,1,0,13,32,0,2,21,6,7,4,22,0,1,26,13,25,7,4,0,13,0,27,0,0,13,1,0,0
2012/2013,glen grey,emalahleni,chris hani,27.0212,-31.75751,20,2,81,2,7,0,10,24,0,0,11,3,7,1,28,3,1,18,12,25,4,2,0,13,3,36,0,1,10,0,2,0
2013/2014,glen grey,emalahleni,chris hani,27.0212,-31.75751,10,3,75,2,2,0,4,19,0,1,9,0,6,1,39,4,13,16,23,32,4,1,0,9,0,34,0,0,4,2,1,0
2014/2015,glen grey,emalahleni,chris hani,27.0212,-31.75751,17,3,76,5,2,0,22,20,1,0,11,3,6,3,41,2,12,24,15,27,3,1,0,9,2,31,1,0,9,1,0,0
2015/2016,glen grey,emalahleni,chris hani,27.0212,-31.75751,16,2,82,1,2,0,35,25,0,2,9,0,6,3,43,3,12,23,15,29,2,3,0,10,4,35,0,0,7,1,1,0
2016/2017,glen grey,emalahleni,chris hani,27.0212,-31.75751,19,2,66,5,4,0,17,32,1,0,9,1,6,3,41,1,12,15,18,26,5,3,0,14,1,31,0,0,7,3,4,0
2017/2018,glen grey,emalahleni,chris hani,27.0212,-31.75751,18,4,97,3,3,0,16,14,0,1,14,3,6,4,57,2,21,26,16,32,3,4,0,10,2,37,0,0,6,1,2,0
2018/2019,glen grey,emalahleni,chris hani,27.0212,-31.75751,30,2,87,1,5,0,14,25,0,1,22,2,6,0,31,2,13,21,15,52,3,2,1,11,0,57,0,0,15,3,1,0
2019/2020,glen grey,emalahleni,chris hani,27.0212,-31.75751,13,2,125,5,7,0,16,22,1,5,10,2,6,1,14,1,13,25,21,39,5,1,0,11,2,48,0,0,5,1,4,0
2020/2021,glen grey,emalahleni,chris hani,27.0212,-31.75751,20,2,97,7,7,0,22,23,0,3,10,3,6,2,2,1,14,21,19,27,2,3,0,11,2,36,0,0,16,1,0,0
2021/2022,glen grey,emalahleni,chris hani,27.0212,-31.75751,19,4,91,0,1,0,18,14,2,2,25,2,6,2,0,3,13,17,18,32,1,3,0,17,2,35,0,1,10,1,1,0
2022/2023,glen grey,emalahleni,chris hani,27.0212,-31.75751,19,3,107,2,2,0,27,21,3,0,17,2,7,1,4,1,13,15,21,27,7,2,0,19,3,33,0,0,3,0,0,0
2023/2024,glen grey,chris hani district,chris hani district,27.0212,-31.75751,0,0,0,0,0,0,0,17,1,0,0,0,0,0,0,0,0,0,0,0,0,5,0,0,0,0,0,0,0,1,1,0
2024/2025,glen grey,chris hani district,chris hani district,27.0212,-31.75751,0,0,0,0,0,0,0,24,1,0,0,0,0,0,0,0,0,0,0,0,0,6,0,0,0,0,0,0,0,0,5,0
2008/2009,glencoe,dannhauser,amajuba,30.15452,-28.17932,124,3,81,2,1,0,30,80,1,9,130,23,4,49,4,0,1,38,5,20,1,2,0,10,1,24,0,4,38,7,15,0
2009/2010,glencoe,dannhauser,amajuba,30.15452,-28.17932,102,3,86,8,3,0,42,94,0,4,135,30,5,50,8,2,1,47,8,23,1,2,0,14,6,35,0,12,26,5,18,0
2010/2011,glencoe,dannhauser,amajuba,30.15452,-28.17932,101,3,86,7,0,0,34,114,1,3,110,21,8,51,26,1,1,52,4,31,2,1,0,19,5,40,0,2,13,4,53,0
2011/2012,glencoe,dannhauser,amajuba,30.15452,-28.17932,96,3,101,5,1,0,25,60,0,5,97,12,4,53,30,3,1,40,6,28,2,1,0,9,5,36,0,2,25,11,7,0
2012/2013,glencoe,dannhauser,amajuba,30.15452,-28.17932,114,6,88,2,0,0,24,93,0,9,91,20,4,46,35,5,1,39,6,30,5,1,0,15,2,34,1,2,21,9,15,0
2013/2014,glencoe,dannhauser,amajuba,30.15452,-28.17932,67,4,94,4,0,0,37,79,0,6,79,15,6,48,46,7,12,42,4,18,6,7,0,13,5,23,0,2,17,1,11,0
2014/2015,glencoe,dannhauser,amajuba,30.15452,-28.17932,89,2,72,2,0,0,37,89,1,5,65,27,6,24,73,5,12,35,7,17,5,8,0,18,8,25,0,2,9,2,19,0
2015/2016,glencoe,dannhauser,amajuba,30.15452,-28.17932,57,4,56,0,0,0,18,90,0,3,44,16,7,27,62,2,12,19,8,29,2,6,0,15,1,31,1,6,8,6,14,0
2016/2017,glencoe,dannhauser,amajuba,30.15452,-28.17932,37,1,50,1,0,0,24,51,0,3,35,11,6,30,56,2,13,22,7,12,4,1,0,12,1,13,0,0,21,3,5,0
2017/2018,glencoe,dannhauser,amajuba,30.15452,-28.17932,49,0,46,1,0,0,15,92,0,2,32,3,6,36,69,3,13,27,5,28,3,6,0,25,1,29,0,0,12,8,14,1
2018/2019,glencoe,dannhauser,amajuba,30.15452,-28.17932,58,0,54,1,0,0,19,105,0,7,45,8,7,32,26,7,13,20,4,13,3,4,0,18,1,15,0,2,4,2,13,0
2019/2020,glencoe,dannhauser,amajuba,30.15452,-28.17932,70,3,48,3,0,0,7,120,0,4,34,7,6,40,72,6,13,7,7,23,7,10,0,19,4,27,0,6,18,4,21,0
2020/2021,glencoe,dannhauser,amajuba,30.15452,-28.17932,61,3,51,3,1,0,7,87,2,7,45,8,6,15,89,3,13,20,4,10,3,3,0,13,3,14,0,0,24,4,14,0
2021/2022,glencoe,dannhauser,amajuba,30.15452,-28.17932,72,1,55,6,0,0,22,57,3,7,42,9,6,4,120,5,12,14,4,20,9,3,0,21,5,25,0,1,13,2,15,0
2022/2023,glencoe,dannhauser,amajuba,30.15452,-28.17932,68,0,62,6,0,0,10,71,0,20,59,8,6,1,146,5,23,14,6,24,4,3,0,21,2,26,0,1,15,3,14,0
2023/2024,glencoe,umzinyathi district,umzinyathi district,30.15452,-28.17932,0,0,0,0,0,0,0,67,1,0,0,0,0,0,0,0,0,0,0,0,0,2,0,0,0,0,0,0,0,2,13,0
2024/2025,glencoe,umzinyathi district,umzinyathi district,30.15452,-28.17932,0,0,0,0,0,0,0,93,0,0,0,0,0,0,0,0,0,0,0,0,0,3,0,0,0,0,0,0,0,1,19,0
2008/2009,glendale,ndwedwe,ilembe,31.11037,-29.32763,55,3,35,7,0,0,5,43,0,1,32,3,6,0,29,7,1,13,4,7,3,14,0,22,2,9,0,0,5,2,0,0
2009/2010,glendale,ndwedwe,ilembe,31.11037,-29.32763,31,1,38,7,1,0,1,54,2,0,21,3,6,0,28,10,1,11,3,13,1,5,0,11,2,16,0,0,7,3,5,0
2010/2011,glendale,ndwedwe,ilembe,31.11037,-29.32763,36,1,41,6,0,0,4,27,1,1,31,2,6,0,46,7,1,10,0,15,2,5,0,11,1,16,0,0,4,7,1,0
2011/2012,glendale,ndwedwe,ilembe,31.11037,-29.32763,40,1,38,2,0,0,4,19,0,1,24,0,6,2,52,6,1,9,3,14,1,4,0,7,0,14,0,0,6,1,4,0
2012/2013,glendale,ndwedwe,ilembe,31.11037,-29.32763,28,0,32,4,0,0,4,15,0,2,18,4,6,2,111,11,1,10,1,9,2,4,0,7,0,9,0,0,8,1,1,0
2013/2014,glendale,ndwedwe,ilembe,31.11037,-29.32763,19,0,24,4,0,0,8,20,0,0,15,1,6,2,119,32,21,6,4,4,0,4,0,7,4,8,0,0,2,1,1,0
2014/2015,glendale,ndwedwe,ilembe,31.11037,-29.32763,16,5,41,1,0,0,8,28,1,0,15,4,6,1,120,8,12,9,4,15,0,2,0,8,0,15,1,0,8,1,0,0
2015/2016,glendale,ndwedwe,ilembe,31.11037,-29.32763,14,2,29,4,0,0,8,17,1,1,17,2,6,1,167,9,12,13,6,14,2,4,0,17,2,16,0,0,17,1,1,0
2016/2017,glendale,ndwedwe,ilembe,31.11037,-29.32763,12,2,27,0,0,0,9,20,2,0,12,3,7,2,202,10,13,15,2,6,4,5,0,20,2,9,0,0,6,2,0,0
2017/2018,glendale,ndwedwe,ilembe,31.11037,-29.32763,18,1,35,6,0,0,9,22,2,0,17,2,6,4,137,12,13,12,11,11,3,3,0,10,0,11,0,0,3,2,1,0
2018/2019,glendale,ndwedwe,ilembe,31.11037,-29.32763,18,2,32,0,0,0,7,25,1,1,9,1,6,0,9,3,13,8,1,10,1,4,0,7,0,10,0,0,7,1,1,0
2019/2020,glendale,ndwedwe,ilembe,31.11037,-29.32763,15,2,24,7,0,0,10,21,1,1,12,1,6,0,1,11,21,10,6,17,0,5,0,10,3,20,0,0,13,1,1,0
2020/2021,glendale,ndwedwe,ilembe,31.11037,-29.32763,13,1,30,5,0,0,12,27,0,0,8,1,6,0,4,4,12,11,2,9,2,9,0,13,0,9,0,0,10,1,0,0
2021/2022,glendale,ndwedwe,ilembe,31.11037,-29.32763,16,0,39,5,0,0,9,24,0,3,13,3,7,0,0,7,14,11,9,10,3,6,0,13,3,14,0,0,20,1,0,0
2022/2023,glendale,ndwedwe,ilembe,31.11037,-29.32763,11,2,36,5,0,0,11,20,0,0,23,1,7,0,1,3,23,12,4,15,2,12,0,15,1,17,0,0,10,3,4,0
2023/2024,glendale,ilembe district,ilembe district,31.11037,-29.32763,0,0,0,0,0,0,0,13,0,0,0,0,0,0,0,0,0,0,0,0,0,4,0,0,0,0,0,0,0,2,1,0
2024/2025,glendale,ilembe district,ilembe district,31.11037,-29.32763,0,0,0,0,0,0,0,14,0,0,0,0,0,0,0,0,0,0,0,0,0,2,0,0,0,0,0,0,0,0,5,0
2008/2009,gluckstadt,ulundi,zululand,31.0321,-27.97561,57,7,51,10,2,0,10,25,1,0,36,4,7,4,10,7,1,24,5,7,1,4,0,19,1,11,0,0,94,1,6,0
2009/2010,gluckstadt,ulundi,zululand,31.0321,-27.97561,60,2,69,10,0,0,7,27,1,1,30,6,5,0,17,7,1,22,2,9,0,4,0,8,0,12,0,0,90,3,2,0
2010/2011,gluckstadt,ulundi,zululand,31.0321,-27.97561,43,6,84,6,0,0,21,18,0,1,23,2,7,5,6,6,1,28,6,7,1,1,0,6,4,12,0,0,95,1,9,0
2011/2012,gluckstadt,ulundi,zululand,31.0321,-27.97561,49,1,60,7,0,0,8,15,1,0,20,1,6,3,16,5,1,21,6,8,0,2,0,7,0,8,0,0,104,1,14,0
2012/2013,gluckstadt,ulundi,zululand,31.0321,-27.97561,40,5,77,1,0,0,20,19,1,1,27,5,7,2,8,6,1,21,13,19,0,2,0,8,2,22,0,0,114,2,12,0
2013/2014,gluckstadt,ulundi,zululand,31.0321,-27.97561,56,4,50,2,0,0,18,28,0,2,23,2,6,2,17,9,12,18,5,7,0,4,0,9,3,10,0,0,91,3,10,0
2014/2015,gluckstadt,ulundi,zululand,31.0321,-27.97561,56,3,66,6,0,0,23,41,1,0,27,4,7,9,11,6,17,24,4,19,4,3,0,13,3,23,0,0,79,2,8,0
2015/2016,gluckstadt,ulundi,zululand,31.0321,-27.97561,38,1,58,9,2,0,19,27,0,3,26,7,6,7,10,8,14,32,8,21,0,4,0,5,0,23,0,0,76,4,7,0
2016/2017,gluckstadt,ulundi,zululand,31.0321,-27.97561,42,5,55,2,0,0,23,26,0,0,21,1,6,6,11,28,13,23,5,17,1,3,0,7,1,18,0,0,106,2,8,0
2017/2018,gluckstadt,ulundi,zululand,31.0321,-27.97561,41,4,66,8,0,0,11,21,0,2,23,1,6,14,10,7,22,23,8,8,0,3,0,5,2,10,0,0,95,2,5,0
2018/2019,gluckstadt,ulundi,zululand,31.0321,-27.97561,35,4,48,5,0,0,24,14,0,0,9,2,6,13,1,10,23,17,9,15,0,1,0,2,2,17,0,0,72,0,5,0
2019/2020,gluckstadt,ulundi,zululand,31.0321,-27.97561,33,6,61,7,1,0,8,16,1,0,30,3,6,17,1,11,22,23,6,13,0,2,0,3,2,16,0,0,87,0,4,0
2020/2021,gluckstadt,ulundi,zululand,31.0321,-27.97561,28,1,52,4,0,0,7,18,1,6,15,1,6,1,2,11,14,22,4,9,0,0,0,5,3,12,0,0,83,0,2,0
2021/2022,gluckstadt,ulundi,zululand,31.0321,-27.97561,26,2,56,3,2,0,6,9,0,6,13,0,6,5,3,1,17,28,6,7,0,2,0,2,2,11,0,0,85,1,2,0
2022/2023,gluckstadt,ulundi,zululand,31.0321,-27.97561,23,1,59,6,0,0,16,15,1,8,11,4,6,12,2,3,24,20,3,13,0,2,0,3,2,15,0,0,87,1,7,0
2023/2024,gluckstadt,zululand district,zululand district,31.0321,-27.97561,0,0,0,0,0,0,0,16,1,0,0,0,0,0,0,0,0,0,0,0,0,0,0,0,0,0,0,0,0,0,1,0
2024/2025,gluckstadt,zululand district,zululand district,31.0321,-27.97561,0,0,0,0,0,0,0,22,0,0,0,0,0,0,0,0,0,0,0,0,0,2,0,0,0,0,0,0,0,0,2,0
2008/2009,goedemoed,mohokare,xhariep,26.40335,-30.55924,2,4,28,1,0,0,0,8,0,2,17,0,6,2,15,0,1,5,0,4,0,0,0,0,0,4,0,1,16,0,0,0
2009/2010,goedemoed,mohokare,xhariep,26.40335,-30.55924,11,2,33,0,0,0,1,3,0,1,17,0,6,2,6,0,1,7,2,2,0,0,0,0,0,2,0,0,12,0,2,0
2010/2011,goedemoed,mohokare,xhariep,26.40335,-30.55924,11,0,38,0,0,0,0,4,0,1,15,0,6,0,12,0,1,5,1,1,0,0,0,0,0,1,0,0,7,0,0,0
2011/2012,goedemoed,mohokare,xhariep,26.40335,-30.55924,22,0,36,1,0,0,0,3,0,1,15,0,6,0,17,0,1,2,0,1,0,1,0,1,1,2,0,0,10,0,2,0
2012/2013,goedemoed,mohokare,xhariep,26.40335,-30.55924,25,0,22,1,0,0,0,7,0,1,27,0,6,0,24,0,1,7,0,1,0,0,0,1,0,1,0,0,10,0,1,0
2013/2014,goedemoed,mohokare,xhariep,26.40335,-30.55924,10,0,56,0,0,0,0,3,0,0,29,0,6,1,39,0,13,4,0,2,0,0,0,0,1,3,0,0,8,0,0,0
2014/2015,goedemoed,mohokare,xhariep,26.40335,-30.55924,5,0,18,0,0,0,0,4,0,0,15,0,6,0,40,0,13,4,0,2,0,0,0,0,0,2,0,0,0,0,0,0
2015/2016,goedemoed,mohokare,xhariep,26.40335,-30.55924,12,0,34,0,0,0,1,5,0,1,26,0,6,1,32,0,13,11,1,1,0,1,0,1,0,1,0,0,14,1,0,0
2016/2017,goedemoed,mohokare,xhariep,26.40335,-30.55924,4,0,19,0,0,0,0,2,0,0,28,0,6,0,75,0,13,8,0,0,0,0,0,0,2,2,0,0,7,0,0,0
2017/2018,goedemoed,mohokare,xhariep,26.40335,-30.55924,5,0,30,0,0,0,0,1,0,0,16,0,6,2,22,0,13,3,1,5,0,0,0,0,1,6,0,0,3,0,0,0
2018/2019,goedemoed,mohokare,xhariep,26.40335,-30.55924,8,0,18,0,0,0,0,4,0,1,18,0,6,1,10,0,12,6,1,2,0,0,0,0,0,2,0,0,2,0,0,0
2019/2020,goedemoed,mohokare,xhariep,26.40335,-30.55924,1,0,1,0,0,0,1,1,0,0,4,1,6,0,1,0,13,0,0,1,0,0,0,0,1,2,0,0,3,0,0,0
2020/2021,goedemoed,mohokare,xhariep,26.40335,-30.55924,7,0,6,0,0,0,0,1,0,2,10,0,6,0,0,0,13,2,0,0,0,0,0,0,0,0,0,0,3,0,0,0
2021/2022,goedemoed,mohokare,xhariep,26.40335,-30.55924,6,0,6,0,0,0,0,0,0,2,6,0,6,1,1,0,13,3,0,2,0,0,0,0,0,2,0,0,7,0,0,0
2022/2023,goedemoed,mohokare,xhariep,26.40335,-30.55924,2,0,7,0,0,0,0,2,0,1,4,0,6,3,0,0,13,1,1,1,0,0,0,0,0,1,0,0,5,0,0,0
2023/2024,goedemoed,xhariep district,xhariep district,26.40335,-30.55924,0,0,0,0,0,0,0,2,0,0,0,0,0,0,0,0,0,0,0,0,0,0,0,0,0,0,0,0,0,0,0,0
2024/2025,goedemoed,xhariep district,xhariep district,26.40335,-30.55924,0,0,0,0,0,0,0,2,0,0,0,0,0,0,0,0,0,0,0,0,0,0,0,0,0,0,0,0,0,1,0,0
2008/2009,gonubie,buffalo city,buffalo city,28.00084,-32.9366,306,4,148,9,2,0,14,319,2,33,86,22,5,50,23,3,1,71,19,32,8,12,0,38,3,40,0,25,17,73,147,0
2009/2010,gonubie,buffalo city,buffalo city,28.00084,-32.9366,173,4,150,9,4,0,18,304,1,31,80,29,8,71,12,3,1,59,19,32,6,8,0,39,3,43,0,41,18,75,81,0
2010/2011,gonubie,buffalo city,buffalo city,28.00084,-32.9366,219,3,113,4,3,0,22,380,0,19,43,33,8,69,11,4,1,41,18,43,4,5,0,26,1,51,0,23,19,43,120,0
2011/2012,gonubie,buffalo city,buffalo city,28.00084,-32.9366,269,6,106,8,1,0,24,364,1,28,51,44,8,56,8,6,1,35,14,31,5,6,1,33,4,40,1,21,12,42,89,0
2012/2013,gonubie,buffalo city,buffalo city,28.00084,-32.9366,239,5,132,9,0,0,18,476,1,20,58,24,5,39,20,13,1,58,18,54,9,8,0,58,7,64,0,27,8,24,80,0
2013/2014,gonubie,buffalo city,buffalo city,28.00084,-32.9366,252,4,141,7,1,0,13,361,0,25,76,19,7,55,31,5,12,50,12,52,4,4,0,41,6,60,0,32,4,16,83,0
2014/2015,gonubie,buffalo city,buffalo city,28.00084,-32.9366,219,1,106,2,2,0,15,342,0,28,73,20,6,47,19,5,13,69,10,30,3,2,0,26,1,33,0,23,8,28,72,0
2015/2016,gonubie,buffalo city,buffalo city,28.00084,-32.9366,184,0,98,0,0,0,14,279,1,27,73,32,7,47,14,3,13,52,16,23,6,5,0,34,3,27,0,30,21,7,52,0
2016/2017,gonubie,buffalo city,buffalo city,28.00084,-32.9366,157,0,104,5,0,0,28,273,3,18,55,40,6,34,23,3,12,61,13,29,8,8,0,47,2,31,0,28,8,10,115,0
2017/2018,gonubie,buffalo city,buffalo city,28.00084,-32.9366,166,0,102,8,0,0,17,261,0,32,64,33,7,12,15,1,12,48,10,18,6,4,0,45,1,20,0,13,7,3,72,0
2018/2019,gonubie,buffalo city,buffalo city,28.00084,-32.9366,156,0,138,7,0,0,23,331,2,57,52,21,5,32,23,2,14,63,16,25,10,7,0,60,5,33,1,12,23,23,68,2
2019/2020,gonubie,buffalo city,buffalo city,28.00084,-32.9366,196,0,122,6,4,0,25,344,1,40,61,24,7,25,12,5,12,67,21,34,9,12,0,81,5,44,0,13,7,15,66,1
2020/2021,gonubie,buffalo city,buffalo city,28.00084,-32.9366,222,1,121,5,2,0,56,302,0,72,49,18,6,9,5,1,12,70,7,23,5,5,0,48,6,31,0,4,16,6,44,1
2021/2022,gonubie,buffalo city,buffalo city,28.00084,-32.9366,294,1,144,3,2,0,45,319,1,112,77,18,7,18,2,2,13,89,19,29,2,4,0,33,9,41,1,10,6,11,71,0
2022/2023,gonubie,buffalo city,buffalo city,28.00084,-32.9366,339,1,166,4,1,0,23,279,3,109,123,23,6,8,5,1,12,94,20,29,7,6,0,58,8,38,0,8,14,2,62,0
2023/2024,gonubie,buffalo city district,buffalo city district,28.00084,-32.9366,0,0,0,0,0,0,0,298,4,0,0,0,0,0,0,0,0,0,0,0,0,17,0,0,0,0,0,0,0,4,71,0
2024/2025,gonubie,buffalo city district,buffalo city district,28.00084,-32.9366,0,0,0,0,0,0,0,224,4,0,0,0,0,0,0,0,0,0,0,0,0,4,0,0,0,0,0,0,0,8,65,0
2008/2009,goodwood,city of cape town,city of cape town,18.56195,-33.90888,1306,6,68,8,1,0,149,393,11,342,333,133,22,154,363,11,1,295,4,25,12,12,1,173,18,64,0,405,0,333,380,0
2009/2010,goodwood,city of cape town,city of cape town,18.56195,-33.90888,1286,1,77,10,4,0,129,324,5,296,330,127,11,193,337,21,1,212,9,27,11,9,0,150,13,52,0,512,0,289,562,0
2010/2011,goodwood,city of cape town,city of cape town,18.56195,-33.90888,1132,1,86,6,0,0,129,508,5,295,308,137,9,276,359,13,1,182,3,19,19,7,0,143,9,33,0,407,0,305,479,0
2011/2012,goodwood,city of cape town,city of cape town,18.56195,-33.90888,1257,4,98,7,2,0,140,610,4,356,339,153,7,401,436,8,1,230,8,30,6,6,1,157,10,43,13,387,0,282,522,0
2012/2013,goodwood,city of cape town,city of cape town,18.56195,-33.90888,1198,1,73,11,1,0,137,510,7,295,252,149,7,378,348,11,1,199,1,22,14,20,3,170,4,28,2,383,0,278,525,0
2013/2014,goodwood,city of cape town,city of cape town,18.56195,-33.90888,1311,1,68,8,3,0,116,481,6,332,245,151,4,245,570,6,28,239,5,19,20,13,0,173,9,33,27,350,0,300,597,0
2014/2015,goodwood,city of cape town,city of cape town,18.56195,-33.90888,1286,4,63,5,0,0,135,394,20,246,258,180,7,192,505,15,23,236,6,21,35,21,0,257,7,29,13,335,0,274,646,1
2015/2016,goodwood,city of cape town,city of cape town,18.56195,-33.90888,1009,1,55,6,1,0,132,376,27,217,281,171,7,95,489,11,38,187,1,18,33,17,0,274,5,25,8,400,0,260,620,0
2016/2017,goodwood,city of cape town,city of cape town,18.56195,-33.90888,958,0,57,11,1,0,112,385,23,180,233,216,7,128,423,11,25,202,4,20,32,12,1,274,14,36,0,316,0,255,496,0
2017/2018,goodwood,city of cape town,city of cape town,18.56195,-33.90888,910,0,68,9,2,0,130,341,25,198,227,204,5,92,258,11,26,159,10,24,29,10,0,262,8,37,0,358,0,223,617,2
2018/2019,goodwood,city of cape town,city of cape town,18.56195,-33.90888,904,0,62,5,0,0,138,337,34,231,234,171,7,133,237,11,37,187,4,16,31,16,1,309,15,32,0,310,0,159,618,2
2019/2020,goodwood,city of cape town,city of cape town,18.56195,-33.90888,749,0,75,9,1,0,100,246,30,239,244,228,7,160,262,13,3,178,12,22,32,9,0,308,11,35,0,292,0,131,575,1
2020/2021,goodwood,city of cape town,city of cape town,18.56195,-33.90888,525,1,53,10,2,0,77,205,23,229,194,133,8,50,261,13,17,144,4,14,18,12,0,200,8,28,0,345,0,75,392,3
2021/2022,goodwood,city of cape town,city of cape town,18.56195,-33.90888,601,2,58,9,0,0,57,238,10,300,235,171,5,60,305,9,3,129,5,32,21,8,1,214,11,46,0,239,0,97,333,3
2022/2023,goodwood,city of cape town,city of cape town,18.56195,-33.90888,602,1,62,9,3,0,58,272,21,361,266,220,4,219,407,7,25,140,7,26,18,7,1,214,13,44,3,253,0,122,360,1
2023/2024,goodwood,city of cape town district,city of cape town district,18.56195,-33.90888,0,0,0,0,0,0,0,186,30,0,0,0,0,0,0,0,0,0,0,0,0,16,0,0,0,0,0,0,0,157,472,0
2024/2025,goodwood,city of cape town district,city of cape town district,18.56195,-33.90888,0,0,0,0,0,0,0,178,23,0,0,0,0,0,0,0,0,0,0,0,0,16,0,0,0,0,0,0,0,113,444,0
2008/2009,gordons bay,city of cape town,city of cape town,18.86941,-34.15908,488,0,15,0,0,0,13,231,0,31,63,10,5,65,71,4,1,77,1,7,2,1,0,6,3,13,0,15,0,54,110,0
2009/2010,gordons bay,city of cape town,city of cape town,18.86941,-34.15908,544,0,32,0,0,0,26,371,0,57,107,23,5,120,58,2,1,115,1,11,3,3,0,15,6,20,0,30,0,57,172,0
2010/2011,gordons bay,city of cape town,city of cape town,18.86941,-34.15908,619,0,28,1,1,0,25,370,1,60,111,24,8,117,95,10,1,122,1,7,3,4,0,12,5,17,0,24,0,53,221,0
2011/2012,gordons bay,city of cape town,city of cape town,18.86941,-34.15908,664,2,29,2,1,0,42,488,1,39,136,31,4,111,136,8,1,121,2,11,3,10,0,32,3,17,1,27,1,45,258,0
2012/2013,gordons bay,city of cape town,city of cape town,18.86941,-34.15908,660,1,17,0,1,0,30,378,0,35,119,22,6,118,129,1,1,122,0,7,0,8,0,16,0,8,2,12,0,40,181,0
2013/2014,gordons bay,city of cape town,city of cape town,18.86941,-34.15908,529,1,14,1,1,0,22,264,3,38,102,23,5,88,161,4,13,92,1,2,6,8,0,30,4,10,4,10,0,33,186,0
2014/2015,gordons bay,city of cape town,city of cape town,18.86941,-34.15908,563,0,11,8,0,0,25,234,3,41,91,43,6,79,177,1,13,80,6,10,5,9,0,36,3,13,1,9,1,16,133,0
2015/2016,gordons bay,city of cape town,city of cape town,18.86941,-34.15908,514,1,16,5,0,0,26,250,0,51,100,30,6,82,223,5,13,87,4,7,3,9,0,34,1,8,2,3,0,27,176,0
2016/2017,gordons bay,city of cape town,city of cape town,18.86941,-34.15908,418,1,18,4,1,0,39,295,7,46,107,32,6,80,261,1,12,87,3,6,4,2,0,32,3,10,0,9,0,30,112,0
2017/2018,gordons bay,city of cape town,city of cape town,18.86941,-34.15908,359,1,12,3,0,0,36,219,1,51,82,20,7,101,336,1,13,85,1,5,6,9,0,42,4,10,1,13,1,30,137,0
2018/2019,gordons bay,city of cape town,city of cape town,18.86941,-34.15908,401,3,19,3,1,0,31,264,0,67,100,25,7,77,295,0,12,84,1,3,7,11,0,53,2,7,2,11,0,35,120,0
2019/2020,gordons bay,city of cape town,city of cape town,18.86941,-34.15908,261,1,29,4,0,0,42,242,2,82,93,17,6,57,66,3,13,75,2,6,3,7,0,46,5,11,0,19,2,28,155,1
2020/2021,gordons bay,city of cape town,city of cape town,18.86941,-34.15908,230,0,11,2,1,0,15,128,1,75,86,26,7,16,82,2,12,63,1,10,2,10,0,28,5,17,0,17,2,20,104,0
2021/2022,gordons bay,city of cape town,city of cape town,18.86941,-34.15908,315,1,16,2,1,0,37,158,0,81,103,25,7,21,44,1,13,80,1,7,5,12,0,45,6,15,0,34,3,24,138,0
2022/2023,gordons bay,city of cape town,city of cape town,18.86941,-34.15908,287,1,12,2,2,0,24,105,2,117,146,27,7,15,114,1,21,90,0,11,3,7,0,47,5,19,0,22,1,24,101,0
2023/2024,gordons bay,city of cape town district,city of cape town district,18.86941,-34.15908,0,0,0,0,0,0,0,169,1,0,0,0,0,0,0,0,0,0,0,0,0,10,0,0,0,0,0,0,0,39,115,0
2024/2025,gordons bay,city of cape town district,city of cape town district,18.86941,-34.15908,0,0,0,0,0,0,0,162,2,0,0,0,0,0,0,0,0,0,0,0,0,6,0,0,0,0,0,0,0,27,94,0
2008/2009,gowan lea,umzimkhulu,harry gwala,29.70266,-30.34742,32,6,94,5,2,0,4,55,0,0,30,5,8,2,23,3,1,17,6,16,1,5,0,10,1,23,0,0,72,0,6,0
2009/2010,gowan lea,umzimkhulu,harry gwala,29.70266,-30.34742,34,5,104,8,1,0,3,50,0,0,22,11,5,0,52,8,1,29,7,11,3,6,0,9,1,16,0,0,85,2,4,0
2010/2011,gowan lea,umzimkhulu,harry gwala,29.70266,-30.34742,24,6,106,7,1,0,7,47,0,0,24,4,4,0,55,7,1,19,11,22,1,7,0,12,2,27,0,0,64,1,3,0
2011/2012,gowan lea,umzimkhulu,harry gwala,29.70266,-30.34742,25,4,83,5,3,0,7,35,0,1,35,3,6,3,117,7,1,16,12,26,3,2,0,8,3,32,1,0,41,0,5,0
2012/2013,gowan lea,umzimkhulu,harry gwala,29.70266,-30.34742,11,6,64,4,0,0,16,16,0,0,34,6,4,6,242,16,1,20,8,11,4,4,0,8,2,15,0,0,50,1,9,0
2013/2014,gowan lea,umzimkhulu,harry gwala,29.70266,-30.34742,16,5,76,7,0,0,16,41,0,0,28,4,6,4,205,8,21,14,5,10,5,3,0,11,1,11,0,0,43,0,13,0
2014/2015,gowan lea,umzimkhulu,harry gwala,29.70266,-30.34742,33,3,82,6,1,0,6,50,0,2,21,6,7,2,141,13,14,14,8,13,8,2,0,11,4,19,0,0,60,1,34,0
2015/2016,gowan lea,umzimkhulu,harry gwala,29.70266,-30.34742,18,2,75,6,2,0,8,49,0,1,18,4,4,2,144,6,21,22,5,14,6,2,0,12,2,20,1,0,56,1,19,0
2016/2017,gowan lea,umzimkhulu,harry gwala,29.70266,-30.34742,20,7,52,6,3,0,24,36,0,0,5,1,7,0,125,4,21,12,4,23,4,2,0,8,3,30,0,0,42,0,10,0
2017/2018,gowan lea,umzimkhulu,harry gwala,29.70266,-30.34742,20,1,50,4,0,0,9,36,2,0,12,2,6,0,157,2,21,19,9,11,4,9,0,19,2,13,0,0,21,0,9,0
2018/2019,gowan lea,umzimkhulu,harry gwala,29.70266,-30.34742,16,0,40,8,3,0,13,13,0,3,6,2,4,0,57,3,12,9,7,14,0,3,0,6,5,24,0,0,40,1,11,0
2019/2020,gowan lea,umzimkhulu,harry gwala,29.70266,-30.34742,14,3,57,9,1,0,15,32,1,0,14,1,6,0,2,4,13,21,11,11,9,6,0,25,5,17,0,0,50,3,12,1
2020/2021,gowan lea,umzimkhulu,harry gwala,29.70266,-30.34742,24,2,70,5,1,0,15,26,0,2,15,3,7,0,1,4,21,19,11,9,5,3,0,11,4,15,0,0,66,0,16,0
2021/2022,gowan lea,umzimkhulu,harry gwala,29.70266,-30.34742,14,2,57,13,2,0,9,18,1,2,16,3,6,0,37,2,13,20,7,19,3,4,1,13,2,23,0,0,38,1,5,0
2022/2023,gowan lea,umzimkhulu,harry gwala,29.70266,-30.34742,4,1,49,6,0,0,14,13,2,1,10,5,7,0,42,2,12,8,10,15,0,4,0,11,4,20,0,0,30,2,8,0
2023/2024,gowan lea,harry gwala district,harry gwala district,29.70266,-30.34742,0,0,0,0,0,0,0,15,0,0,0,0,0,0,0,0,0,0,0,0,0,2,0,0,0,0,0,0,0,0,2,0
2024/2025,gowan lea,harry gwala district,harry gwala district,29.70266,-30.34742,0,0,0,0,0,0,0,14,0,0,0,0,0,0,0,0,0,0,0,0,0,6,0,0,0,0,0,0,0,0,9,0
2008/2009,graaff-reinet,dr beyers naude,sarah baartman,24.53989,-32.25286,448,13,397,5,3,0,82,304,0,24,165,39,7,19,176,0,1,121,20,38,1,4,0,13,13,55,0,112,53,17,51,0
2009/2010,graaff-reinet,dr beyers naude,sarah baartman,24.53989,-32.25286,388,8,395,6,9,0,100,306,0,40,134,42,8,34,132,2,1,140,25,25,1,5,0,21,7,45,0,151,77,24,54,0
2010/2011,graaff-reinet,dr beyers naude,sarah baartman,24.53989,-32.25286,326,5,363,4,5,0,110,284,0,25,137,33,10,33,263,3,1,149,13,36,6,2,0,18,10,57,0,109,85,15,79,0
2011/2012,graaff-reinet,dr beyers naude,sarah baartman,24.53989,-32.25286,370,4,332,3,8,0,103,232,0,29,207,36,4,28,367,3,1,144,18,49,10,6,1,40,9,68,0,69,95,7,121,0
2012/2013,graaff-reinet,dr beyers naude,sarah baartman,24.53989,-32.25286,390,3,337,2,6,0,152,330,0,32,198,65,7,23,311,3,1,160,15,43,1,5,0,50,6,56,0,114,78,18,129,0
2013/2014,graaff-reinet,dr beyers naude,sarah baartman,24.53989,-32.25286,389,11,248,2,3,0,106,227,0,31,155,32,7,13,386,3,12,127,16,25,7,3,0,39,2,31,0,118,54,14,96,0
2014/2015,graaff-reinet,dr beyers naude,sarah baartman,24.53989,-32.25286,396,1,226,6,2,0,116,206,0,35,184,47,7,19,387,4,21,122,13,38,7,3,0,69,11,52,0,68,81,16,97,0
2015/2016,graaff-reinet,dr beyers naude,sarah baartman,24.53989,-32.25286,384,5,274,11,6,0,137,296,0,39,198,44,7,18,286,1,17,149,14,36,6,4,0,52,5,48,0,58,53,11,138,0
2016/2017,graaff-reinet,dr beyers naude,sarah baartman,24.53989,-32.25286,420,3,249,10,2,0,124,278,0,51,185,48,5,15,253,5,13,120,22,31,2,5,0,63,9,45,0,83,73,17,213,0
2017/2018,graaff-reinet,dr beyers naude,sarah baartman,24.53989,-32.25286,407,7,220,5,7,0,123,290,1,27,149,38,12,9,243,3,21,141,23,41,2,4,0,55,4,59,2,63,52,9,200,0
2018/2019,graaff-reinet,dr beyers naude,sarah baartman,24.53989,-32.25286,430,8,253,13,10,0,78,198,0,45,193,36,9,13,164,2,21,119,12,37,4,5,0,66,8,60,1,58,56,24,144,0
2019/2020,graaff-reinet,dr beyers naude,sarah baartman,24.53989,-32.25286,441,2,270,9,2,0,160,271,1,70,261,33,7,13,158,3,22,161,13,45,5,3,0,50,13,61,0,75,60,9,123,0
2020/2021,graaff-reinet,dr beyers naude,sarah baartman,24.53989,-32.25286,469,4,231,9,3,0,118,268,0,69,209,35,4,8,169,4,22,154,7,29,1,6,0,46,8,42,0,39,46,6,160,0
2021/2022,graaff-reinet,dr beyers naude,sarah baartman,24.53989,-32.25286,493,9,275,13,2,0,129,324,0,79,231,42,7,18,139,3,23,183,13,37,6,7,0,72,6,46,0,49,41,7,99,0
2022/2023,graaff-reinet,dr beyers naude,sarah baartman,24.53989,-32.25286,640,8,310,15,3,0,201,301,0,78,304,42,4,67,185,7,17,241,25,30,5,3,0,67,5,40,0,85,29,3,145,1
2023/2024,graaff-reinet,sarah baartman district,sarah baartman district,24.53989,-32.25286,0,0,0,0,0,0,0,294,0,0,0,0,0,0,0,0,0,0,0,0,0,3,0,0,0,0,0,0,0,2,121,0
2024/2025,graaff-reinet,sarah baartman district,sarah baartman district,24.53989,-32.25286,0,0,0,0,0,0,0,246,0,0,0,0,0,0,0,0,0,0,0,0,0,2,0,0,0,0,0,0,0,8,126,0
2008/2009,graafwater,cederberg,west coast,18.60647,-32.15174,7,0,20,1,0,0,1,5,0,0,21,0,6,7,69,1,1,2,2,4,0,0,0,0,5,9,0,0,0,0,2,0
2009/2010,graafwater,cederberg,west coast,18.60647,-32.15174,8,0,23,0,0,0,4,9,0,1,26,1,6,5,65,0,1,3,0,9,0,0,0,0,2,11,0,1,1,0,1,0
2010/2011,graafwater,cederberg,west coast,18.60647,-32.15174,12,0,29,0,0,0,7,11,0,0,33,1,6,1,74,0,1,5,1,7,0,0,0,1,4,11,0,0,2,1,1,0
2011/2012,graafwater,cederberg,west coast,18.60647,-32.15174,28,0,37,0,2,0,10,10,0,2,34,2,4,2,60,0,1,7,5,7,0,1,0,2,3,14,0,3,0,1,4,0
2012/2013,graafwater,cederberg,west coast,18.60647,-32.15174,17,0,35,1,1,0,13,12,0,1,35,0,17,2,62,1,1,12,1,15,0,1,0,1,2,27,0,1,1,0,4,0
2013/2014,graafwater,cederberg,west coast,18.60647,-32.15174,24,0,33,3,1,0,11,12,0,2,37,0,7,2,67,1,13,8,1,11,0,0,0,2,4,17,0,2,1,0,0,0
2014/2015,graafwater,cederberg,west coast,18.60647,-32.15174,31,1,42,1,1,0,10,31,0,0,54,0,6,4,68,0,13,11,5,12,0,1,0,1,6,19,0,3,3,2,1,0
2015/2016,graafwater,cederberg,west coast,18.60647,-32.15174,34,0,22,0,1,0,13,21,0,6,46,2,6,4,70,0,13,13,3,10,2,0,0,5,3,14,0,3,1,1,3,0
2016/2017,graafwater,cederberg,west coast,18.60647,-32.15174,35,1,35,0,0,0,14,37,0,4,60,1,7,6,95,1,12,16,2,13,0,0,0,1,1,15,0,0,3,1,2,0
2017/2018,graafwater,cederberg,west coast,18.60647,-32.15174,35,0,36,1,2,0,3,22,0,6,62,1,6,3,124,0,13,15,1,12,0,0,0,0,0,14,0,0,1,2,4,0
2018/2019,graafwater,cederberg,west coast,18.60647,-32.15174,22,0,42,1,0,0,16,22,0,1,63,2,6,3,55,0,12,10,2,6,0,0,0,1,1,7,0,2,2,1,13,0
2019/2020,graafwater,cederberg,west coast,18.60647,-32.15174,23,0,44,0,3,0,8,26,0,0,60,0,7,1,27,1,13,17,3,10,0,0,0,2,4,18,0,2,2,1,4,0
2020/2021,graafwater,cederberg,west coast,18.60647,-32.15174,32,1,25,0,0,0,11,28,0,7,72,1,6,3,40,2,13,7,2,8,0,0,0,2,3,11,0,0,1,0,7,0
2021/2022,graafwater,cederberg,west coast,18.60647,-32.15174,33,0,49,1,1,0,5,24,0,2,63,2,7,1,75,2,12,11,2,3,1,0,0,1,3,8,0,0,0,1,2,0
2022/2023,graafwater,cederberg,west coast,18.60647,-32.15174,32,0,51,2,1,0,3,14,0,9,65,0,6,3,37,0,13,17,4,5,1,0,0,2,1,7,1,1,4,1,8,0
2023/2024,graafwater,west coast district,west coast district,18.60647,-32.15174,0,0,0,0,0,0,0,21,0,0,0,0,0,0,0,0,0,0,0,0,0,1,0,0,0,0,0,0,0,0,4,0
2024/2025,graafwater,west coast district,west coast district,18.60647,-32.15174,0,0,0,0,0,0,0,17,0,0,0,0,0,0,0,0,0,0,0,0,0,0,0,0,0,0,0,0,0,2,4,0
2008/2009,grabouw,theewaterskloof,overberg,19.01901,-34.15381,327,3,122,8,0,0,118,270,2,14,126,23,8,80,174,3,1,109,19,39,2,8,1,29,10,53,0,89,0,10,86,0
2009/2010,grabouw,theewaterskloof,overberg,19.01901,-34.15381,418,1,126,7,0,0,80,338,1,31,239,42,5,66,226,3,1,142,39,45,2,8,2,37,12,60,0,145,8,13,164,0
2010/2011,grabouw,theewaterskloof,overberg,19.01901,-34.15381,509,4,155,9,4,0,149,298,2,66,169,47,8,100,260,7,1,144,14,45,10,10,0,57,3,56,0,134,0,29,208,0
2011/2012,grabouw,theewaterskloof,overberg,19.01901,-34.15381,461,4,157,9,6,0,118,213,0,55,190,58,6,97,259,6,1,136,27,51,12,9,0,45,8,65,0,134,1,22,132,0
2012/2013,grabouw,theewaterskloof,overberg,19.01901,-34.15381,411,6,193,12,4,0,148,374,2,66,204,61,17,50,236,4,1,142,23,36,4,3,0,60,16,65,0,92,1,11,177,0
2013/2014,grabouw,theewaterskloof,overberg,19.01901,-34.15381,537,1,191,31,10,0,198,464,0,67,260,61,4,42,238,11,14,163,39,51,6,4,0,61,9,72,1,64,0,22,225,0
2014/2015,grabouw,theewaterskloof,overberg,19.01901,-34.15381,622,8,180,11,6,0,234,409,6,49,311,55,7,94,319,8,17,267,32,43,16,6,0,133,12,62,1,78,1,17,218,1
2015/2016,grabouw,theewaterskloof,overberg,19.01901,-34.15381,547,4,174,15,6,0,189,453,3,57,310,70,4,68,375,8,17,174,35,45,17,14,1,155,7,60,0,58,1,13,205,2
2016/2017,grabouw,theewaterskloof,overberg,19.01901,-34.15381,507,2,168,10,7,0,174,383,3,54,312,70,4,99,301,3,23,195,41,46,6,10,1,117,7,62,0,110,1,26,160,1
2017/2018,grabouw,theewaterskloof,overberg,19.01901,-34.15381,517,12,187,17,3,0,144,413,2,60,346,56,5,108,487,9,17,211,48,40,11,15,0,137,14,60,0,80,3,23,204,1
2018/2019,grabouw,theewaterskloof,overberg,19.01901,-34.15381,485,5,165,17,4,0,134,373,5,65,270,55,4,126,184,7,25,218,44,44,10,13,0,117,10,60,0,66,0,16,192,0
2019/2020,grabouw,theewaterskloof,overberg,19.01901,-34.15381,408,4,177,14,7,0,167,343,3,55,307,50,5,109,187,5,23,235,52,46,20,21,0,161,11,67,0,64,6,12,177,1
2020/2021,grabouw,theewaterskloof,overberg,19.01901,-34.15381,325,5,148,21,7,0,124,289,0,69,243,28,4,25,203,10,2,194,41,40,31,25,0,110,6,55,0,39,1,17,104,1
2021/2022,grabouw,theewaterskloof,overberg,19.01901,-34.15381,327,2,165,24,4,0,127,295,6,109,282,31,7,65,339,12,17,220,63,41,21,18,0,127,9,55,0,33,2,6,93,1
2022/2023,grabouw,theewaterskloof,overberg,19.01901,-34.15381,374,12,153,38,12,0,107,284,3,106,265,29,7,234,302,15,2,240,72,46,22,15,1,124,7,66,0,35,0,10,124,0
2023/2024,grabouw,overberg district,overberg district,19.01901,-34.15381,0,0,0,0,0,0,0,243,2,0,0,0,0,0,0,0,0,0,0,0,0,14,0,0,0,0,0,0,0,7,80,0
2024/2025,grabouw,overberg district,overberg district,19.01901,-34.15381,0,0,0,0,0,0,0,168,2,0,0,0,0,0,0,0,0,0,0,0,0,10,0,0,0,0,0,0,0,4,56,0
2008/2009,grahamstown,makana,sarah baartman,26.53445,-33.31163,920,19,753,34,7,0,148,916,1,113,635,150,12,232,145,7,1,341,35,141,6,26,0,186,17,172,0,268,83,40,417,1
2009/2010,grahamstown,makana,sarah baartman,26.53445,-33.31163,883,16,732,46,14,0,127,1005,4,118,690,117,17,194,117,6,1,386,42,127,23,33,2,251,10,160,0,255,85,58,362,0
2010/2011,grahamstown,makana,sarah baartman,26.53445,-33.31163,1223,16,659,26,23,0,108,1050,5,187,664,165,9,89,106,9,1,420,34,140,33,36,0,342,10,178,0,252,79,80,509,1
2011/2012,grahamstown,makana,sarah baartman,26.53445,-33.31163,956,21,679,24,14,0,126,1123,3,161,587,159,5,107,93,11,1,338,30,161,99,39,0,416,10,188,0,228,60,58,589,0
2012/2013,grahamstown,makana,sarah baartman,26.53445,-33.31163,836,13,649,18,12,0,121,915,2,132,493,113,5,127,127,4,1,338,32,162,41,23,1,303,13,190,0,199,51,48,371,0
2013/2014,grahamstown,makana,sarah baartman,26.53445,-33.31163,774,22,653,30,3,0,122,692,5,137,511,110,6,133,112,15,28,327,28,163,32,33,0,287,22,188,0,180,39,59,376,1
2014/2015,grahamstown,makana,sarah baartman,26.53445,-33.31163,650,4,299,12,4,0,56,475,1,110,338,113,7,58,65,3,2,220,11,59,14,22,0,144,9,73,0,182,31,51,346,0
2015/2016,grahamstown,makana,sarah baartman,26.53445,-33.31163,571,7,248,16,3,0,51,515,3,128,329,101,7,50,70,8,3,188,16,70,25,32,0,167,11,85,1,124,35,37,272,3
2016/2017,grahamstown,makana,sarah baartman,26.53445,-33.31163,631,7,205,9,1,0,69,529,0,142,355,87,7,54,83,6,14,178,6,48,12,21,0,165,10,60,1,119,31,23,373,0
2017/2018,grahamstown,makana,sarah baartman,26.53445,-33.31163,544,4,203,5,2,0,87,429,2,118,331,76,7,47,111,11,3,124,12,51,12,17,0,136,10,64,1,107,29,16,354,0
2018/2019,grahamstown,makana,sarah baartman,26.53445,-33.31163,513,3,218,15,0,0,102,391,1,175,350,97,8,53,92,5,3,124,12,46,10,12,1,120,11,61,3,82,23,28,296,0
2019/2020,grahamstown,makana,sarah baartman,26.53445,-33.31163,536,2,192,5,1,0,108,422,2,144,330,82,6,35,93,8,25,120,13,54,10,21,0,162,6,61,0,136,15,18,279,0
2020/2021,grahamstown,makana,sarah baartman,26.53445,-33.31163,383,0,174,2,0,0,108,314,0,146,255,51,7,13,100,8,24,119,15,46,9,23,0,81,4,51,0,89,31,10,296,0
2021/2022,grahamstown,makana,sarah baartman,26.53445,-33.31163,379,3,147,3,0,0,61,227,3,199,275,46,6,14,79,4,28,129,9,50,9,10,1,78,11,61,1,79,13,10,183,1
2022/2023,grahamstown,makana,sarah baartman,26.53445,-33.31163,495,2,147,12,3,0,96,276,1,222,338,60,6,18,99,0,23,122,15,33,9,10,0,74,8,44,0,84,14,8,171,0
2008/2009,graskop,thaba chweu,ehlanzeni,30.83923,-24.93494,73,1,32,8,2,0,26,63,9,10,15,11,4,1,3,1,1,40,0,4,3,3,1,24,1,9,0,31,0,14,31,0
2009/2010,graskop,thaba chweu,ehlanzeni,30.83923,-24.93494,68,2,38,5,0,0,23,38,3,11,12,4,7,4,1,1,1,14,2,9,0,2,1,15,0,10,0,29,0,9,10,0
2010/2011,graskop,thaba chweu,ehlanzeni,30.83923,-24.93494,58,0,31,3,0,0,22,24,1,8,12,3,7,5,18,4,1,6,1,3,2,5,0,13,0,4,0,19,0,3,10,0
2011/2012,graskop,thaba chweu,ehlanzeni,30.83923,-24.93494,37,2,10,0,0,0,16,25,2,10,7,1,6,3,29,2,1,9,2,1,2,2,0,8,0,1,0,10,0,2,3,0
2012/2013,graskop,thaba chweu,ehlanzeni,30.83923,-24.93494,67,0,17,0,3,0,16,35,1,12,4,1,6,3,48,3,1,18,2,3,3,1,0,12,0,6,0,4,0,5,11,0
2013/2014,graskop,thaba chweu,ehlanzeni,30.83923,-24.93494,50,0,31,3,0,0,18,30,0,4,8,3,6,2,78,3,13,18,1,3,4,8,0,16,1,4,0,11,0,9,6,0
2014/2015,graskop,thaba chweu,ehlanzeni,30.83923,-24.93494,45,1,19,4,0,0,11,32,0,6,10,2,6,4,71,3,13,15,3,3,4,9,0,16,1,4,0,11,0,4,7,0
2015/2016,graskop,thaba chweu,ehlanzeni,30.83923,-24.93494,41,0,14,2,0,0,12,23,0,6,6,1,6,1,80,2,13,18,1,4,7,0,0,15,1,5,0,4,0,1,11,0
2016/2017,graskop,thaba chweu,ehlanzeni,30.83923,-24.93494,33,0,12,1,0,0,26,29,0,8,0,2,6,2,89,1,13,9,0,9,4,4,0,11,0,9,0,6,0,3,11,0
2017/2018,graskop,thaba chweu,ehlanzeni,30.83923,-24.93494,43,1,19,0,0,0,15,24,2,5,10,6,6,4,99,0,13,18,0,6,3,3,0,11,0,6,0,7,1,1,27,0
2018/2019,graskop,thaba chweu,ehlanzeni,30.83923,-24.93494,43,1,18,3,0,0,19,27,2,4,21,3,7,3,57,2,13,14,0,3,4,2,0,22,2,6,0,9,0,10,20,0
2019/2020,graskop,thaba chweu,ehlanzeni,30.83923,-24.93494,60,0,19,1,1,0,18,33,0,10,13,3,6,10,13,2,13,13,1,3,3,3,0,16,1,5,0,2,2,5,11,0
2020/2021,graskop,thaba chweu,ehlanzeni,30.83923,-24.93494,48,0,17,1,0,0,15,17,2,4,13,2,7,9,9,2,13,20,0,0,8,3,1,21,1,2,0,10,1,3,8,0
2021/2022,graskop,thaba chweu,ehlanzeni,30.83923,-24.93494,35,1,26,6,0,0,17,26,6,2,14,2,6,32,31,3,13,13,0,4,8,2,0,33,2,6,0,5,0,2,9,1
2022/2023,graskop,thaba chweu,ehlanzeni,30.83923,-24.93494,44,4,23,2,0,0,29,35,3,7,6,5,6,9,4,0,14,26,0,1,12,3,0,30,0,1,0,4,1,2,19,0
2023/2024,graskop,ehlanzeni district,ehlanzeni district,30.83923,-24.93494,0,0,0,0,0,0,0,24,0,0,0,0,0,0,0,0,0,0,0,0,0,2,0,0,0,0,0,0,0,1,10,0
2024/2025,graskop,ehlanzeni district,ehlanzeni district,30.83923,-24.93494,0,0,0,0,0,0,0,20,2,0,0,0,0,0,0,0,0,0,0,0,0,2,0,0,0,0,0,0,0,3,5,0
2008/2009,grassy park,city of cape town,city of cape town,18.49523,-34.04863,1388,9,249,14,5,0,128,818,10,94,467,139,36,104,923,32,1,441,7,78,21,7,0,149,45,144,0,347,0,183,657,0
2009/2010,grassy park,city of cape town,city of cape town,18.49523,-34.04863,1566,4,254,18,0,0,180,784,7,106,493,118,3,121,1222,28,1,451,12,63,11,8,0,147,51,127,0,291,0,162,688,0
2010/2011,grassy park,city of cape town,city of cape town,18.49523,-34.04863,1542,12,272,23,3,0,191,753,13,104,489,137,18,173,1640,30,1,404,15,80,19,17,0,161,31,125,0,272,0,145,688,0
2011/2012,grassy park,city of cape town,city of cape town,18.49523,-34.04863,1798,9,239,16,6,0,137,706,2,131,463,151,18,153,1808,29,1,437,15,48,16,6,1,135,24,89,0,246,1,113,538,0
2012/2013,grassy park,city of cape town,city of cape town,18.49523,-34.04863,1928,9,246,79,2,0,205,723,5,101,514,147,10,75,1516,45,1,524,35,62,24,11,0,179,27,97,0,223,0,182,647,2
2013/2014,grassy park,city of cape town,city of cape town,18.49523,-34.04863,1909,13,261,56,5,0,161,758,10,88,532,153,10,75,1401,34,12,562,33,61,38,13,0,230,20,92,3,188,0,196,636,0
2014/2015,grassy park,city of cape town,city of cape town,18.49523,-34.04863,2091,10,296,94,5,0,155,681,11,79,564,123,12,53,1374,55,22,566,41,34,34,12,0,252,18,64,1,176,0,165,552,1
2015/2016,grassy park,city of cape town,city of cape town,18.49523,-34.04863,1829,12,185,87,3,0,195,753,27,99,679,122,10,56,1378,89,25,546,42,42,19,6,0,276,25,76,0,223,0,163,517,0
2016/2017,grassy park,city of cape town,city of cape town,18.49523,-34.04863,1453,9,136,56,2,0,139,695,23,87,664,125,12,92,1763,88,3,497,28,55,23,24,0,239,29,93,9,248,0,131,415,0
2017/2018,grassy park,city of cape town,city of cape town,18.49523,-34.04863,1378,7,141,54,1,0,88,648,34,101,643,120,8,101,2251,51,8,441,29,51,43,19,1,269,23,79,6,269,1,145,364,0
2018/2019,grassy park,city of cape town,city of cape town,18.49523,-34.04863,1498,12,130,57,0,0,70,444,24,155,723,143,18,64,1523,51,25,492,49,58,18,10,0,243,39,108,1,221,0,90,369,0
2019/2020,grassy park,city of cape town,city of cape town,18.49523,-34.04863,1431,10,131,48,2,0,119,407,26,122,665,134,7,67,1083,71,28,440,43,44,38,12,0,313,35,82,1,224,2,105,376,1
2020/2021,grassy park,city of cape town,city of cape town,18.49523,-34.04863,1208,9,178,46,2,0,93,281,26,162,635,74,4,25,900,59,38,388,45,43,31,19,0,266,20,67,0,236,2,105,295,1
2021/2022,grassy park,city of cape town,city of cape town,18.49523,-34.04863,1570,8,135,69,0,0,113,345,32,287,637,95,4,40,1035,104,29,429,53,50,29,14,0,251,24,76,3,112,0,98,298,1
2022/2023,grassy park,city of cape town,city of cape town,18.49523,-34.04863,1461,5,113,50,2,0,72,369,18,268,616,121,9,85,1170,86,25,433,40,52,23,18,0,221,29,88,0,281,1,106,280,1
2023/2024,grassy park,city of cape town district,city of cape town district,18.49523,-34.04863,0,0,0,0,0,0,0,371,31,0,0,0,0,0,0,0,0,0,0,0,0,13,0,0,0,0,0,0,0,90,301,0
2024/2025,grassy park,city of cape town district,city of cape town district,18.49523,-34.04863,0,0,0,0,0,0,0,332,56,0,0,0,0,0,0,0,0,0,0,0,0,13,0,0,0,0,0,0,0,68,237,0
2008/2009,gravelotte,ba-phalaborwa,mopani,30.61256,-23.95146,70,1,12,0,0,0,11,11,0,2,5,4,6,0,2,0,1,12,2,2,0,2,1,5,0,2,0,1,10,3,4,0
2009/2010,gravelotte,ba-phalaborwa,mopani,30.61256,-23.95146,52,1,18,1,0,0,12,15,1,2,5,0,6,0,2,0,1,12,4,2,0,1,0,3,1,3,0,0,5,3,3,0
2010/2011,gravelotte,ba-phalaborwa,mopani,30.61256,-23.95146,42,0,9,0,0,0,2,15,0,4,3,4,7,8,10,1,1,5,0,0,0,1,0,1,0,1,0,0,6,0,1,0
2011/2012,gravelotte,ba-phalaborwa,mopani,30.61256,-23.95146,34,0,14,2,0,0,8,18,0,2,6,0,7,0,1,0,1,11,0,5,0,0,0,0,0,6,0,0,7,4,1,0
2012/2013,gravelotte,ba-phalaborwa,mopani,30.61256,-23.95146,65,0,8,2,0,0,2,24,1,5,13,1,6,9,18,1,1,11,1,1,0,3,0,7,0,1,0,0,1,2,3,0
2013/2014,gravelotte,ba-phalaborwa,mopani,30.61256,-23.95146,41,0,14,3,0,0,6,38,2,1,11,3,7,3,33,3,13,6,3,0,0,2,0,6,0,1,0,0,10,1,5,0
2014/2015,gravelotte,ba-phalaborwa,mopani,30.61256,-23.95146,42,0,4,1,0,0,2,20,0,4,8,2,6,6,31,6,13,15,0,2,0,1,0,2,0,2,0,0,9,0,3,0
2015/2016,gravelotte,ba-phalaborwa,mopani,30.61256,-23.95146,47,0,6,2,1,0,11,21,1,0,11,0,6,4,15,8,13,20,0,1,1,2,2,13,0,2,0,0,6,0,4,1
2016/2017,gravelotte,ba-phalaborwa,mopani,30.61256,-23.95146,55,0,9,1,0,0,15,20,2,5,20,2,6,28,16,2,13,28,0,2,1,0,0,9,0,2,0,0,15,4,7,0
2017/2018,gravelotte,ba-phalaborwa,mopani,30.61256,-23.95146,43,0,7,3,0,0,8,14,1,2,11,2,7,35,43,11,13,14,1,1,1,2,1,8,0,2,0,0,8,0,0,1
2018/2019,gravelotte,ba-phalaborwa,mopani,30.61256,-23.95146,26,0,10,0,0,0,5,5,1,2,7,1,6,50,31,1,13,11,1,0,1,1,0,3,1,1,6,0,9,0,0,0
2019/2020,gravelotte,ba-phalaborwa,mopani,30.61256,-23.95146,52,2,2,1,0,0,5,9,0,3,8,2,6,67,7,5,13,21,2,1,0,0,1,6,0,1,13,1,5,0,3,0
2020/2021,gravelotte,ba-phalaborwa,mopani,30.61256,-23.95146,32,0,4,0,0,0,3,7,1,3,5,3,6,23,8,0,13,7,0,0,2,0,0,7,1,1,1,0,3,1,1,0
2021/2022,gravelotte,ba-phalaborwa,mopani,30.61256,-23.95146,40,0,9,1,0,0,8,10,0,11,12,1,6,0,0,0,12,6,2,0,2,0,0,4,0,0,1,0,6,0,3,0
2022/2023,gravelotte,ba-phalaborwa,mopani,30.61256,-23.95146,43,0,7,8,0,0,7,14,0,12,13,4,6,1,0,2,21,16,2,2,2,1,0,5,1,3,0,0,2,2,1,0
2023/2024,gravelotte,mopani district,mopani district,30.61256,-23.95146,0,0,0,0,0,0,0,6,0,0,0,0,0,0,0,0,0,0,0,0,0,4,0,0,0,0,0,0,0,0,2,0
2024/2025,gravelotte,mopani district,mopani district,30.61256,-23.95146,0,0,0,0,0,0,0,6,0,0,0,0,0,0,0,0,0,0,0,0,0,0,0,0,0,0,0,0,0,1,1,0
2008/2009,greenwood park,ethekwini,ethekwini,31.02431,-29.78553,728,9,161,53,0,0,247,731,101,119,233,37,48,123,145,39,1,193,39,53,106,82,1,591,10,98,0,5,0,277,294,2
2009/2010,greenwood park,ethekwini,ethekwini,31.02431,-29.78553,802,2,171,57,3,0,301,766,80,116,275,43,47,97,227,56,1,189,32,76,72,94,0,441,15,117,0,1,0,347,350,2
2010/2011,greenwood park,ethekwini,ethekwini,31.02431,-29.78553,702,3,166,45,0,0,284,692,82,150,253,55,7,123,302,57,1,173,34,81,57,89,1,413,11,93,0,0,0,249,306,0
2011/2012,greenwood park,ethekwini,ethekwini,31.02431,-29.78553,828,2,142,47,3,0,254,747,65,105,282,57,6,266,357,39,1,203,26,53,55,47,0,344,14,70,5,3,1,337,362,0
2012/2013,greenwood park,ethekwini,ethekwini,31.02431,-29.78553,837,7,187,46,3,0,179,797,72,144,261,75,4,292,457,23,1,212,23,50,59,104,1,407,14,69,10,5,0,216,317,1
2013/2014,greenwood park,ethekwini,ethekwini,31.02431,-29.78553,802,2,176,52,4,0,229,620,69,130,221,76,5,93,493,34,17,174,27,43,77,125,0,437,12,62,18,2,0,161,348,0
2014/2015,greenwood park,ethekwini,ethekwini,31.02431,-29.78553,857,2,154,38,0,0,309,557,41,135,184,65,5,109,560,30,36,136,29,45,70,84,1,365,7,55,46,1,0,227,400,1
2015/2016,greenwood park,ethekwini,ethekwini,31.02431,-29.78553,710,4,139,30,0,0,290,624,38,148,207,72,9,114,440,36,17,155,20,39,77,63,1,323,7,51,40,3,0,228,378,1
2016/2017,greenwood park,ethekwini,ethekwini,31.02431,-29.78553,761,4,141,33,3,0,227,538,97,150,199,67,6,140,494,26,2,149,21,39,88,70,1,423,9,51,62,6,0,162,359,2
2017/2018,greenwood park,ethekwini,ethekwini,31.02431,-29.78553,575,3,141,33,2,0,259,533,94,147,191,43,7,194,629,46,24,125,19,35,90,51,0,416,12,50,85,1,0,197,224,0
2018/2019,greenwood park,ethekwini,ethekwini,31.02431,-29.78553,601,5,162,38,2,0,252,418,68,137,210,41,7,267,428,8,22,133,18,50,100,68,0,391,6,59,31,1,0,207,234,2
2019/2020,greenwood park,ethekwini,ethekwini,31.02431,-29.78553,738,5,173,46,3,0,167,526,67,201,223,50,4,275,178,23,16,155,32,37,78,67,0,403,9,51,16,4,0,180,213,1
2020/2021,greenwood park,ethekwini,ethekwini,31.02431,-29.78553,551,4,139,34,1,0,108,363,60,173,192,48,7,23,149,24,38,98,31,26,79,48,0,368,15,43,13,1,0,208,163,1
2021/2022,greenwood park,ethekwini,ethekwini,31.02431,-29.78553,717,42,159,47,1,0,259,361,95,217,172,68,4,11,130,23,40,160,51,31,73,63,0,415,7,41,13,4,0,155,187,6
2022/2023,greenwood park,ethekwini,ethekwini,31.02431,-29.78553,877,4,132,88,6,0,214,382,91,287,272,70,6,15,41,16,63,146,54,50,67,55,0,443,12,68,1,2,0,149,209,9
2023/2024,greenwood park,ethekwini district,ethekwini district,31.02431,-29.78553,0,0,0,0,0,0,0,382,60,0,0,0,0,0,0,0,0,0,0,0,0,90,0,0,0,0,0,0,0,120,167,0
2024/2025,greenwood park,ethekwini district,ethekwini district,31.02431,-29.78553,0,0,0,0,0,0,0,278,62,0,0,0,0,0,0,0,0,0,0,0,0,51,0,0,0,0,0,0,0,124,171,0
2008/2009,greylingstad,dipaleseng,gert sibande,28.76545,-26.74201,71,3,53,3,1,0,9,62,1,1,27,4,6,2,1,0,1,21,1,9,0,3,0,9,0,10,0,0,16,8,14,2
2009/2010,greylingstad,dipaleseng,gert sibande,28.76545,-26.74201,93,2,54,3,0,0,3,88,0,4,36,14,6,4,8,3,1,21,1,6,1,0,0,7,0,6,0,0,45,2,9,1
2010/2011,greylingstad,dipaleseng,gert sibande,28.76545,-26.74201,86,7,50,4,2,0,5,77,2,6,44,7,7,3,8,3,1,21,2,18,1,1,0,7,0,21,0,0,31,9,4,0
2011/2012,greylingstad,dipaleseng,gert sibande,28.76545,-26.74201,58,2,54,1,3,0,10,65,1,2,34,3,6,14,4,1,1,31,1,9,1,0,0,6,0,12,0,0,21,0,6,2
2012/2013,greylingstad,dipaleseng,gert sibande,28.76545,-26.74201,62,2,29,1,0,0,9,56,1,5,32,4,7,11,8,0,1,19,1,7,3,1,0,12,2,10,0,0,11,6,12,6
2013/2014,greylingstad,dipaleseng,gert sibande,28.76545,-26.74201,43,2,38,3,0,0,6,57,1,7,17,3,6,10,18,2,13,13,3,10,3,0,0,13,0,10,0,0,14,6,13,5
2014/2015,greylingstad,dipaleseng,gert sibande,28.76545,-26.74201,58,0,36,1,0,0,7,58,0,3,19,6,6,12,24,0,12,12,1,5,4,1,0,12,1,6,0,0,24,3,8,5
2015/2016,greylingstad,dipaleseng,gert sibande,28.76545,-26.74201,61,1,38,1,0,0,13,57,1,3,15,3,6,20,38,0,13,24,1,4,2,2,0,11,0,4,1,0,30,2,10,4
2016/2017,greylingstad,dipaleseng,gert sibande,28.76545,-26.74201,35,0,33,2,0,0,7,46,3,2,17,6,7,19,36,1,21,10,3,8,2,0,0,8,2,11,0,0,28,0,1,1
2017/2018,greylingstad,dipaleseng,gert sibande,28.76545,-26.74201,36,0,29,2,0,0,4,26,4,3,25,2,7,8,15,0,13,24,3,3,5,1,0,15,0,4,0,0,27,1,3,3
2018/2019,greylingstad,dipaleseng,gert sibande,28.76545,-26.74201,47,1,26,1,0,0,13,31,2,0,15,1,6,28,16,2,13,21,1,1,2,0,0,6,1,2,0,0,40,3,4,1
2019/2020,greylingstad,dipaleseng,gert sibande,28.76545,-26.74201,56,0,25,1,0,0,22,59,3,2,22,4,6,17,10,2,13,17,1,5,5,0,0,12,0,5,0,0,33,3,8,2
2020/2021,greylingstad,dipaleseng,gert sibande,28.76545,-26.74201,33,0,15,1,0,0,16,40,4,8,7,2,6,14,15,0,14,13,0,5,3,2,0,11,0,5,0,0,29,1,6,0
2021/2022,greylingstad,dipaleseng,gert sibande,28.76545,-26.74201,31,1,26,0,0,0,23,32,9,5,6,2,6,8,18,0,21,10,2,4,3,0,0,14,0,4,0,0,22,1,3,1
2022/2023,greylingstad,dipaleseng,gert sibande,28.76545,-26.74201,34,1,29,0,0,0,10,37,9,1,16,1,6,3,28,0,17,10,0,0,2,2,0,19,0,0,0,1,28,3,3,2
2023/2024,greylingstad,gert sibande district,gert sibande district,28.76545,-26.74201,0,0,0,0,0,0,0,59,5,0,0,0,0,0,0,0,0,0,0,0,0,1,0,0,0,0,0,0,0,0,6,0
2024/2025,greylingstad,gert sibande district,gert sibande district,28.76545,-26.74201,0,0,0,0,0,0,0,24,4,0,0,0,0,0,0,0,0,0,0,0,0,2,0,0,0,0,0,0,0,0,5,0
2008/2009,greytown,umvoti,umzinyathi,30.59429,-29.05913,274,6,142,48,4,0,52,199,3,124,210,58,3,35,21,24,1,106,26,31,14,11,0,67,2,50,0,78,17,31,49,0
2009/2010,greytown,umvoti,umzinyathi,30.59429,-29.05913,243,5,167,37,5,0,37,193,6,256,253,41,11,11,44,23,1,90,25,31,14,15,2,61,8,52,0,56,27,34,56,0
2010/2011,greytown,umvoti,umzinyathi,30.59429,-29.05913,209,4,162,27,2,0,39,145,4,220,183,50,8,11,41,52,1,89,17,37,10,3,1,47,11,54,0,62,28,26,82,0
2011/2012,greytown,umvoti,umzinyathi,30.59429,-29.05913,249,9,144,27,1,0,43,150,5,212,231,58,5,25,38,15,1,87,26,45,15,5,0,63,5,54,1,31,26,23,54,0
2012/2013,greytown,umvoti,umzinyathi,30.59429,-29.05913,274,9,152,33,4,0,64,171,6,332,223,67,9,31,32,22,1,106,24,42,13,10,0,58,5,56,1,53,47,20,59,1
2013/2014,greytown,umvoti,umzinyathi,30.59429,-29.05913,340,8,222,27,0,0,80,258,4,242,199,78,7,20,74,19,23,78,24,34,17,11,1,65,9,44,0,63,40,18,77,0
2014/2015,greytown,umvoti,umzinyathi,30.59429,-29.05913,316,11,201,20,0,0,102,217,1,186,174,70,5,24,35,15,14,75,11,45,11,8,0,62,7,55,0,63,33,23,64,0
2015/2016,greytown,umvoti,umzinyathi,30.59429,-29.05913,311,8,156,36,2,0,77,239,3,210,215,52,6,91,41,16,23,82,15,45,5,16,0,63,7,54,1,82,34,15,81,0
2016/2017,greytown,umvoti,umzinyathi,30.59429,-29.05913,269,5,145,27,0,0,65,191,5,169,215,46,7,82,67,17,25,77,28,36,9,14,0,67,5,42,0,81,51,20,56,1
2017/2018,greytown,umvoti,umzinyathi,30.59429,-29.05913,337,4,138,22,0,0,85,208,7,130,200,59,5,103,66,15,17,81,22,28,38,10,0,122,10,41,0,83,48,15,58,0
2018/2019,greytown,umvoti,umzinyathi,30.59429,-29.05913,253,1,81,23,0,0,52,144,6,128,203,30,6,58,99,32,21,59,18,24,22,11,0,64,8,32,0,79,50,8,36,0
2019/2020,greytown,umvoti,umzinyathi,30.59429,-29.05913,224,3,112,13,0,0,55,153,1,161,168,29,7,96,129,23,21,61,28,35,11,9,1,46,10,46,1,51,37,10,55,1
2020/2021,greytown,umvoti,umzinyathi,30.59429,-29.05913,223,2,92,13,0,0,73,131,3,125,185,29,6,32,118,45,14,55,19,27,21,11,0,59,11,38,37,55,28,5,54,2
2021/2022,greytown,umvoti,umzinyathi,30.59429,-29.05913,205,4,126,24,0,0,103,112,5,127,216,29,6,42,121,31,12,79,37,34,12,9,0,63,7,41,54,37,27,4,28,0
2022/2023,greytown,umvoti,umzinyathi,30.59429,-29.05913,225,3,151,26,1,0,46,143,5,113,217,39,4,39,233,23,16,74,28,39,22,18,0,88,10,52,92,50,30,3,40,0
2023/2024,greytown,umzinyathi district,umzinyathi district,30.59429,-29.05913,0,0,0,0,0,0,0,157,2,0,0,0,0,0,0,0,0,0,0,0,0,12,0,0,0,0,0,0,0,7,45,0
2024/2025,greytown,umzinyathi district,umzinyathi district,30.59429,-29.05913,0,0,0,0,0,0,0,91,11,0,0,0,0,0,0,0,0,0,0,0,0,7,0,0,0,0,0,0,0,3,26,0
2008/2009,griekwastad,siyancuma,pixley ka seme,23.25104,-28.84759,40,1,45,9,3,0,9,21,0,0,24,5,7,3,6,1,1,18,2,5,1,1,0,2,0,9,0,0,33,0,6,0
2009/2010,griekwastad,siyancuma,pixley ka seme,23.25104,-28.84759,20,1,55,7,2,0,9,34,0,2,22,2,6,2,5,0,1,8,2,5,0,0,0,0,0,7,0,1,31,1,5,0
2010/2011,griekwastad,siyancuma,pixley ka seme,23.25104,-28.84759,14,1,64,8,1,0,6,23,0,1,15,5,6,2,7,0,1,13,5,9,3,1,0,5,0,10,0,2,25,0,0,0
2011/2012,griekwastad,siyancuma,pixley ka seme,23.25104,-28.84759,22,2,45,4,1,0,8,21,0,5,22,1,6,5,12,0,1,10,0,8,0,0,0,0,1,10,0,0,16,0,6,0
2012/2013,griekwastad,siyancuma,pixley ka seme,23.25104,-28.84759,25,0,60,4,1,0,2,13,0,1,16,0,6,10,16,2,1,14,4,8,0,0,0,1,0,9,0,3,30,0,2,0
2013/2014,griekwastad,siyancuma,pixley ka seme,23.25104,-28.84759,31,0,65,4,2,0,6,29,0,3,22,4,6,14,72,0,13,26,4,5,1,0,0,3,1,8,0,0,16,1,3,0
2014/2015,griekwastad,siyancuma,pixley ka seme,23.25104,-28.84759,34,1,57,3,2,0,20,40,0,1,15,3,7,5,38,0,13,22,6,9,3,0,0,3,0,12,0,0,17,1,3,0
2015/2016,griekwastad,siyancuma,pixley ka seme,23.25104,-28.84759,32,2,68,2,4,0,5,39,0,6,17,5,7,3,18,4,12,15,2,5,2,0,0,4,0,10,0,1,28,1,0,0
2016/2017,griekwastad,siyancuma,pixley ka seme,23.25104,-28.84759,31,2,71,4,2,0,9,45,0,2,16,7,7,6,35,3,13,19,2,6,1,1,0,3,1,10,0,2,28,1,5,0
2017/2018,griekwastad,siyancuma,pixley ka seme,23.25104,-28.84759,35,0,66,4,1,0,4,49,0,4,20,10,6,1,46,2,13,11,3,8,2,0,0,4,0,9,0,2,31,0,6,0
2018/2019,griekwastad,siyancuma,pixley ka seme,23.25104,-28.84759,30,4,43,1,0,0,11,41,0,2,16,3,4,4,12,0,12,8,3,9,2,0,0,3,0,11,0,2,31,0,10,0
2019/2020,griekwastad,siyancuma,pixley ka seme,23.25104,-28.84759,27,2,51,4,0,0,12,23,1,4,24,3,6,1,12,0,13,16,1,5,0,0,0,3,4,9,0,1,30,0,5,0
2020/2021,griekwastad,siyancuma,pixley ka seme,23.25104,-28.84759,24,0,41,2,3,0,11,44,0,4,21,8,6,2,6,0,13,8,1,4,1,2,0,5,1,8,0,0,31,1,9,0
2021/2022,griekwastad,siyancuma,pixley ka seme,23.25104,-28.84759,33,0,45,5,1,0,17,34,0,7,37,6,6,0,6,0,13,13,5,6,2,3,0,10,0,7,0,0,11,1,5,0
2022/2023,griekwastad,siyancuma,pixley ka seme,23.25104,-28.84759,30,0,23,3,0,0,18,40,0,3,18,3,6,1,16,1,13,11,4,7,4,0,0,5,1,8,0,0,13,1,9,0
2023/2024,griekwastad,pixley ka seme district,pixley ka seme district,23.25104,-28.84759,0,0,0,0,0,0,0,42,0,0,0,0,0,0,0,0,0,0,0,0,0,0,0,0,0,0,0,0,0,0,6,0
2024/2025,griekwastad,pixley ka seme district,pixley ka seme district,23.25104,-28.84759,0,0,0,0,0,0,0,16,0,0,0,0,0,0,0,0,0,0,0,0,0,0,0,0,0,0,0,0,0,0,4,0
2008/2009,groblersdal,elias motsoaledi,sekhukhune,29.3896,-25.16553,491,5,113,13,3,0,80,170,10,63,140,31,10,25,9,2,1,87,8,16,11,4,0,43,2,27,0,122,20,40,42,1
2009/2010,groblersdal,elias motsoaledi,sekhukhune,29.3896,-25.16553,434,2,108,9,4,0,97,144,1,70,105,24,4,22,10,2,1,94,1,16,7,3,0,30,1,23,0,184,12,35,57,0
2010/2011,groblersdal,elias motsoaledi,sekhukhune,29.3896,-25.16553,444,5,77,6,0,0,109,102,1,85,72,35,4,22,11,3,1,74,9,9,9,7,0,23,2,13,0,204,14,31,115,1
2011/2012,groblersdal,elias motsoaledi,sekhukhune,29.3896,-25.16553,470,10,116,8,3,0,143,140,2,82,136,41,4,27,34,3,1,102,3,21,13,4,0,40,1,27,0,203,22,28,119,0
2012/2013,groblersdal,elias motsoaledi,sekhukhune,29.3896,-25.16553,391,5,95,4,2,0,99,128,1,133,108,32,7,36,108,3,1,67,11,18,4,4,0,24,1,22,13,204,7,26,100,0
2013/2014,groblersdal,elias motsoaledi,sekhukhune,29.3896,-25.16553,378,5,95,3,2,0,97,117,5,113,89,47,6,39,180,2,14,71,4,14,8,9,0,46,2,18,9,171,2,31,127,0
2014/2015,groblersdal,elias motsoaledi,sekhukhune,29.3896,-25.16553,386,8,98,6,2,0,121,78,3,84,90,31,6,30,207,5,12,59,3,17,11,11,1,45,1,20,33,229,11,31,130,0
2015/2016,groblersdal,elias motsoaledi,sekhukhune,29.3896,-25.16553,428,3,95,6,4,0,87,109,5,78,90,42,7,39,127,2,17,75,2,21,18,7,0,64,3,29,27,209,16,15,170,0
2016/2017,groblersdal,elias motsoaledi,sekhukhune,29.3896,-25.16553,389,4,70,6,1,0,74,115,3,71,85,44,7,40,180,4,14,58,5,12,15,3,0,42,3,17,12,196,24,11,137,1
2017/2018,groblersdal,elias motsoaledi,sekhukhune,29.3896,-25.16553,342,1,51,7,1,0,88,81,2,59,63,50,5,37,266,7,21,55,6,13,14,5,0,47,1,18,40,110,25,13,135,2
2018/2019,groblersdal,elias motsoaledi,sekhukhune,29.3896,-25.16553,289,3,46,8,1,0,52,82,4,103,48,22,4,52,199,9,13,43,3,10,12,8,0,43,0,13,78,89,18,14,109,0
2019/2020,groblersdal,elias motsoaledi,sekhukhune,29.3896,-25.16553,218,0,48,5,0,0,56,92,3,67,26,13,6,58,22,2,12,40,3,10,8,11,0,35,3,13,115,108,21,12,91,0
2020/2021,groblersdal,elias motsoaledi,sekhukhune,29.3896,-25.16553,217,0,35,12,1,0,59,57,0,67,21,17,4,32,17,5,13,33,5,11,9,9,1,38,0,14,36,95,14,7,94,1
2021/2022,groblersdal,elias motsoaledi,sekhukhune,29.3896,-25.16553,211,1,39,7,1,0,43,43,8,78,52,22,4,12,14,2,12,35,11,12,20,8,0,53,2,17,37,81,21,6,87,1
2022/2023,groblersdal,elias motsoaledi,sekhukhune,29.3896,-25.16553,191,0,56,10,2,0,70,75,2,106,59,20,7,7,30,3,21,29,7,17,16,8,0,42,2,22,57,98,28,20,181,0
2023/2024,groblersdal,sekhukhune district,sekhukhune district,29.3896,-25.16553,0,0,0,0,0,0,0,78,7,0,0,0,0,0,0,0,0,0,0,0,0,2,0,0,0,0,0,0,0,6,217,0
2024/2025,groblersdal,sekhukhune district,sekhukhune district,29.3896,-25.16553,0,0,0,0,0,0,0,63,4,0,0,0,0,0,0,0,0,0,0,0,0,5,0,0,0,0,0,0,0,6,179,0
2008/2009,groblershoop,!kheis,z f mgcawu,21.98261,-28.89311,59,1,135,3,3,0,18,36,0,3,34,1,5,19,63,1,1,37,11,16,0,0,0,0,2,24,0,5,50,0,3,0
2009/2010,groblershoop,!kheis,z f mgcawu,21.98261,-28.89311,58,1,147,7,4,0,30,52,0,1,30,3,5,10,31,0,1,28,13,29,0,0,0,0,2,38,0,10,77,0,4,0
2010/2011,groblershoop,!kheis,z f mgcawu,21.98261,-28.89311,51,2,148,9,7,0,18,41,0,1,25,2,6,8,32,2,1,38,11,28,1,0,0,1,2,37,0,4,62,2,5,0
2011/2012,groblershoop,!kheis,z f mgcawu,21.98261,-28.89311,40,5,163,1,6,0,15,37,0,5,60,2,6,14,24,0,1,33,7,24,1,0,0,2,3,33,0,2,51,2,5,1
2012/2013,groblershoop,!kheis,z f mgcawu,21.98261,-28.89311,58,2,192,10,5,0,18,46,0,2,36,3,7,11,19,1,1,39,9,29,4,0,0,4,3,38,0,1,42,3,3,0
2013/2014,groblershoop,!kheis,z f mgcawu,21.98261,-28.89311,78,7,185,9,0,0,20,42,0,9,26,2,6,4,42,0,13,49,16,22,1,1,0,2,3,25,0,11,47,4,5,0
2014/2015,groblershoop,!kheis,z f mgcawu,21.98261,-28.89311,64,9,174,2,3,0,18,30,0,2,34,1,7,5,37,2,13,45,8,9,0,1,0,1,1,14,0,6,37,0,6,0
2015/2016,groblershoop,!kheis,z f mgcawu,21.98261,-28.89311,80,4,170,4,3,0,30,74,0,3,36,4,7,5,85,0,13,52,14,20,0,2,0,2,1,25,0,4,53,2,7,0
2016/2017,groblershoop,!kheis,z f mgcawu,21.98261,-28.89311,78,3,137,8,3,0,33,51,0,2,42,6,7,2,78,0,13,46,8,15,3,1,0,6,3,22,0,2,39,0,6,0
2017/2018,groblershoop,!kheis,z f mgcawu,21.98261,-28.89311,92,6,154,7,6,0,36,96,0,1,38,9,6,2,79,0,13,52,9,14,1,0,0,3,6,26,0,7,38,1,15,0
2018/2019,groblershoop,!kheis,z f mgcawu,21.98261,-28.89311,103,2,150,4,0,0,62,109,0,7,42,18,7,1,50,0,13,38,7,18,1,1,0,4,0,19,0,9,59,2,9,0
2019/2020,groblershoop,!kheis,z f mgcawu,21.98261,-28.89311,80,3,152,4,2,0,42,87,0,4,42,9,6,0,15,0,13,45,4,13,2,1,0,6,0,15,0,5,43,0,8,0
2020/2021,groblershoop,!kheis,z f mgcawu,21.98261,-28.89311,77,1,109,3,3,0,35,76,0,4,42,7,6,3,14,1,13,39,9,14,1,2,0,7,3,20,0,1,55,0,17,0
2021/2022,groblershoop,!kheis,z f mgcawu,21.98261,-28.89311,82,2,123,15,1,0,39,72,0,7,29,2,6,2,13,0,13,46,5,9,2,0,0,4,3,13,0,0,32,1,10,0
2022/2023,groblershoop,!kheis,z f mgcawu,21.98261,-28.89311,73,2,107,18,2,0,39,51,0,9,35,10,6,0,16,0,13,51,7,13,0,3,0,9,2,17,0,3,41,0,14,0
2023/2024,groblershoop,zf mgcawu district,zf mgcawu district,21.98261,-28.89311,0,0,0,0,0,0,0,51,0,0,0,0,0,0,0,0,0,0,0,0,0,0,0,0,0,0,0,0,0,0,12,0
2024/2025,groblershoop,zf mgcawu district,zf mgcawu district,21.98261,-28.89311,0,0,0,0,0,0,0,51,0,0,0,0,0,0,0,0,0,0,0,0,0,1,0,0,0,0,0,0,0,3,11,0
2008/2009,groenvlei,emadlangeni,amajuba,30.23121,-27.4621,12,0,8,2,0,0,0,10,0,0,2,0,6,0,0,0,1,2,0,0,0,1,0,1,0,0,0,0,38,0,0,0
2009/2010,groenvlei,emadlangeni,amajuba,30.23121,-27.4621,17,0,7,1,0,0,1,4,0,0,1,1,6,3,0,0,1,9,0,0,0,0,0,0,1,1,0,0,37,1,2,0
2010/2011,groenvlei,emadlangeni,amajuba,30.23121,-27.4621,13,1,9,0,0,0,1,6,0,0,2,0,6,0,2,0,1,4,0,3,0,0,0,0,0,3,0,0,53,1,1,0
2011/2012,groenvlei,emadlangeni,amajuba,30.23121,-27.4621,13,0,9,0,0,0,3,5,0,0,4,1,6,1,0,0,1,1,1,0,0,0,0,0,0,0,0,0,40,0,1,0
2012/2013,groenvlei,emadlangeni,amajuba,30.23121,-27.4621,9,0,6,3,0,0,1,8,0,1,4,0,6,0,0,2,1,3,1,1,0,0,0,1,0,1,0,0,28,0,0,0
2013/2014,groenvlei,emadlangeni,amajuba,30.23121,-27.4621,15,0,4,0,0,0,4,7,0,0,6,1,6,0,0,0,13,15,1,2,0,0,0,0,0,2,0,0,36,0,3,0
2014/2015,groenvlei,emadlangeni,amajuba,30.23121,-27.4621,12,0,3,0,0,0,1,6,0,0,3,0,6,0,0,0,13,6,2,0,0,2,0,2,0,0,0,0,38,1,0,0
2015/2016,groenvlei,emadlangeni,amajuba,30.23121,-27.4621,6,1,10,0,0,0,2,4,0,0,2,0,6,0,0,0,13,4,0,2,0,0,0,0,0,2,0,0,40,1,2,0
2016/2017,groenvlei,emadlangeni,amajuba,30.23121,-27.4621,7,0,9,2,0,0,3,8,0,0,2,0,6,0,0,0,13,3,0,2,0,0,0,0,0,2,0,0,31,0,1,0
2017/2018,groenvlei,emadlangeni,amajuba,30.23121,-27.4621,21,1,14,1,0,0,1,3,0,0,9,0,6,0,3,1,13,10,0,2,0,1,0,1,1,3,0,0,45,0,2,0
2018/2019,groenvlei,emadlangeni,amajuba,30.23121,-27.4621,13,0,12,1,0,0,2,3,0,2,9,0,6,3,0,0,13,4,1,2,0,0,0,0,0,2,0,0,43,0,1,0
2019/2020,groenvlei,emadlangeni,amajuba,30.23121,-27.4621,12,0,17,0,0,0,0,2,0,0,6,1,6,4,0,0,13,4,0,2,0,0,0,0,0,2,0,0,53,1,0,0
2020/2021,groenvlei,emadlangeni,amajuba,30.23121,-27.4621,10,1,10,1,0,0,2,2,0,2,7,0,7,0,0,0,13,5,1,1,0,0,0,0,1,3,0,0,54,0,2,0
2021/2022,groenvlei,emadlangeni,amajuba,30.23121,-27.4621,8,1,7,0,0,0,0,6,0,1,7,0,6,0,0,0,13,7,1,4,1,0,0,2,0,4,0,0,45,0,0,0
2022/2023,groenvlei,emadlangeni,amajuba,30.23121,-27.4621,4,1,11,0,0,0,0,3,0,0,6,0,6,0,0,0,13,4,2,2,0,0,0,0,0,2,0,0,26,0,0,0
2023/2024,groenvlei,amajuba district,amajuba district,30.23121,-27.4621,0,0,0,0,0,0,0,1,0,0,0,0,0,0,0,0,0,0,0,0,0,0,0,0,0,0,0,0,0,0,0,0
2024/2025,groenvlei,amajuba district,amajuba district,30.23121,-27.4621,0,0,0,0,0,0,0,2,0,0,0,0,0,0,0,0,0,0,0,0,0,0,0,0,0,0,0,0,0,1,0,0
2008/2009,groot brakrivier,mossel bay,garden route,22.21906,-34.05469,141,1,157,7,2,0,13,79,0,8,147,6,6,44,190,2,1,33,2,15,1,3,0,4,3,20,0,9,5,17,18,0
2009/2010,groot brakrivier,mossel bay,garden route,22.21906,-34.05469,126,7,163,16,6,0,13,157,0,7,120,9,4,45,167,2,1,60,8,29,0,0,0,1,2,39,0,10,4,5,53,0
2010/2011,groot brakrivier,mossel bay,garden route,22.21906,-34.05469,137,3,125,10,2,0,26,176,0,14,134,7,4,42,130,3,1,55,4,20,3,4,0,9,5,29,0,13,5,8,43,0
2011/2012,groot brakrivier,mossel bay,garden route,22.21906,-34.05469,125,3,142,8,0,0,33,161,0,10,109,10,6,32,110,4,1,50,4,14,0,6,0,14,2,16,0,8,3,5,24,0
2012/2013,groot brakrivier,mossel bay,garden route,22.21906,-34.05469,140,2,137,7,0,0,18,158,0,17,105,7,6,33,97,5,1,53,3,10,2,8,0,17,1,11,0,3,3,15,24,0
2013/2014,groot brakrivier,mossel bay,garden route,22.21906,-34.05469,103,1,162,8,1,0,39,159,0,23,124,8,7,27,117,1,13,53,1,16,4,2,0,9,3,21,0,6,8,7,23,0
2014/2015,groot brakrivier,mossel bay,garden route,22.21906,-34.05469,127,8,187,12,1,0,26,164,0,12,112,15,7,32,126,4,12,58,8,7,2,7,0,16,2,11,0,6,1,8,33,0
2015/2016,groot brakrivier,mossel bay,garden route,22.21906,-34.05469,116,4,148,8,1,0,25,209,0,17,109,17,6,42,158,1,14,48,2,12,2,2,0,7,5,18,0,1,0,7,23,0
2016/2017,groot brakrivier,mossel bay,garden route,22.21906,-34.05469,125,3,130,6,3,0,35,153,0,18,117,12,4,36,189,8,12,48,5,17,0,3,0,11,5,27,0,4,0,5,20,0
2017/2018,groot brakrivier,mossel bay,garden route,22.21906,-34.05469,141,0,157,9,2,0,24,164,0,32,99,17,7,30,118,1,14,52,7,18,6,1,0,13,3,24,0,0,1,8,17,0
2018/2019,groot brakrivier,mossel bay,garden route,22.21906,-34.05469,172,4,207,10,1,0,21,186,0,33,111,18,7,38,49,1,14,58,5,11,2,1,0,14,4,17,0,0,1,7,62,0
2019/2020,groot brakrivier,mossel bay,garden route,22.21906,-34.05469,156,2,143,1,1,0,22,221,1,39,104,15,4,46,10,1,21,59,4,12,2,6,0,14,5,20,0,0,1,5,52,0
2020/2021,groot brakrivier,mossel bay,garden route,22.21906,-34.05469,142,0,108,7,1,0,34,130,0,75,126,5,6,7,16,1,13,41,2,7,5,4,0,17,4,12,1,0,4,4,26,0
2021/2022,groot brakrivier,mossel bay,garden route,22.21906,-34.05469,145,1,112,7,1,0,18,171,1,80,140,12,7,15,25,1,14,54,7,12,1,2,0,12,9,23,0,2,5,4,27,0
2022/2023,groot brakrivier,mossel bay,garden route,22.21906,-34.05469,206,1,153,6,2,0,36,254,0,115,166,7,6,34,61,1,12,87,4,14,2,1,0,6,2,18,0,5,0,5,32,0
2023/2024,groot brakrivier,garden route district,garden route district,22.21906,-34.05469,0,0,0,0,0,0,0,139,0,0,0,0,0,0,0,0,0,0,0,0,0,7,0,0,0,0,0,0,0,7,23,0
2024/2025,groot brakrivier,garden route district,garden route district,22.21906,-34.05469,0,0,0,0,0,0,0,70,1,0,0,0,0,0,0,0,0,0,0,0,0,4,0,0,0,0,0,0,0,5,15,0
2008/2009,groot marico,ramotshere moiloa,ngaka modiri molema,26.41868,-25.59968,73,1,31,0,0,0,8,42,1,3,35,1,7,5,6,2,1,12,1,18,0,0,0,2,2,21,0,0,19,4,3,0
2009/2010,groot marico,ramotshere moiloa,ngaka modiri molema,26.41868,-25.59968,73,3,32,4,2,0,10,75,0,5,24,3,6,1,48,3,1,18,2,13,1,1,0,3,1,16,0,2,47,4,8,0
2010/2011,groot marico,ramotshere moiloa,ngaka modiri molema,26.41868,-25.59968,87,0,30,0,0,0,27,43,1,3,35,1,7,4,41,1,1,28,1,9,0,2,0,5,2,12,0,0,23,3,1,0
2011/2012,groot marico,ramotshere moiloa,ngaka modiri molema,26.41868,-25.59968,109,3,27,1,1,0,13,69,0,1,18,1,6,7,29,2,1,22,4,9,3,2,0,5,2,12,0,2,20,1,2,0
2012/2013,groot marico,ramotshere moiloa,ngaka modiri molema,26.41868,-25.59968,65,2,24,2,1,0,13,54,0,2,19,4,6,4,23,11,1,16,2,7,1,0,0,5,0,8,0,0,20,4,8,0
2013/2014,groot marico,ramotshere moiloa,ngaka modiri molema,26.41868,-25.59968,54,0,32,1,2,0,19,31,0,2,23,2,7,5,22,0,14,12,2,10,0,3,0,7,1,14,0,0,20,3,8,2
2014/2015,groot marico,ramotshere moiloa,ngaka modiri molema,26.41868,-25.59968,41,0,16,2,1,0,19,39,0,1,9,3,6,2,19,3,12,15,1,3,1,5,0,10,0,4,0,0,18,0,5,0
2015/2016,groot marico,ramotshere moiloa,ngaka modiri molema,26.41868,-25.59968,39,1,22,2,2,0,10,28,0,0,17,1,6,9,15,2,13,19,1,2,1,2,0,3,0,4,0,0,12,1,5,0
2016/2017,groot marico,ramotshere moiloa,ngaka modiri molema,26.41868,-25.59968,39,2,16,1,0,0,24,44,0,2,18,0,6,16,16,8,13,14,1,5,1,1,0,6,0,5,0,0,16,0,3,0
2017/2018,groot marico,ramotshere moiloa,ngaka modiri molema,26.41868,-25.59968,28,0,21,0,0,0,10,38,0,3,24,1,6,5,24,5,13,10,2,5,2,0,0,4,0,5,0,0,20,2,2,2
2018/2019,groot marico,ramotshere moiloa,ngaka modiri molema,26.41868,-25.59968,19,0,20,2,0,0,20,28,0,3,12,2,6,0,18,0,13,13,3,15,2,1,0,4,0,15,0,0,20,2,1,1
2019/2020,groot marico,ramotshere moiloa,ngaka modiri molema,26.41868,-25.59968,38,1,19,1,0,0,11,33,0,5,21,0,6,1,3,3,25,11,2,10,3,0,0,8,0,10,0,0,8,4,3,0
2020/2021,groot marico,ramotshere moiloa,ngaka modiri molema,26.41868,-25.59968,41,0,30,0,0,0,27,29,0,3,21,2,6,3,5,3,12,8,2,13,1,1,0,3,1,14,0,0,16,1,4,0
2021/2022,groot marico,ramotshere moiloa,ngaka modiri molema,26.41868,-25.59968,27,1,25,2,0,0,28,18,0,2,22,3,6,3,6,5,12,12,0,10,6,2,0,13,1,11,0,0,11,0,3,0
2022/2023,groot marico,ramotshere moiloa,ngaka modiri molema,26.41868,-25.59968,33,1,33,2,0,0,9,9,0,5,26,1,6,2,5,0,12,11,0,7,1,0,0,1,1,8,0,0,11,1,0,0
2023/2024,groot marico,ngaka modiri molema district,ngaka modiri molema district,26.41868,-25.59968,0,0,0,0,0,0,0,40,0,0,0,0,0,0,0,0,0,0,0,0,0,1,0,0,0,0,0,0,0,1,4,0
2024/2025,groot marico,ngaka modiri molema district,ngaka modiri molema district,26.41868,-25.59968,0,0,0,0,0,0,0,33,0,0,0,0,0,0,0,0,0,0,0,0,0,1,0,0,0,0,0,0,0,1,6,0
2008/2009,groot-drakenstein,stellenbosch,cape winelands,18.97776,-33.86616,127,5,84,0,0,0,40,88,0,1,39,10,6,9,74,4,1,50,3,22,0,0,0,2,12,34,0,0,17,6,32,0
2009/2010,groot-drakenstein,stellenbosch,cape winelands,18.97776,-33.86616,122,0,97,5,1,0,42,85,0,8,31,6,10,10,111,2,1,51,4,25,2,2,0,9,4,36,0,0,2,2,36,0
2010/2011,groot-drakenstein,stellenbosch,cape winelands,18.97776,-33.86616,152,2,78,4,3,0,41,77,0,8,34,9,5,12,158,1,1,45,3,19,0,1,0,2,4,29,0,0,1,6,41,0
2011/2012,groot-drakenstein,stellenbosch,cape winelands,18.97776,-33.86616,148,4,74,2,2,0,54,70,1,3,31,9,8,5,156,3,1,40,3,20,0,2,0,10,2,28,2,0,1,0,46,0
2012/2013,groot-drakenstein,stellenbosch,cape winelands,18.97776,-33.86616,133,0,103,2,0,0,90,109,0,5,45,10,7,2,197,1,1,84,3,16,3,6,0,11,11,28,0,0,0,4,32,0
2013/2014,groot-drakenstein,stellenbosch,cape winelands,18.97776,-33.86616,153,3,84,5,3,0,63,104,0,10,57,12,7,14,209,1,12,55,7,18,7,5,0,19,5,27,0,0,0,6,39,0
2014/2015,groot-drakenstein,stellenbosch,cape winelands,18.97776,-33.86616,143,1,97,6,0,0,97,110,0,7,42,11,4,5,155,1,13,72,4,22,2,4,0,12,8,32,0,2,1,7,43,0
2015/2016,groot-drakenstein,stellenbosch,cape winelands,18.97776,-33.86616,133,2,85,4,2,0,57,94,1,12,38,6,6,5,182,1,13,65,2,15,4,1,0,16,3,20,0,0,0,5,25,0
2016/2017,groot-drakenstein,stellenbosch,cape winelands,18.97776,-33.86616,112,1,97,4,1,0,68,138,0,5,39,16,4,8,235,0,12,61,6,16,2,2,0,9,10,29,2,1,0,1,28,0
2017/2018,groot-drakenstein,stellenbosch,cape winelands,18.97776,-33.86616,127,3,85,9,0,0,56,96,0,12,42,6,6,8,327,1,12,54,2,17,2,0,0,15,6,23,0,1,0,6,41,0
2018/2019,groot-drakenstein,stellenbosch,cape winelands,18.97776,-33.86616,121,1,89,1,1,0,44,83,0,13,53,10,6,6,220,1,12,53,3,14,5,1,0,15,5,20,0,0,0,2,33,0
2019/2020,groot-drakenstein,stellenbosch,cape winelands,18.97776,-33.86616,147,3,84,6,1,0,64,76,0,18,62,8,6,12,116,1,13,48,3,12,7,1,0,22,5,18,0,0,0,7,45,0
2020/2021,groot-drakenstein,stellenbosch,cape winelands,18.97776,-33.86616,117,2,63,12,2,0,59,42,1,23,45,7,7,15,63,0,13,42,7,16,6,2,0,28,1,20,0,0,0,4,24,0
2021/2022,groot-drakenstein,stellenbosch,cape winelands,18.97776,-33.86616,140,0,92,5,1,0,22,43,0,26,39,2,5,34,51,1,12,49,2,18,3,3,0,14,8,30,0,0,0,0,15,0
2022/2023,groot-drakenstein,stellenbosch,cape winelands,18.97776,-33.86616,153,2,115,8,1,0,27,46,0,27,76,9,4,17,72,0,13,56,4,13,3,3,0,16,6,22,0,1,1,0,23,0
2023/2024,groot-drakenstein,cape winelands district,cape winelands district,18.97776,-33.86616,0,0,0,0,0,0,0,62,0,0,0,0,0,0,0,0,0,0,0,0,0,2,0,0,0,0,0,0,0,1,48,0
2024/2025,groot-drakenstein,cape winelands district,cape winelands district,18.97776,-33.86616,0,0,0,0,0,0,0,68,1,0,0,0,0,0,0,0,0,0,0,0,0,0,0,0,0,0,0,0,0,1,34,0
2008/2009,grootvlei,dipaleseng,gert sibande,28.50955,-26.79878,89,0,27,2,1,0,11,29,1,6,35,6,7,6,17,0,1,17,5,8,1,0,0,32,2,12,0,1,17,30,58,19
2009/2010,grootvlei,dipaleseng,gert sibande,28.50955,-26.79878,88,2,43,2,1,0,7,38,0,10,15,9,7,3,15,2,1,11,2,8,0,0,0,26,0,10,0,0,22,8,38,15
2010/2011,grootvlei,dipaleseng,gert sibande,28.50955,-26.79878,76,1,34,5,0,0,12,42,3,7,12,2,6,6,9,2,1,6,3,10,0,1,0,21,1,11,0,0,16,16,40,7
2011/2012,grootvlei,dipaleseng,gert sibande,28.50955,-26.79878,85,0,23,1,0,0,15,90,3,7,26,5,6,9,9,1,1,20,3,7,6,1,0,30,1,8,0,0,22,18,44,16
2012/2013,grootvlei,dipaleseng,gert sibande,28.50955,-26.79878,57,0,16,0,1,0,5,33,0,5,25,6,6,12,14,1,1,19,0,8,2,1,0,31,3,12,0,0,12,7,27,22
2013/2014,grootvlei,dipaleseng,gert sibande,28.50955,-26.79878,78,1,32,2,0,0,14,61,4,9,29,4,5,12,13,1,12,23,4,3,3,0,0,41,1,7,0,0,6,12,33,25
2014/2015,grootvlei,dipaleseng,gert sibande,28.50955,-26.79878,61,0,30,2,2,0,27,78,1,4,35,3,8,8,7,3,12,21,4,5,8,2,0,40,1,12,0,0,13,13,29,23
2015/2016,grootvlei,dipaleseng,gert sibande,28.50955,-26.79878,53,0,51,3,0,0,20,49,2,3,31,5,7,20,3,1,12,29,1,2,3,1,0,32,1,4,0,0,16,5,20,20
2016/2017,grootvlei,dipaleseng,gert sibande,28.50955,-26.79878,60,2,31,1,0,0,22,34,2,5,22,5,7,11,6,2,13,21,2,3,1,0,0,22,0,4,0,0,19,9,15,12
2017/2018,grootvlei,dipaleseng,gert sibande,28.50955,-26.79878,59,0,55,2,0,0,19,55,2,5,41,2,4,9,15,2,12,21,2,10,3,1,0,20,1,13,0,1,19,5,20,5
2018/2019,grootvlei,dipaleseng,gert sibande,28.50955,-26.79878,74,1,34,2,0,0,18,90,3,9,17,7,6,12,12,5,12,17,0,6,2,1,0,23,0,6,1,0,24,8,17,10
2019/2020,grootvlei,dipaleseng,gert sibande,28.50955,-26.79878,61,0,33,3,0,0,15,79,6,5,19,0,7,25,9,4,13,10,3,2,4,0,0,26,1,4,0,0,15,14,10,9
2020/2021,grootvlei,dipaleseng,gert sibande,28.50955,-26.79878,46,1,34,2,0,0,18,65,13,5,19,1,7,7,6,3,13,9,1,4,4,4,0,32,2,7,0,0,18,5,9,8
2021/2022,grootvlei,dipaleseng,gert sibande,28.50955,-26.79878,67,0,48,4,1,0,18,65,58,10,24,2,6,6,6,1,26,18,1,13,9,1,0,86,1,15,0,3,24,3,10,13
2022/2023,grootvlei,dipaleseng,gert sibande,28.50955,-26.79878,61,2,45,1,1,0,13,68,26,13,25,6,6,2,8,1,2,17,1,5,4,2,0,41,2,8,0,0,17,3,15,4
2023/2024,grootvlei,gert sibande district,gert sibande district,28.50955,-26.79878,0,0,0,0,0,0,0,33,36,0,0,0,0,0,0,0,0,0,0,0,0,3,0,0,0,0,0,0,0,7,13,0
2024/2025,grootvlei,gert sibande district,gert sibande district,28.50955,-26.79878,0,0,0,0,0,0,0,42,26,0,0,0,0,0,0,0,0,0,0,0,0,0,0,0,0,0,0,0,0,3,14,0
2008/2009,gugulethu,city of cape town,city of cape town,18.56331,-33.97497,445,9,564,91,7,0,62,393,34,136,544,139,3,191,594,125,1,367,135,153,27,38,0,335,36,209,0,8,0,125,110,0
2009/2010,gugulethu,city of cape town,city of cape town,18.56331,-33.97497,504,17,566,80,5,0,85,451,44,115,540,147,37,321,812,117,1,398,110,134,20,45,0,347,27,184,0,226,1,157,196,0
2010/2011,gugulethu,city of cape town,city of cape town,18.56331,-33.97497,611,16,633,88,6,0,113,457,31,146,594,147,32,436,1136,116,1,416,150,191,40,37,0,362,20,229,0,493,0,114,174,1
2011/2012,gugulethu,city of cape town,city of cape town,18.56331,-33.97497,885,23,660,105,14,0,162,452,54,218,619,192,8,510,1506,109,1,444,120,194,67,41,0,421,42,254,1,411,0,134,249,6
2012/2013,gugulethu,city of cape town,city of cape town,18.56331,-33.97497,855,21,645,74,2,0,134,527,58,176,616,250,33,358,1648,102,1,619,129,203,69,52,0,577,44,264,0,498,0,101,377,0
2013/2014,gugulethu,city of cape town,city of cape town,18.56331,-33.97497,800,20,737,126,10,0,122,500,77,107,525,228,22,257,1795,73,26,539,149,161,51,79,1,641,45,236,0,194,0,110,278,3
2014/2015,gugulethu,city of cape town,city of cape town,18.56331,-33.97497,638,18,668,92,14,0,88,480,120,84,541,220,16,268,1708,76,48,555,165,157,42,85,0,707,48,229,0,176,0,113,165,7
2015/2016,gugulethu,city of cape town,city of cape town,18.56331,-33.97497,548,17,686,114,10,0,106,392,202,117,528,178,18,207,1393,66,53,622,184,167,37,120,0,816,55,243,2,157,0,92,153,1
2016/2017,gugulethu,city of cape town,city of cape town,18.56331,-33.97497,480,15,618,76,12,0,136,385,157,126,541,166,19,240,1711,104,5,563,136,173,32,131,0,720,39,238,1,171,0,110,170,6
2017/2018,gugulethu,city of cape town,city of cape town,18.56331,-33.97497,286,18,438,90,15,0,71,304,101,101,404,100,10,349,1826,89,39,387,182,166,50,129,0,565,36,223,0,130,0,88,112,5
2018/2019,gugulethu,city of cape town,city of cape town,18.56331,-33.97497,301,10,511,83,8,0,39,315,153,105,470,92,11,225,1801,91,37,398,155,134,38,109,0,576,45,195,0,73,0,87,144,4
2019/2020,gugulethu,city of cape town,city of cape town,18.56331,-33.97497,364,9,489,75,10,0,61,306,172,120,472,110,4,152,1272,68,30,450,157,153,43,99,0,671,43,208,1,85,0,69,165,4
2020/2021,gugulethu,city of cape town,city of cape town,18.56331,-33.97497,280,11,392,75,6,0,64,206,165,157,458,94,5,9,538,39,15,368,145,133,29,147,1,591,34,176,0,79,0,50,134,2
2021/2022,gugulethu,city of cape town,city of cape town,18.56331,-33.97497,364,11,448,92,9,1,67,212,141,145,646,87,8,11,970,62,72,457,165,163,37,129,1,524,39,215,0,115,0,37,85,2
2022/2023,gugulethu,city of cape town,city of cape town,18.56331,-33.97497,486,15,451,80,14,0,44,189,156,154,594,83,6,89,844,75,56,495,165,142,38,126,1,599,36,192,0,36,0,43,93,10
2023/2024,gugulethu,city of cape town district,city of cape town district,18.56331,-33.97497,0,0,0,0,0,0,0,170,123,0,0,0,0,0,0,0,0,0,0,0,0,108,0,0,0,0,0,0,0,38,83,0
2024/2025,gugulethu,city of cape town district,city of cape town district,18.56331,-33.97497,0,0,0,0,0,0,0,178,148,0,0,0,0,0,0,0,0,0,0,0,0,104,0,0,0,0,0,0,0,38,68,0
2008/2009,haenertsburg,greater tzaneen,mopani,29.9405,-23.94073,46,4,10,0,0,0,4,10,0,1,14,5,7,1,43,0,1,10,0,5,0,2,0,2,0,6,0,0,1,4,5,0
2009/2010,haenertsburg,greater tzaneen,mopani,29.9405,-23.94073,53,0,5,0,1,0,4,26,1,4,10,1,5,6,53,0,1,7,1,3,0,0,0,2,0,7,0,0,3,3,6,0
2010/2011,haenertsburg,greater tzaneen,mopani,29.9405,-23.94073,48,0,16,0,0,0,3,25,0,2,12,0,6,14,62,2,1,9,0,1,0,0,0,2,1,2,0,0,2,0,3,0
2011/2012,haenertsburg,greater tzaneen,mopani,29.9405,-23.94073,46,1,25,0,1,0,10,21,0,1,16,4,6,10,52,0,1,17,2,1,2,1,0,3,0,2,0,1,0,2,3,0
2012/2013,haenertsburg,greater tzaneen,mopani,29.9405,-23.94073,41,0,17,0,0,0,4,20,0,3,10,0,6,10,51,3,1,5,0,3,1,1,0,6,1,4,0,0,4,2,3,0
2013/2014,haenertsburg,greater tzaneen,mopani,29.9405,-23.94073,42,0,19,1,1,0,14,42,1,3,8,6,6,3,56,2,12,9,0,3,1,3,0,7,0,4,0,0,5,1,5,1
2014/2015,haenertsburg,greater tzaneen,mopani,29.9405,-23.94073,55,0,14,0,0,0,14,48,1,1,14,4,6,0,68,0,12,13,2,9,1,2,0,6,0,9,16,0,8,1,3,0
2015/2016,haenertsburg,greater tzaneen,mopani,29.9405,-23.94073,59,0,17,2,1,0,13,46,1,1,14,3,6,1,22,0,13,12,3,6,2,6,0,12,0,7,0,0,4,2,2,0
2016/2017,haenertsburg,greater tzaneen,mopani,29.9405,-23.94073,81,1,12,0,0,0,17,56,1,4,4,5,6,1,35,0,12,22,0,3,3,6,0,16,1,4,1,0,5,4,3,0
2017/2018,haenertsburg,greater tzaneen,mopani,29.9405,-23.94073,44,0,16,0,2,0,12,50,1,2,6,3,6,2,46,0,12,23,3,3,3,6,0,17,0,5,0,0,2,1,14,0
2018/2019,haenertsburg,greater tzaneen,mopani,29.9405,-23.94073,66,0,17,1,0,0,22,39,0,5,15,1,6,4,43,0,13,17,0,3,2,2,0,5,0,3,14,0,10,1,5,0
2019/2020,haenertsburg,greater tzaneen,mopani,29.9405,-23.94073,60,2,20,0,0,0,13,34,2,8,18,5,6,4,4,1,13,24,0,6,4,5,0,19,2,8,14,0,4,2,14,0
2020/2021,haenertsburg,greater tzaneen,mopani,29.9405,-23.94073,60,1,11,1,0,0,14,31,0,7,10,4,6,2,10,3,12,14,2,5,0,4,0,6,1,6,9,0,2,2,10,0
2021/2022,haenertsburg,greater tzaneen,mopani,29.9405,-23.94073,43,1,32,0,0,0,9,33,0,8,21,6,6,0,7,0,13,11,3,3,1,4,0,12,1,4,15,0,9,1,6,1
2022/2023,haenertsburg,greater tzaneen,mopani,29.9405,-23.94073,58,0,16,0,0,0,8,22,0,7,7,4,6,4,3,0,13,11,0,4,3,1,0,6,0,4,1,0,3,0,7,0
2023/2024,haenertsburg,mopani district,mopani district,29.9405,-23.94073,0,0,0,0,0,0,0,30,0,0,0,0,0,0,0,0,0,0,0,0,0,2,0,0,0,0,0,0,0,0,6,0
2024/2025,haenertsburg,mopani district,mopani district,29.9405,-23.94073,0,0,0,0,0,0,0,21,0,0,0,0,0,0,0,0,0,0,0,0,0,7,0,0,0,0,0,0,0,0,4,0
2008/2009,hamburg,ngqushwa,amathole,27.46711,-33.28897,7,0,12,1,2,0,0,11,0,1,8,0,6,3,2,0,1,3,0,1,0,1,0,2,0,3,0,1,1,0,1,0
2009/2010,hamburg,ngqushwa,amathole,27.46711,-33.28897,12,0,22,2,0,0,0,26,0,0,7,1,6,0,2,0,1,6,0,1,0,0,0,3,0,1,0,0,1,2,2,0
2010/2011,hamburg,ngqushwa,amathole,27.46711,-33.28897,8,1,16,0,1,0,1,13,0,0,7,2,7,0,0,0,1,5,2,0,0,1,0,2,1,3,0,0,0,3,0,0
2011/2012,hamburg,ngqushwa,amathole,27.46711,-33.28897,9,0,15,0,0,0,0,22,0,1,4,4,7,0,1,0,1,2,0,4,0,0,0,0,0,5,0,0,0,0,0,0
2012/2013,hamburg,ngqushwa,amathole,27.46711,-33.28897,6,0,14,0,1,0,1,10,0,1,3,2,6,0,2,0,1,3,1,1,0,1,0,1,0,2,0,0,2,0,2,0
2013/2014,hamburg,ngqushwa,amathole,27.46711,-33.28897,8,0,22,0,1,0,0,12,0,1,3,1,6,3,3,0,13,4,1,1,0,0,0,0,0,2,0,0,1,0,0,0
2014/2015,hamburg,ngqushwa,amathole,27.46711,-33.28897,6,0,8,2,1,0,1,11,0,1,4,1,6,0,2,1,13,2,1,3,0,3,0,3,0,4,0,0,1,0,1,0
2015/2016,hamburg,ngqushwa,amathole,27.46711,-33.28897,3,0,12,0,0,0,0,18,0,1,1,0,6,0,0,0,13,2,0,1,1,0,0,1,1,2,0,0,0,0,0,0
2016/2017,hamburg,ngqushwa,amathole,27.46711,-33.28897,6,2,7,0,0,0,0,26,0,3,3,0,6,0,0,0,13,8,0,0,1,0,0,2,0,0,0,0,0,1,1,0
2017/2018,hamburg,ngqushwa,amathole,27.46711,-33.28897,2,0,10,0,1,0,1,22,0,2,7,0,6,1,0,0,13,5,0,1,0,0,0,0,0,2,0,0,1,0,0,0
2018/2019,hamburg,ngqushwa,amathole,27.46711,-33.28897,9,0,17,0,1,0,0,12,0,0,3,1,6,1,0,0,12,7,1,1,1,1,0,4,1,3,0,0,1,0,0,0
2019/2020,hamburg,ngqushwa,amathole,27.46711,-33.28897,1,0,11,0,1,0,0,16,0,2,2,0,6,1,0,0,13,4,1,2,0,0,0,0,0,3,0,0,4,0,2,0
2020/2021,hamburg,ngqushwa,amathole,27.46711,-33.28897,4,0,12,2,0,0,0,20,0,2,6,1,6,1,0,0,13,4,0,1,0,3,0,4,0,1,0,0,1,1,0,0
2021/2022,hamburg,ngqushwa,amathole,27.46711,-33.28897,7,0,12,0,2,0,0,8,0,0,10,0,6,3,3,0,13,6,0,3,0,0,0,0,0,5,0,0,1,0,0,0
2022/2023,hamburg,ngqushwa,amathole,27.46711,-33.28897,5,2,15,1,2,0,0,9,0,0,12,0,6,0,0,1,13,14,1,0,0,0,0,0,1,3,1,0,1,0,0,0
2023/2024,hamburg,amathole district,amathole district,27.46711,-33.28897,0,0,0,0,0,0,0,7,0,0,0,0,0,0,0,0,0,0,0,0,0,1,0,0,0,0,0,0,0,0,1,0
2024/2025,hamburg,amathole district,amathole district,27.46711,-33.28897,0,0,0,0,0,0,0,11,0,0,0,0,0,0,0,0,0,0,0,0,0,0,0,0,0,0,0,0,0,1,0,0
2008/2009,hammanskraal,city of tshwane,city of tshwane,28.27506,-25.40479,564,9,356,14,10,0,17,432,13,43,217,131,8,35,33,12,1,268,9,83,5,22,0,138,3,100,0,11,15,62,40,1
2009/2010,hammanskraal,city of tshwane,city of tshwane,28.27506,-25.40479,524,9,346,15,5,0,12,452,14,30,208,116,11,28,22,8,1,248,11,51,7,18,0,121,1,65,0,30,16,53,52,4
2010/2011,hammanskraal,city of tshwane,city of tshwane,28.27506,-25.40479,471,15,335,14,4,0,12,396,7,56,181,102,12,16,28,7,1,191,7,60,14,18,2,147,2,73,0,64,10,50,79,5
2011/2012,hammanskraal,city of tshwane,city of tshwane,28.27506,-25.40479,669,10,295,15,7,0,12,418,6,86,177,107,9,29,84,7,1,205,7,65,18,15,0,114,8,85,3,138,17,47,132,7
2012/2013,hammanskraal,city of tshwane,city of tshwane,28.27506,-25.40479,605,13,293,20,3,0,24,347,16,101,212,112,5,40,108,7,1,189,13,58,13,26,0,151,8,72,2,153,16,51,126,17
2013/2014,hammanskraal,city of tshwane,city of tshwane,28.27506,-25.40479,508,13,325,11,7,0,68,397,8,74,175,109,12,32,757,10,21,221,6,35,11,20,0,146,4,53,4,175,24,33,96,5
2014/2015,hammanskraal,city of tshwane,city of tshwane,28.27506,-25.40479,616,12,301,14,2,0,36,313,9,81,158,98,8,32,737,16,25,202,8,49,16,18,0,179,4,59,0,238,30,22,126,6
2015/2016,hammanskraal,city of tshwane,city of tshwane,28.27506,-25.40479,493,8,275,10,1,0,49,335,16,92,193,118,5,39,714,7,2,178,10,31,22,14,0,182,4,39,10,266,20,56,114,3
2016/2017,hammanskraal,city of tshwane,city of tshwane,28.27506,-25.40479,410,11,251,18,1,0,57,346,23,98,189,118,9,61,760,7,25,193,13,46,23,31,0,226,7,59,1,252,56,49,98,7
2017/2018,hammanskraal,city of tshwane,city of tshwane,28.27506,-25.40479,490,11,267,11,0,0,43,276,11,98,175,90,4,65,748,8,24,183,11,40,8,28,0,157,11,53,1,290,25,37,80,8
2018/2019,hammanskraal,city of tshwane,city of tshwane,28.27506,-25.40479,419,11,282,15,2,0,69,261,15,145,201,105,4,62,600,5,25,205,14,50,26,48,0,241,8,62,1,334,34,45,77,8
2019/2020,hammanskraal,city of tshwane,city of tshwane,28.27506,-25.40479,381,10,245,21,1,0,69,200,17,126,229,130,4,88,621,4,25,159,11,42,23,39,1,233,9,54,1,355,27,35,63,13
2020/2021,hammanskraal,city of tshwane,city of tshwane,28.27506,-25.40479,389,7,230,17,0,0,61,222,16,111,192,85,10,55,412,7,23,120,11,39,14,25,0,184,8,53,0,187,32,26,82,22
2021/2022,hammanskraal,city of tshwane,city of tshwane,28.27506,-25.40479,466,11,250,19,1,0,76,222,9,136,240,63,8,45,367,5,23,156,11,49,25,21,2,144,14,68,0,195,37,26,63,8
2022/2023,hammanskraal,city of tshwane,city of tshwane,28.27506,-25.40479,548,8,264,23,6,0,63,244,20,153,325,91,9,63,264,5,39,204,11,38,25,39,0,219,10,59,0,177,47,35,65,11
2023/2024,hammanskraal,tshwane district,tshwane district,28.27506,-25.40479,0,0,0,0,0,0,0,203,22,0,0,0,0,0,0,0,0,0,0,0,0,29,0,0,0,0,0,0,0,50,75,0
2024/2025,hammanskraal,tshwane district,tshwane district,28.27506,-25.40479,0,0,0,0,0,0,0,229,13,0,0,0,0,0,0,0,0,0,0,0,0,40,0,0,0,0,0,0,0,32,76,0
2008/2009,hammarsdale,ethekwini,ethekwini,30.65611,-29.7957,106,2,40,7,0,0,6,93,8,14,58,16,6,11,14,4,1,29,17,24,4,17,1,43,2,26,0,8,4,8,9,0
2009/2010,hammarsdale,ethekwini,ethekwini,30.65611,-29.7957,81,3,28,9,0,0,21,71,13,4,63,10,7,8,19,8,1,17,18,23,11,22,0,56,0,24,0,16,3,18,9,0
2010/2011,hammarsdale,ethekwini,ethekwini,30.65611,-29.7957,90,3,30,7,0,0,33,69,0,7,41,10,6,3,24,9,1,19,8,27,8,10,0,31,2,29,0,19,1,10,13,1
2011/2012,hammarsdale,ethekwini,ethekwini,30.65611,-29.7957,93,5,24,3,0,0,25,56,4,4,42,9,4,9,16,15,1,21,12,13,5,10,0,36,1,16,0,15,5,9,24,0
2012/2013,hammarsdale,ethekwini,ethekwini,30.65611,-29.7957,83,0,27,5,1,0,12,48,8,12,41,9,7,9,25,15,1,11,14,13,12,5,0,45,1,16,0,10,3,9,29,1
2013/2014,hammarsdale,ethekwini,ethekwini,30.65611,-29.7957,111,1,23,5,0,0,15,57,11,7,23,12,6,39,32,4,13,18,14,12,5,8,0,43,0,12,0,1,3,6,28,0
2014/2015,hammarsdale,ethekwini,ethekwini,30.65611,-29.7957,117,0,33,8,0,0,19,83,12,6,36,10,7,39,47,11,13,24,16,15,5,7,0,59,2,18,0,4,4,4,42,2
2015/2016,hammarsdale,ethekwini,ethekwini,30.65611,-29.7957,103,1,32,11,0,0,16,99,3,9,37,9,7,22,57,8,21,19,18,10,5,13,0,38,3,14,0,0,0,8,42,0
2016/2017,hammarsdale,ethekwini,ethekwini,30.65611,-29.7957,83,0,52,5,1,0,28,98,6,8,22,13,6,24,90,4,12,21,22,23,6,10,0,41,0,24,0,0,1,2,34,0
2017/2018,hammarsdale,ethekwini,ethekwini,30.65611,-29.7957,84,0,46,5,0,0,35,96,12,9,23,12,7,38,91,22,13,17,18,11,2,12,0,45,0,12,1,0,5,7,36,2
2018/2019,hammarsdale,ethekwini,ethekwini,30.65611,-29.7957,65,0,45,7,0,0,25,65,24,12,28,9,7,56,55,16,13,19,17,23,6,11,0,56,5,29,0,0,4,4,38,3
2019/2020,hammarsdale,ethekwini,ethekwini,30.65611,-29.7957,55,1,31,12,0,0,16,50,14,14,21,8,6,71,7,2,13,17,31,17,10,18,0,57,2,19,0,1,5,7,22,2
2020/2021,hammarsdale,ethekwini,ethekwini,30.65611,-29.7957,44,0,25,6,0,0,20,31,8,11,28,7,6,4,3,8,12,12,14,13,11,22,0,66,1,14,1,0,5,6,19,0
2021/2022,hammarsdale,ethekwini,ethekwini,30.65611,-29.7957,46,0,24,9,0,0,9,21,21,19,29,4,7,0,0,2,24,14,25,13,5,22,0,58,1,15,0,0,5,6,19,1
2022/2023,hammarsdale,ethekwini,ethekwini,30.65611,-29.7957,79,1,45,15,0,0,15,36,6,12,44,6,6,1,4,4,14,21,22,11,7,11,0,39,3,14,0,0,1,5,12,0
2023/2024,hammarsdale,ethekwini district,ethekwini district,30.65611,-29.7957,0,0,0,0,0,0,0,26,8,0,0,0,0,0,0,0,0,0,0,0,0,18,0,0,0,0,0,0,0,5,18,0
2024/2025,hammarsdale,ethekwini district,ethekwini district,30.65611,-29.7957,0,0,0,0,0,0,0,18,9,0,0,0,0,0,0,0,0,0,0,0,0,13,0,0,0,0,0,0,0,1,17,0
2008/2009,hankey,kouga,sarah baartman,24.88528,-33.83223,138,0,171,2,4,0,33,71,0,6,57,6,6,25,76,0,1,33,8,27,0,2,0,11,3,34,0,27,5,2,9,0
2009/2010,hankey,kouga,sarah baartman,24.88528,-33.83223,132,1,131,1,3,0,26,74,0,6,41,13,6,48,132,3,1,39,9,23,1,1,0,8,5,31,0,14,14,1,16,0
2010/2011,hankey,kouga,sarah baartman,24.88528,-33.83223,122,2,120,4,3,0,22,54,0,6,38,9,6,40,159,4,1,21,4,26,3,1,0,14,4,33,0,13,9,2,21,0
2011/2012,hankey,kouga,sarah baartman,24.88528,-33.83223,109,0,86,2,3,0,18,67,0,6,29,10,6,58,191,1,1,20,6,21,1,1,0,3,1,25,0,7,4,0,6,0
2012/2013,hankey,kouga,sarah baartman,24.88528,-33.83223,90,1,86,2,0,0,22,48,0,2,27,9,6,85,196,1,1,19,3,27,3,0,0,6,0,27,0,4,4,4,9,0
2013/2014,hankey,kouga,sarah baartman,24.88528,-33.83223,89,0,67,2,1,0,18,49,0,5,30,10,6,58,245,1,13,13,8,21,3,0,0,6,1,23,0,7,5,1,16,0
2014/2015,hankey,kouga,sarah baartman,24.88528,-33.83223,58,2,68,2,1,0,20,61,0,9,12,12,6,40,179,0,13,10,10,15,1,0,0,5,3,19,0,5,7,2,22,0
2015/2016,hankey,kouga,sarah baartman,24.88528,-33.83223,48,0,82,2,2,0,14,70,0,7,26,6,7,34,97,6,12,18,8,25,5,0,0,8,3,31,0,11,0,3,15,0
2016/2017,hankey,kouga,sarah baartman,24.88528,-33.83223,66,1,77,1,0,0,15,73,0,2,35,16,6,12,106,0,13,19,2,18,1,0,0,10,4,22,0,10,4,3,11,0
2017/2018,hankey,kouga,sarah baartman,24.88528,-33.83223,79,1,70,6,3,0,19,89,0,9,17,9,7,17,114,2,12,20,9,15,1,5,0,17,1,20,0,11,9,0,20,0
2018/2019,hankey,kouga,sarah baartman,24.88528,-33.83223,63,3,95,8,1,0,13,75,0,3,29,15,6,8,110,3,13,12,11,21,3,1,0,18,1,23,0,7,11,0,10,0
2019/2020,hankey,kouga,sarah baartman,24.88528,-33.83223,103,1,98,2,1,0,21,63,0,6,36,13,6,24,45,2,21,19,9,19,4,2,0,23,1,21,0,12,7,0,29,0
2020/2021,hankey,kouga,sarah baartman,24.88528,-33.83223,74,2,75,6,1,0,16,70,0,20,40,12,6,12,52,3,14,33,7,13,1,2,0,28,5,19,0,5,10,3,14,0
2021/2022,hankey,kouga,sarah baartman,24.88528,-33.83223,96,5,123,6,0,0,18,54,1,9,54,12,68,10,19,1,14,44,7,8,1,3,0,17,1,8,0,1,9,1,10,0
2022/2023,hankey,kouga,sarah baartman,24.88528,-33.83223,128,6,133,5,2,0,39,73,0,13,63,19,6,1,41,2,14,55,11,16,4,5,0,26,4,22,0,5,5,1,23,0
2023/2024,hankey,sarah baartman district,sarah baartman district,24.88528,-33.83223,0,0,0,0,0,0,0,64,1,0,0,0,0,0,0,0,0,0,0,0,0,1,0,0,0,0,0,0,0,1,24,0
2024/2025,hankey,sarah baartman district,sarah baartman district,24.88528,-33.83223,0,0,0,0,0,0,0,53,0,0,0,0,0,0,0,0,0,0,0,0,0,1,0,0,0,0,0,0,0,1,12,0
2008/2009,hanover,emthanjeni,pixley ka seme,24.44393,-31.06641,22,0,37,1,2,0,8,24,0,5,22,1,7,1,16,0,1,8,5,7,0,0,0,0,0,10,0,1,19,2,8,0
2009/2010,hanover,emthanjeni,pixley ka seme,24.44393,-31.06641,20,1,54,5,0,0,6,23,0,1,36,2,6,3,11,0,1,21,2,5,0,0,0,4,0,5,0,2,35,0,4,0
2010/2011,hanover,emthanjeni,pixley ka seme,24.44393,-31.06641,19,1,50,0,0,0,17,30,0,5,15,2,6,2,17,0,1,11,1,6,0,0,0,0,0,6,0,0,35,1,3,0
2011/2012,hanover,emthanjeni,pixley ka seme,24.44393,-31.06641,20,0,55,2,0,0,10,33,0,7,22,4,6,2,16,0,1,13,2,10,0,0,0,1,1,11,0,0,29,3,5,0
2012/2013,hanover,emthanjeni,pixley ka seme,24.44393,-31.06641,29,2,47,2,1,0,10,37,1,1,12,6,7,3,15,0,1,12,6,11,0,0,0,1,2,15,0,0,50,1,13,0
2013/2014,hanover,emthanjeni,pixley ka seme,24.44393,-31.06641,21,0,77,3,0,0,8,25,0,2,16,3,7,1,14,0,12,11,6,4,0,0,0,3,0,5,0,0,27,0,10,0
2014/2015,hanover,emthanjeni,pixley ka seme,24.44393,-31.06641,28,0,68,1,1,0,17,38,0,3,22,2,7,1,8,0,13,20,4,6,1,1,0,2,0,8,0,1,22,2,13,0
2015/2016,hanover,emthanjeni,pixley ka seme,24.44393,-31.06641,27,0,78,1,0,0,17,30,0,5,37,5,6,3,8,0,13,30,1,7,0,0,0,0,0,7,0,1,40,3,15,0
2016/2017,hanover,emthanjeni,pixley ka seme,24.44393,-31.06641,22,1,59,1,0,0,15,29,0,3,18,3,6,3,13,0,13,15,1,1,1,0,0,2,0,1,0,2,33,0,6,0
2017/2018,hanover,emthanjeni,pixley ka seme,24.44393,-31.06641,23,2,33,1,0,0,10,19,0,4,17,1,6,0,18,0,13,17,5,5,0,0,0,1,1,6,0,2,51,0,10,0
2018/2019,hanover,emthanjeni,pixley ka seme,24.44393,-31.06641,24,1,44,2,0,0,14,26,0,4,21,7,7,1,10,0,13,12,3,3,2,0,0,3,0,4,0,0,52,0,15,0
2019/2020,hanover,emthanjeni,pixley ka seme,24.44393,-31.06641,27,0,32,6,3,0,8,29,0,4,20,1,6,1,9,0,13,12,4,6,0,1,0,3,1,10,0,1,16,1,14,0
2020/2021,hanover,emthanjeni,pixley ka seme,24.44393,-31.06641,22,0,23,0,0,0,10,31,1,1,18,5,7,0,2,0,13,6,1,8,3,2,0,7,2,11,0,0,20,1,6,0
2021/2022,hanover,emthanjeni,pixley ka seme,24.44393,-31.06641,16,0,21,1,1,0,6,15,0,2,16,2,6,0,3,1,13,15,1,3,2,0,0,4,1,5,0,0,18,0,11,0
2022/2023,hanover,emthanjeni,pixley ka seme,24.44393,-31.06641,28,2,29,7,3,0,13,30,0,21,11,3,6,1,3,0,13,10,2,2,0,1,0,1,0,5,0,0,28,0,13,0
2023/2024,hanover,pixley ka seme district,pixley ka seme district,24.44393,-31.06641,0,0,0,0,0,0,0,21,0,0,0,0,0,0,0,0,0,0,0,0,0,0,0,0,0,0,0,0,0,0,7,0
2024/2025,hanover,pixley ka seme district,pixley ka seme district,24.44393,-31.06641,0,0,0,0,0,0,0,17,0,0,0,0,0,0,0,0,0,0,0,0,0,1,0,0,0,0,0,0,0,1,5,0
2008/2009,harare,city of cape town,city of cape town,18.6693,-34.05193,534,22,487,76,15,0,63,522,34,18,745,158,45,159,359,75,1,342,119,185,62,88,0,479,17,247,0,33,0,144,74,2
2009/2010,harare,city of cape town,city of cape town,18.6693,-34.05193,468,43,571,67,11,0,87,536,29,29,850,134,20,381,378,70,1,363,118,218,56,75,1,342,15,270,0,24,1,182,173,0
2010/2011,harare,city of cape town,city of cape town,18.6693,-34.05193,410,24,651,94,17,0,95,502,31,34,665,102,33,259,409,81,1,335,141,237,87,66,1,421,18,287,0,44,0,145,213,0
2011/2012,harare,city of cape town,city of cape town,18.6693,-34.05193,538,21,647,91,16,0,61,443,32,26,610,167,47,317,540,82,1,341,154,227,96,98,0,530,27,293,0,51,0,133,113,1
2012/2013,harare,city of cape town,city of cape town,18.6693,-34.05193,576,18,630,87,8,0,92,486,53,47,634,198,3,385,532,81,1,350,131,213,88,70,1,625,29,263,0,43,0,113,98,4
2013/2014,harare,city of cape town,city of cape town,18.6693,-34.05193,804,22,604,119,10,0,131,559,76,50,799,238,18,357,592,91,10,447,164,196,119,103,1,839,17,234,0,48,0,143,137,13
2014/2015,harare,city of cape town,city of cape town,18.6693,-34.05193,1108,23,610,120,20,0,116,600,86,42,901,200,36,375,776,53,38,565,141,174,103,136,3,867,25,235,0,82,0,207,131,5
2015/2016,harare,city of cape town,city of cape town,18.6693,-34.05193,1108,37,616,117,15,0,122,473,119,48,890,180,3,403,717,75,38,469,166,164,94,147,2,924,19,211,0,41,1,103,149,2
2016/2017,harare,city of cape town,city of cape town,18.6693,-34.05193,911,25,547,83,10,0,114,475,173,62,811,154,32,215,1160,119,3,575,174,162,93,116,2,902,20,204,0,22,0,113,168,4
2017/2018,harare,city of cape town,city of cape town,18.6693,-34.05193,425,23,455,82,12,0,119,447,124,82,801,140,4,170,1361,114,65,477,142,156,76,128,2,709,22,192,1,13,0,127,206,9
2018/2019,harare,city of cape town,city of cape town,18.6693,-34.05193,366,21,495,74,8,0,118,572,131,73,747,117,17,242,1002,58,38,507,166,152,36,134,0,663,18,187,0,35,0,255,89,12
2019/2020,harare,city of cape town,city of cape town,18.6693,-34.05193,386,28,497,93,6,0,110,398,186,76,738,105,4,344,827,80,4,425,162,168,50,128,0,725,15,191,0,10,0,253,95,6
2020/2021,harare,city of cape town,city of cape town,18.6693,-34.05193,357,24,406,83,10,0,65,285,197,121,689,85,8,60,415,41,8,501,189,198,26,173,2,607,29,241,3,12,0,150,74,2
2021/2022,harare,city of cape town,city of cape town,18.6693,-34.05193,439,24,520,96,18,0,50,320,360,130,936,91,10,146,620,65,54,415,218,213,50,184,0,877,25,262,0,36,0,153,77,8
2022/2023,harare,city of cape town,city of cape town,18.6693,-34.05193,446,33,652,83,20,0,61,402,353,133,934,127,10,144,757,99,66,504,203,220,24,138,1,958,32,278,2,53,0,131,63,3
2023/2024,harare,city of cape town district,city of cape town district,18.6693,-34.05193,0,0,0,0,0,0,0,334,385,0,0,0,0,0,0,0,0,0,0,0,0,159,0,0,0,0,0,0,0,131,129,0
2024/2025,harare,city of cape town district,city of cape town district,18.6693,-34.05193,0,0,0,0,0,0,0,189,219,0,0,0,0,0,0,0,0,0,0,0,0,121,0,0,0,0,0,0,0,72,30,0
2008/2009,harburg,umshwathi,umgungundlovu,30.7378,-29.41241,50,1,15,2,0,0,10,44,1,0,16,2,6,1,31,22,1,15,5,3,3,8,0,17,1,4,0,0,3,3,3,0
2009/2010,harburg,umshwathi,umgungundlovu,30.7378,-29.41241,40,2,27,2,0,0,15,28,0,0,22,6,6,6,56,19,1,7,6,8,0,4,0,6,0,8,0,0,2,2,4,0
2010/2011,harburg,umshwathi,umgungundlovu,30.7378,-29.41241,25,0,31,1,1,0,8,32,0,1,30,3,7,10,73,23,1,13,8,13,1,1,0,4,2,17,0,0,8,2,8,0
2011/2012,harburg,umshwathi,umgungundlovu,30.7378,-29.41241,32,1,28,2,1,0,8,23,0,0,23,0,7,7,88,19,1,7,5,10,1,0,0,3,1,13,0,0,7,1,2,0
2012/2013,harburg,umshwathi,umgungundlovu,30.7378,-29.41241,34,0,29,3,0,0,2,19,2,1,28,4,6,5,66,10,1,10,3,8,0,2,0,5,1,9,0,0,4,2,5,0
2013/2014,harburg,umshwathi,umgungundlovu,30.7378,-29.41241,33,0,28,1,1,0,11,11,0,0,14,2,6,4,74,11,12,10,6,12,2,2,0,5,3,16,0,0,3,3,3,0
2014/2015,harburg,umshwathi,umgungundlovu,30.7378,-29.41241,45,1,25,4,0,0,4,16,0,5,11,0,6,1,103,15,13,8,4,16,2,4,0,8,1,17,0,0,11,1,5,0
2015/2016,harburg,umshwathi,umgungundlovu,30.7378,-29.41241,30,0,26,3,0,0,10,27,2,1,10,1,6,9,140,12,13,18,5,14,2,2,0,9,2,16,0,0,11,2,7,0
2016/2017,harburg,umshwathi,umgungundlovu,30.7378,-29.41241,25,0,35,2,0,0,9,12,2,2,7,3,7,7,167,24,13,15,8,14,1,5,0,10,0,15,0,0,2,2,3,0
2017/2018,harburg,umshwathi,umgungundlovu,30.7378,-29.41241,11,3,21,3,0,0,7,32,0,4,8,2,7,21,153,11,13,14,6,14,4,8,0,13,1,16,0,0,1,2,0,0
2018/2019,harburg,umshwathi,umgungundlovu,30.7378,-29.41241,15,0,21,2,0,0,10,6,0,3,16,1,6,11,65,13,12,10,4,14,4,1,0,6,0,14,0,0,2,0,0,0
2019/2020,harburg,umshwathi,umgungundlovu,30.7378,-29.41241,18,0,33,8,0,0,14,26,1,1,22,0,6,4,10,12,21,25,13,15,3,1,0,10,2,17,0,0,2,2,3,0
2020/2021,harburg,umshwathi,umgungundlovu,30.7378,-29.41241,16,0,22,9,0,0,13,23,0,7,14,2,6,2,1,6,13,8,6,11,4,10,0,16,2,13,0,1,0,4,7,0
2021/2022,harburg,umshwathi,umgungundlovu,30.7378,-29.41241,14,0,24,4,0,0,14,19,5,7,14,0,6,6,0,6,12,15,12,16,2,16,0,27,1,17,0,0,3,0,0,0
2022/2023,harburg,umshwathi,umgungundlovu,30.7378,-29.41241,19,0,19,3,0,0,11,9,0,4,12,0,6,2,0,1,14,7,9,1,8,5,0,17,0,1,0,0,3,2,2,0
2023/2024,harburg,umgungundlovu district,umgungundlovu district,30.7378,-29.41241,0,0,0,0,0,0,0,21,3,0,0,0,0,0,0,0,0,0,0,0,0,2,0,0,0,0,0,0,0,2,1,0
2024/2025,harburg,umgungundlovu district,umgungundlovu district,30.7378,-29.41241,0,0,0,0,0,0,0,19,5,0,0,0,0,0,0,0,0,0,0,0,0,0,0,0,0,0,0,0,0,0,6,0
2008/2009,harding,umuziwabantu,ugu,29.88243,-30.57499,232,11,175,16,2,0,42,230,5,22,131,34,29,51,218,30,1,71,33,41,13,20,1,61,8,73,0,97,44,13,30,0
2009/2010,harding,umuziwabantu,ugu,29.88243,-30.57499,152,17,197,17,6,0,76,258,1,37,124,35,3,48,191,25,1,84,38,37,6,10,0,39,14,70,0,85,74,9,33,0
2010/2011,harding,umuziwabantu,ugu,29.88243,-30.57499,174,11,202,16,8,0,76,201,2,50,121,47,11,21,160,22,1,67,36,36,12,14,0,53,14,66,0,49,56,8,42,0
2011/2012,harding,umuziwabantu,ugu,29.88243,-30.57499,137,15,156,22,3,0,57,152,9,45,90,28,17,16,150,14,1,50,24,52,13,20,1,69,1,65,0,50,61,27,36,1
2012/2013,harding,umuziwabantu,ugu,29.88243,-30.57499,134,10,195,17,8,0,66,117,1,51,88,28,6,13,123,44,1,49,37,67,12,22,2,67,8,83,1,55,50,18,25,0
2013/2014,harding,umuziwabantu,ugu,29.88243,-30.57499,132,6,166,6,3,0,65,113,1,41,67,15,7,11,122,13,21,38,33,68,10,7,1,38,4,76,0,22,44,19,43,0
2014/2015,harding,umuziwabantu,ugu,29.88243,-30.57499,136,7,158,24,7,0,48,166,0,67,74,13,6,7,103,31,22,52,41,42,13,10,0,59,2,51,0,34,40,4,55,0
2015/2016,harding,umuziwabantu,ugu,29.88243,-30.57499,119,9,179,16,6,0,49,157,5,69,83,10,6,28,135,9,13,65,33,45,16,12,1,60,3,54,0,58,29,10,44,0
2016/2017,harding,umuziwabantu,ugu,29.88243,-30.57499,126,2,183,17,4,0,59,153,5,54,78,19,7,40,148,22,17,51,35,49,14,14,0,64,2,56,0,72,25,7,23,1
2017/2018,harding,umuziwabantu,ugu,29.88243,-30.57499,94,4,173,26,3,0,75,120,5,63,65,13,7,23,117,24,28,58,31,53,13,14,0,59,6,63,0,52,27,8,31,0
2018/2019,harding,umuziwabantu,ugu,29.88243,-30.57499,130,4,172,20,6,0,66,98,2,56,61,14,6,30,82,22,2,44,30,61,23,9,0,62,11,78,0,51,23,9,30,2
2019/2020,harding,umuziwabantu,ugu,29.88243,-30.57499,115,3,178,18,1,0,45,104,5,53,85,19,6,36,35,21,21,69,43,63,20,11,0,76,5,69,0,48,24,8,38,2
2020/2021,harding,umuziwabantu,ugu,29.88243,-30.57499,102,3,159,22,3,0,89,102,6,75,68,12,6,12,21,14,22,42,46,56,30,8,0,73,3,62,0,36,11,3,47,0
2021/2022,harding,umuziwabantu,ugu,29.88243,-30.57499,81,4,154,22,3,0,22,74,10,54,59,15,6,6,9,24,22,34,49,57,20,8,2,93,5,65,0,14,4,9,33,0
2022/2023,harding,umuziwabantu,ugu,29.88243,-30.57499,85,3,155,19,2,0,38,84,5,52,68,25,6,2,12,15,21,40,60,41,13,6,1,70,4,47,0,23,13,10,40,0
2023/2024,harding,ugu district,ugu district,29.88243,-30.57499,0,0,0,0,0,0,0,103,14,0,0,0,0,0,0,0,0,0,0,0,0,13,0,0,0,0,0,0,0,2,52,0
2024/2025,harding,ugu district,ugu district,29.88243,-30.57499,0,0,0,0,0,0,0,96,12,0,0,0,0,0,0,0,0,0,0,0,0,10,0,0,0,0,0,0,0,3,72,0
2008/2009,harrismith,maluti a phofung,thabo mofutsanyane,29.12786,-28.26961,509,11,271,19,4,0,160,396,2,70,371,41,10,41,60,12,1,213,17,60,24,3,0,131,10,80,0,118,199,57,139,11
2009/2010,harrismith,maluti a phofung,thabo mofutsanyane,29.12786,-28.26961,484,20,353,17,1,1,173,428,8,52,336,37,11,42,62,11,1,257,25,69,39,12,0,160,11,89,0,101,241,45,152,6
2010/2011,harrismith,maluti a phofung,thabo mofutsanyane,29.12786,-28.26961,408,14,288,14,9,0,108,392,2,271,292,54,8,29,61,23,1,208,21,54,50,15,0,152,12,79,0,68,214,46,126,5
2011/2012,harrismith,maluti a phofung,thabo mofutsanyane,29.12786,-28.26961,432,11,304,14,1,0,119,343,5,301,294,48,5,42,47,10,1,178,22,74,21,12,0,149,6,84,0,63,182,40,140,18
2012/2013,harrismith,maluti a phofung,thabo mofutsanyane,29.12786,-28.26961,441,12,276,16,8,0,113,384,4,105,288,36,10,30,85,6,1,195,17,84,15,11,1,154,7,105,0,109,158,40,174,29
2013/2014,harrismith,maluti a phofung,thabo mofutsanyane,29.12786,-28.26961,478,13,315,7,9,0,116,379,2,89,228,52,8,48,137,5,28,186,16,66,22,12,1,142,11,90,4,84,143,52,147,22
2014/2015,harrismith,maluti a phofung,thabo mofutsanyane,29.12786,-28.26961,463,6,280,8,6,0,154,344,2,68,272,33,7,42,164,5,17,178,15,61,15,8,1,112,2,70,3,62,112,16,164,26
2015/2016,harrismith,maluti a phofung,thabo mofutsanyane,29.12786,-28.26961,404,7,278,11,6,0,210,385,7,103,234,26,10,133,246,13,14,222,24,60,21,14,0,104,6,78,2,101,126,36,206,9
2016/2017,harrismith,maluti a phofung,thabo mofutsanyane,29.12786,-28.26961,515,3,284,10,7,0,213,467,3,135,203,35,10,104,258,15,14,138,14,48,34,16,0,125,6,67,19,109,175,36,188,4
2017/2018,harrismith,maluti a phofung,thabo mofutsanyane,29.12786,-28.26961,383,3,254,4,5,0,179,419,3,98,171,19,6,77,182,14,23,143,26,54,21,11,0,98,2,61,25,116,196,35,172,4
2018/2019,harrismith,maluti a phofung,thabo mofutsanyane,29.12786,-28.26961,435,1,262,18,7,0,222,476,5,71,141,27,5,83,155,17,17,142,20,36,28,18,0,124,5,51,49,70,213,31,177,5
2019/2020,harrismith,maluti a phofung,thabo mofutsanyane,29.12786,-28.26961,458,4,277,17,7,0,221,370,4,47,148,21,6,93,91,16,28,157,17,59,32,16,0,127,7,73,35,91,160,34,130,4
2020/2021,harrismith,maluti a phofung,thabo mofutsanyane,29.12786,-28.26961,414,5,254,10,5,0,240,371,6,69,196,30,6,57,69,6,25,180,19,50,20,16,0,91,3,58,26,41,137,28,146,3
2021/2022,harrismith,maluti a phofung,thabo mofutsanyane,29.12786,-28.26961,419,5,273,13,2,0,247,344,7,114,201,28,4,123,104,43,3,189,37,50,27,19,0,110,8,62,44,63,167,11,118,2
2022/2023,harrismith,maluti a phofung,thabo mofutsanyane,29.12786,-28.26961,469,4,257,14,2,0,266,449,8,77,252,41,4,80,87,21,16,196,27,44,24,18,0,130,4,52,132,75,112,11,158,2
2023/2024,harrismith,thabo mofutsanyana district,thabo mofutsanyana district,29.12786,-28.26961,0,0,0,0,0,0,0,326,9,0,0,0,0,0,0,0,0,0,0,0,0,20,0,0,0,0,0,0,0,8,114,0
2024/2025,harrismith,thabo mofutsanyana district,thabo mofutsanyana district,29.12786,-28.26961,0,0,0,0,0,0,0,271,2,0,0,0,0,0,0,0,0,0,0,0,0,18,0,0,0,0,0,0,0,12,95,0
2008/2009,hartbeesfontein,city of matlosana,dr kenneth kaunda,26.42618,-26.75817,122,2,96,4,1,0,56,102,0,11,35,7,6,26,30,2,1,25,10,25,3,4,0,16,2,28,0,4,48,4,10,1
2009/2010,hartbeesfontein,city of matlosana,dr kenneth kaunda,26.42618,-26.75817,82,2,95,3,2,0,36,104,0,5,38,10,6,38,26,1,1,30,8,39,4,3,0,17,2,43,0,1,46,4,10,1
2010/2011,hartbeesfontein,city of matlosana,dr kenneth kaunda,26.42618,-26.75817,92,0,85,6,6,0,27,75,2,9,34,4,7,32,25,2,1,20,10,31,9,3,0,28,0,38,0,1,65,7,5,0
2011/2012,hartbeesfontein,city of matlosana,dr kenneth kaunda,26.42618,-26.75817,92,4,128,4,5,0,37,49,0,22,43,5,6,16,16,3,1,16,3,35,7,1,0,19,1,41,1,2,47,3,21,0
2012/2013,hartbeesfontein,city of matlosana,dr kenneth kaunda,26.42618,-26.75817,99,6,152,8,7,0,45,114,1,15,42,21,7,15,29,2,1,31,6,58,3,1,0,16,2,68,0,0,67,5,13,0
2013/2014,hartbeesfontein,city of matlosana,dr kenneth kaunda,26.42618,-26.75817,86,4,131,17,4,0,33,104,1,22,39,12,7,17,39,0,14,25,8,58,2,2,0,22,0,63,0,0,51,11,15,0
2014/2015,hartbeesfontein,city of matlosana,dr kenneth kaunda,26.42618,-26.75817,81,1,99,9,0,0,41,71,0,9,24,8,9,21,42,4,14,14,11,44,2,1,0,19,1,50,0,0,36,5,8,0
2015/2016,hartbeesfontein,city of matlosana,dr kenneth kaunda,26.42618,-26.75817,87,5,130,5,1,0,32,84,2,14,37,13,12,16,40,16,23,31,7,40,15,0,0,42,1,49,0,1,34,10,6,1
2016/2017,hartbeesfontein,city of matlosana,dr kenneth kaunda,26.42618,-26.75817,66,5,137,13,1,0,33,93,1,12,34,17,12,10,29,4,13,21,12,48,7,2,0,43,3,59,0,0,52,4,13,0
2017/2018,hartbeesfontein,city of matlosana,dr kenneth kaunda,26.42618,-26.75817,69,1,122,7,6,0,33,120,1,13,31,8,4,12,23,5,14,36,7,23,12,2,0,39,9,40,0,0,64,3,19,0
2018/2019,hartbeesfontein,city of matlosana,dr kenneth kaunda,26.42618,-26.75817,82,3,94,11,4,0,43,111,2,12,53,12,6,6,15,8,27,36,6,37,4,13,0,54,1,42,0,0,56,5,16,0
2019/2020,hartbeesfontein,city of matlosana,dr kenneth kaunda,26.42618,-26.75817,109,1,122,8,1,0,30,99,1,14,52,11,6,10,1,7,14,34,11,26,8,8,0,53,3,30,0,0,54,4,24,0
2020/2021,hartbeesfontein,city of matlosana,dr kenneth kaunda,26.42618,-26.75817,115,1,91,7,2,0,35,149,1,13,65,12,7,4,26,3,17,30,5,20,7,1,0,27,2,25,0,0,23,3,10,0
2021/2022,hartbeesfontein,city of matlosana,dr kenneth kaunda,26.42618,-26.75817,109,6,105,1,2,0,22,114,2,31,58,14,6,2,2,2,22,48,6,31,6,8,0,44,1,34,0,0,25,4,8,0
2022/2023,hartbeesfontein,city of matlosana,dr kenneth kaunda,26.42618,-26.75817,122,5,141,8,3,0,31,131,3,33,74,13,7,0,5,5,23,51,9,36,9,13,0,58,3,43,0,0,24,1,11,0
2023/2024,hartbeesfontein,dr kenneth kaunda district,dr kenneth kaunda district,26.42618,-26.75817,0,0,0,0,0,0,0,117,3,0,0,0,0,0,0,0,0,0,0,0,0,9,0,0,0,0,0,0,0,1,16,0
2024/2025,hartbeesfontein,dr kenneth kaunda district,dr kenneth kaunda district,26.42618,-26.75817,0,0,0,0,0,0,0,97,0,0,0,0,0,0,0,0,0,0,0,0,0,4,0,0,0,0,0,0,0,0,10,0
2008/2009,hartbeespoortdam,local municipality of madibeng,bojanala,27.87159,-25.72447,779,13,164,25,3,0,200,722,5,91,205,64,17,26,56,18,1,200,6,24,18,38,0,118,5,41,0,40,9,94,221,2
2009/2010,hartbeespoortdam,local municipality of madibeng,bojanala,27.87159,-25.72447,675,12,145,42,3,0,187,688,9,134,186,45,9,39,40,12,1,206,7,21,25,56,0,156,9,38,0,52,28,97,241,2
2010/2011,hartbeespoortdam,local municipality of madibeng,bojanala,27.87159,-25.72447,592,8,179,20,2,0,124,566,11,123,175,29,3,24,58,11,1,198,7,24,19,45,0,138,2,41,0,24,8,70,234,1
2011/2012,hartbeespoortdam,local municipality of madibeng,bojanala,27.87159,-25.72447,584,14,175,14,2,0,127,550,4,134,127,24,5,33,89,32,1,221,14,26,10,29,0,93,5,36,1,38,20,87,266,2
2012/2013,hartbeespoortdam,local municipality of madibeng,bojanala,27.87159,-25.72447,513,6,158,22,0,0,145,477,7,146,124,25,9,40,132,4,1,199,13,25,13,39,0,111,8,38,0,21,16,76,263,1
2013/2014,hartbeespoortdam,local municipality of madibeng,bojanala,27.87159,-25.72447,562,7,144,25,1,0,124,457,8,152,116,28,4,41,179,22,23,182,7,22,20,31,0,105,5,30,0,22,5,63,278,4
2014/2015,hartbeespoortdam,local municipality of madibeng,bojanala,27.87159,-25.72447,506,5,160,15,2,0,107,373,10,234,88,28,10,38,211,21,14,134,9,28,21,47,0,162,7,43,0,41,16,44,214,6
2015/2016,hartbeespoortdam,local municipality of madibeng,bojanala,27.87159,-25.72447,404,4,132,19,4,0,134,319,9,128,115,25,7,33,237,21,2,173,8,26,17,44,0,165,4,35,0,15,29,66,170,2
2016/2017,hartbeespoortdam,local municipality of madibeng,bojanala,27.87159,-25.72447,391,2,125,16,1,0,103,362,14,182,165,28,8,46,278,21,12,147,14,25,26,43,0,140,7,37,3,26,19,74,154,2
2017/2018,hartbeespoortdam,local municipality of madibeng,bojanala,27.87159,-25.72447,429,6,104,13,2,0,81,300,11,135,110,19,6,64,363,11,12,133,4,29,17,31,0,82,3,34,3,36,15,85,146,2
2018/2019,hartbeespoortdam,local municipality of madibeng,bojanala,27.87159,-25.72447,406,8,134,22,1,0,74,396,19,146,139,25,7,69,216,26,25,135,12,28,29,40,0,125,13,43,4,18,26,76,161,2
2019/2020,hartbeespoortdam,local municipality of madibeng,bojanala,27.87159,-25.72447,346,3,119,15,1,0,90,358,22,157,123,32,7,106,64,35,16,148,4,19,27,36,1,137,11,32,21,31,7,138,171,1
2020/2021,hartbeespoortdam,local municipality of madibeng,bojanala,27.87159,-25.72447,326,3,133,17,0,0,99,302,17,153,147,26,6,31,66,5,22,124,3,18,13,28,0,86,2,20,1,30,6,151,93,4
2021/2022,hartbeespoortdam,local municipality of madibeng,bojanala,27.87159,-25.72447,359,1,96,19,0,0,97,329,11,248,128,17,12,69,129,7,2,139,8,21,22,49,0,137,7,35,15,15,21,170,125,1
2022/2023,hartbeespoortdam,local municipality of madibeng,bojanala,27.87159,-25.72447,378,2,138,19,1,0,117,320,17,198,130,21,6,82,176,6,22,152,7,37,23,46,0,141,8,46,28,26,20,138,89,1
2023/2024,hartbeespoortdam,bojanala district,bojanala district,27.87159,-25.72447,0,0,0,0,0,0,0,270,15,0,0,0,0,0,0,0,0,0,0,0,0,32,0,0,0,0,0,0,0,99,91,0
2024/2025,hartbeespoortdam,bojanala district,bojanala district,27.87159,-25.72447,0,0,0,0,0,0,0,234,20,0,0,0,0,0,0,0,0,0,0,0,0,42,0,0,0,0,0,0,0,99,107,0
2008/2009,hartebeeskop,chief albert luthuli,gert sibande,30.93031,-26.18032,28,3,48,0,5,0,16,45,0,23,9,7,9,0,60,5,1,20,2,12,0,0,0,3,0,22,0,0,27,4,2,0
2009/2010,hartebeeskop,chief albert luthuli,gert sibande,30.93031,-26.18032,33,4,51,5,3,0,7,48,0,10,12,14,5,1,34,2,1,19,2,12,3,8,0,17,0,18,0,0,17,4,8,0
2010/2011,hartebeeskop,chief albert luthuli,gert sibande,30.93031,-26.18032,19,0,33,1,1,0,8,35,0,3,14,10,6,1,53,4,1,21,2,11,0,1,0,7,0,12,0,0,21,5,7,0
2011/2012,hartebeeskop,chief albert luthuli,gert sibande,30.93031,-26.18032,16,0,21,2,0,0,11,19,0,6,6,6,7,2,106,4,1,4,3,8,4,2,0,10,0,9,0,0,12,1,4,0
2012/2013,hartebeeskop,chief albert luthuli,gert sibande,30.93031,-26.18032,10,3,14,1,0,0,11,17,0,8,8,4,6,1,114,0,1,4,1,14,2,2,0,5,0,14,0,0,18,1,3,0
2013/2014,hartebeeskop,chief albert luthuli,gert sibande,30.93031,-26.18032,15,1,10,0,0,0,7,25,0,12,2,4,6,3,108,1,21,8,0,7,2,2,0,5,1,8,0,0,28,0,7,0
2014/2015,hartebeeskop,chief albert luthuli,gert sibande,30.93031,-26.18032,22,3,28,0,0,0,10,26,0,3,2,2,6,2,109,0,13,7,2,6,3,1,0,5,0,6,0,0,47,0,7,0
2015/2016,hartebeeskop,chief albert luthuli,gert sibande,30.93031,-26.18032,17,1,32,0,1,0,8,19,0,8,5,3,6,2,125,0,13,12,3,7,4,4,0,8,1,9,0,0,33,0,8,0
2016/2017,hartebeeskop,chief albert luthuli,gert sibande,30.93031,-26.18032,20,1,37,3,0,0,22,49,0,8,6,5,7,1,137,0,13,12,5,11,4,4,0,8,0,12,0,0,30,1,11,0
2017/2018,hartebeeskop,chief albert luthuli,gert sibande,30.93031,-26.18032,26,0,44,0,0,0,14,42,0,2,10,4,7,4,160,1,13,11,2,14,4,0,0,10,0,15,0,0,56,1,7,0
2018/2019,hartebeeskop,chief albert luthuli,gert sibande,30.93031,-26.18032,19,0,44,2,0,0,26,42,1,7,10,7,5,0,146,4,13,8,3,11,2,3,0,11,3,17,0,0,47,1,12,0
2019/2020,hartebeeskop,chief albert luthuli,gert sibande,30.93031,-26.18032,25,0,36,2,0,0,39,36,0,10,3,12,6,6,137,0,14,12,2,13,4,6,0,13,1,14,0,1,54,1,19,0
2020/2021,hartebeeskop,chief albert luthuli,gert sibande,30.93031,-26.18032,21,1,26,4,0,0,33,37,0,11,3,9,7,2,181,1,12,10,3,9,3,3,0,11,0,10,0,0,35,1,6,0
2021/2022,hartebeeskop,chief albert luthuli,gert sibande,30.93031,-26.18032,11,0,32,4,1,0,22,26,0,7,5,15,6,4,234,1,14,7,7,8,5,1,0,9,0,9,0,0,42,4,4,0
2022/2023,hartebeeskop,chief albert luthuli,gert sibande,30.93031,-26.18032,7,0,51,2,0,0,33,26,2,9,2,3,6,4,196,2,23,6,1,8,5,2,0,11,3,11,0,0,21,0,10,0
2023/2024,hartebeeskop,gert sibande district,gert sibande district,30.93031,-26.18032,0,0,0,0,0,0,0,22,1,0,0,0,0,0,0,0,0,0,0,0,0,6,0,0,0,0,0,0,0,1,8,0
2024/2025,hartebeeskop,gert sibande district,gert sibande district,30.93031,-26.18032,0,0,0,0,0,0,0,20,0,0,0,0,0,0,0,0,0,0,0,0,0,4,0,0,0,0,0,0,0,1,5,0
2008/2009,hartswater,phokwane,frances baard,24.80519,-27.75361,219,2,126,10,6,0,89,158,0,28,49,20,7,9,13,0,1,63,5,16,8,2,0,17,0,23,0,68,16,9,36,0
2009/2010,hartswater,phokwane,frances baard,24.80519,-27.75361,132,3,104,9,7,0,64,213,0,31,34,19,6,11,12,0,1,41,4,36,3,6,0,13,4,47,0,51,17,4,27,0
2010/2011,hartswater,phokwane,frances baard,24.80519,-27.75361,156,5,104,10,2,0,72,105,0,46,40,15,7,13,8,0,1,30,5,27,0,1,0,2,1,31,0,49,18,18,40,0
2011/2012,hartswater,phokwane,frances baard,24.80519,-27.75361,117,0,100,6,1,0,59,124,0,40,22,10,6,8,12,2,1,26,6,16,1,0,1,7,1,18,0,47,18,9,41,0
2012/2013,hartswater,phokwane,frances baard,24.80519,-27.75361,157,2,93,7,1,0,59,119,0,35,50,18,6,8,14,1,1,35,5,20,2,5,1,12,1,22,0,51,19,5,34,0
2013/2014,hartswater,phokwane,frances baard,24.80519,-27.75361,177,1,110,3,3,0,74,166,0,45,29,13,6,5,38,3,13,38,5,17,3,2,0,13,0,20,0,62,26,11,58,0
2014/2015,hartswater,phokwane,frances baard,24.80519,-27.75361,195,6,114,4,1,0,47,162,0,36,55,18,6,15,17,1,21,37,7,19,5,0,0,16,3,23,0,57,35,8,68,0
2015/2016,hartswater,phokwane,frances baard,24.80519,-27.75361,192,4,150,10,1,0,60,185,1,46,57,17,6,13,48,2,12,45,3,9,11,5,0,27,2,12,0,62,24,7,101,0
2016/2017,hartswater,phokwane,frances baard,24.80519,-27.75361,167,2,137,5,1,0,80,159,1,20,57,10,6,9,43,1,12,34,1,17,14,2,0,25,1,19,2,52,20,6,60,0
2017/2018,hartswater,phokwane,frances baard,24.80519,-27.75361,216,3,113,4,4,0,92,204,1,28,52,14,6,13,50,0,12,37,4,12,5,5,0,21,2,18,0,50,15,4,66,0
2018/2019,hartswater,phokwane,frances baard,24.80519,-27.75361,207,4,118,1,1,0,104,181,2,36,58,24,5,4,37,2,12,45,2,20,3,7,0,24,0,24,0,64,10,11,86,0
2019/2020,hartswater,phokwane,frances baard,24.80519,-27.75361,284,3,117,5,2,0,108,203,1,23,54,25,6,8,30,2,12,56,4,13,4,0,0,13,0,15,0,66,9,4,98,0
2020/2021,hartswater,phokwane,frances baard,24.80519,-27.75361,200,1,96,5,3,0,112,137,0,25,48,21,6,3,25,0,12,49,8,8,6,0,0,15,1,12,0,42,4,1,68,0
2021/2022,hartswater,phokwane,frances baard,24.80519,-27.75361,203,2,100,3,1,0,168,158,0,35,44,14,6,1,14,2,13,52,3,9,3,5,0,21,3,13,0,26,9,4,129,0
2022/2023,hartswater,phokwane,frances baard,24.80519,-27.75361,251,2,81,15,3,0,252,189,2,38,73,16,6,2,31,3,21,76,4,22,2,0,0,11,2,27,0,32,14,4,123,0
2023/2024,hartswater,frances baard district,frances baard district,24.80519,-27.75361,0,0,0,0,0,0,0,156,2,0,0,0,0,0,0,0,0,0,0,0,0,1,0,0,0,0,0,0,0,1,121,0
2024/2025,hartswater,frances baard district,frances baard district,24.80519,-27.75361,0,0,0,0,0,0,0,79,0,0,0,0,0,0,0,0,0,0,0,0,0,2,0,0,0,0,0,0,0,2,46,0
2008/2009,hattingspruit,dannhauser,amajuba,30.124,-28.0792,67,0,31,2,0,0,12,23,0,0,36,7,6,11,15,3,1,17,3,4,0,0,0,6,1,5,0,0,26,2,3,0
2009/2010,hattingspruit,dannhauser,amajuba,30.124,-28.0792,45,0,35,4,0,0,10,16,0,0,26,2,6,9,4,6,1,16,2,3,0,0,0,2,1,4,0,0,9,0,2,0
2010/2011,hattingspruit,dannhauser,amajuba,30.124,-28.0792,35,0,24,1,0,0,6,19,0,0,15,2,6,18,12,2,1,14,1,10,0,0,0,1,2,12,0,0,13,0,3,0
2011/2012,hattingspruit,dannhauser,amajuba,30.124,-28.0792,30,1,22,2,0,0,4,21,0,1,32,5,6,10,9,6,1,12,4,8,0,0,0,4,1,9,0,0,19,0,3,0
2012/2013,hattingspruit,dannhauser,amajuba,30.124,-28.0792,24,0,20,0,0,0,2,8,1,1,21,2,6,13,11,3,1,10,6,7,2,0,0,5,2,9,0,0,11,0,1,0
2013/2014,hattingspruit,dannhauser,amajuba,30.124,-28.0792,27,3,37,2,0,0,3,18,0,1,40,3,6,11,15,3,12,15,1,6,6,0,0,12,4,10,0,0,24,1,3,0
2014/2015,hattingspruit,dannhauser,amajuba,30.124,-28.0792,24,0,21,3,0,0,9,15,2,1,30,2,6,15,13,2,13,15,3,6,4,0,0,7,1,7,0,0,4,0,3,0
2015/2016,hattingspruit,dannhauser,amajuba,30.124,-28.0792,25,1,28,0,0,0,3,15,0,4,32,1,7,11,15,2,12,19,2,5,2,0,0,4,4,10,0,0,12,1,6,0
2016/2017,hattingspruit,dannhauser,amajuba,30.124,-28.0792,26,0,12,1,0,0,8,12,0,3,18,1,6,9,6,2,12,3,0,5,5,2,0,8,1,6,0,0,28,5,4,0
2017/2018,hattingspruit,dannhauser,amajuba,30.124,-28.0792,33,0,21,0,0,0,2,7,0,0,16,2,6,19,3,1,13,4,2,9,2,4,0,6,1,10,0,0,25,1,1,0
2018/2019,hattingspruit,dannhauser,amajuba,30.124,-28.0792,36,0,22,2,0,0,8,14,0,3,21,1,6,14,3,5,21,10,4,5,1,0,0,1,1,6,0,0,22,0,5,0
2019/2020,hattingspruit,dannhauser,amajuba,30.124,-28.0792,34,0,24,2,0,0,6,18,1,3,17,4,6,14,1,3,13,9,4,6,5,0,0,9,1,7,0,0,18,3,0,0
2020/2021,hattingspruit,dannhauser,amajuba,30.124,-28.0792,21,0,29,2,0,0,9,18,0,2,23,2,6,0,1,0,13,7,1,8,4,3,0,7,2,10,0,0,32,0,3,0
2021/2022,hattingspruit,dannhauser,amajuba,30.124,-28.0792,35,0,24,2,0,0,3,12,1,4,17,1,6,2,1,0,12,8,0,6,1,4,0,7,1,7,0,0,39,2,4,0
2022/2023,hattingspruit,dannhauser,amajuba,30.124,-28.0792,40,0,26,3,0,0,4,10,0,2,24,0,4,2,0,2,12,5,0,13,3,1,0,7,2,17,0,0,23,1,4,0
2023/2024,hattingspruit,amajuba district,amajuba district,30.124,-28.0792,0,0,0,0,0,0,0,8,0,0,0,0,0,0,0,0,0,0,0,0,0,1,0,0,0,0,0,0,0,1,1,0
2024/2025,hattingspruit,amajuba district,amajuba district,30.124,-28.0792,0,0,0,0,0,0,0,8,0,0,0,0,0,0,0,0,0,0,0,0,0,0,0,0,0,0,0,0,0,3,1,0
2008/2009,hazyview,city of mbombela,ehlanzeni,31.1283,-25.04701,438,6,139,30,3,0,157,273,22,66,55,32,4,9,11,8,1,168,8,58,28,33,1,118,2,65,0,84,2,34,107,1
2009/2010,hazyview,city of mbombela,ehlanzeni,31.1283,-25.04701,343,6,130,19,1,0,170,244,22,119,58,31,5,3,21,11,1,66,9,41,28,18,0,108,0,45,0,94,6,25,89,0
2010/2011,hazyview,city of mbombela,ehlanzeni,31.1283,-25.04701,289,3,96,11,2,0,164,186,6,70,53,19,7,13,37,9,1,93,9,53,35,30,2,106,0,56,0,98,3,18,111,0
2011/2012,hazyview,city of mbombela,ehlanzeni,31.1283,-25.04701,340,5,117,20,3,0,132,190,7,88,78,21,7,38,40,7,1,94,14,41,40,26,0,117,1,46,0,80,1,26,138,0
2012/2013,hazyview,city of mbombela,ehlanzeni,31.1283,-25.04701,355,2,109,4,0,0,160,262,13,89,73,44,7,55,83,24,1,120,14,46,27,47,0,162,1,48,0,70,2,23,97,2
2013/2014,hazyview,city of mbombela,ehlanzeni,31.1283,-25.04701,244,5,81,19,2,0,114,210,5,71,46,30,7,40,119,41,13,97,8,46,34,50,0,151,4,53,0,64,1,27,86,1
2014/2015,hazyview,city of mbombela,ehlanzeni,31.1283,-25.04701,293,3,125,12,3,0,123,278,21,80,56,24,7,38,155,34,25,90,10,44,23,51,0,143,0,48,0,90,3,32,133,0
2015/2016,hazyview,city of mbombela,ehlanzeni,31.1283,-25.04701,223,4,96,9,0,1,116,194,13,91,51,15,6,38,163,37,14,56,10,18,27,27,1,110,3,21,2,79,1,17,116,0
2016/2017,hazyview,city of mbombela,ehlanzeni,31.1283,-25.04701,203,1,95,12,0,0,89,134,19,94,45,23,6,57,190,49,21,52,13,32,35,21,1,124,1,33,1,66,12,20,78,2
2017/2018,hazyview,city of mbombela,ehlanzeni,31.1283,-25.04701,157,6,89,11,1,0,111,158,14,73,38,19,6,48,275,20,12,30,6,34,41,29,0,137,2,37,0,65,5,19,86,1
2018/2019,hazyview,city of mbombela,ehlanzeni,31.1283,-25.04701,193,3,92,10,0,0,47,108,22,66,37,14,7,67,152,16,21,36,17,30,30,26,0,142,1,32,0,107,2,13,93,1
2019/2020,hazyview,city of mbombela,ehlanzeni,31.1283,-25.04701,203,2,89,10,4,0,85,126,19,56,36,20,6,83,47,25,14,41,19,25,36,20,0,130,1,30,0,139,3,22,66,3
2020/2021,hazyview,city of mbombela,ehlanzeni,31.1283,-25.04701,169,1,73,16,0,0,62,118,22,43,29,10,6,12,11,9,21,30,13,13,36,13,1,122,4,17,0,73,5,15,65,0
2021/2022,hazyview,city of mbombela,ehlanzeni,31.1283,-25.04701,147,5,78,22,0,0,62,103,46,53,32,7,6,1,24,13,16,33,20,33,37,39,0,208,1,34,0,65,2,12,45,5
2022/2023,hazyview,city of mbombela,ehlanzeni,31.1283,-25.04701,203,3,99,22,1,0,58,124,45,45,35,11,6,0,24,26,28,36,22,35,28,25,2,183,1,37,0,56,5,19,78,7
2023/2024,hazyview,ehlanzeni district,ehlanzeni district,31.1283,-25.04701,0,0,0,0,0,0,0,103,55,0,0,0,0,0,0,0,0,0,0,0,0,21,0,0,0,0,0,0,0,17,44,0
2024/2025,hazyview,ehlanzeni district,ehlanzeni district,31.1283,-25.04701,0,0,0,0,0,0,0,88,25,0,0,0,0,0,0,0,0,0,0,0,0,24,0,0,0,0,0,0,0,6,38,0
2008/2009,healdtown,raymond mhlaba,amathole,26.64999,-32.74839,10,0,38,0,0,0,3,10,0,0,6,3,6,0,2,1,1,5,3,1,1,0,1,3,0,1,0,0,6,0,1,0
2009/2010,healdtown,raymond mhlaba,amathole,26.64999,-32.74839,8,1,22,0,1,0,0,32,0,2,4,3,6,0,1,1,1,8,0,3,3,0,0,3,0,4,0,0,6,1,1,0
2010/2011,healdtown,raymond mhlaba,amathole,26.64999,-32.74839,8,1,23,3,2,0,3,12,0,0,9,3,10,1,1,1,1,13,1,4,3,0,0,3,3,15,0,0,3,0,1,0
2011/2012,healdtown,raymond mhlaba,amathole,26.64999,-32.74839,10,0,22,2,3,0,0,23,0,0,3,1,5,0,1,1,1,10,4,6,2,0,0,6,1,13,0,0,4,0,1,0
2012/2013,healdtown,raymond mhlaba,amathole,26.64999,-32.74839,3,1,21,0,0,0,4,13,0,0,6,0,6,2,3,0,1,5,2,6,2,0,0,4,0,6,0,0,2,0,2,0
2013/2014,healdtown,raymond mhlaba,amathole,26.64999,-32.74839,4,0,18,1,2,0,8,9,0,0,2,0,7,2,4,0,13,7,1,5,2,0,0,5,0,8,1,0,1,0,2,0
2014/2015,healdtown,raymond mhlaba,amathole,26.64999,-32.74839,8,0,31,0,1,0,7,14,0,0,5,0,6,1,9,0,13,10,3,9,1,1,0,6,0,10,0,0,4,0,0,0
2015/2016,healdtown,raymond mhlaba,amathole,26.64999,-32.74839,5,0,31,2,0,0,7,19,0,0,4,2,6,1,3,0,12,6,0,3,0,0,0,0,0,3,0,0,3,0,0,0
2016/2017,healdtown,raymond mhlaba,amathole,26.64999,-32.74839,17,0,33,0,4,0,2,17,0,0,2,0,6,0,6,1,12,13,3,3,3,1,0,5,0,7,0,0,6,0,2,0
2017/2018,healdtown,raymond mhlaba,amathole,26.64999,-32.74839,2,0,25,1,0,0,6,18,0,0,3,0,6,1,2,1,13,5,4,8,0,1,0,2,3,11,0,0,2,0,0,0
2018/2019,healdtown,raymond mhlaba,amathole,26.64999,-32.74839,7,0,22,0,0,0,7,11,0,1,2,3,6,1,10,0,13,11,2,6,2,0,0,4,4,10,0,0,4,0,0,0
2019/2020,healdtown,raymond mhlaba,amathole,26.64999,-32.74839,15,0,23,0,0,0,8,18,0,1,6,2,7,1,2,0,13,7,0,2,2,0,0,6,2,5,0,0,7,0,3,0
2020/2021,healdtown,raymond mhlaba,amathole,26.64999,-32.74839,18,0,18,0,0,0,8,13,0,1,5,0,6,0,4,0,13,9,2,6,0,1,0,3,0,6,0,0,13,0,3,0
2021/2022,healdtown,raymond mhlaba,amathole,26.64999,-32.74839,15,0,28,2,2,0,7,22,0,1,10,0,6,1,3,1,13,11,2,2,0,0,0,0,2,6,0,0,6,0,5,0
2022/2023,healdtown,raymond mhlaba,amathole,26.64999,-32.74839,22,2,16,0,0,0,4,23,0,1,6,4,6,0,2,0,12,17,2,5,0,0,0,2,1,6,0,0,6,0,0,0
2023/2024,healdtown,amathole district,amathole district,26.64999,-32.74839,0,0,0,0,0,0,0,13,0,0,0,0,0,0,0,0,0,0,0,0,0,2,0,0,0,0,0,0,0,0,1,0
2024/2025,healdtown,amathole district,amathole district,26.64999,-32.74839,0,0,0,0,0,0,0,20,0,0,0,0,0,0,0,0,0,0,0,0,0,0,0,0,0,0,0,0,0,0,0,0
2008/2009,hebron,local municipality of madibeng,bojanala,28.01714,-25.54938,0,0,0,0,0,0,0,0,0,0,0,0,6,0,0,0,1,0,0,0,0,0,0,0,0,0,0,0,0,0,0,0
2009/2010,hebron,local municipality of madibeng,bojanala,28.01714,-25.54938,0,0,0,0,0,0,0,0,0,0,0,0,6,0,0,0,1,0,0,0,0,0,0,0,0,0,0,0,0,0,0,0
2010/2011,hebron,local municipality of madibeng,bojanala,28.01714,-25.54938,0,0,0,0,0,0,0,0,0,0,0,0,6,0,0,0,1,0,0,0,0,0,0,0,0,0,0,0,0,0,0,0
2011/2012,hebron,local municipality of madibeng,bojanala,28.01714,-25.54938,121,2,90,10,2,0,18,123,4,2,28,7,7,2,57,4,1,30,6,24,15,11,1,48,1,28,0,7,5,10,8,0
2012/2013,hebron,local municipality of madibeng,bojanala,28.01714,-25.54938,211,10,272,11,6,0,32,274,13,8,99,55,5,17,108,4,1,87,6,55,22,12,0,115,5,69,1,13,5,37,28,0
2013/2014,hebron,local municipality of madibeng,bojanala,28.01714,-25.54938,212,15,230,15,10,0,63,272,16,5,87,35,4,21,113,11,22,105,8,49,41,23,0,132,6,67,0,7,9,34,40,0
2014/2015,hebron,local municipality of madibeng,bojanala,28.01714,-25.54938,179,11,214,24,4,0,57,335,25,10,90,53,7,21,130,12,43,81,12,56,43,26,0,159,1,62,0,4,7,25,49,0
2015/2016,hebron,local municipality of madibeng,bojanala,28.01714,-25.54938,151,10,255,28,2,0,59,256,27,9,107,37,6,72,117,17,16,102,12,34,38,26,0,144,6,42,0,5,25,20,35,0
2016/2017,hebron,local municipality of madibeng,bojanala,28.01714,-25.54938,137,7,202,26,5,0,57,326,29,8,92,39,7,75,150,14,16,99,8,38,44,61,0,200,4,48,1,2,17,26,23,0
2017/2018,hebron,local municipality of madibeng,bojanala,28.01714,-25.54938,170,14,191,20,1,0,50,271,16,12,102,32,7,87,201,18,23,94,14,46,41,63,0,195,1,49,0,6,7,29,38,0
2018/2019,hebron,local municipality of madibeng,bojanala,28.01714,-25.54938,106,8,198,21,2,0,44,279,14,8,92,36,6,72,250,13,16,86,25,40,34,92,0,208,5,47,4,22,8,46,69,0
2019/2020,hebron,local municipality of madibeng,bojanala,28.01714,-25.54938,111,1,168,10,2,0,36,247,38,14,79,30,4,117,312,11,38,67,12,42,15,77,0,186,2,48,21,5,8,28,18,0
2020/2021,hebron,local municipality of madibeng,bojanala,28.01714,-25.54938,99,2,141,24,6,0,28,152,14,11,78,19,6,5,48,5,24,74,12,34,23,57,0,161,6,46,0,5,5,30,17,0
2021/2022,hebron,local municipality of madibeng,bojanala,28.01714,-25.54938,154,6,193,27,0,0,30,193,25,14,122,33,7,90,95,7,28,93,16,26,16,35,1,128,8,35,8,2,7,12,24,2
2022/2023,hebron,local municipality of madibeng,bojanala,28.01714,-25.54938,188,6,219,11,3,0,50,220,40,13,140,25,6,134,137,21,14,122,12,47,35,34,0,191,5,55,26,38,6,19,19,0
2023/2024,hebron,bojanala district,bojanala district,28.01714,-25.54938,0,0,0,0,0,0,0,208,29,0,0,0,0,0,0,0,0,0,0,0,0,46,0,0,0,0,0,0,0,13,16,0
2024/2025,hebron,bojanala district,bojanala district,28.01714,-25.54938,0,0,0,0,0,0,0,175,56,0,0,0,0,0,0,0,0,0,0,0,0,74,0,0,0,0,0,0,0,14,18,0
2008/2009,heidedal,mangaung,mangaung,26.25019,-29.14242,531,3,292,10,2,0,67,198,5,42,354,120,9,34,25,0,1,198,9,32,25,3,0,86,10,49,0,53,1,43,115,2
2009/2010,heidedal,mangaung,mangaung,26.25019,-29.14242,471,4,278,7,2,0,90,186,9,52,340,99,9,23,35,1,1,197,9,13,27,2,1,103,21,41,0,165,0,33,117,1
2010/2011,heidedal,mangaung,mangaung,26.25019,-29.14242,425,1,262,6,0,0,133,171,6,66,346,54,8,24,89,4,1,173,8,30,15,5,2,78,3,37,0,158,1,42,93,0
2011/2012,heidedal,mangaung,mangaung,26.25019,-29.14242,525,6,269,10,5,0,149,223,5,65,330,79,4,20,136,3,1,203,6,25,16,1,0,79,7,39,1,164,0,58,121,0
2012/2013,heidedal,mangaung,mangaung,26.25019,-29.14242,444,6,237,11,3,0,166,251,17,97,366,71,8,24,116,2,1,163,9,40,12,6,0,85,7,54,0,267,1,27,164,1
2013/2014,heidedal,mangaung,mangaung,26.25019,-29.14242,432,2,260,9,3,0,135,234,17,182,376,86,7,48,164,10,21,166,5,27,12,5,1,99,3,34,0,152,0,39,147,0
2014/2015,heidedal,mangaung,mangaung,26.25019,-29.14242,339,2,228,10,2,0,106,208,15,72,260,54,10,18,249,2,21,183,6,25,21,0,0,88,4,37,0,173,0,26,160,0
2015/2016,heidedal,mangaung,mangaung,26.25019,-29.14242,387,4,171,10,3,0,121,248,10,79,245,78,8,34,312,1,22,168,9,23,13,6,0,59,5,35,1,154,0,20,138,0
2016/2017,heidedal,mangaung,mangaung,26.25019,-29.14242,415,9,162,5,2,0,96,178,9,296,261,55,5,53,272,5,14,152,11,30,19,1,1,83,3,38,12,190,1,20,121,1
2017/2018,heidedal,mangaung,mangaung,26.25019,-29.14242,375,3,192,9,1,0,126,195,6,88,266,55,9,35,277,3,13,182,7,15,16,5,0,81,6,27,13,221,0,15,121,1
2018/2019,heidedal,mangaung,mangaung,26.25019,-29.14242,346,2,221,11,5,0,104,163,10,65,267,53,4,30,151,2,12,141,10,21,18,2,2,138,6,34,0,204,0,18,138,0
2019/2020,heidedal,mangaung,mangaung,26.25019,-29.14242,366,7,212,12,1,0,166,183,11,125,265,43,8,89,101,1,21,160,13,36,11,0,1,151,9,50,0,186,1,17,115,0
2020/2021,heidedal,mangaung,mangaung,26.25019,-29.14242,263,1,189,13,2,0,92,82,5,98,196,39,7,15,67,0,14,115,11,19,12,4,0,108,9,31,0,132,0,18,84,0
2021/2022,heidedal,mangaung,mangaung,26.25019,-29.14242,297,2,181,12,1,0,90,116,7,102,259,21,6,28,61,3,22,177,11,15,14,1,2,105,6,22,0,119,1,12,121,0
2022/2023,heidedal,mangaung,mangaung,26.25019,-29.14242,333,2,224,7,1,0,70,102,9,88,332,31,5,47,103,19,14,188,7,33,18,0,0,94,4,41,0,160,1,15,108,0
2023/2024,heidedal,mangaung district,mangaung district,26.25019,-29.14242,0,0,0,0,0,0,0,82,4,0,0,0,0,0,0,0,0,0,0,0,0,4,0,0,0,0,0,0,0,7,101,0
2024/2025,heidedal,mangaung district,mangaung district,26.25019,-29.14242,0,0,0,0,0,0,0,76,4,0,0,0,0,0,0,0,0,0,0,0,0,1,0,0,0,0,0,0,0,6,85,0
2008/2009,heidelberg (gp),midvaal,sedibeng,28.35413,-26.49652,525,1,58,15,2,0,78,199,37,61,139,51,10,61,20,11,1,73,4,11,28,18,0,208,2,21,0,89,17,152,94,68
2009/2010,heidelberg (gp),midvaal,sedibeng,28.35413,-26.49652,385,2,71,4,1,0,121,278,26,108,157,65,9,38,37,10,1,74,8,11,27,20,0,168,3,20,0,101,25,147,122,42
2010/2011,heidelberg (gp),midvaal,sedibeng,28.35413,-26.49652,321,0,55,4,2,0,64,216,38,127,120,72,5,51,52,7,1,69,4,14,23,28,0,160,8,27,0,105,28,116,60,32
2011/2012,heidelberg (gp),midvaal,sedibeng,28.35413,-26.49652,321,0,52,5,0,0,53,190,24,56,93,31,7,74,111,18,1,39,4,16,9,10,1,110,5,22,0,137,17,72,73,34
2012/2013,heidelberg (gp),midvaal,sedibeng,28.35413,-26.49652,307,2,46,3,5,0,96,302,25,79,105,43,7,84,87,23,1,41,5,12,14,27,0,133,4,22,1,99,13,78,103,38
2013/2014,heidelberg (gp),midvaal,sedibeng,28.35413,-26.49652,298,0,42,4,1,0,87,358,27,78,108,28,5,93,91,9,14,34,3,9,9,13,0,112,4,17,0,126,19,70,64,40
2014/2015,heidelberg (gp),midvaal,sedibeng,28.35413,-26.49652,381,1,47,6,1,0,97,372,27,87,73,30,6,130,107,14,14,60,8,10,18,15,0,194,6,17,1,146,25,83,87,99
2015/2016,heidelberg (gp),midvaal,sedibeng,28.35413,-26.49652,288,1,38,9,1,0,74,261,19,86,85,30,6,202,124,16,12,59,5,15,27,14,0,169,5,21,2,110,10,76,73,73
2016/2017,heidelberg (gp),midvaal,sedibeng,28.35413,-26.49652,349,0,34,4,0,0,69,260,18,74,80,16,4,126,128,14,21,69,1,12,14,15,0,115,4,18,1,135,26,62,105,31
2017/2018,heidelberg (gp),midvaal,sedibeng,28.35413,-26.49652,294,0,20,6,0,0,87,250,37,88,87,19,6,126,136,7,12,69,7,11,15,22,0,165,3,14,0,107,30,55,87,43
2018/2019,heidelberg (gp),midvaal,sedibeng,28.35413,-26.49652,330,0,29,20,0,0,61,276,74,102,83,18,7,82,103,14,12,71,6,16,12,37,0,211,5,22,0,78,24,65,76,31
2019/2020,heidelberg (gp),midvaal,sedibeng,28.35413,-26.49652,362,2,35,13,0,0,115,234,90,96,109,22,6,77,158,20,12,48,4,23,15,27,0,218,7,30,1,118,22,61,71,22
2020/2021,heidelberg (gp),midvaal,sedibeng,28.35413,-26.49652,331,1,13,12,0,0,101,193,100,110,79,16,7,83,109,9,21,46,3,15,32,22,0,240,8,24,8,86,13,75,67,28
2021/2022,heidelberg (gp),midvaal,sedibeng,28.35413,-26.49652,306,3,48,13,1,0,95,247,106,129,84,18,6,120,170,10,112,70,7,14,33,15,0,258,4,19,0,85,12,88,68,32
2022/2023,heidelberg (gp),midvaal,sedibeng,28.35413,-26.49652,305,1,49,17,0,0,85,208,70,128,117,30,4,184,180,28,113,68,11,18,21,15,0,185,9,29,30,93,21,69,91,22
2023/2024,heidelberg (gp),sedibeng district,sedibeng district,28.35413,-26.49652,0,0,0,0,0,0,0,148,91,0,0,0,0,0,0,0,0,0,0,0,0,31,0,0,0,0,0,0,0,81,80,0
2024/2025,heidelberg (gp),sedibeng district,sedibeng district,28.35413,-26.49652,0,0,0,0,0,0,0,156,71,0,0,0,0,0,0,0,0,0,0,0,0,18,0,0,0,0,0,0,0,112,91,0
2008/2009,heidelberg(c),hessequa,garden route,20.95543,-34.08899,164,5,83,0,1,0,22,51,0,9,198,2,7,36,140,0,1,45,2,13,0,1,0,1,6,21,0,17,7,3,20,0
2009/2010,heidelberg(c),hessequa,garden route,20.95543,-34.08899,127,3,79,1,0,0,18,47,0,8,161,3,6,55,186,0,1,25,8,17,0,0,0,0,4,21,0,3,20,1,20,0
2010/2011,heidelberg(c),hessequa,garden route,20.95543,-34.08899,86,2,65,0,2,0,24,50,0,5,115,1,6,95,235,0,1,21,3,15,0,0,0,2,4,21,0,8,10,0,19,0
2011/2012,heidelberg(c),hessequa,garden route,20.95543,-34.08899,120,3,49,18,1,0,23,55,0,10,136,4,5,70,258,0,1,38,1,7,1,0,0,8,3,14,0,1,26,3,23,0
2012/2013,heidelberg(c),hessequa,garden route,20.95543,-34.08899,109,0,58,13,0,0,22,45,0,14,139,10,6,41,262,1,1,36,3,18,0,0,0,0,4,22,0,1,8,3,13,0
2013/2014,heidelberg(c),hessequa,garden route,20.95543,-34.08899,121,0,71,8,0,0,22,58,0,12,176,5,4,46,330,0,13,46,2,16,0,1,0,2,4,22,0,3,11,1,19,0
2014/2015,heidelberg(c),hessequa,garden route,20.95543,-34.08899,109,5,61,3,1,0,16,60,0,8,187,13,6,37,410,2,21,45,2,9,0,0,0,3,4,14,0,8,6,5,35,0
2015/2016,heidelberg(c),hessequa,garden route,20.95543,-34.08899,114,1,74,15,1,0,12,68,0,10,181,7,7,23,413,0,14,25,2,16,3,1,0,7,4,22,0,9,13,3,24,0
2016/2017,heidelberg(c),hessequa,garden route,20.95543,-34.08899,122,2,73,11,2,0,19,76,0,17,213,19,6,39,509,1,22,69,1,10,1,2,0,10,2,14,0,5,16,1,22,0
2017/2018,heidelberg(c),hessequa,garden route,20.95543,-34.08899,128,3,68,10,1,0,40,87,1,18,197,9,7,31,255,1,14,52,2,10,1,1,0,8,4,16,0,9,28,5,33,0
2018/2019,heidelberg(c),hessequa,garden route,20.95543,-34.08899,123,4,91,11,2,0,40,132,0,12,156,9,6,51,160,1,13,59,2,8,3,0,0,9,5,15,0,13,30,5,33,0
2019/2020,heidelberg(c),hessequa,garden route,20.95543,-34.08899,156,1,74,7,1,0,32,95,0,42,200,6,7,36,124,0,13,62,0,12,1,1,0,5,2,16,0,6,38,4,32,0
2020/2021,heidelberg(c),hessequa,garden route,20.95543,-34.08899,191,1,65,9,1,0,53,106,0,18,193,6,6,28,156,2,13,55,2,7,1,2,0,9,1,9,0,6,43,1,38,0
2021/2022,heidelberg(c),hessequa,garden route,20.95543,-34.08899,141,2,68,8,0,0,39,95,0,22,207,5,6,23,163,3,14,65,4,3,1,0,0,7,3,6,0,5,34,1,26,0
2022/2023,heidelberg(c),hessequa,garden route,20.95543,-34.08899,204,2,80,5,1,0,34,101,1,23,187,6,6,25,182,3,13,72,2,3,0,1,0,11,3,7,0,9,26,4,41,0
2023/2024,heidelberg(c),garden route district,garden route district,20.95543,-34.08899,0,0,0,0,0,0,0,116,1,0,0,0,0,0,0,0,0,0,0,0,0,1,0,0,0,0,0,0,0,1,27,0
2024/2025,heidelberg(c),garden route district,garden route district,20.95543,-34.08899,0,0,0,0,0,0,0,85,0,0,0,0,0,0,0,0,0,0,0,0,0,2,0,0,0,0,0,0,0,3,19,0
2008/2009,heilbron,ngwathe,fezile dabi,27.96707,-27.28279,196,3,151,11,4,0,43,125,0,11,250,31,10,6,39,4,1,96,10,41,4,1,0,19,4,55,0,20,95,12,9,1
2009/2010,heilbron,ngwathe,fezile dabi,27.96707,-27.28279,198,2,164,3,6,0,51,120,0,18,165,29,4,5,35,1,1,107,6,28,8,0,0,13,2,38,0,17,95,8,9,0
2010/2011,heilbron,ngwathe,fezile dabi,27.96707,-27.28279,164,5,136,1,2,0,41,76,1,21,147,12,5,7,22,2,1,87,6,25,0,2,0,13,7,37,0,15,76,16,8,0
2011/2012,heilbron,ngwathe,fezile dabi,27.96707,-27.28279,162,1,122,4,12,0,71,98,0,23,182,15,7,16,55,2,1,75,4,32,9,0,0,20,5,50,0,35,108,13,22,0
2012/2013,heilbron,ngwathe,fezile dabi,27.96707,-27.28279,211,6,125,5,1,0,63,204,0,22,187,26,9,12,93,2,1,108,3,29,16,0,0,27,3,38,0,55,60,9,35,0
2013/2014,heilbron,ngwathe,fezile dabi,27.96707,-27.28279,201,4,101,3,4,1,47,123,2,24,170,20,5,20,130,2,23,80,5,28,15,0,0,25,2,37,1,33,95,15,40,0
2014/2015,heilbron,ngwathe,fezile dabi,27.96707,-27.28279,171,2,96,2,1,0,60,123,0,14,139,5,7,30,171,3,13,51,2,26,13,3,0,26,2,30,0,28,87,20,40,2
2015/2016,heilbron,ngwathe,fezile dabi,27.96707,-27.28279,168,5,73,4,3,0,69,114,1,22,107,12,7,22,151,4,12,61,3,26,6,1,0,15,3,33,0,31,49,15,31,0
2016/2017,heilbron,ngwathe,fezile dabi,27.96707,-27.28279,145,1,69,3,0,0,50,125,2,17,84,3,6,33,224,7,13,41,7,20,9,2,0,29,4,24,0,32,78,9,13,1
2017/2018,heilbron,ngwathe,fezile dabi,27.96707,-27.28279,93,2,35,4,1,0,63,96,5,15,47,6,6,32,251,1,12,38,4,13,8,3,0,24,6,20,0,33,77,13,23,0
2018/2019,heilbron,ngwathe,fezile dabi,27.96707,-27.28279,129,1,61,6,0,0,78,87,0,17,62,4,6,34,122,9,21,29,9,11,7,7,0,28,4,15,0,23,57,17,25,4
2019/2020,heilbron,ngwathe,fezile dabi,27.96707,-27.28279,118,4,69,10,4,0,51,143,14,14,73,10,6,25,48,4,23,34,9,24,7,6,0,37,3,31,0,22,62,12,24,0
2020/2021,heilbron,ngwathe,fezile dabi,27.96707,-27.28279,142,3,58,3,2,0,48,135,6,22,93,8,5,17,68,4,17,67,3,15,5,7,0,27,3,23,0,19,34,23,30,0
2021/2022,heilbron,ngwathe,fezile dabi,27.96707,-27.28279,139,4,93,5,2,0,64,132,0,24,119,14,6,15,34,6,12,71,3,14,2,12,0,25,1,17,2,23,68,8,20,1
2022/2023,heilbron,ngwathe,fezile dabi,27.96707,-27.28279,184,2,101,5,1,0,66,153,1,32,154,14,4,21,59,3,14,68,8,18,3,6,0,19,3,24,0,28,54,14,24,2
2023/2024,heilbron,fezile dabi district,fezile dabi district,27.96707,-27.28279,0,0,0,0,0,0,0,113,0,0,0,0,0,0,0,0,0,0,0,0,0,7,0,0,0,0,0,0,0,21,23,0
2024/2025,heilbron,fezile dabi district,fezile dabi district,27.96707,-27.28279,0,0,0,0,0,0,0,126,1,0,0,0,0,0,0,0,0,0,0,0,0,7,0,0,0,0,0,0,0,19,21,0
2008/2009,hekpoort,mogale city,west rand,27.61817,-25.8961,145,4,34,2,2,0,6,70,1,4,28,2,7,1,1,0,1,21,4,8,1,0,0,9,0,11,0,0,24,3,2,2
2009/2010,hekpoort,mogale city,west rand,27.61817,-25.8961,131,1,51,4,0,0,10,76,5,2,32,3,7,4,4,0,1,20,3,6,1,2,0,17,1,8,0,1,8,7,11,4
2010/2011,hekpoort,mogale city,west rand,27.61817,-25.8961,97,2,41,1,1,0,2,59,3,5,33,5,7,4,4,0,1,9,3,6,0,4,0,12,0,8,0,2,21,4,1,3
2011/2012,hekpoort,mogale city,west rand,27.61817,-25.8961,110,2,32,2,0,0,2,81,4,8,28,4,7,10,7,1,1,28,2,9,2,9,0,15,1,11,0,0,13,7,5,1
2012/2013,hekpoort,mogale city,west rand,27.61817,-25.8961,110,1,28,1,0,0,1,66,0,2,30,2,7,8,10,3,1,20,1,6,1,1,0,6,1,8,0,0,11,8,9,0
2013/2014,hekpoort,mogale city,west rand,27.61817,-25.8961,100,0,25,0,0,0,1,56,3,5,24,1,6,6,12,2,13,21,0,9,0,0,0,5,0,9,0,0,9,10,9,2
2014/2015,hekpoort,mogale city,west rand,27.61817,-25.8961,97,1,40,3,0,0,0,81,3,5,21,1,6,8,6,5,12,20,1,5,0,4,0,10,1,6,0,0,18,6,11,1
2015/2016,hekpoort,mogale city,west rand,27.61817,-25.8961,123,3,27,9,0,0,4,75,0,4,18,5,7,15,7,4,13,35,0,2,4,3,0,17,0,3,0,0,14,3,6,0
2016/2017,hekpoort,mogale city,west rand,27.61817,-25.8961,78,2,33,2,0,0,12,79,0,16,30,2,7,9,11,5,13,31,3,4,5,2,0,16,0,5,0,0,19,7,14,2
2017/2018,hekpoort,mogale city,west rand,27.61817,-25.8961,70,0,26,1,0,0,11,38,3,9,13,3,6,10,7,9,12,21,0,3,4,4,0,17,0,3,0,0,15,7,3,1
2018/2019,hekpoort,mogale city,west rand,27.61817,-25.8961,85,0,24,0,0,0,6,39,5,13,23,3,4,12,12,2,13,21,1,1,3,7,0,16,1,4,0,0,28,6,6,0
2019/2020,hekpoort,mogale city,west rand,27.61817,-25.8961,69,2,26,0,0,0,27,51,0,8,20,3,6,21,24,7,12,17,1,2,8,3,0,16,2,4,0,0,18,7,8,0
2020/2021,hekpoort,mogale city,west rand,27.61817,-25.8961,81,0,21,1,0,0,16,32,11,17,29,1,6,16,9,5,14,21,0,3,6,6,0,29,1,4,0,0,33,8,8,0
2021/2022,hekpoort,mogale city,west rand,27.61817,-25.8961,75,2,22,1,0,0,19,35,11,15,14,0,6,28,7,1,14,22,0,7,3,8,0,31,0,7,0,0,12,10,9,3
2022/2023,hekpoort,mogale city,west rand,27.61817,-25.8961,78,1,22,1,0,0,21,49,0,14,18,3,6,18,12,3,22,17,0,5,1,3,0,18,1,6,0,0,27,12,9,9
2023/2024,hekpoort,west rand district,west rand district,27.61817,-25.8961,0,0,0,0,0,0,0,33,1,0,0,0,0,0,0,0,0,0,0,0,0,9,0,0,0,0,0,0,0,10,4,0
2024/2025,hekpoort,west rand district,west rand district,27.61817,-25.8961,0,0,0,0,0,0,0,58,2,0,0,0,0,0,0,0,0,0,0,0,0,4,0,0,0,0,0,0,0,6,10,0
2008/2009,helpmekaar,msinga,umzinyathi,30.41937,-28.44667,26,1,7,5,0,0,1,18,2,1,6,3,6,2,1,0,1,12,0,5,0,0,0,5,2,7,0,0,49,1,3,0
2009/2010,helpmekaar,msinga,umzinyathi,30.41937,-28.44667,18,2,14,4,0,0,5,17,1,1,4,2,6,3,8,2,1,5,2,3,0,0,0,7,0,3,0,0,36,0,0,0
2010/2011,helpmekaar,msinga,umzinyathi,30.41937,-28.44667,18,2,8,5,0,0,0,19,1,0,6,1,6,6,45,8,1,4,2,3,0,2,0,10,0,3,0,0,24,1,1,0
2011/2012,helpmekaar,msinga,umzinyathi,30.41937,-28.44667,10,0,8,0,0,0,0,8,0,0,7,1,6,8,48,23,1,2,5,2,0,2,0,5,1,3,0,0,23,1,1,1
2012/2013,helpmekaar,msinga,umzinyathi,30.41937,-28.44667,13,1,6,0,0,0,1,5,0,1,7,0,6,10,34,10,1,3,5,4,0,1,0,4,0,4,0,0,14,1,1,0
2013/2014,helpmekaar,msinga,umzinyathi,30.41937,-28.44667,15,1,8,4,0,0,2,6,1,1,1,2,6,16,48,10,13,1,1,8,0,1,0,7,2,10,0,0,9,0,1,0
2014/2015,helpmekaar,msinga,umzinyathi,30.41937,-28.44667,10,1,7,1,0,0,2,6,0,0,3,1,6,31,49,14,13,1,1,2,2,5,0,9,0,2,0,0,16,1,1,0
2015/2016,helpmekaar,msinga,umzinyathi,30.41937,-28.44667,16,1,8,5,0,0,7,11,0,0,2,1,6,27,44,12,13,7,5,5,0,6,0,11,2,7,0,0,15,1,0,0
2016/2017,helpmekaar,msinga,umzinyathi,30.41937,-28.44667,18,2,15,3,0,0,7,13,0,1,2,1,6,53,53,21,13,6,2,6,0,3,0,5,0,6,0,0,25,1,1,0
2017/2018,helpmekaar,msinga,umzinyathi,30.41937,-28.44667,16,1,12,5,0,0,7,14,0,1,4,2,6,65,87,19,13,6,2,2,0,1,0,2,1,3,0,0,24,0,1,0
2018/2019,helpmekaar,msinga,umzinyathi,30.41937,-28.44667,16,0,8,0,0,0,5,9,0,0,5,0,6,60,62,0,13,8,1,3,0,1,0,3,1,4,0,0,24,0,1,0
2019/2020,helpmekaar,msinga,umzinyathi,30.41937,-28.44667,18,0,8,2,0,0,4,13,1,0,1,0,6,48,2,5,12,4,11,1,0,2,0,5,0,1,0,0,43,1,3,0
2020/2021,helpmekaar,msinga,umzinyathi,30.41937,-28.44667,17,2,12,4,0,0,5,12,0,1,1,2,6,18,5,8,13,5,3,2,1,0,0,5,0,2,0,0,52,1,1,0
2021/2022,helpmekaar,msinga,umzinyathi,30.41937,-28.44667,12,0,11,3,0,0,9,12,1,0,2,1,6,3,5,6,13,3,5,3,0,1,0,4,0,3,0,0,58,1,0,0
2022/2023,helpmekaar,msinga,umzinyathi,30.41937,-28.44667,20,0,18,3,0,0,10,6,1,2,0,2,6,3,3,3,13,7,3,6,0,0,1,2,1,7,0,0,56,0,3,0
2023/2024,helpmekaar,umzinyathi district,umzinyathi district,30.41937,-28.44667,0,0,0,0,0,0,0,7,1,0,0,0,0,0,0,0,0,0,0,0,0,0,0,0,0,0,0,0,0,0,1,0
2024/2025,helpmekaar,umzinyathi district,umzinyathi district,30.41937,-28.44667,0,0,0,0,0,0,0,7,0,0,0,0,0,0,0,0,0,0,0,0,0,1,0,0,0,0,0,0,0,0,2,0
2008/2009,henderson,enoch mgijima,chris hani,27.33609,-32.3144,4,0,1,0,0,0,0,5,0,0,0,0,5,1,1,0,1,1,1,1,0,0,0,0,0,4,0,0,15,0,0,0
2009/2010,henderson,enoch mgijima,chris hani,27.33609,-32.3144,3,0,1,0,0,0,0,2,0,0,0,0,6,0,0,0,1,0,0,0,0,0,0,0,0,0,0,0,16,0,0,0
2010/2011,henderson,enoch mgijima,chris hani,27.33609,-32.3144,0,0,1,0,0,0,0,3,0,0,2,0,6,0,0,0,1,2,0,0,0,0,0,0,0,0,0,0,8,0,0,0
2011/2012,henderson,enoch mgijima,chris hani,27.33609,-32.3144,7,0,2,0,0,0,0,0,0,0,1,0,6,0,1,0,1,1,1,1,0,0,0,0,0,1,0,0,4,0,0,0
2012/2013,henderson,enoch mgijima,chris hani,27.33609,-32.3144,2,0,3,0,0,0,0,3,0,0,0,0,6,0,0,0,1,0,0,1,0,0,0,0,0,1,0,0,13,1,0,0
2013/2014,henderson,enoch mgijima,chris hani,27.33609,-32.3144,1,0,0,0,0,0,0,1,0,0,0,0,6,0,0,0,13,1,0,0,0,0,0,0,0,0,0,0,19,0,0,0
2014/2015,henderson,enoch mgijima,chris hani,27.33609,-32.3144,4,0,0,0,0,0,0,0,0,0,0,0,6,0,0,0,13,0,0,0,0,0,0,0,0,0,0,0,31,0,0,0
2015/2016,henderson,enoch mgijima,chris hani,27.33609,-32.3144,0,0,0,0,0,0,1,2,0,0,0,0,6,0,0,0,13,0,0,0,0,0,0,0,0,0,0,0,22,0,0,0
2016/2017,henderson,enoch mgijima,chris hani,27.33609,-32.3144,0,0,0,0,0,0,0,0,0,0,0,0,6,0,0,0,13,1,0,1,0,0,0,0,0,1,0,0,19,0,0,0
2017/2018,henderson,enoch mgijima,chris hani,27.33609,-32.3144,0,0,3,0,0,0,0,0,0,0,0,0,6,0,0,0,13,0,0,1,0,0,0,0,0,1,0,0,17,0,0,0
2018/2019,henderson,enoch mgijima,chris hani,27.33609,-32.3144,1,0,0,0,0,0,0,2,0,0,0,0,6,0,0,0,13,0,0,0,0,0,0,0,0,0,0,0,15,0,0,0
2019/2020,henderson,enoch mgijima,chris hani,27.33609,-32.3144,0,0,1,0,0,0,0,0,0,0,0,0,6,0,0,0,13,2,2,0,0,0,0,0,0,0,0,0,23,0,0,0
2020/2021,henderson,enoch mgijima,chris hani,27.33609,-32.3144,0,0,1,1,0,0,0,0,0,1,0,0,6,0,1,0,13,0,0,0,0,0,0,0,0,0,0,0,16,0,0,0
2021/2022,henderson,enoch mgijima,chris hani,27.33609,-32.3144,1,0,1,0,0,0,0,1,0,0,0,0,6,0,0,0,13,0,0,0,0,0,0,0,0,0,0,0,7,0,0,0
2022/2023,henderson,enoch mgijima,chris hani,27.33609,-32.3144,1,0,1,0,0,0,0,0,0,0,1,0,6,0,0,2,13,0,0,0,0,0,0,1,0,0,0,0,5,0,0,0
2023/2024,henderson,chris hani district,chris hani district,27.33609,-32.3144,0,0,0,0,0,0,0,0,0,0,0,0,0,0,0,0,0,0,0,0,0,0,0,0,0,0,0,0,0,0,0,0
2024/2025,henderson,chris hani district,chris hani district,27.33609,-32.3144,0,0,0,0,0,0,0,1,0,0,0,0,0,0,0,0,0,0,0,0,0,0,0,0,0,0,0,0,0,0,0,0
2008/2009,hendrina,steve tshwete,nkangala,29.71433,-26.16052,213,0,79,7,0,0,47,106,3,19,94,15,9,22,13,3,1,71,3,33,5,0,0,29,4,42,0,20,21,37,32,5
2009/2010,hendrina,steve tshwete,nkangala,29.71433,-26.16052,226,1,81,5,0,0,40,134,4,54,123,25,4,45,20,4,1,57,8,23,14,6,0,37,1,26,0,17,30,44,22,3
2010/2011,hendrina,steve tshwete,nkangala,29.71433,-26.16052,226,1,71,4,0,0,42,143,0,62,91,14,5,78,17,3,1,60,7,21,8,9,0,27,2,26,0,12,23,44,28,2
2011/2012,hendrina,steve tshwete,nkangala,29.71433,-26.16052,266,0,96,1,1,0,42,141,2,34,111,28,6,104,16,1,1,70,7,20,14,11,0,36,2,23,0,11,27,30,19,1
2012/2013,hendrina,steve tshwete,nkangala,29.71433,-26.16052,170,1,66,7,0,0,52,148,2,66,89,21,4,153,38,2,1,86,7,20,6,5,0,22,3,25,8,11,18,24,30,1
2013/2014,hendrina,steve tshwete,nkangala,29.71433,-26.16052,188,1,49,0,0,0,49,176,4,47,71,14,7,40,43,3,12,74,9,18,2,3,0,20,3,22,0,14,30,33,24,1
2014/2015,hendrina,steve tshwete,nkangala,29.71433,-26.16052,234,0,64,6,2,0,60,174,2,30,67,17,6,77,42,2,21,64,2,20,4,5,0,18,0,22,0,16,24,33,36,0
2015/2016,hendrina,steve tshwete,nkangala,29.71433,-26.16052,210,1,57,3,1,0,64,162,3,23,55,6,7,100,49,1,12,47,5,16,12,1,0,22,0,18,0,9,22,29,45,0
2016/2017,hendrina,steve tshwete,nkangala,29.71433,-26.16052,276,0,55,1,1,0,71,138,2,46,60,10,7,155,100,1,21,48,7,8,13,1,0,21,1,11,0,21,38,16,33,0
2017/2018,hendrina,steve tshwete,nkangala,29.71433,-26.16052,205,0,50,5,1,0,76,75,6,39,56,3,7,188,119,2,13,31,6,10,3,5,1,28,0,12,0,19,49,15,22,1
2018/2019,hendrina,steve tshwete,nkangala,29.71433,-26.16052,192,1,49,3,0,0,46,132,0,42,58,6,6,234,94,4,12,23,4,14,16,1,1,27,2,16,0,15,59,26,23,0
2019/2020,hendrina,steve tshwete,nkangala,29.71433,-26.16052,165,0,52,6,0,0,49,97,3,41,66,10,6,191,109,2,21,50,4,12,12,3,0,37,3,15,0,34,23,16,37,2
2020/2021,hendrina,steve tshwete,nkangala,29.71433,-26.16052,154,1,80,6,1,0,45,100,1,48,78,3,6,81,40,1,23,41,6,12,15,6,0,32,5,18,0,20,16,7,36,0
2021/2022,hendrina,steve tshwete,nkangala,29.71433,-26.16052,131,0,48,6,0,0,35,79,5,55,80,9,4,89,112,1,14,53,4,10,13,3,1,38,3,15,0,27,48,23,27,1
2022/2023,hendrina,steve tshwete,nkangala,29.71433,-26.16052,116,0,66,8,0,0,38,93,2,49,85,7,7,65,60,10,25,52,5,14,20,6,0,52,2,17,0,21,46,18,36,4
2023/2024,hendrina,nkangala district,nkangala district,29.71433,-26.16052,0,0,0,0,0,0,0,96,1,0,0,0,0,0,0,0,0,0,0,0,0,3,0,0,0,0,0,0,0,26,34,0
2024/2025,hendrina,nkangala district,nkangala district,29.71433,-26.16052,0,0,0,0,0,0,0,94,4,0,0,0,0,0,0,0,0,0,0,0,0,5,0,0,0,0,0,0,0,14,26,0
2008/2009,hennenman,matjhabeng,lejweleputswa,27.02748,-27.97913,356,8,261,7,4,0,31,114,1,5,214,30,6,17,31,2,1,97,3,22,4,4,0,17,3,29,0,9,24,8,6,0
2009/2010,hennenman,matjhabeng,lejweleputswa,27.02748,-27.97913,273,1,146,4,2,0,33,103,0,13,256,21,7,27,68,1,1,90,3,20,8,1,0,14,5,28,0,9,27,15,6,0
2010/2011,hennenman,matjhabeng,lejweleputswa,27.02748,-27.97913,266,1,167,0,2,0,31,82,0,18,195,19,6,35,42,2,1,86,6,22,6,2,0,9,9,33,0,9,30,8,10,0
2011/2012,hennenman,matjhabeng,lejweleputswa,27.02748,-27.97913,283,2,160,2,2,0,57,86,0,16,231,17,4,39,47,0,1,56,4,34,8,2,1,17,4,42,1,11,31,16,9,0
2012/2013,hennenman,matjhabeng,lejweleputswa,27.02748,-27.97913,264,0,180,4,4,0,58,96,0,20,212,12,5,37,56,0,1,53,7,67,11,7,0,23,8,82,0,6,29,12,9,0
2013/2014,hennenman,matjhabeng,lejweleputswa,27.02748,-27.97913,200,1,167,4,2,0,53,97,2,20,193,14,7,38,67,4,12,62,11,45,5,3,0,17,13,61,0,4,30,9,12,0
2014/2015,hennenman,matjhabeng,lejweleputswa,27.02748,-27.97913,164,0,150,2,1,0,54,68,0,17,200,11,4,48,114,1,13,66,8,27,2,2,0,5,11,41,1,10,40,14,10,0
2015/2016,hennenman,matjhabeng,lejweleputswa,27.02748,-27.97913,225,1,136,3,0,0,55,93,1,14,169,27,6,53,125,4,14,71,9,19,5,3,0,16,11,30,0,4,37,10,13,1
2016/2017,hennenman,matjhabeng,lejweleputswa,27.02748,-27.97913,193,0,133,4,4,0,54,112,0,10,196,29,8,44,119,5,12,58,7,32,9,1,0,11,4,44,1,5,33,16,20,0
2017/2018,hennenman,matjhabeng,lejweleputswa,27.02748,-27.97913,161,1,102,1,4,0,41,98,1,10,142,17,4,43,121,1,13,42,9,19,4,5,0,15,11,36,0,1,50,13,13,0
2018/2019,hennenman,matjhabeng,lejweleputswa,27.02748,-27.97913,163,2,133,4,1,0,58,123,2,20,128,19,8,34,51,1,13,41,6,21,9,4,0,28,11,37,0,6,38,12,19,0
2019/2020,hennenman,matjhabeng,lejweleputswa,27.02748,-27.97913,134,2,127,3,0,0,71,154,0,24,136,17,6,20,13,1,14,29,6,33,7,2,0,19,11,44,0,1,49,13,29,0
2020/2021,hennenman,matjhabeng,lejweleputswa,27.02748,-27.97913,169,1,119,10,0,0,67,110,0,32,157,11,6,28,14,0,21,58,10,33,11,6,0,36,9,42,0,4,37,6,25,0
2021/2022,hennenman,matjhabeng,lejweleputswa,27.02748,-27.97913,308,1,142,6,0,0,50,111,0,30,220,21,6,20,24,7,23,58,2,32,8,8,0,48,14,46,1,7,41,7,29,0
2022/2023,hennenman,matjhabeng,lejweleputswa,27.02748,-27.97913,294,0,141,11,1,0,54,139,0,22,233,14,6,25,23,0,22,77,4,33,20,7,0,49,7,41,4,8,52,10,20,0
2023/2024,hennenman,lejweleputswa district,lejweleputswa district,27.02748,-27.97913,0,0,0,0,0,0,0,126,1,0,0,0,0,0,0,0,0,0,0,0,0,6,0,0,0,0,0,0,0,3,19,0
2024/2025,hennenman,lejweleputswa district,lejweleputswa district,27.02748,-27.97913,0,0,0,0,0,0,0,136,0,0,0,0,0,0,0,0,0,0,0,0,0,2,0,0,0,0,0,0,0,3,17,0
2008/2009,hercules,city of tshwane,city of tshwane,28.1488,-25.71914,1050,4,201,32,4,1,141,393,18,149,495,91,38,66,88,13,1,258,9,39,25,55,0,174,25,92,0,28,8,307,188,2
2009/2010,hercules,city of tshwane,city of tshwane,28.1488,-25.71914,978,5,201,31,3,1,168,473,6,150,439,73,38,73,61,10,1,221,8,39,33,57,2,165,16,82,0,61,12,352,193,2
2010/2011,hercules,city of tshwane,city of tshwane,28.1488,-25.71914,1074,9,235,17,3,1,155,562,8,192,360,84,31,67,51,9,1,191,12,36,18,49,1,152,25,83,0,65,14,337,185,5
2011/2012,hercules,city of tshwane,city of tshwane,28.1488,-25.71914,1044,14,167,23,1,0,112,482,7,111,336,85,12,61,104,6,1,178,6,26,11,16,0,108,21,55,4,50,16,251,185,0
2012/2013,hercules,city of tshwane,city of tshwane,28.1488,-25.71914,844,12,141,20,0,0,113,482,7,112,272,65,17,67,181,9,1,172,10,32,19,26,1,114,16,57,2,56,9,301,214,0
2013/2014,hercules,city of tshwane,city of tshwane,28.1488,-25.71914,796,8,167,28,1,0,114,440,12,116,247,73,4,59,164,15,25,155,7,32,19,45,0,130,22,57,10,78,18,298,173,2
2014/2015,hercules,city of tshwane,city of tshwane,28.1488,-25.71914,1059,4,172,27,0,0,102,455,17,141,318,80,12,62,233,16,22,210,5,33,27,47,0,172,29,69,10,70,11,297,182,4
2015/2016,hercules,city of tshwane,city of tshwane,28.1488,-25.71914,1058,16,221,26,0,0,140,533,24,126,322,109,19,66,303,14,2,228,11,29,34,37,0,191,31,74,11,64,7,248,171,2
2016/2017,hercules,city of tshwane,city of tshwane,28.1488,-25.71914,978,4,199,21,0,0,104,505,16,179,324,89,5,38,435,15,3,228,10,28,29,45,1,186,31,62,2,75,17,217,188,4
2017/2018,hercules,city of tshwane,city of tshwane,28.1488,-25.71914,954,7,197,19,0,0,106,508,16,138,355,88,7,54,484,11,36,225,11,35,26,27,1,176,20,56,0,54,6,210,171,0
2018/2019,hercules,city of tshwane,city of tshwane,28.1488,-25.71914,1070,7,231,17,0,0,148,647,18,154,340,103,10,63,350,8,28,270,7,31,35,19,0,179,26,63,4,50,12,232,241,3
2019/2020,hercules,city of tshwane,city of tshwane,28.1488,-25.71914,967,0,213,20,0,0,136,530,20,137,348,122,9,40,269,8,16,256,7,32,33,26,1,187,15,52,1,16,16,277,275,1
2020/2021,hercules,city of tshwane,city of tshwane,28.1488,-25.71914,704,0,199,15,0,0,102,326,17,172,330,82,11,31,130,8,2,175,9,29,22,22,0,195,17,54,0,46,27,166,186,8
2021/2022,hercules,city of tshwane,city of tshwane,28.1488,-25.71914,1032,1,258,10,0,0,84,293,24,189,399,96,8,32,118,10,26,191,5,31,51,20,0,225,28,63,4,20,19,198,183,6
2022/2023,hercules,city of tshwane,city of tshwane,28.1488,-25.71914,1058,0,291,28,0,0,118,373,24,241,503,133,5,53,149,17,41,252,7,43,51,43,0,285,18,64,1,47,14,240,225,4
2023/2024,hercules,tshwane district,tshwane district,28.1488,-25.71914,0,0,0,0,0,0,0,356,25,0,0,0,0,0,0,0,0,0,0,0,0,44,0,0,0,0,0,0,0,209,193,0
2024/2025,hercules,tshwane district,tshwane district,28.1488,-25.71914,0,0,0,0,0,0,0,305,32,0,0,0,0,0,0,0,0,0,0,0,0,36,0,0,0,0,0,0,0,213,187,0
2008/2009,hermanus,overstrand,overberg,19.23623,-34.41859,436,5,172,7,2,0,66,427,0,117,136,22,16,98,288,13,1,143,21,39,5,13,0,34,5,56,0,111,0,18,110,1
2009/2010,hermanus,overstrand,overberg,19.23623,-34.41859,475,7,229,23,4,0,52,421,0,131,213,26,16,171,339,10,1,159,19,49,15,15,0,59,9,72,0,122,2,30,206,0
2010/2011,hermanus,overstrand,overberg,19.23623,-34.41859,528,11,271,20,9,0,76,402,0,103,220,31,7,150,318,15,1,171,16,50,23,13,0,64,12,72,0,181,4,20,158,0
2011/2012,hermanus,overstrand,overberg,19.23623,-34.41859,647,5,262,12,5,0,95,503,0,93,205,21,12,146,288,8,1,188,13,29,15,13,0,65,12,53,0,104,7,27,203,2
2012/2013,hermanus,overstrand,overberg,19.23623,-34.41859,708,4,243,12,3,0,108,480,1,123,206,38,8,100,259,5,1,180,14,34,24,23,1,104,7,48,1,80,1,25,119,0
2013/2014,hermanus,overstrand,overberg,19.23623,-34.41859,723,3,336,11,8,0,139,527,1,104,280,42,11,125,352,6,23,204,15,49,9,20,0,102,17,82,3,98,0,26,170,0
2014/2015,hermanus,overstrand,overberg,19.23623,-34.41859,763,8,328,23,10,0,161,657,1,116,294,47,4,154,375,8,17,232,12,32,19,23,0,107,16,60,0,141,0,19,211,0
2015/2016,hermanus,overstrand,overberg,19.23623,-34.41859,803,10,335,49,4,0,208,724,2,139,351,60,11,111,380,12,28,233,24,50,10,31,0,167,13,75,2,123,0,34,268,0
2016/2017,hermanus,overstrand,overberg,19.23623,-34.41859,749,10,268,76,4,0,171,916,0,116,392,76,4,105,528,6,25,261,16,56,12,32,0,187,13,75,1,103,0,26,248,2
2017/2018,hermanus,overstrand,overberg,19.23623,-34.41859,833,14,253,82,4,0,189,869,2,151,346,65,7,143,700,21,14,276,20,40,7,32,1,171,20,65,1,114,1,38,343,0
2018/2019,hermanus,overstrand,overberg,19.23623,-34.41859,714,13,227,96,0,0,299,822,4,212,330,51,6,124,610,16,28,274,18,46,7,21,0,112,17,63,0,196,0,44,344,0
2019/2020,hermanus,overstrand,overberg,19.23623,-34.41859,638,8,215,59,0,0,112,647,3,225,317,48,5,152,544,24,24,213,26,38,22,26,0,124,10,51,0,227,1,50,230,0
2020/2021,hermanus,overstrand,overberg,19.23623,-34.41859,455,9,149,55,1,0,91,474,1,190,239,47,6,73,594,23,2,211,27,50,19,17,0,109,11,62,2,168,0,22,177,0
2021/2022,hermanus,overstrand,overberg,19.23623,-34.41859,548,9,172,48,2,0,134,414,1,304,334,51,7,105,894,15,26,216,26,49,11,34,0,146,12,64,1,95,0,36,187,0
2022/2023,hermanus,overstrand,overberg,19.23623,-34.41859,554,6,180,40,3,0,100,460,2,399,370,48,5,133,1144,16,38,237,25,33,4,34,0,146,17,56,1,162,1,41,151,1
2023/2024,hermanus,overberg district,overberg district,19.23623,-34.41859,0,0,0,0,0,0,0,408,0,0,0,0,0,0,0,0,0,0,0,0,0,28,0,0,0,0,0,0,0,22,166,0
2024/2025,hermanus,overberg district,overberg district,19.23623,-34.41859,0,0,0,0,0,0,0,347,1,0,0,0,0,0,0,0,0,0,0,0,0,26,0,0,0,0,0,0,0,25,134,0
2008/2009,hertzogville,tokologo,lejweleputswa,25.50616,-28.13091,62,1,102,4,6,0,19,48,0,4,80,10,6,3,4,0,1,16,4,16,4,1,0,8,0,22,0,2,27,5,2,0
2009/2010,hertzogville,tokologo,lejweleputswa,25.50616,-28.13091,62,2,93,3,3,0,17,65,0,4,69,10,4,1,9,0,1,24,5,16,2,2,0,6,4,25,0,3,27,3,3,0
2010/2011,hertzogville,tokologo,lejweleputswa,25.50616,-28.13091,56,2,114,1,4,0,20,36,1,6,138,8,4,3,20,0,1,15,8,17,1,2,0,6,1,24,0,1,33,1,1,0
2011/2012,hertzogville,tokologo,lejweleputswa,25.50616,-28.13091,56,0,91,2,2,0,16,63,0,6,101,13,6,2,21,1,1,22,5,23,4,1,0,8,1,26,1,0,43,2,10,0
2012/2013,hertzogville,tokologo,lejweleputswa,25.50616,-28.13091,59,1,89,2,3,0,23,48,0,6,101,12,7,1,24,0,1,31,4,21,0,0,0,0,0,25,0,2,43,4,3,0
2013/2014,hertzogville,tokologo,lejweleputswa,25.50616,-28.13091,77,1,72,2,1,0,23,53,0,4,89,5,6,1,26,3,13,27,1,12,0,0,0,2,0,13,0,0,63,3,7,0
2014/2015,hertzogville,tokologo,lejweleputswa,25.50616,-28.13091,45,0,64,3,1,0,18,69,0,9,46,3,6,1,31,1,13,12,4,22,0,0,0,4,1,24,0,1,44,1,4,0
2015/2016,hertzogville,tokologo,lejweleputswa,25.50616,-28.13091,43,0,99,0,2,0,28,53,1,5,51,3,7,1,17,0,13,21,4,16,4,0,0,7,2,21,0,0,42,1,3,0
2016/2017,hertzogville,tokologo,lejweleputswa,25.50616,-28.13091,56,1,68,1,0,0,30,55,0,2,38,6,6,1,14,2,12,14,2,18,7,5,0,14,4,22,0,0,32,3,8,0
2017/2018,hertzogville,tokologo,lejweleputswa,25.50616,-28.13091,42,0,68,4,0,0,26,38,0,7,58,4,6,0,15,0,13,8,3,11,1,2,0,3,0,11,0,0,25,2,2,0
2018/2019,hertzogville,tokologo,lejweleputswa,25.50616,-28.13091,29,1,48,1,0,0,23,49,1,4,44,4,6,2,13,0,13,15,5,16,4,4,0,11,0,16,0,1,35,1,6,0
2019/2020,hertzogville,tokologo,lejweleputswa,25.50616,-28.13091,47,0,65,2,2,0,17,54,0,6,44,4,6,1,3,3,21,10,1,14,3,0,0,7,1,17,0,1,26,2,3,0
2020/2021,hertzogville,tokologo,lejweleputswa,25.50616,-28.13091,56,2,36,2,0,0,22,56,0,5,63,5,6,0,1,2,12,22,1,15,5,0,0,7,0,15,0,1,19,1,8,0
2021/2022,hertzogville,tokologo,lejweleputswa,25.50616,-28.13091,50,0,80,3,3,0,7,46,0,9,85,3,6,0,14,1,12,18,2,14,2,3,0,6,1,18,0,3,8,2,3,0
2022/2023,hertzogville,tokologo,lejweleputswa,25.50616,-28.13091,86,1,94,0,5,0,15,55,0,9,115,4,6,1,11,0,14,19,3,13,4,1,0,10,3,21,0,2,17,0,6,0
2023/2024,hertzogville,lejweleputswa district,lejweleputswa district,25.50616,-28.13091,0,0,0,0,0,0,0,50,0,0,0,0,0,0,0,0,0,0,0,0,0,1,0,0,0,0,0,0,0,0,4,0
2024/2025,hertzogville,lejweleputswa district,lejweleputswa district,25.50616,-28.13091,0,0,0,0,0,0,0,52,0,0,0,0,0,0,0,0,0,0,0,0,0,0,0,0,0,0,0,0,0,1,8,0
2008/2009,heuningspruit,ngwathe,fezile dabi,27.42303,-27.44889,21,0,10,1,0,0,1,8,0,1,11,1,6,1,14,0,1,5,0,2,0,1,0,2,0,2,0,0,23,4,2,1
2009/2010,heuningspruit,ngwathe,fezile dabi,27.42303,-27.44889,20,2,5,0,0,0,1,7,0,0,7,0,6,2,1,0,1,2,1,2,0,0,0,0,0,2,0,0,20,1,4,0
2010/2011,heuningspruit,ngwathe,fezile dabi,27.42303,-27.44889,8,0,2,0,0,0,0,1,0,0,1,0,6,2,4,0,1,3,1,1,0,0,0,0,0,1,0,0,16,2,0,0
2011/2012,heuningspruit,ngwathe,fezile dabi,27.42303,-27.44889,6,0,6,0,0,0,0,5,0,1,4,0,6,2,8,0,1,2,0,1,0,0,0,0,0,1,0,0,11,0,0,0
2012/2013,heuningspruit,ngwathe,fezile dabi,27.42303,-27.44889,17,0,3,0,0,0,0,3,0,0,1,0,6,1,7,0,1,2,0,2,0,0,0,0,2,4,0,0,16,1,1,0
2013/2014,heuningspruit,ngwathe,fezile dabi,27.42303,-27.44889,20,0,3,0,0,0,0,9,0,3,1,0,6,3,8,1,13,1,0,1,0,0,0,1,0,1,0,0,29,1,4,1
2014/2015,heuningspruit,ngwathe,fezile dabi,27.42303,-27.44889,13,0,2,0,0,0,0,4,0,1,5,0,6,1,7,0,13,2,0,1,0,0,0,0,0,1,0,0,12,1,1,0
2015/2016,heuningspruit,ngwathe,fezile dabi,27.42303,-27.44889,10,0,4,0,0,0,0,9,0,0,1,0,6,0,10,1,13,4,0,0,1,0,0,2,0,0,0,0,13,2,1,1
2016/2017,heuningspruit,ngwathe,fezile dabi,27.42303,-27.44889,14,0,2,0,0,0,1,18,0,0,2,0,6,3,4,0,13,2,0,0,0,1,0,2,0,0,0,0,12,2,5,0
2017/2018,heuningspruit,ngwathe,fezile dabi,27.42303,-27.44889,18,0,2,0,0,0,0,4,0,1,7,0,6,2,2,0,21,4,1,0,0,0,0,2,0,0,0,0,6,0,2,0
2018/2019,heuningspruit,ngwathe,fezile dabi,27.42303,-27.44889,16,0,2,0,0,0,1,3,0,0,0,0,6,0,2,0,13,0,0,1,0,1,0,2,0,1,0,0,12,0,2,1
2019/2020,heuningspruit,ngwathe,fezile dabi,27.42303,-27.44889,8,0,3,0,0,0,2,4,0,0,4,0,6,0,0,0,13,2,0,0,0,0,0,1,0,0,0,0,11,0,1,1
2020/2021,heuningspruit,ngwathe,fezile dabi,27.42303,-27.44889,4,0,1,0,0,0,0,2,0,1,3,0,6,0,0,0,13,2,0,0,0,0,0,1,0,0,0,0,7,0,2,1
2021/2022,heuningspruit,ngwathe,fezile dabi,27.42303,-27.44889,6,0,8,0,0,0,0,0,0,0,8,0,6,1,0,0,13,4,0,1,0,0,0,1,0,1,0,0,4,0,1,1
2022/2023,heuningspruit,ngwathe,fezile dabi,27.42303,-27.44889,13,0,1,0,0,0,0,7,0,1,1,0,6,0,0,0,12,6,0,0,0,0,0,2,0,0,0,0,8,0,0,0
2023/2024,heuningspruit,fezile dabi district,fezile dabi district,27.42303,-27.44889,0,0,0,0,0,0,0,0,0,0,0,0,0,0,0,0,0,0,0,0,0,0,0,0,0,0,0,0,0,0,2,0
2024/2025,heuningspruit,fezile dabi district,fezile dabi district,27.42303,-27.44889,0,0,0,0,0,0,0,0,0,0,0,0,0,0,0,0,0,0,0,0,0,0,0,0,0,0,0,0,0,0,1,0
2008/2009,heuningvlei,joe morolong,john taolo gaetsewe,23.17961,-26.2937,11,0,36,2,3,1,10,11,0,1,21,3,6,0,1,0,1,7,0,4,0,0,0,1,0,7,0,0,16,1,0,0
2009/2010,heuningvlei,joe morolong,john taolo gaetsewe,23.17961,-26.2937,9,0,23,0,1,0,9,4,0,0,11,0,6,0,3,0,1,2,2,5,0,0,0,0,0,6,0,0,10,0,0,0
2010/2011,heuningvlei,joe morolong,john taolo gaetsewe,23.17961,-26.2937,6,0,38,1,2,0,3,4,0,1,5,1,6,0,0,0,1,7,0,8,0,0,0,0,0,10,0,0,11,0,2,0
2011/2012,heuningvlei,joe morolong,john taolo gaetsewe,23.17961,-26.2937,14,0,37,2,1,0,8,8,0,0,20,1,6,0,0,0,1,3,2,5,4,1,0,5,1,7,0,0,13,0,1,0
2012/2013,heuningvlei,joe morolong,john taolo gaetsewe,23.17961,-26.2937,13,1,34,2,0,0,9,2,0,0,14,1,6,0,0,0,1,5,4,4,0,0,0,1,0,4,0,0,20,0,0,0
2013/2014,heuningvlei,joe morolong,john taolo gaetsewe,23.17961,-26.2937,8,1,12,0,0,0,0,2,0,1,6,1,6,0,0,0,12,7,0,3,2,0,0,3,1,4,0,0,18,0,0,0
2014/2015,heuningvlei,joe morolong,john taolo gaetsewe,23.17961,-26.2937,15,3,18,1,0,0,8,5,0,0,14,1,6,0,2,0,13,9,2,4,0,0,0,0,0,4,0,0,10,0,2,0
2015/2016,heuningvlei,joe morolong,john taolo gaetsewe,23.17961,-26.2937,6,1,22,2,1,0,5,6,0,0,7,0,6,0,0,0,13,4,0,7,1,0,0,1,0,8,0,0,9,0,1,0
2016/2017,heuningvlei,joe morolong,john taolo gaetsewe,23.17961,-26.2937,11,0,28,0,0,0,2,11,0,1,11,0,6,0,0,0,12,7,1,5,1,0,0,1,0,5,0,0,7,0,0,0
2017/2018,heuningvlei,joe morolong,john taolo gaetsewe,23.17961,-26.2937,9,2,33,0,0,0,3,6,0,0,10,0,6,0,0,0,13,5,1,7,2,0,0,2,1,8,0,0,8,0,1,0
2018/2019,heuningvlei,joe morolong,john taolo gaetsewe,23.17961,-26.2937,10,0,23,0,0,0,3,3,0,0,4,0,6,0,0,0,13,8,0,7,4,0,0,4,0,7,0,0,2,0,1,0
2019/2020,heuningvlei,joe morolong,john taolo gaetsewe,23.17961,-26.2937,9,0,17,1,0,0,2,3,0,1,3,0,6,0,0,1,13,3,2,1,2,1,0,4,0,1,0,0,6,0,0,0
2020/2021,heuningvlei,joe morolong,john taolo gaetsewe,23.17961,-26.2937,2,0,23,0,0,0,0,3,0,0,3,0,6,0,0,0,13,3,1,6,1,0,0,2,0,6,0,0,2,0,0,0
2021/2022,heuningvlei,joe morolong,john taolo gaetsewe,23.17961,-26.2937,7,0,19,3,0,0,7,1,0,0,3,0,6,0,0,2,13,1,0,1,0,1,0,1,0,1,0,0,4,0,1,0
2022/2023,heuningvlei,joe morolong,john taolo gaetsewe,23.17961,-26.2937,3,0,9,2,0,0,2,5,0,2,3,0,6,0,0,0,21,4,1,5,0,1,0,2,0,5,0,0,3,0,0,0
2023/2024,heuningvlei,john taolo gaetsewe district,john taolo gaetsewe district,23.17961,-26.2937,0,0,0,0,0,0,0,2,0,0,0,0,0,0,0,0,0,0,0,0,0,0,0,0,0,0,0,0,0,0,2,0
2024/2025,heuningvlei,john taolo gaetsewe district,john taolo gaetsewe district,23.17961,-26.2937,0,0,0,0,0,0,0,1,0,0,0,0,0,0,0,0,0,0,0,0,0,0,0,0,0,0,0,0,0,0,0,0
2008/2009,hibberdene,umzumbe,ugu,30.57051,-30.57774,185,15,187,22,5,0,82,355,5,37,138,72,10,92,84,29,1,101,33,60,8,24,0,70,8,79,0,16,4,54,97,1
2009/2010,hibberdene,umzumbe,ugu,30.57051,-30.57774,175,11,184,13,8,0,101,356,3,45,136,43,10,77,169,22,1,79,29,97,15,20,0,81,6,117,0,14,7,17,57,0
2010/2011,hibberdene,umzumbe,ugu,30.57051,-30.57774,199,7,200,38,7,0,83,425,1,63,122,49,7,41,124,21,1,97,31,85,17,24,0,103,10,103,0,13,4,43,98,1
2011/2012,hibberdene,umzumbe,ugu,30.57051,-30.57774,200,7,185,36,4,0,83,469,7,53,100,43,5,41,117,17,1,75,26,71,31,33,0,148,9,87,0,20,3,20,43,1
2012/2013,hibberdene,umzumbe,ugu,30.57051,-30.57774,239,12,174,26,4,0,108,493,2,45,116,33,5,57,192,23,1,75,38,70,39,33,0,146,7,84,0,7,21,37,114,0
2013/2014,hibberdene,umzumbe,ugu,30.57051,-30.57774,241,7,203,31,3,0,93,454,2,42,105,47,8,49,160,42,14,110,29,81,37,50,0,168,0,88,3,6,15,35,74,2
2014/2015,hibberdene,umzumbe,ugu,30.57051,-30.57774,228,16,241,40,7,0,114,464,4,23,166,57,7,22,122,17,17,95,31,78,25,37,1,141,10,96,1,6,23,54,93,0
2015/2016,hibberdene,umzumbe,ugu,30.57051,-30.57774,179,7,192,26,3,0,78,405,7,41,118,44,5,51,126,33,12,74,28,61,33,42,0,160,10,77,1,2,11,38,63,0
2016/2017,hibberdene,umzumbe,ugu,30.57051,-30.57774,141,12,187,55,6,0,68,334,7,28,94,34,8,51,155,46,13,78,43,38,38,63,0,205,15,63,0,9,12,68,71,0
2017/2018,hibberdene,umzumbe,ugu,30.57051,-30.57774,141,8,163,15,3,0,94,390,4,26,103,40,7,76,168,29,21,63,37,56,19,34,0,97,5,65,0,26,13,23,48,1
2018/2019,hibberdene,umzumbe,ugu,30.57051,-30.57774,195,3,180,23,6,0,83,425,5,51,96,33,6,70,130,11,21,100,36,63,20,43,0,133,8,77,0,26,9,23,88,1
2019/2020,hibberdene,umzumbe,ugu,30.57051,-30.57774,175,4,160,26,6,0,74,305,4,41,130,32,6,110,144,9,17,111,30,72,34,39,0,119,5,83,0,22,9,18,41,0
2020/2021,hibberdene,umzumbe,ugu,30.57051,-30.57774,194,10,140,39,3,0,97,328,4,40,157,32,6,43,46,14,22,113,48,59,20,75,0,178,8,70,0,16,22,13,50,1
2021/2022,hibberdene,umzumbe,ugu,30.57051,-30.57774,193,8,199,28,3,0,105,234,4,56,156,31,6,53,47,22,14,119,46,71,19,40,0,146,8,82,0,14,67,16,31,0
2022/2023,hibberdene,umzumbe,ugu,30.57051,-30.57774,210,5,200,42,3,0,89,301,9,71,176,39,7,8,75,17,37,96,54,100,37,89,0,231,7,111,0,11,44,16,35,2
2023/2024,hibberdene,ugu district,ugu district,30.57051,-30.57774,0,0,0,0,0,0,0,263,10,0,0,0,0,0,0,0,0,0,0,0,0,47,0,0,0,0,0,0,0,5,37,0
2024/2025,hibberdene,ugu district,ugu district,30.57051,-30.57774,0,0,0,0,0,0,0,259,8,0,0,0,0,0,0,0,0,0,0,0,0,89,0,0,0,0,0,0,0,17,37,0
2008/2009,highflats,ubuhlebezwe,harry gwala,30.19238,-30.25922,100,10,97,9,0,0,42,99,2,6,35,17,4,25,211,34,1,36,18,40,4,5,0,26,2,44,0,2,30,7,20,0
2009/2010,highflats,ubuhlebezwe,harry gwala,30.19238,-30.25922,101,3,99,21,3,0,59,114,5,4,47,26,4,29,206,32,1,38,17,31,9,11,0,41,0,36,0,4,49,13,16,0
2010/2011,highflats,ubuhlebezwe,harry gwala,30.19238,-30.25922,134,7,116,11,2,0,57,145,6,13,71,26,5,18,227,30,1,41,19,49,6,22,0,47,1,55,0,10,73,14,25,0
2011/2012,highflats,ubuhlebezwe,harry gwala,30.19238,-30.25922,106,3,119,12,2,0,42,131,2,12,63,24,7,7,268,21,1,38,20,42,15,25,0,53,1,46,2,10,75,12,12,0
2012/2013,highflats,ubuhlebezwe,harry gwala,30.19238,-30.25922,114,10,119,6,3,0,67,106,3,6,59,18,6,4,276,14,1,41,27,40,8,10,0,34,0,43,0,3,71,15,11,0
2013/2014,highflats,ubuhlebezwe,harry gwala,30.19238,-30.25922,96,7,132,7,1,0,53,107,3,10,55,21,7,7,316,20,13,40,28,45,15,18,1,51,3,50,0,34,79,10,14,0
2014/2015,highflats,ubuhlebezwe,harry gwala,30.19238,-30.25922,110,1,137,12,1,0,39,146,0,16,47,12,6,11,357,34,13,27,13,37,9,20,0,40,5,43,0,47,54,11,16,0
2015/2016,highflats,ubuhlebezwe,harry gwala,30.19238,-30.25922,121,4,142,15,0,0,47,123,4,11,52,16,7,5,386,25,21,31,19,32,6,7,0,27,3,36,0,23,51,8,18,0
2016/2017,highflats,ubuhlebezwe,harry gwala,30.19238,-30.25922,104,1,131,10,3,0,65,124,3,5,43,16,7,14,350,23,12,52,20,28,10,11,0,32,2,34,0,26,66,9,19,0
2017/2018,highflats,ubuhlebezwe,harry gwala,30.19238,-30.25922,123,3,118,13,1,0,36,100,12,8,37,15,6,8,394,34,12,35,19,33,13,18,0,57,2,36,0,32,32,9,14,0
2018/2019,highflats,ubuhlebezwe,harry gwala,30.19238,-30.25922,65,1,71,15,0,0,57,51,3,6,32,7,6,24,196,25,13,42,24,21,10,18,0,38,3,24,0,6,52,5,11,0
2019/2020,highflats,ubuhlebezwe,harry gwala,30.19238,-30.25922,52,3,98,17,0,0,50,72,5,7,22,8,7,17,75,12,12,34,24,39,6,10,1,31,3,43,0,12,56,15,9,0
2020/2021,highflats,ubuhlebezwe,harry gwala,30.19238,-30.25922,91,4,113,11,2,0,48,86,13,10,25,13,6,9,95,20,14,43,27,52,22,19,0,63,10,64,0,5,65,14,16,0
2021/2022,highflats,ubuhlebezwe,harry gwala,30.19238,-30.25922,64,2,107,12,0,0,52,78,11,10,58,10,7,4,30,18,17,37,36,49,14,20,0,52,10,60,0,2,69,8,12,0
2022/2023,highflats,ubuhlebezwe,harry gwala,30.19238,-30.25922,71,0,96,26,2,0,52,78,11,14,41,16,7,5,67,28,14,38,36,50,19,16,0,61,4,57,0,8,43,7,13,0
2023/2024,highflats,harry gwala district,harry gwala district,30.19238,-30.25922,0,0,0,0,0,0,0,58,11,0,0,0,0,0,0,0,0,0,0,0,0,26,0,0,0,0,0,0,0,8,15,0
2024/2025,highflats,harry gwala district,harry gwala district,30.19238,-30.25922,0,0,0,0,0,0,0,67,18,0,0,0,0,0,0,0,0,0,0,0,0,20,0,0,0,0,0,0,0,4,13,0
2008/2009,hillbrow,city of johannesburg,city of johannesburg,28.04464,-26.18823,2706,8,1658,82,27,0,186,315,130,1075,2752,1169,82,839,331,103,1,872,87,189,117,33,0,1488,15,519,0,338,0,618,768,1
2009/2010,hillbrow,city of johannesburg,city of johannesburg,28.04464,-26.18823,2250,20,1338,70,20,0,151,228,91,938,2502,955,13,1224,306,84,1,770,63,156,113,20,3,1095,4,229,0,312,0,503,590,2
2010/2011,hillbrow,city of johannesburg,city of johannesburg,28.04464,-26.18823,2298,14,1365,63,8,1,153,262,93,960,2208,707,59,1523,908,139,1,765,50,160,106,19,2,895,13,213,0,284,0,447,717,0
2011/2012,hillbrow,city of johannesburg,city of johannesburg,28.04464,-26.18823,2051,17,1192,53,16,2,187,263,64,876,2119,776,18,742,679,79,1,729,56,133,92,14,0,755,23,183,10,235,0,398,819,1
2012/2013,hillbrow,city of johannesburg,city of johannesburg,28.04464,-26.18823,1835,5,898,63,12,0,168,188,58,767,1568,588,12,441,765,76,1,599,63,134,83,22,1,759,26,179,4,273,0,349,962,2
2013/2014,hillbrow,city of johannesburg,city of johannesburg,28.04464,-26.18823,1610,2,1026,53,9,0,120,170,46,698,1425,511,4,315,1204,82,10,610,67,141,92,27,2,835,16,168,2,272,0,336,1140,1
2014/2015,hillbrow,city of johannesburg,city of johannesburg,28.04464,-26.18823,1607,3,1010,71,16,0,106,172,63,507,1212,673,12,305,1113,99,11,616,58,157,116,30,0,1089,33,213,5,286,0,328,1326,0
2015/2016,hillbrow,city of johannesburg,city of johannesburg,28.04464,-26.18823,1618,6,1069,79,9,0,150,120,86,624,1170,815,9,393,569,73,64,638,103,108,88,17,1,1187,19,141,2,328,0,434,1222,0
2016/2017,hillbrow,city of johannesburg,city of johannesburg,28.04464,-26.18823,1357,23,974,73,7,0,113,112,98,533,1009,846,7,277,632,73,10,809,89,122,135,22,0,1308,25,155,5,279,0,371,1471,0
2017/2018,hillbrow,city of johannesburg,city of johannesburg,28.04464,-26.18823,1261,1,864,91,5,0,119,88,78,478,922,833,10,292,676,91,44,603,98,129,125,10,3,1358,28,168,0,288,0,390,1101,2
2018/2019,hillbrow,city of johannesburg,city of johannesburg,28.04464,-26.18823,1188,4,813,90,10,0,106,93,63,551,1008,873,5,444,505,101,51,519,111,142,112,9,1,1368,27,182,0,262,0,321,763,1
2019/2020,hillbrow,city of johannesburg,city of johannesburg,28.04464,-26.18823,1059,1,791,104,3,0,131,105,60,511,986,908,8,341,324,68,11,445,93,146,103,14,1,1148,35,188,1,222,0,281,585,2
2020/2021,hillbrow,city of johannesburg,city of johannesburg,28.04464,-26.18823,567,0,692,59,11,0,102,65,42,358,872,493,5,113,178,78,44,248,80,103,104,18,0,695,31,148,0,204,0,151,307,0
2021/2022,hillbrow,city of johannesburg,city of johannesburg,28.04464,-26.18823,737,2,724,58,7,0,79,90,63,460,808,484,6,305,217,105,53,302,94,139,83,10,0,657,34,180,3,136,0,211,336,1
2022/2023,hillbrow,city of johannesburg,city of johannesburg,28.04464,-26.18823,861,3,575,87,5,0,106,113,63,570,759,579,7,426,267,74,40,279,155,130,68,29,0,823,33,169,1,88,0,191,355,3
2023/2024,hillbrow,johannesburg district,johannesburg district,28.04464,-26.18823,0,0,0,0,0,0,0,69,72,0,0,0,0,0,0,0,0,0,0,0,0,17,0,0,0,0,0,0,0,199,394,0
2024/2025,hillbrow,johannesburg district,johannesburg district,28.04464,-26.18823,0,0,0,0,0,0,0,126,74,0,0,0,0,0,0,0,0,0,0,0,0,28,0,0,0,0,0,0,0,148,381,0
2008/2009,hillcrest,ethekwini,ethekwini,30.76489,-29.78427,450,7,289,36,7,0,155,823,57,107,338,68,10,75,183,48,1,215,47,95,27,93,2,293,15,123,0,142,17,202,207,2
2009/2010,hillcrest,ethekwini,ethekwini,30.76489,-29.78427,431,4,291,38,6,0,159,925,32,125,309,51,12,32,171,38,1,196,30,107,21,117,0,278,15,135,0,175,6,179,184,0
2010/2011,hillcrest,ethekwini,ethekwini,30.76489,-29.78427,621,7,263,24,8,0,147,982,25,129,263,53,9,86,216,48,1,187,26,75,17,87,0,221,14,102,0,177,9,144,261,5
2011/2012,hillcrest,ethekwini,ethekwini,30.76489,-29.78427,911,8,205,22,3,0,186,1201,21,94,240,52,9,157,236,43,1,154,14,72,15,123,0,274,17,97,2,169,9,107,288,0
2012/2013,hillcrest,ethekwini,ethekwini,30.76489,-29.78427,668,5,208,18,4,0,177,1013,41,88,162,51,9,273,306,34,1,113,36,62,17,137,0,303,9,80,6,134,6,107,266,0
2013/2014,hillcrest,ethekwini,ethekwini,30.76489,-29.78427,470,4,164,21,2,0,108,718,25,90,153,42,4,230,346,27,21,116,34,64,14,47,0,175,10,78,7,140,7,73,185,1
2014/2015,hillcrest,ethekwini,ethekwini,30.76489,-29.78427,623,6,196,28,0,0,146,846,16,111,172,37,7,148,364,29,12,114,37,52,35,85,0,218,16,69,0,164,14,80,200,1
2015/2016,hillcrest,ethekwini,ethekwini,30.76489,-29.78427,610,6,190,18,2,0,150,803,11,150,198,47,4,105,335,20,23,144,32,57,23,95,0,199,11,72,4,229,9,58,191,0
2016/2017,hillcrest,ethekwini,ethekwini,30.76489,-29.78427,605,6,234,32,1,0,151,814,22,205,216,39,4,154,341,18,25,126,46,58,18,95,1,216,5,66,2,216,6,68,254,0
2017/2018,hillcrest,ethekwini,ethekwini,30.76489,-29.78427,593,1,182,49,2,0,200,765,22,200,275,37,5,162,385,34,14,119,40,53,28,89,1,214,10,68,2,233,14,113,241,1
2018/2019,hillcrest,ethekwini,ethekwini,30.76489,-29.78427,582,1,184,19,3,0,147,947,12,203,298,36,7,183,182,26,22,158,45,67,33,107,0,232,15,86,0,209,9,104,250,0
2019/2020,hillcrest,ethekwini,ethekwini,30.76489,-29.78427,538,1,214,33,1,0,151,704,10,264,335,32,4,322,26,41,2,121,38,50,22,70,0,170,14,67,0,145,15,118,169,2
2020/2021,hillcrest,ethekwini,ethekwini,30.76489,-29.78427,415,2,170,29,2,0,117,597,14,271,232,27,7,5,29,23,22,100,30,42,30,54,1,175,15,60,1,163,13,102,85,1
2021/2022,hillcrest,ethekwini,ethekwini,30.76489,-29.78427,389,1,199,51,7,0,167,639,21,311,308,53,6,10,16,19,43,127,66,55,27,70,0,172,7,69,0,112,9,41,128,0
2022/2023,hillcrest,ethekwini,ethekwini,30.76489,-29.78427,448,12,169,68,3,0,115,511,23,434,280,41,6,6,56,48,42,126,97,57,24,99,0,228,11,71,0,105,10,50,132,1
2023/2024,hillcrest,ethekwini district,ethekwini district,30.76489,-29.78427,0,0,0,0,0,0,0,380,6,0,0,0,0,0,0,0,0,0,0,0,0,96,0,0,0,0,0,0,0,44,119,0
2024/2025,hillcrest,ethekwini district,ethekwini district,30.76489,-29.78427,0,0,0,0,0,0,0,332,13,0,0,0,0,0,0,0,0,0,0,0,0,94,0,0,0,0,0,0,0,72,137,0
2008/2009,hilton-kzn,umngeni,umgungundlovu,30.29617,-29.56531,126,1,24,0,0,0,8,154,1,14,17,5,4,22,5,4,1,21,3,4,0,0,0,3,3,9,0,22,13,35,84,0
2009/2010,hilton-kzn,umngeni,umgungundlovu,30.29617,-29.56531,79,1,7,0,1,0,12,117,0,7,14,8,6,19,13,2,1,6,0,5,0,6,0,8,0,6,0,8,7,21,23,0
2010/2011,hilton-kzn,umngeni,umgungundlovu,30.29617,-29.56531,89,1,19,5,0,0,8,95,3,33,30,7,6,6,13,2,1,4,3,8,0,4,0,40,2,10,0,7,6,28,36,3
2011/2012,hilton-kzn,umngeni,umgungundlovu,30.29617,-29.56531,101,0,7,0,0,0,6,127,1,22,14,3,6,6,17,0,1,7,2,3,1,5,0,13,3,6,0,2,8,24,41,1
2012/2013,hilton-kzn,umngeni,umgungundlovu,30.29617,-29.56531,163,1,13,2,0,0,16,145,3,13,15,7,6,2,17,0,1,9,0,4,1,9,0,17,1,5,0,9,8,35,49,1
2013/2014,hilton-kzn,umngeni,umgungundlovu,30.29617,-29.56531,153,0,16,0,0,0,23,159,1,14,13,8,4,6,11,2,12,12,0,3,1,14,0,32,2,7,0,0,3,28,92,0
2014/2015,hilton-kzn,umngeni,umgungundlovu,30.29617,-29.56531,148,1,12,3,0,0,15,116,0,20,15,5,6,7,11,2,13,11,1,1,0,14,0,20,2,3,0,4,2,10,97,1
2015/2016,hilton-kzn,umngeni,umgungundlovu,30.29617,-29.56531,118,0,23,1,1,0,14,156,1,32,18,7,7,0,13,0,13,5,0,4,1,2,0,9,1,7,0,3,5,25,67,1
2016/2017,hilton-kzn,umngeni,umgungundlovu,30.29617,-29.56531,122,0,14,1,1,0,23,180,0,32,21,5,6,6,14,2,12,5,2,2,1,13,0,19,0,3,0,1,7,25,33,1
2017/2018,hilton-kzn,umngeni,umgungundlovu,30.29617,-29.56531,84,1,18,2,1,0,17,136,3,28,25,4,5,6,7,2,13,10,0,4,0,6,0,13,0,8,0,2,6,24,47,0
2018/2019,hilton-kzn,umngeni,umgungundlovu,30.29617,-29.56531,112,1,20,1,1,0,18,197,1,38,23,3,6,9,6,0,12,14,0,6,0,3,0,7,3,10,0,3,6,24,56,1
2019/2020,hilton-kzn,umngeni,umgungundlovu,30.29617,-29.56531,93,0,26,2,0,0,20,123,1,41,23,9,7,20,5,0,13,10,0,5,2,9,0,17,3,9,0,1,3,27,30,1
2020/2021,hilton-kzn,umngeni,umgungundlovu,30.29617,-29.56531,77,2,20,1,0,0,16,60,1,38,18,5,6,4,3,1,13,5,0,4,1,3,0,13,1,5,0,0,2,27,22,0
2021/2022,hilton-kzn,umngeni,umgungundlovu,30.29617,-29.56531,78,1,12,0,0,0,11,36,1,37,19,5,7,43,0,2,13,10,1,7,2,2,0,13,4,12,0,0,6,12,17,1
2022/2023,hilton-kzn,umngeni,umgungundlovu,30.29617,-29.56531,91,0,24,2,0,0,15,52,0,64,27,5,6,4,0,0,13,17,2,3,3,1,0,13,1,4,0,5,2,24,20,0
2023/2024,hilton-kzn,umgungundlovu district,umgungundlovu district,30.29617,-29.56531,0,0,0,0,0,0,0,80,0,0,0,0,0,0,0,0,0,0,0,0,0,4,0,0,0,0,0,0,0,20,38,0
2024/2025,hilton-kzn,umgungundlovu district,umgungundlovu district,30.29617,-29.56531,0,0,0,0,0,0,0,70,0,0,0,0,0,0,0,0,0,0,0,0,0,5,0,0,0,0,0,0,0,15,41,0
2008/2009,himeville,dr nkosazana dlamini zuma,harry gwala,29.51173,-29.75237,172,5,65,3,1,0,40,114,0,13,100,10,7,14,100,14,1,42,6,7,0,1,0,3,1,10,0,46,93,4,21,0
2009/2010,himeville,dr nkosazana dlamini zuma,harry gwala,29.51173,-29.75237,184,3,60,3,0,0,39,117,1,14,77,2,9,7,116,15,1,25,10,12,2,7,0,14,3,20,0,61,71,5,36,0
2010/2011,himeville,dr nkosazana dlamini zuma,harry gwala,29.51173,-29.75237,174,2,65,4,0,0,49,119,1,26,66,8,7,20,157,3,1,52,1,15,1,2,1,6,3,19,0,41,111,5,50,0
2011/2012,himeville,dr nkosazana dlamini zuma,harry gwala,29.51173,-29.75237,185,5,57,2,0,0,34,117,1,15,67,10,4,6,98,6,1,31,4,12,1,2,0,5,3,17,0,31,70,12,32,0
2012/2013,himeville,dr nkosazana dlamini zuma,harry gwala,29.51173,-29.75237,172,1,42,0,0,0,49,176,1,9,64,10,7,0,133,9,1,31,11,10,2,3,0,8,3,14,0,27,55,8,45,0
2013/2014,himeville,dr nkosazana dlamini zuma,harry gwala,29.51173,-29.75237,158,0,49,2,0,0,48,146,1,21,63,6,6,4,126,18,14,22,8,10,3,4,0,9,3,13,1,19,37,12,29,0
2014/2015,himeville,dr nkosazana dlamini zuma,harry gwala,29.51173,-29.75237,185,1,49,3,0,0,53,113,2,11,51,6,7,4,184,14,13,16,5,15,0,1,0,4,1,17,0,24,44,4,32,0
2015/2016,himeville,dr nkosazana dlamini zuma,harry gwala,29.51173,-29.75237,139,1,39,2,0,0,34,128,0,16,39,4,7,6,193,12,12,11,3,13,0,6,0,9,2,16,0,12,37,4,27,0
2016/2017,himeville,dr nkosazana dlamini zuma,harry gwala,29.51173,-29.75237,151,1,27,2,0,0,35,115,2,6,26,9,6,10,195,7,12,14,8,11,4,11,0,20,3,14,0,14,39,8,29,0
2017/2018,himeville,dr nkosazana dlamini zuma,harry gwala,29.51173,-29.75237,77,0,16,0,3,0,16,65,0,5,23,4,6,40,226,4,12,6,3,14,3,2,0,6,3,20,0,10,35,2,13,0
2018/2019,himeville,dr nkosazana dlamini zuma,harry gwala,29.51173,-29.75237,84,1,22,1,0,0,10,48,1,13,21,2,6,71,118,2,13,8,7,5,0,1,0,4,0,5,0,10,33,1,10,0
2019/2020,himeville,dr nkosazana dlamini zuma,harry gwala,29.51173,-29.75237,79,0,16,4,1,0,7,46,1,11,10,3,4,67,21,10,13,8,4,17,2,1,0,4,2,22,0,3,30,1,16,0
2020/2021,himeville,dr nkosazana dlamini zuma,harry gwala,29.51173,-29.75237,68,0,14,1,0,0,10,39,1,5,17,0,6,100,12,8,13,10,4,8,0,0,0,1,4,12,0,5,19,0,23,0
2021/2022,himeville,dr nkosazana dlamini zuma,harry gwala,29.51173,-29.75237,52,1,18,2,0,0,25,45,0,12,28,3,6,24,18,4,12,13,8,7,2,2,0,5,1,8,0,8,24,0,10,0
2022/2023,himeville,dr nkosazana dlamini zuma,harry gwala,29.51173,-29.75237,63,0,8,5,0,0,19,39,0,25,40,1,6,8,41,2,14,14,5,11,1,1,0,6,0,11,0,3,19,1,10,0
2023/2024,himeville,harry gwala district,harry gwala district,29.51173,-29.75237,0,0,0,0,0,0,0,20,0,0,0,0,0,0,0,0,0,0,0,0,0,1,0,0,0,0,0,0,0,3,8,0
2024/2025,himeville,harry gwala district,harry gwala district,29.51173,-29.75237,0,0,0,0,0,0,0,20,0,0,0,0,0,0,0,0,0,0,0,0,0,0,0,0,0,0,0,0,0,0,6,0
2008/2009,hlababomvu,ngquza hill,o.r.tambo,29.36261,-31.26654,17,5,51,6,1,0,0,9,0,0,14,5,6,0,24,7,1,5,6,18,0,1,0,1,0,19,0,0,3,1,0,0
2009/2010,hlababomvu,ngquza hill,o.r.tambo,29.36261,-31.26654,14,6,57,2,0,0,0,11,0,0,16,3,4,0,8,7,1,1,10,10,3,3,0,10,0,12,0,0,1,0,1,0
2010/2011,hlababomvu,ngquza hill,o.r.tambo,29.36261,-31.26654,9,5,44,6,0,0,3,7,0,1,8,1,7,0,8,4,1,2,8,7,1,2,0,4,0,8,0,0,1,0,0,0
2011/2012,hlababomvu,ngquza hill,o.r.tambo,29.36261,-31.26654,8,2,39,2,0,0,8,11,0,1,4,0,7,0,21,2,1,2,9,6,2,5,0,8,0,7,0,0,0,1,3,0
2012/2013,hlababomvu,ngquza hill,o.r.tambo,29.36261,-31.26654,9,7,45,6,0,0,7,18,0,1,4,1,4,0,22,12,1,3,11,11,4,4,0,11,0,13,0,0,0,0,0,0
2013/2014,hlababomvu,ngquza hill,o.r.tambo,29.36261,-31.26654,10,7,66,4,2,0,8,6,0,0,12,0,6,0,38,5,13,5,11,15,1,1,0,6,0,17,0,0,4,0,2,0
2014/2015,hlababomvu,ngquza hill,o.r.tambo,29.36261,-31.26654,22,6,36,2,2,0,6,3,0,0,8,0,6,0,62,6,13,6,15,14,3,3,0,8,0,16,0,0,0,1,0,0
2015/2016,hlababomvu,ngquza hill,o.r.tambo,29.36261,-31.26654,8,1,32,4,0,0,3,7,0,0,5,1,6,0,65,22,13,2,7,15,0,0,0,1,0,15,0,0,2,0,0,0
2016/2017,hlababomvu,ngquza hill,o.r.tambo,29.36261,-31.26654,3,1,40,1,0,0,3,8,0,0,2,0,6,0,85,14,13,4,7,11,1,0,0,1,1,12,0,0,2,0,0,0
2017/2018,hlababomvu,ngquza hill,o.r.tambo,29.36261,-31.26654,8,1,22,0,0,0,6,3,0,0,5,0,7,0,90,8,13,4,5,3,1,1,0,2,2,6,0,0,1,0,1,0
2018/2019,hlababomvu,ngquza hill,o.r.tambo,29.36261,-31.26654,8,1,29,5,1,0,6,7,0,1,3,1,6,1,30,12,13,2,14,13,6,2,0,9,1,15,0,0,0,1,1,0
2019/2020,hlababomvu,ngquza hill,o.r.tambo,29.36261,-31.26654,5,3,41,1,3,0,6,5,1,3,2,0,6,0,10,14,13,7,9,17,4,1,0,6,2,22,0,0,4,0,0,0
2020/2021,hlababomvu,ngquza hill,o.r.tambo,29.36261,-31.26654,9,1,23,1,1,0,4,5,0,0,10,1,6,0,7,11,21,5,9,16,6,0,0,6,2,19,0,0,1,0,2,0
2021/2022,hlababomvu,ngquza hill,o.r.tambo,29.36261,-31.26654,9,2,27,0,1,0,4,3,0,0,5,1,7,0,17,0,12,7,12,17,5,5,0,10,1,20,0,0,0,0,0,0
2022/2023,hlababomvu,ngquza hill,o.r.tambo,29.36261,-31.26654,9,0,44,1,0,0,7,3,0,1,8,0,6,0,25,7,12,5,14,14,4,2,0,8,3,17,0,0,1,0,2,0
2023/2024,hlababomvu,or tambo district,or tambo district,29.36261,-31.26654,0,0,0,0,0,0,0,7,0,0,0,0,0,0,0,0,0,0,0,0,0,3,0,0,0,0,0,0,0,0,0,0
2024/2025,hlababomvu,or tambo district,or tambo district,29.36261,-31.26654,0,0,0,0,0,0,0,4,1,0,0,0,0,0,0,0,0,0,0,0,0,0,0,0,0,0,0,0,0,0,0,0
2008/2009,hlabisa,big five hlabisa,umkhanyakude,31.85714,-28.14037,66,1,111,14,2,0,23,94,6,26,59,20,7,14,16,13,1,36,7,22,2,3,1,29,1,26,0,6,17,3,6,0
2009/2010,hlabisa,big five hlabisa,umkhanyakude,31.85714,-28.14037,48,6,107,5,3,0,26,59,3,21,37,21,7,14,7,6,1,22,11,24,6,8,0,30,2,30,0,6,22,3,9,0
2010/2011,hlabisa,big five hlabisa,umkhanyakude,31.85714,-28.14037,51,5,103,6,0,0,19,46,6,23,42,17,7,7,5,10,1,29,13,26,9,7,1,34,4,31,0,11,10,6,4,0
2011/2012,hlabisa,big five hlabisa,umkhanyakude,31.85714,-28.14037,55,5,95,3,0,0,29,39,1,13,57,19,5,4,13,9,1,35,9,16,13,10,0,29,3,22,0,5,12,6,5,0
2012/2013,hlabisa,big five hlabisa,umkhanyakude,31.85714,-28.14037,42,2,71,7,0,0,38,49,2,7,49,18,7,13,15,4,1,14,8,18,6,3,0,14,7,26,0,3,7,10,7,0
2013/2014,hlabisa,big five hlabisa,umkhanyakude,31.85714,-28.14037,52,1,78,6,1,0,42,51,1,12,38,14,7,19,13,5,12,16,9,20,6,5,1,17,4,26,0,3,15,5,8,0
2014/2015,hlabisa,big five hlabisa,umkhanyakude,31.85714,-28.14037,58,2,87,2,0,0,19,51,3,16,40,10,4,12,17,8,14,25,11,16,9,4,0,21,6,24,0,9,16,2,6,0
2015/2016,hlabisa,big five hlabisa,umkhanyakude,31.85714,-28.14037,38,1,81,11,0,0,26,34,0,8,29,8,7,11,30,16,14,29,11,15,11,7,0,26,0,16,0,10,15,3,9,0
2016/2017,hlabisa,big five hlabisa,umkhanyakude,31.85714,-28.14037,81,2,63,5,0,0,24,62,3,15,30,13,6,10,18,11,22,21,11,14,19,9,0,38,6,20,0,5,16,3,13,0
2017/2018,hlabisa,big five hlabisa,umkhanyakude,31.85714,-28.14037,61,5,121,17,0,0,25,53,1,17,41,11,6,18,20,7,16,33,7,19,12,10,1,30,6,25,0,17,7,3,11,0
2018/2019,hlabisa,big five hlabisa,umkhanyakude,31.85714,-28.14037,46,1,89,9,0,0,29,68,0,39,42,10,7,15,20,17,22,41,6,17,7,8,0,23,18,36,0,11,2,0,6,0
2019/2020,hlabisa,big five hlabisa,umkhanyakude,31.85714,-28.14037,31,2,106,6,2,0,17,64,5,21,47,11,7,10,7,21,17,27,9,16,3,7,0,19,9,28,0,8,5,3,4,0
2020/2021,hlabisa,big five hlabisa,umkhanyakude,31.85714,-28.14037,26,1,75,3,0,0,19,43,2,28,38,4,6,8,19,10,21,25,6,17,15,3,1,26,11,28,0,6,3,1,6,0
2021/2022,hlabisa,big five hlabisa,umkhanyakude,31.85714,-28.14037,35,3,89,14,0,0,28,40,4,19,39,6,7,6,13,21,28,25,22,21,22,5,0,40,6,28,0,1,5,0,4,0
2022/2023,hlabisa,big five hlabisa,umkhanyakude,31.85714,-28.14037,33,2,70,6,0,0,12,21,0,28,49,12,6,6,16,12,22,26,12,20,6,4,0,15,3,23,0,9,5,0,1,0
2023/2024,hlabisa,umkhanyakude district,umkhanyakude district,31.85714,-28.14037,0,0,0,0,0,0,0,32,0,0,0,0,0,0,0,0,0,0,0,0,0,7,0,0,0,0,0,0,0,2,3,0
2024/2025,hlabisa,umkhanyakude district,umkhanyakude district,31.85714,-28.14037,0,0,0,0,0,0,0,36,1,0,0,0,0,0,0,0,0,0,0,0,0,7,0,0,0,0,0,0,0,2,5,0
2008/2009,hlanganani,collins chabane,vhembe,30.29724,-23.30664,111,9,204,4,4,0,55,102,1,2,98,23,9,1,12,1,1,54,3,36,4,0,0,8,3,48,0,1,6,3,6,0
2009/2010,hlanganani,collins chabane,vhembe,30.29724,-23.30664,72,12,189,2,4,0,39,83,0,2,73,23,8,6,4,1,1,46,5,45,7,0,0,11,2,55,0,0,20,2,8,0
2010/2011,hlanganani,collins chabane,vhembe,30.29724,-23.30664,81,4,185,4,4,0,32,160,0,12,102,27,6,37,12,0,1,58,2,49,4,5,0,14,4,57,0,0,14,4,10,0
2011/2012,hlanganani,collins chabane,vhembe,30.29724,-23.30664,94,13,221,10,5,0,51,112,0,17,105,32,5,0,11,3,1,67,3,49,11,2,0,17,8,65,2,0,12,3,9,0
2012/2013,hlanganani,collins chabane,vhembe,30.29724,-23.30664,92,16,195,4,1,0,52,90,1,7,97,17,5,1,18,2,1,74,7,35,13,2,0,20,0,39,0,0,12,3,16,0
2013/2014,hlanganani,collins chabane,vhembe,30.29724,-23.30664,92,14,192,15,2,0,75,109,3,2,89,26,7,0,45,3,12,62,13,27,14,2,0,27,0,30,0,1,8,1,8,0
2014/2015,hlanganani,collins chabane,vhembe,30.29724,-23.30664,52,12,169,8,1,0,62,108,5,5,81,25,6,0,15,0,13,60,7,37,13,2,0,38,5,43,15,0,3,0,15,0
2015/2016,hlanganani,collins chabane,vhembe,30.29724,-23.30664,43,7,169,9,4,0,74,91,6,7,68,23,7,0,29,4,21,58,13,36,30,9,0,55,3,44,15,0,6,1,13,0
2016/2017,hlanganani,collins chabane,vhembe,30.29724,-23.30664,36,7,95,5,2,0,28,52,6,3,44,13,8,10,32,4,21,35,12,32,17,18,0,50,2,40,0,0,15,2,5,0
2017/2018,hlanganani,collins chabane,vhembe,30.29724,-23.30664,44,4,113,6,1,0,29,38,10,4,49,5,6,24,50,5,13,36,8,41,23,14,0,55,3,45,20,0,10,1,7,0
2018/2019,hlanganani,collins chabane,vhembe,30.29724,-23.30664,48,7,113,5,0,0,29,61,5,6,73,5,6,35,40,8,13,54,7,32,18,10,0,38,0,32,47,0,15,4,6,0
2019/2020,hlanganani,collins chabane,vhembe,30.29724,-23.30664,41,7,124,5,0,0,61,71,5,7,71,14,6,59,19,9,14,48,10,47,25,2,0,44,0,47,66,0,12,2,5,0
2020/2021,hlanganani,collins chabane,vhembe,30.29724,-23.30664,40,3,110,4,1,0,35,54,4,5,52,12,6,30,30,2,12,59,5,38,9,2,0,29,0,39,69,2,9,3,6,0
2021/2022,hlanganani,collins chabane,vhembe,30.29724,-23.30664,59,8,102,8,0,0,26,85,11,20,75,25,7,43,35,1,14,67,10,46,9,4,0,37,7,54,97,0,15,1,7,0
2022/2023,hlanganani,collins chabane,vhembe,30.29724,-23.30664,78,8,162,10,1,0,40,107,12,22,98,39,7,45,32,2,12,83,12,41,24,8,1,84,1,44,116,13,17,3,12,0
2023/2024,hlanganani,mopani district,mopani district,30.29724,-23.30664,0,0,0,0,0,0,0,91,7,0,0,0,0,0,0,0,0,0,0,0,0,6,0,0,0,0,0,0,0,3,9,0
2024/2025,hlanganani,mopani district,mopani district,30.29724,-23.30664,0,0,0,0,0,0,0,93,5,0,0,0,0,0,0,0,0,0,0,0,0,4,0,0,0,0,0,0,0,0,13,0
2008/2009,hlobane,abaqulusi,zululand,31.00971,-27.73717,120,1,134,11,1,0,20,108,0,3,92,20,4,1,24,5,1,41,8,4,2,5,0,18,21,28,0,0,91,4,6,0
2009/2010,hlobane,abaqulusi,zululand,31.00971,-27.73717,122,11,166,16,1,0,11,130,0,2,70,17,9,5,38,4,1,42,4,13,3,4,0,18,13,32,0,1,122,6,10,0
2010/2011,hlobane,abaqulusi,zululand,31.00971,-27.73717,95,6,163,17,5,0,18,97,1,3,78,10,7,3,42,29,1,42,9,40,6,5,0,27,7,53,0,0,135,2,14,0
2011/2012,hlobane,abaqulusi,zululand,31.00971,-27.73717,95,8,174,15,9,0,12,102,1,6,88,14,8,8,45,15,1,29,7,32,2,7,0,20,3,48,0,0,118,6,12,0
2012/2013,hlobane,abaqulusi,zululand,31.00971,-27.73717,97,3,173,12,1,0,18,132,0,3,79,14,4,2,28,4,1,40,8,25,3,5,0,22,2,30,0,0,87,7,15,1
2013/2014,hlobane,abaqulusi,zululand,31.00971,-27.73717,98,4,176,14,5,0,20,81,1,4,49,14,6,5,37,16,22,49,6,35,10,3,0,32,1,41,0,0,84,11,11,0
2014/2015,hlobane,abaqulusi,zululand,31.00971,-27.73717,56,4,205,11,3,0,20,49,0,4,55,13,6,4,13,4,23,29,8,30,6,4,0,18,1,34,0,0,80,8,15,0
2015/2016,hlobane,abaqulusi,zululand,31.00971,-27.73717,74,5,207,18,2,0,17,61,1,3,68,11,6,9,25,12,22,47,11,22,6,7,0,31,4,28,0,0,86,8,30,0
2016/2017,hlobane,abaqulusi,zululand,31.00971,-27.73717,93,8,162,28,2,0,25,85,0,6,90,18,7,30,41,6,12,49,7,25,2,5,0,17,7,35,0,0,87,1,16,0
2017/2018,hlobane,abaqulusi,zululand,31.00971,-27.73717,110,5,164,11,3,0,23,116,1,1,93,13,6,47,42,6,17,32,4,28,1,4,0,13,5,36,0,0,112,0,16,0
2018/2019,hlobane,abaqulusi,zululand,31.00971,-27.73717,90,6,175,9,4,0,26,95,2,3,98,11,6,39,35,7,21,61,6,19,6,5,0,28,2,25,0,0,84,10,7,0
2019/2020,hlobane,abaqulusi,zululand,31.00971,-27.73717,69,2,226,7,4,0,26,98,1,4,78,16,6,65,23,10,23,40,8,24,6,4,0,20,6,34,0,0,86,4,15,0
2020/2021,hlobane,abaqulusi,zululand,31.00971,-27.73717,99,2,170,7,4,0,31,85,1,9,78,5,6,14,12,10,23,41,7,23,4,2,0,12,2,29,0,0,92,2,9,0
2021/2022,hlobane,abaqulusi,zululand,31.00971,-27.73717,81,1,161,8,1,0,30,115,0,17,111,8,6,33,41,10,25,35,10,34,10,6,0,20,4,39,0,0,121,2,9,0
2022/2023,hlobane,abaqulusi,zululand,31.00971,-27.73717,93,2,134,3,0,0,23,84,1,4,100,6,6,34,43,11,23,35,13,28,6,8,0,23,9,37,0,0,100,1,12,0
2023/2024,hlobane,zululand district,zululand district,31.00971,-27.73717,0,0,0,0,0,0,0,66,0,0,0,0,0,0,0,0,0,0,0,0,0,3,0,0,0,0,0,0,0,1,14,0
2024/2025,hlobane,zululand district,zululand district,31.00971,-27.73717,0,0,0,0,0,0,0,79,0,0,0,0,0,0,0,0,0,0,0,0,0,1,0,0,0,0,0,0,0,1,7,0
2008/2009,hlogotlou,makhuduthamaga,sekhukhune,29.73837,-25.02105,99,2,130,8,6,0,129,111,5,21,143,30,7,9,30,10,1,71,14,45,0,2,0,45,2,54,0,19,24,10,11,0
2009/2010,hlogotlou,makhuduthamaga,sekhukhune,29.73837,-25.02105,112,7,132,14,10,0,76,130,8,19,121,37,5,31,32,14,1,78,9,45,14,4,0,65,2,60,0,17,26,15,14,0
2010/2011,hlogotlou,makhuduthamaga,sekhukhune,29.73837,-25.02105,83,5,116,5,5,0,51,95,3,14,101,32,4,7,57,5,1,68,16,46,13,2,0,40,5,58,0,8,28,6,16,0
2011/2012,hlogotlou,makhuduthamaga,sekhukhune,29.73837,-25.02105,95,4,119,15,4,0,71,110,2,21,129,39,6,15,94,7,1,61,11,58,18,10,0,45,0,62,0,14,39,8,12,0
2012/2013,hlogotlou,makhuduthamaga,sekhukhune,29.73837,-25.02105,135,2,145,11,10,0,55,114,4,20,97,21,7,8,166,8,1,71,10,70,28,5,0,55,1,82,0,10,34,14,21,0
2013/2014,hlogotlou,makhuduthamaga,sekhukhune,29.73837,-25.02105,90,2,140,4,9,0,89,139,3,10,83,25,7,6,240,4,12,77,9,52,21,7,0,50,1,63,0,21,25,11,24,0
2014/2015,hlogotlou,makhuduthamaga,sekhukhune,29.73837,-25.02105,99,1,133,11,5,0,85,142,3,11,72,27,7,9,273,7,25,84,7,54,24,3,0,59,0,60,0,9,19,22,27,0
2015/2016,hlogotlou,makhuduthamaga,sekhukhune,29.73837,-25.02105,162,6,177,7,5,0,100,143,10,20,157,32,7,30,321,10,25,87,14,62,39,7,1,87,0,68,0,2,18,17,30,0
2016/2017,hlogotlou,makhuduthamaga,sekhukhune,29.73837,-25.02105,129,1,165,4,4,0,109,195,8,28,111,36,7,32,364,6,21,73,13,49,44,12,0,81,3,57,0,21,16,31,26,0
2017/2018,hlogotlou,makhuduthamaga,sekhukhune,29.73837,-25.02105,125,4,119,8,2,0,135,177,5,25,85,29,6,46,475,10,2,69,7,60,39,17,0,83,2,64,0,46,19,18,27,1
2018/2019,hlogotlou,makhuduthamaga,sekhukhune,29.73837,-25.02105,138,3,115,17,5,0,125,168,8,33,75,22,7,60,267,7,17,70,4,54,53,9,1,104,5,65,0,18,28,9,17,0
2019/2020,hlogotlou,makhuduthamaga,sekhukhune,29.73837,-25.02105,116,2,129,13,10,0,143,171,8,31,78,23,4,61,89,1,23,63,13,52,78,8,0,124,3,67,0,23,36,5,14,0
2020/2021,hlogotlou,makhuduthamaga,sekhukhune,29.73837,-25.02105,139,2,144,9,6,0,103,118,6,56,96,20,6,41,111,9,25,71,10,49,50,13,0,104,7,62,2,32,35,6,19,0
2021/2022,hlogotlou,makhuduthamaga,sekhukhune,29.73837,-25.02105,111,5,163,22,9,0,93,186,14,45,100,30,7,17,116,2,2,71,5,68,68,23,0,144,2,80,2,21,55,22,33,1
2022/2023,hlogotlou,makhuduthamaga,sekhukhune,29.73837,-25.02105,323,4,178,13,8,0,75,125,8,72,132,36,6,4,136,5,3,89,24,75,27,18,0,86,1,84,11,24,59,14,23,0
2023/2024,hlogotlou,sekhukhune district,sekhukhune district,29.73837,-25.02105,0,0,0,0,0,0,0,186,6,0,0,0,0,0,0,0,0,0,0,0,0,23,0,0,0,0,0,0,0,11,26,0
2024/2025,hlogotlou,sekhukhune district,sekhukhune district,29.73837,-25.02105,0,0,0,0,0,0,0,137,4,0,0,0,0,0,0,0,0,0,0,0,0,21,0,0,0,0,0,0,0,7,39,0
2008/2009,hluhluwe,big five hlabisa,umkhanyakude,32.26855,-28.02034,172,6,64,24,2,0,46,79,13,19,68,30,4,27,12,13,1,53,10,16,7,4,0,56,0,20,0,35,58,7,22,0
2009/2010,hluhluwe,big five hlabisa,umkhanyakude,32.26855,-28.02034,197,4,86,9,0,0,42,74,3,19,85,20,7,15,6,6,1,36,4,24,2,3,2,33,1,26,0,56,35,3,24,0
2010/2011,hluhluwe,big five hlabisa,umkhanyakude,32.26855,-28.02034,183,9,70,11,1,0,38,92,4,33,78,21,7,10,6,19,1,46,10,24,10,8,1,45,4,30,0,51,30,8,20,0
2011/2012,hluhluwe,big five hlabisa,umkhanyakude,32.26855,-28.02034,164,5,89,7,0,0,53,61,3,50,60,17,6,2,14,23,1,38,9,19,2,18,0,31,1,20,1,28,43,11,20,0
2012/2013,hluhluwe,big five hlabisa,umkhanyakude,32.26855,-28.02034,145,1,73,16,3,0,45,62,2,30,67,16,7,9,33,25,1,15,5,17,8,2,0,22,4,25,0,24,28,18,22,0
2013/2014,hluhluwe,big five hlabisa,umkhanyakude,32.26855,-28.02034,112,6,73,10,5,0,38,109,5,29,52,13,6,8,43,11,14,34,5,17,13,11,1,40,3,25,0,23,25,11,25,0
2014/2015,hluhluwe,big five hlabisa,umkhanyakude,32.26855,-28.02034,167,8,136,14,0,0,39,104,8,33,66,9,6,19,17,20,21,39,10,22,28,18,0,69,3,25,0,29,19,6,19,0
2015/2016,hluhluwe,big five hlabisa,umkhanyakude,32.26855,-28.02034,129,8,137,15,1,0,31,83,8,38,70,15,7,30,9,16,14,44,7,21,15,16,0,53,5,28,0,24,33,3,35,0
2016/2017,hluhluwe,big five hlabisa,umkhanyakude,32.26855,-28.02034,100,6,136,8,0,0,35,72,8,32,53,6,6,22,7,10,14,36,5,23,17,21,0,52,6,29,0,16,26,1,13,1
2017/2018,hluhluwe,big five hlabisa,umkhanyakude,32.26855,-28.02034,104,8,118,13,1,0,35,63,6,42,84,11,10,25,8,10,23,24,12,23,2,12,0,29,8,38,0,6,15,3,13,0
2018/2019,hluhluwe,big five hlabisa,umkhanyakude,32.26855,-28.02034,92,11,128,18,0,0,59,66,1,26,50,20,7,31,21,15,21,40,14,49,2,14,0,24,2,52,0,14,12,4,24,0
2019/2020,hluhluwe,big five hlabisa,umkhanyakude,32.26855,-28.02034,106,5,189,9,0,0,53,62,3,30,67,15,7,32,10,22,2,57,9,48,5,5,0,24,3,52,1,16,18,4,24,2
2020/2021,hluhluwe,big five hlabisa,umkhanyakude,32.26855,-28.02034,60,2,135,7,2,0,64,44,4,25,52,4,6,13,13,11,21,30,9,31,13,8,0,35,7,40,0,12,13,5,18,1
2021/2022,hluhluwe,big five hlabisa,umkhanyakude,32.26855,-28.02034,85,0,169,9,2,0,57,56,2,39,67,13,6,23,17,35,2,38,10,53,13,14,1,42,3,58,0,15,13,1,16,0
2022/2023,hluhluwe,big five hlabisa,umkhanyakude,32.26855,-28.02034,70,6,128,12,3,0,38,27,8,30,52,10,6,11,13,25,37,58,21,71,7,13,0,37,2,76,0,18,24,2,10,0
2023/2024,hluhluwe,umkhanyakude district,umkhanyakude district,32.26855,-28.02034,0,0,0,0,0,0,0,41,4,0,0,0,0,0,0,0,0,0,0,0,0,4,0,0,0,0,0,0,0,1,11,0
2024/2025,hluhluwe,umkhanyakude district,umkhanyakude district,32.26855,-28.02034,0,0,0,0,0,0,0,51,2,0,0,0,0,0,0,0,0,0,0,0,0,11,0,0,0,0,0,0,0,3,11,0
2008/2009,hobhouse,mantsopa,thabo mofutsanyane,27.14284,-29.52845,33,1,28,1,2,0,7,29,0,4,18,0,6,3,7,2,1,10,0,14,0,1,0,1,1,17,0,0,34,3,4,0
2009/2010,hobhouse,mantsopa,thabo mofutsanyane,27.14284,-29.52845,31,0,37,1,1,0,8,34,0,3,26,2,7,1,7,1,1,15,2,10,1,0,0,2,1,13,0,1,24,0,2,0
2010/2011,hobhouse,mantsopa,thabo mofutsanyane,27.14284,-29.52845,28,1,27,1,0,0,3,22,0,2,27,0,7,0,8,0,1,24,2,7,0,0,0,1,0,8,0,0,39,0,1,0
2011/2012,hobhouse,mantsopa,thabo mofutsanyane,27.14284,-29.52845,23,2,38,1,2,0,5,30,0,2,30,2,6,0,5,1,1,18,0,5,1,0,0,4,0,7,0,0,43,0,1,0
2012/2013,hobhouse,mantsopa,thabo mofutsanyane,27.14284,-29.52845,17,2,20,0,2,0,3,22,0,3,15,2,6,0,13,1,1,8,0,6,1,0,0,4,0,8,0,1,47,0,1,0
2013/2014,hobhouse,mantsopa,thabo mofutsanyane,27.14284,-29.52845,16,1,29,0,0,0,9,22,0,2,21,2,6,0,22,5,13,10,0,5,0,0,0,1,2,7,0,0,46,0,5,0
2014/2015,hobhouse,mantsopa,thabo mofutsanyane,27.14284,-29.52845,20,1,15,2,1,0,5,12,0,1,9,0,6,0,23,1,13,10,2,12,2,0,0,2,0,13,0,1,25,1,1,0
2015/2016,hobhouse,mantsopa,thabo mofutsanyane,27.14284,-29.52845,14,1,19,0,2,0,1,9,0,0,4,1,6,1,34,0,13,6,6,8,2,0,0,2,1,11,0,0,35,2,1,0
2016/2017,hobhouse,mantsopa,thabo mofutsanyane,27.14284,-29.52845,18,0,17,3,1,0,5,18,0,2,9,0,6,0,25,3,13,3,1,7,0,0,0,0,0,8,1,0,45,1,2,0
2017/2018,hobhouse,mantsopa,thabo mofutsanyane,27.14284,-29.52845,10,0,8,1,0,0,3,15,0,1,6,0,6,0,17,3,12,2,3,3,2,1,0,3,0,3,1,0,44,2,3,0
2018/2019,hobhouse,mantsopa,thabo mofutsanyane,27.14284,-29.52845,18,0,20,0,2,0,5,10,0,2,5,0,6,1,14,0,13,5,1,2,1,1,0,2,0,4,0,0,39,3,0,0
2019/2020,hobhouse,mantsopa,thabo mofutsanyane,27.14284,-29.52845,16,0,21,1,0,0,4,15,0,1,2,1,6,0,1,2,13,8,2,8,1,1,0,5,1,9,0,0,43,2,0,0
2020/2021,hobhouse,mantsopa,thabo mofutsanyane,27.14284,-29.52845,18,0,34,1,2,0,10,26,0,0,7,0,6,0,1,1,13,7,3,8,1,1,0,5,0,10,0,0,35,3,1,0
2021/2022,hobhouse,mantsopa,thabo mofutsanyane,27.14284,-29.52845,17,1,16,2,0,0,9,17,0,3,9,1,6,0,3,0,13,5,4,6,0,0,0,1,0,6,0,0,25,0,2,0
2022/2023,hobhouse,mantsopa,thabo mofutsanyane,27.14284,-29.52845,9,0,28,1,0,0,4,13,0,0,4,2,6,0,2,0,13,7,0,4,2,0,0,6,1,5,0,0,31,2,0,0
2023/2024,hobhouse,thabo mofutsanyana district,thabo mofutsanyana district,27.14284,-29.52845,0,0,0,0,0,0,0,8,0,0,0,0,0,0,0,0,0,0,0,0,0,0,0,0,0,0,0,0,0,1,2,0
2024/2025,hobhouse,thabo mofutsanyana district,thabo mofutsanyana district,27.14284,-29.52845,0,0,0,0,0,0,0,12,0,0,0,0,0,0,0,0,0,0,0,0,0,0,0,0,0,0,0,0,0,3,1,0
2008/2009,hoedspruit,maruleng,mopani,30.95114,-24.35383,255,2,100,7,4,0,70,89,3,17,59,15,7,17,8,4,1,58,8,30,8,8,1,30,2,37,0,21,9,11,19,0
2009/2010,hoedspruit,maruleng,mopani,30.95114,-24.35383,177,1,78,5,1,0,63,93,1,35,73,21,4,14,19,7,1,63,5,23,6,5,0,20,4,30,0,10,4,8,10,0
2010/2011,hoedspruit,maruleng,mopani,30.95114,-24.35383,154,5,89,4,0,0,48,62,2,22,51,10,6,20,14,4,1,42,7,14,8,5,0,19,4,18,0,14,4,9,15,0
2011/2012,hoedspruit,maruleng,mopani,30.95114,-24.35383,142,6,85,6,1,0,69,81,0,23,56,18,4,11,17,13,1,69,3,31,8,17,0,34,1,35,0,10,13,8,25,0
2012/2013,hoedspruit,maruleng,mopani,30.95114,-24.35383,188,2,81,7,0,0,68,104,1,14,46,23,4,20,32,7,1,46,3,33,10,7,0,21,3,38,0,10,8,8,22,0
2013/2014,hoedspruit,maruleng,mopani,30.95114,-24.35383,167,3,87,9,0,0,67,87,3,17,50,20,6,14,64,11,13,50,6,28,11,9,0,35,3,31,0,8,11,6,27,0
2014/2015,hoedspruit,maruleng,mopani,30.95114,-24.35383,144,2,99,10,1,0,51,71,7,15,51,16,4,16,86,15,21,56,6,24,6,4,0,36,2,29,0,8,5,6,44,0
2015/2016,hoedspruit,maruleng,mopani,30.95114,-24.35383,147,3,109,10,1,0,55,110,6,25,70,15,6,40,97,5,21,84,8,24,7,3,0,31,3,28,0,11,6,10,23,0
2016/2017,hoedspruit,maruleng,mopani,30.95114,-24.35383,162,1,72,7,1,0,66,112,5,18,43,11,6,47,115,10,13,45,5,22,15,3,1,31,0,23,0,7,12,4,30,0
2017/2018,hoedspruit,maruleng,mopani,30.95114,-24.35383,172,0,67,9,3,0,46,110,6,30,28,19,6,61,148,29,12,38,4,21,13,8,2,37,3,27,0,7,7,6,19,0
2018/2019,hoedspruit,maruleng,mopani,30.95114,-24.35383,162,2,64,9,0,0,30,38,7,27,35,15,6,84,81,22,12,44,5,14,12,4,0,29,0,14,5,7,9,7,25,0
2019/2020,hoedspruit,maruleng,mopani,30.95114,-24.35383,117,0,63,8,3,0,32,38,6,35,51,17,6,93,7,9,21,36,3,13,6,0,0,29,3,19,27,3,11,7,21,0
2020/2021,hoedspruit,maruleng,mopani,30.95114,-24.35383,88,1,48,5,1,0,28,38,1,42,41,12,6,67,23,11,13,40,5,13,3,2,0,11,7,21,56,3,4,6,10,0
2021/2022,hoedspruit,maruleng,mopani,30.95114,-24.35383,107,0,55,2,1,0,35,48,0,34,36,6,7,7,35,11,12,33,4,21,9,1,0,13,2,25,85,5,1,3,18,0
2022/2023,hoedspruit,maruleng,mopani,30.95114,-24.35383,146,1,78,4,4,0,28,46,1,60,54,11,4,15,38,3,14,45,2,24,6,7,0,20,4,34,108,6,4,6,13,0
2023/2024,hoedspruit,mopani district,mopani district,30.95114,-24.35383,0,0,0,0,0,0,0,37,1,0,0,0,0,0,0,0,0,0,0,0,0,9,0,0,0,0,0,0,0,5,9,0
2024/2025,hoedspruit,mopani district,mopani district,30.95114,-24.35383,0,0,0,0,0,0,0,26,2,0,0,0,0,0,0,0,0,0,0,0,0,0,0,0,0,0,0,0,0,2,13,0
2008/2009,hofmeyr,enoch mgijima,chris hani,25.80221,-31.65593,50,1,86,1,0,0,6,39,0,0,21,7,4,4,14,1,1,35,5,9,1,0,0,3,4,15,0,1,43,1,3,0
2009/2010,hofmeyr,enoch mgijima,chris hani,25.80221,-31.65593,37,0,68,0,1,0,5,36,0,1,20,4,7,7,21,1,1,35,2,4,0,0,0,2,1,7,0,1,36,1,2,0
2010/2011,hofmeyr,enoch mgijima,chris hani,25.80221,-31.65593,21,0,54,1,0,0,12,34,0,4,22,1,6,3,25,1,1,20,3,7,1,0,0,1,3,10,0,1,30,0,3,0
2011/2012,hofmeyr,enoch mgijima,chris hani,25.80221,-31.65593,14,0,38,1,0,0,6,33,0,1,15,2,6,1,30,3,1,14,3,8,1,0,0,1,0,8,0,2,26,0,3,0
2012/2013,hofmeyr,enoch mgijima,chris hani,25.80221,-31.65593,22,0,39,1,0,0,8,31,0,3,27,1,7,3,23,5,1,15,7,12,1,0,0,1,0,13,0,0,36,1,1,0
2013/2014,hofmeyr,enoch mgijima,chris hani,25.80221,-31.65593,15,0,42,1,0,0,15,29,0,3,13,3,6,5,25,2,13,10,10,17,1,1,0,5,2,19,0,1,28,0,2,0
2014/2015,hofmeyr,enoch mgijima,chris hani,25.80221,-31.65593,24,1,22,3,0,0,10,35,0,2,10,2,4,10,50,3,13,14,4,11,2,0,0,6,0,13,0,1,28,2,2,0
2015/2016,hofmeyr,enoch mgijima,chris hani,25.80221,-31.65593,10,0,23,3,1,0,7,31,0,0,12,4,6,8,61,1,13,12,5,11,2,0,0,3,1,13,0,0,31,0,7,0
2016/2017,hofmeyr,enoch mgijima,chris hani,25.80221,-31.65593,19,0,35,2,1,0,16,25,0,3,12,2,6,8,64,0,13,12,3,11,0,1,0,3,5,17,0,1,42,0,6,1
2017/2018,hofmeyr,enoch mgijima,chris hani,25.80221,-31.65593,12,0,24,1,0,0,6,16,0,0,8,1,6,9,79,0,13,4,2,10,0,1,0,3,2,12,0,2,17,0,1,0
2018/2019,hofmeyr,enoch mgijima,chris hani,25.80221,-31.65593,12,2,20,2,2,0,10,16,0,0,7,2,7,3,52,0,13,2,5,6,0,0,0,4,0,9,0,1,44,1,0,0
2019/2020,hofmeyr,enoch mgijima,chris hani,25.80221,-31.65593,19,1,30,2,1,0,10,26,1,1,16,1,6,5,29,3,21,12,3,4,5,2,0,13,1,6,0,2,17,2,2,0
2020/2021,hofmeyr,enoch mgijima,chris hani,25.80221,-31.65593,22,1,50,0,0,0,7,43,0,4,25,2,6,0,20,0,12,21,2,8,6,1,0,9,1,9,0,0,17,1,7,0
2021/2022,hofmeyr,enoch mgijima,chris hani,25.80221,-31.65593,23,1,48,7,0,0,14,30,0,4,33,2,6,2,6,3,12,9,8,7,4,0,0,7,3,10,0,2,16,0,0,0
2022/2023,hofmeyr,enoch mgijima,chris hani,25.80221,-31.65593,35,2,59,2,1,0,8,25,0,3,41,3,6,3,4,0,13,13,4,3,1,1,0,2,2,6,0,0,17,0,2,0
2023/2024,hofmeyr,chris hani district,chris hani district,25.80221,-31.65593,0,0,0,0,0,0,0,37,0,0,0,0,0,0,0,0,0,0,0,0,0,0,0,0,0,0,0,0,0,0,5,0
2024/2025,hofmeyr,chris hani district,chris hani district,25.80221,-31.65593,0,0,0,0,0,0,0,23,0,0,0,0,0,0,0,0,0,0,0,0,0,1,0,0,0,0,0,0,0,0,1,0
2008/2009,hogsback,raymond mhlaba,amathole,26.93696,-32.60057,13,3,8,2,1,0,11,16,0,1,5,1,6,0,5,0,1,5,0,4,0,0,0,0,1,6,0,0,26,0,2,0
2009/2010,hogsback,raymond mhlaba,amathole,26.93696,-32.60057,19,1,16,0,0,0,0,28,0,0,9,2,6,1,2,0,1,3,0,1,0,0,0,0,0,1,0,0,13,2,7,0
2010/2011,hogsback,raymond mhlaba,amathole,26.93696,-32.60057,23,2,14,1,1,0,0,40,0,0,4,2,6,0,1,0,1,5,1,1,0,0,0,0,1,3,0,0,17,0,3,0
2011/2012,hogsback,raymond mhlaba,amathole,26.93696,-32.60057,17,3,8,0,0,0,0,50,0,1,8,3,6,0,1,0,1,1,0,0,0,4,0,4,1,1,0,0,7,3,3,0
2012/2013,hogsback,raymond mhlaba,amathole,26.93696,-32.60057,20,1,6,1,0,0,9,43,0,2,4,0,6,1,1,0,1,9,0,4,1,0,0,2,1,5,0,0,13,1,11,0
2013/2014,hogsback,raymond mhlaba,amathole,26.93696,-32.60057,16,1,12,0,0,0,13,48,0,0,3,0,6,0,2,0,12,6,0,1,1,0,0,1,1,2,0,0,5,1,9,0
2014/2015,hogsback,raymond mhlaba,amathole,26.93696,-32.60057,14,0,5,0,0,0,7,24,0,0,3,0,6,0,7,0,13,1,0,2,0,0,0,1,0,2,0,0,22,1,3,0
2015/2016,hogsback,raymond mhlaba,amathole,26.93696,-32.60057,9,1,7,0,0,0,6,9,0,0,0,1,6,0,8,0,12,0,0,3,0,0,0,0,1,4,0,0,8,0,4,0
2016/2017,hogsback,raymond mhlaba,amathole,26.93696,-32.60057,15,1,6,0,0,0,3,9,0,2,2,0,6,0,3,0,13,2,1,0,0,0,0,0,0,0,0,0,25,1,3,0
2017/2018,hogsback,raymond mhlaba,amathole,26.93696,-32.60057,16,0,5,0,0,0,3,12,0,2,2,1,6,1,7,1,13,1,0,1,0,0,0,0,0,1,0,0,21,0,5,0
2018/2019,hogsback,raymond mhlaba,amathole,26.93696,-32.60057,7,0,5,0,0,0,4,16,0,1,1,0,6,1,1,0,13,1,0,2,0,0,0,0,0,2,0,0,8,1,2,0
2019/2020,hogsback,raymond mhlaba,amathole,26.93696,-32.60057,7,0,8,0,0,0,3,14,0,5,3,0,6,1,1,0,13,1,0,1,0,1,0,1,1,2,0,0,8,0,4,0
2020/2021,hogsback,raymond mhlaba,amathole,26.93696,-32.60057,4,0,5,0,0,0,3,16,0,1,3,0,6,0,0,0,13,1,2,2,0,2,0,3,0,2,0,0,5,2,3,0
2021/2022,hogsback,raymond mhlaba,amathole,26.93696,-32.60057,5,1,5,0,1,0,3,10,0,4,0,0,6,1,0,0,13,2,0,0,0,0,0,0,0,1,0,0,3,0,1,0
2022/2023,hogsback,raymond mhlaba,amathole,26.93696,-32.60057,9,0,2,0,0,0,6,10,0,7,5,0,6,0,0,0,13,5,2,0,0,1,0,1,1,1,0,0,8,2,0,0
2023/2024,hogsback,amathole district,amathole district,26.93696,-32.60057,0,0,0,0,0,0,0,8,0,0,0,0,0,0,0,0,0,0,0,0,0,1,0,0,0,0,0,0,0,0,0,0
2024/2025,hogsback,amathole district,amathole district,26.93696,-32.60057,0,0,0,0,0,0,0,5,0,0,0,0,0,0,0,0,0,0,0,0,0,0,0,0,0,0,0,0,0,0,4,0
2008/2009,hondeklip bay,kamiesberg,namakwa,17.27415,-30.32269,9,0,3,0,0,0,7,2,0,0,8,1,6,0,7,0,1,7,1,1,0,0,0,0,0,1,0,0,1,0,0,0
2009/2010,hondeklip bay,kamiesberg,namakwa,17.27415,-30.32269,1,0,5,0,0,0,1,3,0,0,7,0,7,0,16,0,1,4,0,0,0,0,0,0,3,4,0,0,1,0,0,0
2010/2011,hondeklip bay,kamiesberg,namakwa,17.27415,-30.32269,11,0,5,1,0,0,1,2,0,0,7,0,6,0,2,0,1,3,0,2,0,0,0,0,2,4,0,1,0,0,0,0
2011/2012,hondeklip bay,kamiesberg,namakwa,17.27415,-30.32269,9,0,5,0,0,0,4,5,0,0,11,1,6,0,3,0,1,3,0,2,0,0,0,0,0,2,1,0,1,1,0,0
2012/2013,hondeklip bay,kamiesberg,namakwa,17.27415,-30.32269,5,0,3,1,0,0,2,2,0,0,10,0,6,0,3,0,1,4,0,1,0,0,0,0,0,1,1,0,0,0,0,0
2013/2014,hondeklip bay,kamiesberg,namakwa,17.27415,-30.32269,5,0,2,1,0,0,2,0,0,0,10,0,6,0,9,0,13,7,0,1,0,0,0,0,1,2,0,0,0,1,0,0
2014/2015,hondeklip bay,kamiesberg,namakwa,17.27415,-30.32269,4,0,8,0,0,0,2,1,0,0,7,0,6,0,2,0,13,8,0,4,0,0,0,0,0,4,0,0,2,1,0,0
2015/2016,hondeklip bay,kamiesberg,namakwa,17.27415,-30.32269,6,0,11,1,0,0,2,7,0,0,6,1,6,0,7,0,13,3,1,0,0,0,0,0,1,1,2,0,0,0,0,0
2016/2017,hondeklip bay,kamiesberg,namakwa,17.27415,-30.32269,1,0,5,0,0,0,1,1,0,1,4,0,7,4,26,1,13,2,0,4,0,0,0,0,0,5,0,0,0,0,0,0
2017/2018,hondeklip bay,kamiesberg,namakwa,17.27415,-30.32269,6,0,2,0,0,0,1,5,0,2,2,0,6,0,6,0,13,6,0,0,0,0,0,0,0,0,0,0,2,0,0,0
2018/2019,hondeklip bay,kamiesberg,namakwa,17.27415,-30.32269,4,0,4,1,0,0,1,4,0,2,6,0,6,0,4,0,13,0,1,0,0,0,0,0,2,2,0,0,0,0,0,0
2019/2020,hondeklip bay,kamiesberg,namakwa,17.27415,-30.32269,8,1,6,1,1,0,2,8,0,0,8,0,6,0,1,0,13,6,0,1,0,0,0,0,2,4,0,0,1,0,0,0
2020/2021,hondeklip bay,kamiesberg,namakwa,17.27415,-30.32269,7,0,2,1,1,0,1,7,0,1,9,0,6,1,3,0,13,3,0,1,0,0,0,0,2,4,0,0,0,0,1,0
2021/2022,hondeklip bay,kamiesberg,namakwa,17.27415,-30.32269,9,0,8,1,1,0,4,7,0,1,5,0,6,1,0,0,13,7,0,3,0,1,0,1,0,4,0,0,1,0,0,0
2022/2023,hondeklip bay,kamiesberg,namakwa,17.27415,-30.32269,11,0,6,1,1,0,4,8,0,2,15,0,6,0,8,0,13,7,1,0,0,0,0,0,0,1,0,1,2,0,0,0
2023/2024,hondeklip bay,namakwa district,namakwa district,17.27415,-30.32269,0,0,0,0,0,0,0,9,0,0,0,0,0,0,0,0,0,0,0,0,0,0,0,0,0,0,0,0,0,0,0,0
2024/2025,hondeklip bay,namakwa district,namakwa district,17.27415,-30.32269,0,0,0,0,0,0,0,6,0,0,0,0,0,0,0,0,0,0,0,0,0,0,0,0,0,0,0,0,0,0,1,0
2008/2009,honeydew,city of johannesburg,city of johannesburg,27.9201,-26.0732,2513,22,503,75,13,3,244,2125,72,620,883,255,26,59,127,32,1,925,47,84,157,294,2,930,9,127,0,602,2,880,713,4
2009/2010,honeydew,city of johannesburg,city of johannesburg,27.9201,-26.0732,2663,19,633,66,12,5,297,2102,77,679,873,225,30,68,137,102,1,1095,32,114,129,321,2,897,7,162,0,629,0,786,935,2
2010/2011,honeydew,city of johannesburg,city of johannesburg,27.9201,-26.0732,2486,30,620,90,7,1,287,1923,64,714,886,248,69,258,179,97,1,1104,46,108,89,331,0,831,12,172,0,466,0,848,959,2
2011/2012,honeydew,city of johannesburg,city of johannesburg,27.9201,-26.0732,2544,20,579,59,21,1,273,1700,69,640,854,227,15,550,247,29,1,799,19,111,75,307,0,765,11,160,2,555,0,684,1007,4
2012/2013,honeydew,city of johannesburg,city of johannesburg,27.9201,-26.0732,2627,27,579,75,11,0,246,2028,54,652,797,253,16,399,290,62,1,789,42,119,102,346,0,862,17,157,9,501,2,538,1297,2
2013/2014,honeydew,city of johannesburg,city of johannesburg,27.9201,-26.0732,2568,13,582,68,8,0,235,1753,56,612,748,234,18,307,941,75,28,829,59,105,102,391,1,1008,11,135,8,487,1,645,1450,2
2014/2015,honeydew,city of johannesburg,city of johannesburg,27.9201,-26.0732,2401,9,675,73,13,0,268,1815,61,537,795,300,16,411,1067,52,37,773,48,117,86,438,0,1050,30,170,8,548,0,764,1495,4
2015/2016,honeydew,city of johannesburg,city of johannesburg,27.9201,-26.0732,2346,13,676,97,12,0,281,1530,98,584,861,286,10,447,672,33,20,742,76,114,122,380,0,1076,21,153,6,466,1,835,1104,4
2016/2017,honeydew,city of johannesburg,city of johannesburg,27.9201,-26.0732,2109,3,656,77,9,0,326,1340,149,638,835,284,32,531,773,30,77,824,67,130,152,337,0,1183,24,175,4,459,1,719,1269,5
2017/2018,honeydew,city of johannesburg,city of johannesburg,27.9201,-26.0732,2161,2,627,74,4,1,272,1260,184,596,805,297,9,533,943,37,70,889,49,109,71,360,0,1017,36,154,7,418,0,622,1263,5
2018/2019,honeydew,city of johannesburg,city of johannesburg,27.9201,-26.0732,1856,12,588,43,4,1,291,1264,128,688,859,333,10,512,660,27,9,641,61,123,94,329,3,1020,30,163,1,431,0,666,1065,8
2019/2020,honeydew,city of johannesburg,city of johannesburg,27.9201,-26.0732,1792,7,480,71,2,0,273,1175,173,825,973,354,9,444,175,27,19,621,60,143,122,341,1,1093,33,183,4,387,0,670,1250,7
2020/2021,honeydew,city of johannesburg,city of johannesburg,27.9201,-26.0732,1485,13,529,62,3,0,190,564,125,861,860,326,9,127,120,26,10,529,47,149,91,262,1,847,39,196,1,344,1,542,501,7
2021/2022,honeydew,city of johannesburg,city of johannesburg,27.9201,-26.0732,1489,8,542,72,4,0,239,667,138,871,854,338,10,228,137,23,101,453,63,135,99,201,1,753,46,191,1,314,0,627,564,14
2022/2023,honeydew,city of johannesburg,city of johannesburg,27.9201,-26.0732,1746,7,460,77,2,0,193,721,141,904,740,288,7,314,165,35,102,402,69,144,69,166,1,712,25,172,1,300,0,683,608,8
2023/2024,honeydew,johannesburg district,johannesburg district,27.9201,-26.0732,0,0,0,0,0,0,0,574,78,0,0,0,0,0,0,0,0,0,0,0,0,161,0,0,0,0,0,0,0,531,806,0
2024/2025,honeydew,johannesburg district,johannesburg district,27.9201,-26.0732,0,0,0,0,0,0,0,471,109,0,0,0,0,0,0,0,0,0,0,0,0,125,0,0,0,0,0,0,0,454,569,0
2008/2009,hoopdal,thabazimbi,waterberg,27.49232,-24.27923,15,0,4,0,0,0,0,5,0,0,4,0,6,0,1,0,1,4,0,2,1,0,0,1,1,3,0,0,0,0,0,0
2009/2010,hoopdal,thabazimbi,waterberg,27.49232,-24.27923,11,0,5,1,1,0,1,4,0,1,1,1,6,1,0,0,1,4,0,2,0,0,0,1,0,3,0,0,5,3,0,1
2010/2011,hoopdal,thabazimbi,waterberg,27.49232,-24.27923,17,2,3,0,0,0,1,5,0,1,6,0,6,0,0,1,1,3,0,2,0,1,0,2,0,2,0,0,2,1,2,0
2011/2012,hoopdal,thabazimbi,waterberg,27.49232,-24.27923,11,0,8,0,0,0,4,4,0,0,5,0,6,0,1,0,1,3,0,2,0,1,0,1,0,2,0,0,1,2,2,0
2012/2013,hoopdal,thabazimbi,waterberg,27.49232,-24.27923,4,1,2,1,0,0,2,1,0,0,5,1,6,0,5,1,1,0,0,2,0,0,0,0,1,3,0,0,0,2,0,0
2013/2014,hoopdal,thabazimbi,waterberg,27.49232,-24.27923,5,0,2,0,0,0,4,7,0,0,6,0,6,1,3,2,1,0,2,0,0,1,0,2,0,0,0,0,0,0,0,0
2014/2015,hoopdal,thabazimbi,waterberg,27.49232,-24.27923,5,0,2,0,0,0,1,4,0,0,2,2,6,0,12,0,1,0,0,2,0,1,0,2,0,2,0,0,0,0,1,0
2015/2016,hoopdal,thabazimbi,waterberg,27.49232,-24.27923,5,0,5,2,0,0,0,1,0,1,3,0,6,0,5,1,1,0,3,1,0,1,0,1,1,2,0,0,1,0,0,0
2016/2017,hoopdal,thabazimbi,waterberg,27.49232,-24.27923,8,0,6,0,0,0,0,2,0,1,2,0,6,2,6,0,1,0,0,1,0,0,0,1,0,1,0,0,3,0,0,0
2017/2018,hoopdal,thabazimbi,waterberg,27.49232,-24.27923,7,1,3,1,0,0,0,2,0,0,5,1,6,2,7,0,1,0,3,1,0,0,0,0,0,1,0,0,1,0,0,0
2018/2019,hoopdal,thabazimbi,waterberg,27.49232,-24.27923,4,0,4,0,0,0,0,4,0,0,4,0,6,1,9,0,12,1,0,0,0,1,0,1,0,0,0,0,3,0,0,0
2019/2020,hoopdal,thabazimbi,waterberg,27.49232,-24.27923,6,0,3,0,0,0,0,3,0,1,2,0,6,1,0,0,13,0,0,3,0,0,0,0,0,3,0,0,2,0,0,0
2020/2021,hoopdal,thabazimbi,waterberg,27.49232,-24.27923,1,1,1,1,0,0,1,2,0,1,2,0,6,0,5,1,13,0,0,1,0,0,0,0,0,1,1,0,0,0,0,0
2021/2022,hoopdal,thabazimbi,waterberg,27.49232,-24.27923,4,0,1,0,0,0,1,1,1,2,1,0,6,1,2,2,13,1,0,1,0,1,0,2,0,1,0,0,1,0,0,0
2022/2023,hoopdal,thabazimbi,waterberg,27.49232,-24.27923,4,0,1,0,1,0,0,1,0,0,4,0,6,0,7,0,13,0,0,2,0,0,0,1,0,3,0,0,2,0,0,1
2023/2024,hoopdal,waterberg district,waterberg district,27.49232,-24.27923,0,0,0,0,0,0,0,4,0,0,0,0,0,0,0,0,0,0,0,0,0,0,0,0,0,0,0,0,0,0,1,0
2024/2025,hoopdal,waterberg district,waterberg district,27.49232,-24.27923,0,0,0,0,0,0,0,3,0,0,0,0,0,0,0,0,0,0,0,0,0,0,0,0,0,0,0,0,0,0,0,0
2008/2009,hoopstad,tswelopele,lejweleputswa,25.90546,-27.83669,113,2,125,3,6,0,14,95,0,9,156,28,4,32,57,0,1,48,7,33,4,1,0,10,2,43,0,6,18,7,7,0
2009/2010,hoopstad,tswelopele,lejweleputswa,25.90546,-27.83669,93,3,101,3,9,0,9,102,0,1,175,9,5,15,47,0,1,33,6,21,2,2,0,9,0,33,0,10,16,6,13,0
2010/2011,hoopstad,tswelopele,lejweleputswa,25.90546,-27.83669,88,2,119,4,9,0,11,79,0,5,148,14,5,7,34,1,1,29,6,25,3,0,1,5,1,38,0,3,9,6,6,0
2011/2012,hoopstad,tswelopele,lejweleputswa,25.90546,-27.83669,90,5,128,2,9,0,32,81,0,15,115,24,7,10,28,1,1,57,10,37,3,1,0,6,7,54,0,6,10,2,6,0
2012/2013,hoopstad,tswelopele,lejweleputswa,25.90546,-27.83669,98,4,169,3,6,0,26,69,0,10,125,15,7,6,18,3,1,59,4,41,4,1,0,10,4,52,0,6,13,7,10,0
2013/2014,hoopstad,tswelopele,lejweleputswa,25.90546,-27.83669,135,0,204,3,17,0,36,80,0,13,144,30,6,3,31,0,13,72,5,29,8,1,0,10,9,55,1,7,23,6,10,0
2014/2015,hoopstad,tswelopele,lejweleputswa,25.90546,-27.83669,91,0,146,5,9,0,24,82,0,6,116,18,5,8,40,2,13,49,4,30,6,2,0,11,9,51,0,4,11,12,10,0
2015/2016,hoopstad,tswelopele,lejweleputswa,25.90546,-27.83669,108,1,139,2,6,0,20,85,0,8,136,34,7,14,43,1,12,63,3,25,10,2,0,15,3,35,0,6,17,12,13,0
2016/2017,hoopstad,tswelopele,lejweleputswa,25.90546,-27.83669,114,0,101,2,10,0,42,77,0,19,87,27,7,14,56,1,12,36,6,23,10,3,0,19,4,38,0,4,8,5,13,0
2017/2018,hoopstad,tswelopele,lejweleputswa,25.90546,-27.83669,77,0,117,2,4,0,33,68,1,8,97,22,7,14,60,4,13,40,5,37,5,5,0,28,1,43,0,9,10,1,11,1
2018/2019,hoopstad,tswelopele,lejweleputswa,25.90546,-27.83669,77,4,133,4,4,0,41,88,0,14,85,20,7,15,55,2,12,27,10,31,9,2,0,40,7,43,0,6,11,2,4,0
2019/2020,hoopstad,tswelopele,lejweleputswa,25.90546,-27.83669,68,2,100,7,10,0,52,57,0,9,74,13,6,6,6,0,22,34,7,27,10,2,0,36,8,45,0,2,17,2,5,0
2020/2021,hoopstad,tswelopele,lejweleputswa,25.90546,-27.83669,57,2,117,4,4,0,53,60,0,14,92,10,7,8,19,1,21,49,8,25,8,6,0,33,6,36,0,4,18,1,4,0
2021/2022,hoopstad,tswelopele,lejweleputswa,25.90546,-27.83669,86,2,134,5,1,0,50,81,1,19,149,7,6,9,16,0,12,26,3,12,10,7,0,40,10,23,1,3,20,2,11,0
2022/2023,hoopstad,tswelopele,lejweleputswa,25.90546,-27.83669,108,0,110,33,3,0,34,71,0,23,167,12,6,7,18,5,3,46,4,34,7,3,0,29,6,43,2,7,20,1,18,1
2023/2024,hoopstad,lejweleputswa district,lejweleputswa district,25.90546,-27.83669,0,0,0,0,0,0,0,58,1,0,0,0,0,0,0,0,0,0,0,0,0,3,0,0,0,0,0,0,0,1,8,0
2024/2025,hoopstad,lejweleputswa district,lejweleputswa district,25.90546,-27.83669,0,0,0,0,0,0,0,58,0,0,0,0,0,0,0,0,0,0,0,0,0,2,0,0,0,0,0,0,0,1,15,0
2008/2009,hopefield,saldanha bay,west coast,18.34998,-33.06525,43,0,27,1,2,0,7,14,0,0,43,0,6,19,70,0,1,16,2,4,0,1,0,2,1,7,0,1,0,1,6,0
2009/2010,hopefield,saldanha bay,west coast,18.34998,-33.06525,38,0,28,0,0,0,12,25,0,1,46,0,6,19,91,1,1,16,0,6,0,0,0,1,4,10,0,0,1,0,4,0
2010/2011,hopefield,saldanha bay,west coast,18.34998,-33.06525,45,0,26,0,0,0,14,16,0,0,39,0,6,17,86,0,1,23,5,15,0,0,0,0,0,15,0,0,3,0,5,0
2011/2012,hopefield,saldanha bay,west coast,18.34998,-33.06525,48,0,17,1,0,0,15,40,0,2,61,2,6,10,56,0,1,20,2,1,0,0,0,0,4,5,0,1,2,3,10,0
2012/2013,hopefield,saldanha bay,west coast,18.34998,-33.06525,45,1,20,2,0,0,16,33,0,1,85,1,6,13,46,1,1,28,2,3,1,1,0,4,3,6,0,0,2,1,12,0
2013/2014,hopefield,saldanha bay,west coast,18.34998,-33.06525,61,1,22,1,1,0,14,45,0,2,91,0,7,14,70,0,13,27,0,5,0,0,0,0,4,11,0,3,5,1,17,0
2014/2015,hopefield,saldanha bay,west coast,18.34998,-33.06525,79,3,30,0,1,0,26,46,0,2,73,1,6,12,71,2,13,26,1,9,0,0,0,3,1,11,0,3,3,2,13,0
2015/2016,hopefield,saldanha bay,west coast,18.34998,-33.06525,71,2,33,0,0,0,31,43,0,0,57,2,6,8,105,1,13,33,1,4,2,0,0,3,0,4,0,4,2,1,17,0
2016/2017,hopefield,saldanha bay,west coast,18.34998,-33.06525,58,0,22,0,0,0,35,29,0,4,47,0,6,6,104,3,13,31,0,7,1,0,0,3,2,9,0,4,2,0,5,0
2017/2018,hopefield,saldanha bay,west coast,18.34998,-33.06525,29,2,19,3,1,0,25,25,0,6,51,1,7,6,137,2,13,19,2,3,0,0,0,1,3,8,0,1,3,1,9,0
2018/2019,hopefield,saldanha bay,west coast,18.34998,-33.06525,38,0,12,1,0,0,17,29,0,9,40,1,6,9,128,2,13,16,1,5,1,1,0,4,0,5,0,1,8,0,10,1
2019/2020,hopefield,saldanha bay,west coast,18.34998,-33.06525,41,0,22,0,1,0,18,32,0,7,32,2,7,8,92,1,21,18,2,2,4,0,0,7,3,7,0,4,4,1,15,0
2020/2021,hopefield,saldanha bay,west coast,18.34998,-33.06525,46,0,23,0,0,0,14,25,0,12,32,1,6,8,61,0,13,21,2,3,1,3,0,7,3,6,0,0,8,2,15,0
2021/2022,hopefield,saldanha bay,west coast,18.34998,-33.06525,42,2,30,11,0,0,10,31,0,10,42,2,6,7,55,3,13,28,2,1,1,1,0,2,1,2,0,0,6,2,5,0
2022/2023,hopefield,saldanha bay,west coast,18.34998,-33.06525,50,0,19,8,0,0,13,26,0,15,43,3,6,8,59,1,21,25,2,2,0,0,0,1,1,3,0,0,3,2,8,0
2023/2024,hopefield,west coast district,west coast district,18.34998,-33.06525,0,0,0,0,0,0,0,37,0,0,0,0,0,0,0,0,0,0,0,0,0,0,0,0,0,0,0,0,0,1,8,0
2024/2025,hopefield,west coast district,west coast district,18.34998,-33.06525,0,0,0,0,0,0,0,21,0,0,0,0,0,0,0,0,0,0,0,0,0,0,0,0,0,0,0,0,0,0,9,0
2023/2024,hopetown,pixley ka seme district,pixley ka seme district,,,0,0,0,0,0,0,0,66,0,0,0,0,0,0,0,0,0,0,0,0,0,0,0,0,0,0,0,0,0,4,14,0
2024/2025,hopetown,pixley ka seme district,pixley ka seme district,,,0,0,0,0,0,0,0,56,0,0,0,0,0,0,0,0,0,0,0,0,0,1,0,0,0,0,0,0,0,0,14,0
2008/2009,hopeville,,,,,74,5,131,10,3,0,14,54,0,3,115,7,7,8,98,0,1,34,8,13,0,0,0,3,1,18,0,18,51,1,9,0
2009/2010,hopeville,,,,,104,1,132,13,3,0,56,121,0,11,118,12,5,7,78,1,1,59,10,23,3,1,0,6,1,30,0,14,37,4,8,0
2010/2011,hopeville,,,,,81,3,122,4,0,0,35,59,0,7,128,19,4,10,98,1,1,42,6,15,1,0,0,3,3,20,0,4,37,3,14,0
2011/2012,hopeville,,,,,71,1,129,4,3,0,31,52,0,4,117,10,6,10,166,0,1,35,9,22,2,0,0,9,7,32,0,10,33,7,13,0
2012/2013,hopeville,,,,,65,2,116,6,6,0,23,44,0,7,83,6,7,5,101,0,1,40,9,20,0,0,0,0,9,36,0,14,45,8,16,0
2013/2014,hopeville,,,,,50,4,141,15,2,0,26,42,0,9,79,12,6,4,136,1,1,34,8,20,0,1,0,9,6,28,0,10,40,6,10,0
2014/2015,hopeville,,,,,63,0,126,11,1,0,23,62,0,7,84,1,7,6,111,0,1,30,4,20,3,0,0,4,2,24,0,8,52,5,8,0
2015/2016,hopeville,,,,,48,1,138,5,3,0,31,64,0,3,65,4,6,9,151,0,1,28,9,24,1,1,0,6,5,32,1,5,53,4,7,0
2016/2017,hopeville,,,,,69,2,134,5,2,0,36,59,0,14,62,4,7,1,123,3,1,35,6,20,3,1,0,10,5,28,0,12,76,3,10,0
2017/2018,hopeville,,,,,73,0,137,4,0,0,28,109,0,13,68,12,7,1,158,5,1,34,6,22,5,1,0,12,9,32,0,9,73,1,20,0
2018/2019,hopeville,,,,,102,2,134,3,2,0,50,85,0,15,72,9,4,8,72,5,1,35,5,10,1,0,0,5,6,20,0,9,45,5,9,0
2019/2020,hopeville,,,,,74,1,113,8,5,0,28,90,0,7,66,14,7,7,49,1,1,27,3,9,2,0,0,7,6,21,0,3,38,0,14,0
2020/2021,hopeville,,,,,63,4,79,5,0,0,25,80,0,11,82,8,7,0,22,2,1,40,1,7,2,2,0,9,7,15,1,2,32,1,19,0
2021/2022,hopeville,,,,,80,2,88,12,0,0,38,75,1,21,105,8,6,3,21,0,1,40,7,7,0,2,0,7,6,13,0,1,15,1,15,0
2022/2023,hopeville,,,,,111,1,91,36,0,0,43,91,0,33,140,15,6,6,25,4,1,50,6,16,9,4,0,29,5,21,1,6,13,1,8,0
2008/2009,hout bay,city of cape town,city of cape town,18.35674,-34.03052,540,1,150,8,5,0,20,492,1,63,181,22,5,122,171,4,1,181,11,29,4,11,0,63,10,47,0,39,0,25,297,0
2009/2010,hout bay,city of cape town,city of cape town,18.35674,-34.03052,683,6,175,10,3,0,27,654,0,97,196,23,12,131,203,13,1,126,8,33,18,33,0,122,7,50,0,44,0,27,376,0
2010/2011,hout bay,city of cape town,city of cape town,18.35674,-34.03052,540,1,181,6,0,0,57,535,0,107,171,37,9,162,232,7,1,130,14,36,6,29,0,106,7,48,0,52,0,26,330,0
2011/2012,hout bay,city of cape town,city of cape town,18.35674,-34.03052,642,2,167,19,0,0,43,636,3,68,194,43,7,157,269,5,1,136,9,32,17,36,0,135,12,45,2,24,0,29,449,0
2012/2013,hout bay,city of cape town,city of cape town,18.35674,-34.03052,582,3,172,17,4,0,38,619,1,58,194,72,6,111,221,7,1,117,22,30,23,51,0,143,11,45,1,12,0,24,468,0
2013/2014,hout bay,city of cape town,city of cape town,18.35674,-34.03052,445,0,133,13,2,0,46,513,0,41,169,55,6,81,492,7,14,131,19,16,19,42,0,167,5,23,0,15,0,36,311,0
2014/2015,hout bay,city of cape town,city of cape town,18.35674,-34.03052,422,0,143,3,3,0,53,381,3,48,164,66,9,69,352,9,13,120,14,30,16,40,0,203,3,41,0,13,0,32,271,1
2015/2016,hout bay,city of cape town,city of cape town,18.35674,-34.03052,425,1,123,10,4,0,43,293,1,61,174,51,7,70,325,2,14,120,12,15,7,51,0,139,9,29,0,27,0,33,334,0
2016/2017,hout bay,city of cape town,city of cape town,18.35674,-34.03052,440,7,137,14,0,0,45,315,3,82,166,48,6,66,246,5,2,110,4,21,5,48,0,119,6,27,0,25,0,28,299,0
2017/2018,hout bay,city of cape town,city of cape town,18.35674,-34.03052,474,14,154,17,1,0,67,303,3,68,244,71,6,72,176,4,12,169,15,30,12,34,1,171,5,36,0,32,0,24,234,0
2018/2019,hout bay,city of cape town,city of cape town,18.35674,-34.03052,430,6,169,18,1,0,39,276,5,103,210,47,7,59,89,9,23,167,20,33,12,51,0,191,5,40,2,36,0,26,182,0
2019/2020,hout bay,city of cape town,city of cape town,18.35674,-34.03052,359,4,191,22,2,0,29,150,5,81,272,55,4,30,20,6,17,170,22,39,12,27,0,180,10,53,1,29,0,29,110,0
2020/2021,hout bay,city of cape town,city of cape town,18.35674,-34.03052,279,8,205,14,2,0,39,155,3,107,324,32,4,5,34,9,25,178,19,18,11,18,0,104,4,26,1,29,0,23,115,0
2021/2022,hout bay,city of cape town,city of cape town,18.35674,-34.03052,323,2,208,7,2,0,24,137,2,136,310,23,7,18,27,9,23,167,16,38,5,11,0,89,7,48,1,21,0,31,96,0
2022/2023,hout bay,city of cape town,city of cape town,18.35674,-34.03052,375,1,172,17,4,0,31,141,2,152,248,24,7,65,26,1,13,164,31,32,3,13,0,87,6,43,1,13,0,19,81,0
2023/2024,hout bay,city of cape town district,city of cape town district,18.35674,-34.03052,0,0,0,0,0,0,0,171,5,0,0,0,0,0,0,0,0,0,0,0,0,27,0,0,0,0,0,0,0,19,111,0
2024/2025,hout bay,city of cape town district,city of cape town district,18.35674,-34.03052,0,0,0,0,0,0,0,150,6,0,0,0,0,0,0,0,0,0,0,0,0,30,0,0,0,0,0,0,0,22,139,0
2008/2009,howick,umngeni,umgungundlovu,30.22997,-29.4885,333,8,175,11,5,0,75,235,6,104,89,36,8,152,146,10,1,78,23,28,4,7,0,47,3,40,0,58,34,78,127,2
2009/2010,howick,umngeni,umgungundlovu,30.22997,-29.4885,291,10,165,15,1,0,77,262,10,117,115,30,5,156,151,7,1,82,14,34,10,9,0,64,2,40,0,42,29,66,109,0
2010/2011,howick,umngeni,umgungundlovu,30.22997,-29.4885,269,2,164,8,1,0,96,273,8,157,83,27,4,65,166,17,1,84,14,41,3,8,0,75,11,55,0,56,27,89,171,4
2011/2012,howick,umngeni,umgungundlovu,30.22997,-29.4885,350,1,126,7,1,0,93,208,0,75,67,23,6,18,171,14,1,71,26,37,1,9,0,44,2,40,1,44,35,80,118,0
2012/2013,howick,umngeni,umgungundlovu,30.22997,-29.4885,357,8,141,10,0,0,77,293,0,64,72,26,5,35,119,9,1,75,16,35,4,11,0,47,5,43,0,58,30,74,128,1
2013/2014,howick,umngeni,umgungundlovu,30.22997,-29.4885,320,2,95,6,1,0,100,230,2,70,75,23,4,28,122,12,21,39,15,21,8,8,0,54,6,30,1,69,22,56,132,1
2014/2015,howick,umngeni,umgungundlovu,30.22997,-29.4885,328,6,78,9,0,0,85,326,3,62,70,17,7,21,140,4,21,38,18,19,6,9,0,48,4,24,0,53,36,66,133,3
2015/2016,howick,umngeni,umgungundlovu,30.22997,-29.4885,287,1,101,12,1,0,61,265,1,66,58,31,7,25,173,7,12,40,11,32,5,7,0,48,0,34,1,42,20,48,81,4
2016/2017,howick,umngeni,umgungundlovu,30.22997,-29.4885,342,3,94,10,2,0,65,302,5,74,63,25,6,28,184,3,14,36,19,21,4,18,0,63,6,29,0,43,21,53,105,7
2017/2018,howick,umngeni,umgungundlovu,30.22997,-29.4885,287,4,99,16,0,0,88,272,5,80,65,17,6,30,247,12,12,41,15,27,4,14,0,47,1,28,0,48,32,36,93,3
2018/2019,howick,umngeni,umgungundlovu,30.22997,-29.4885,298,3,91,20,1,0,71,281,3,91,86,21,7,29,243,8,12,40,21,25,6,5,0,65,6,33,0,49,40,33,95,2
2019/2020,howick,umngeni,umgungundlovu,30.22997,-29.4885,309,1,96,19,1,0,60,259,1,113,79,26,6,131,246,13,22,53,23,34,7,2,0,34,6,41,0,41,33,36,96,1
2020/2021,howick,umngeni,umgungundlovu,30.22997,-29.4885,286,1,82,14,0,0,51,201,0,106,78,25,6,78,90,6,12,35,15,27,4,5,0,28,6,33,0,31,25,26,59,2
2021/2022,howick,umngeni,umgungundlovu,30.22997,-29.4885,252,10,90,18,0,0,89,171,5,134,57,29,6,86,76,10,14,47,28,26,5,5,0,31,5,31,0,35,31,22,48,3
2022/2023,howick,umngeni,umgungundlovu,30.22997,-29.4885,236,3,68,24,4,0,59,213,4,150,92,24,6,12,140,16,14,46,25,32,12,9,0,42,6,42,0,45,13,35,41,0
2023/2024,howick,umgungundlovu district,umgungundlovu district,30.22997,-29.4885,0,0,0,0,0,0,0,218,8,0,0,0,0,0,0,0,0,0,0,0,0,12,0,0,0,0,0,0,0,14,67,0
2024/2025,howick,umgungundlovu district,umgungundlovu district,30.22997,-29.4885,0,0,0,0,0,0,0,131,3,0,0,0,0,0,0,0,0,0,0,0,0,10,0,0,0,0,0,0,0,14,49,0
2008/2009,huhudi,naledi,dr ruth segomotsi mompati,24.74053,-26.96691,60,3,327,1,9,0,12,100,0,2,63,49,5,5,24,2,1,66,7,48,2,7,0,25,2,62,0,1,0,1,16,0
2009/2010,huhudi,naledi,dr ruth segomotsi mompati,24.74053,-26.96691,41,2,280,5,5,0,9,78,0,0,24,28,5,4,18,1,1,62,6,44,0,2,0,8,3,55,0,1,0,1,13,0
2010/2011,huhudi,naledi,dr ruth segomotsi mompati,24.74053,-26.96691,29,0,220,5,5,0,10,99,0,0,31,17,4,5,15,0,1,49,5,43,2,1,0,13,7,57,0,0,0,3,9,0
2011/2012,huhudi,naledi,dr ruth segomotsi mompati,24.74053,-26.96691,38,3,280,3,6,0,12,70,0,2,20,13,6,1,24,2,1,48,5,47,7,2,0,23,6,59,0,0,0,2,8,0
2012/2013,huhudi,naledi,dr ruth segomotsi mompati,24.74053,-26.96691,28,4,295,4,7,0,14,142,0,0,17,20,6,1,20,1,1,43,6,54,6,7,0,29,7,68,0,1,1,4,16,0
2013/2014,huhudi,naledi,dr ruth segomotsi mompati,24.74053,-26.96691,44,6,324,0,5,0,13,95,0,1,34,27,7,1,30,2,12,59,5,44,15,1,0,32,9,59,1,0,0,3,16,0
2014/2015,huhudi,naledi,dr ruth segomotsi mompati,24.74053,-26.96691,51,2,347,5,4,0,29,137,2,1,36,29,6,4,19,1,12,80,6,40,14,9,0,67,7,51,0,0,3,3,24,0
2015/2016,huhudi,naledi,dr ruth segomotsi mompati,24.74053,-26.96691,44,4,348,11,4,0,17,178,2,4,22,40,8,8,11,4,21,70,9,55,9,9,0,60,10,73,0,0,10,3,37,0
2016/2017,huhudi,naledi,dr ruth segomotsi mompati,24.74053,-26.96691,55,2,294,3,9,0,24,167,0,3,23,33,4,5,19,0,13,77,7,36,9,12,0,47,3,50,0,0,14,3,25,0
2017/2018,huhudi,naledi,dr ruth segomotsi mompati,24.74053,-26.96691,58,4,261,3,2,0,28,152,1,3,72,49,7,1,21,0,17,88,5,29,3,6,0,59,4,36,0,0,16,5,35,0
2018/2019,huhudi,naledi,dr ruth segomotsi mompati,24.74053,-26.96691,55,3,197,9,1,0,24,135,1,2,72,30,8,4,12,1,21,60,5,32,6,10,0,49,1,38,0,0,14,1,16,0
2019/2020,huhudi,naledi,dr ruth segomotsi mompati,24.74053,-26.96691,56,2,140,10,2,0,31,101,1,3,80,25,4,2,6,0,21,42,9,23,3,6,0,42,2,29,1,0,20,4,28,0
2020/2021,huhudi,naledi,dr ruth segomotsi mompati,24.74053,-26.96691,58,7,149,4,0,0,24,109,0,0,84,14,6,3,17,0,12,47,5,12,1,6,0,28,2,14,0,0,17,3,19,0
2021/2022,huhudi,naledi,dr ruth segomotsi mompati,24.74053,-26.96691,58,3,165,5,2,0,31,130,2,2,85,14,6,8,6,2,22,73,3,18,0,3,0,24,1,21,0,0,8,2,23,0
2022/2023,huhudi,naledi,dr ruth segomotsi mompati,24.74053,-26.96691,72,1,200,7,2,0,18,153,0,10,100,19,6,3,6,0,2,81,2,22,5,1,0,30,3,27,0,0,2,1,22,0
2023/2024,huhudi,dr ruth segomotsi mompati district,dr ruth segomotsi mompati district,24.74053,-26.96691,0,0,0,0,0,0,0,110,0,0,0,0,0,0,0,0,0,0,0,0,0,4,0,0,0,0,0,0,0,5,19,0
2024/2025,huhudi,dr ruth segomotsi mompati district,dr ruth segomotsi mompati district,24.74053,-26.96691,0,0,0,0,0,0,0,97,0,0,0,0,0,0,0,0,0,0,0,0,0,3,0,0,0,0,0,0,0,1,6,0
2008/2009,humansdorp,kouga,sarah baartman,24.77275,-34.02798,452,12,415,22,16,0,84,491,0,38,171,105,12,67,83,3,1,138,24,81,12,5,1,51,8,112,0,134,70,15,81,0
2009/2010,humansdorp,kouga,sarah baartman,24.77275,-34.02798,372,7,424,26,11,0,66,431,0,48,165,76,9,111,129,6,1,146,16,60,10,12,0,58,10,86,0,125,50,16,90,0
2010/2011,humansdorp,kouga,sarah baartman,24.77275,-34.02798,261,13,301,14,9,0,38,188,0,30,123,59,8,81,180,5,1,85,20,59,16,3,0,52,8,80,0,79,44,15,41,0
2011/2012,humansdorp,kouga,sarah baartman,24.77275,-34.02798,186,8,229,18,2,0,43,193,0,28,89,49,4,77,243,2,1,72,16,46,7,6,1,63,8,58,1,89,49,16,60,0
2012/2013,humansdorp,kouga,sarah baartman,24.77275,-34.02798,213,5,217,13,5,0,59,205,0,31,100,52,4,82,247,0,1,56,9,42,5,6,0,31,9,58,0,60,23,9,68,0
2013/2014,humansdorp,kouga,sarah baartman,24.77275,-34.02798,199,4,216,8,4,0,70,191,2,45,108,30,7,82,263,6,21,87,5,35,6,4,0,41,7,47,0,56,28,4,76,0
2014/2015,humansdorp,kouga,sarah baartman,24.77275,-34.02798,164,1,188,7,2,0,81,162,1,41,103,36,9,40,336,1,12,85,7,38,16,2,0,56,3,48,0,38,25,12,78,0
2015/2016,humansdorp,kouga,sarah baartman,24.77275,-34.02798,225,1,204,5,3,0,73,208,0,46,127,54,10,50,350,7,21,90,14,35,9,4,0,48,6,50,0,47,45,9,77,0
2016/2017,humansdorp,kouga,sarah baartman,24.77275,-34.02798,204,2,198,22,2,0,78,212,2,37,110,24,7,34,384,6,23,95,17,50,14,7,0,59,8,61,0,82,39,1,65,0
2017/2018,humansdorp,kouga,sarah baartman,24.77275,-34.02798,183,3,195,9,1,0,64,202,0,37,64,21,7,52,472,8,14,85,15,29,7,9,0,56,0,31,0,74,33,13,66,1
2018/2019,humansdorp,kouga,sarah baartman,24.77275,-34.02798,229,5,162,18,1,0,133,190,0,57,65,23,6,40,560,16,21,100,22,36,12,4,0,42,2,39,0,52,19,10,56,2
2019/2020,humansdorp,kouga,sarah baartman,24.77275,-34.02798,237,6,156,6,0,0,82,156,0,50,73,32,4,49,526,17,12,77,26,43,22,4,0,68,7,52,0,55,15,3,67,0
2020/2021,humansdorp,kouga,sarah baartman,24.77275,-34.02798,150,6,131,7,5,0,74,138,3,62,51,13,6,35,421,8,12,91,24,27,10,4,0,33,3,35,1,33,15,6,70,1
2021/2022,humansdorp,kouga,sarah baartman,24.77275,-34.02798,148,1,106,7,0,0,75,123,0,49,52,18,5,26,433,21,21,73,19,34,11,8,0,44,3,40,0,45,10,1,44,0
2022/2023,humansdorp,kouga,sarah baartman,24.77275,-34.02798,186,0,155,17,1,0,91,105,0,73,88,31,7,24,527,16,14,103,25,30,7,6,0,52,6,38,0,42,25,3,60,2
2023/2024,humansdorp,sarah baartman district,sarah baartman district,24.77275,-34.02798,0,0,0,0,0,0,0,107,0,0,0,0,0,0,0,0,0,0,0,0,0,7,0,0,0,0,0,0,0,5,59,0
2024/2025,humansdorp,sarah baartman district,sarah baartman district,24.77275,-34.02798,0,0,0,0,0,0,0,105,0,0,0,0,0,0,0,0,0,0,0,0,0,17,0,0,0,0,0,0,0,3,44,0
2008/2009,humewood,nelson mandela bay,nelson mandela bay,25.62617,-33.97403,1712,4,122,11,2,0,231,625,17,238,179,108,3,401,194,12,1,517,15,48,37,25,7,343,15,78,0,391,0,371,920,0
2009/2010,humewood,nelson mandela bay,nelson mandela bay,25.62617,-33.97403,1288,6,116,8,4,0,199,722,15,278,380,137,3,159,149,17,1,394,10,50,42,29,2,318,14,81,0,269,0,329,846,0
2010/2011,humewood,nelson mandela bay,nelson mandela bay,25.62617,-33.97403,1569,5,137,10,6,0,262,833,10,188,293,134,10,237,154,6,1,497,6,50,13,26,1,320,11,73,0,285,0,240,990,0
2011/2012,humewood,nelson mandela bay,nelson mandela bay,25.62617,-33.97403,1294,2,93,11,4,0,181,785,5,211,263,108,4,246,204,7,1,407,5,61,39,41,0,350,12,79,5,255,0,366,950,0
2012/2013,humewood,nelson mandela bay,nelson mandela bay,25.62617,-33.97403,1236,2,83,5,3,0,200,738,5,181,254,170,7,94,217,5,1,452,13,42,22,31,0,324,18,64,30,229,0,331,1004,0
2013/2014,humewood,nelson mandela bay,nelson mandela bay,25.62617,-33.97403,1408,0,84,5,2,0,194,650,4,162,248,113,5,117,263,10,23,385,14,48,31,34,0,361,10,63,52,195,0,292,931,0
2014/2015,humewood,nelson mandela bay,nelson mandela bay,25.62617,-33.97403,1132,1,64,5,0,0,161,656,10,203,212,129,5,114,320,5,25,391,6,38,26,27,1,363,10,51,55,156,0,273,1012,0
2015/2016,humewood,nelson mandela bay,nelson mandela bay,25.62617,-33.97403,1044,0,88,13,1,0,183,493,19,269,235,164,9,98,320,16,2,373,9,47,40,32,1,372,13,66,9,146,0,201,1046,0
2016/2017,humewood,nelson mandela bay,nelson mandela bay,25.62617,-33.97403,1073,4,112,15,0,0,233,457,33,238,225,205,5,86,408,13,14,347,7,35,39,56,1,482,14,52,1,125,1,289,1245,0
2017/2018,humewood,nelson mandela bay,nelson mandela bay,25.62617,-33.97403,831,0,87,13,2,0,180,434,30,226,193,185,5,123,442,20,13,223,11,50,31,36,1,401,17,72,1,107,0,266,1318,0
2018/2019,humewood,nelson mandela bay,nelson mandela bay,25.62617,-33.97403,882,2,93,17,2,0,166,364,25,283,185,204,7,129,445,17,25,192,11,46,31,44,0,405,12,61,1,159,0,180,1239,1
2019/2020,humewood,nelson mandela bay,nelson mandela bay,25.62617,-33.97403,903,0,73,16,2,0,229,329,23,335,192,192,4,90,440,19,22,196,10,59,29,18,0,429,7,70,0,147,0,212,1432,1
2020/2021,humewood,nelson mandela bay,nelson mandela bay,25.62617,-33.97403,537,0,53,5,2,0,252,351,23,233,118,117,6,23,444,14,2,163,14,45,25,27,0,350,8,55,0,87,0,62,868,1
2021/2022,humewood,nelson mandela bay,nelson mandela bay,25.62617,-33.97403,571,0,68,13,1,1,197,272,20,335,206,192,9,84,503,35,26,159,14,42,52,20,2,575,17,65,1,68,0,110,856,1
2022/2023,humewood,nelson mandela bay,nelson mandela bay,25.62617,-33.97403,834,2,68,5,2,0,172,281,37,397,246,205,4,340,508,41,28,157,20,44,27,24,0,484,12,60,0,101,0,93,923,0
2023/2024,humewood,nelson mandela district,nelson mandela district,25.62617,-33.97403,0,0,0,0,0,0,0,275,38,0,0,0,0,0,0,0,0,0,0,0,0,33,0,0,0,0,0,0,0,111,1096,0
2024/2025,humewood,nelson mandela district,nelson mandela district,25.62617,-33.97403,0,0,0,0,0,0,0,255,43,0,0,0,0,0,0,0,0,0,0,0,0,18,0,0,0,0,0,0,0,176,835,0
2008/2009,ibisi,umzimkhulu,harry gwala,29.88793,-30.40506,55,8,119,9,1,0,17,116,1,3,55,17,7,25,21,12,1,28,18,21,6,7,0,35,4,27,0,1,46,6,10,1
2009/2010,ibisi,umzimkhulu,harry gwala,29.88793,-30.40506,65,9,120,3,0,0,21,82,2,0,72,10,5,49,85,22,1,36,11,20,4,12,0,27,4,27,0,0,65,2,1,0
2010/2011,ibisi,umzimkhulu,harry gwala,29.88793,-30.40506,55,9,107,8,0,0,16,96,0,0,69,13,11,20,195,27,1,33,18,35,2,4,0,15,5,48,0,0,27,0,6,0
2011/2012,ibisi,umzimkhulu,harry gwala,29.88793,-30.40506,57,5,91,5,0,0,20,137,0,0,76,16,10,23,284,3,1,47,11,25,8,8,0,26,2,33,1,0,47,0,5,0
2012/2013,ibisi,umzimkhulu,harry gwala,29.88793,-30.40506,61,8,122,4,2,0,26,108,2,1,95,14,5,17,354,18,1,32,14,35,8,10,0,33,9,49,0,0,34,6,14,0
2013/2014,ibisi,umzimkhulu,harry gwala,29.88793,-30.40506,55,8,118,5,0,0,25,118,0,2,58,14,5,16,357,16,13,38,17,27,8,12,0,38,6,36,0,0,56,5,16,1
2014/2015,ibisi,umzimkhulu,harry gwala,29.88793,-30.40506,51,4,125,9,2,0,28,85,0,3,57,13,6,8,325,14,14,28,15,23,5,12,0,27,1,26,0,1,52,4,13,0
2015/2016,ibisi,umzimkhulu,harry gwala,29.88793,-30.40506,54,3,99,1,0,0,20,147,0,2,64,16,6,13,213,23,12,49,12,30,6,9,0,28,10,40,0,0,35,4,7,0
2016/2017,ibisi,umzimkhulu,harry gwala,29.88793,-30.40506,55,5,83,10,1,0,25,132,2,4,41,11,4,16,208,19,12,36,14,29,5,8,0,21,3,35,0,0,45,4,9,0
2017/2018,ibisi,umzimkhulu,harry gwala,29.88793,-30.40506,67,4,99,5,0,0,26,105,1,8,66,12,6,19,138,20,12,40,12,17,4,12,0,22,8,25,0,0,31,4,14,0
2018/2019,ibisi,umzimkhulu,harry gwala,29.88793,-30.40506,40,1,96,9,0,0,30,105,0,4,39,11,7,6,108,6,17,27,19,34,5,14,0,27,6,41,0,3,30,0,9,0
2019/2020,ibisi,umzimkhulu,harry gwala,29.88793,-30.40506,59,2,93,5,1,0,32,127,1,4,56,3,6,22,4,5,21,30,23,24,18,17,0,46,8,33,0,4,22,5,9,0
2020/2021,ibisi,umzimkhulu,harry gwala,29.88793,-30.40506,50,3,88,9,2,0,28,67,2,10,55,4,5,6,3,16,17,28,11,37,6,15,1,30,11,53,0,0,33,2,11,0
2021/2022,ibisi,umzimkhulu,harry gwala,29.88793,-30.40506,38,6,123,9,1,0,29,61,3,7,59,8,6,3,36,7,22,34,21,43,8,4,1,20,1,45,0,1,29,2,17,0
2022/2023,ibisi,umzimkhulu,harry gwala,29.88793,-30.40506,44,2,121,7,0,0,34,76,1,3,46,11,6,2,14,9,17,34,25,30,6,12,1,28,2,32,0,2,26,1,41,0
2023/2024,ibisi,harry gwala district,harry gwala district,29.88793,-30.40506,0,0,0,0,0,0,0,67,3,0,0,0,0,0,0,0,0,0,0,0,0,4,0,0,0,0,0,0,0,1,54,0
2024/2025,ibisi,harry gwala district,harry gwala district,29.88793,-30.40506,0,0,0,0,0,0,0,51,1,0,0,0,0,0,0,0,0,0,0,0,0,3,0,0,0,0,0,0,0,2,33,0
2008/2009,ida,emalahleni,chris hani,27.55116,-31.40925,0,0,3,0,0,0,0,0,0,0,2,0,6,0,0,0,1,3,0,1,0,0,0,0,0,1,0,0,15,0,1,0
2009/2010,ida,emalahleni,chris hani,27.55116,-31.40925,4,1,4,1,0,0,1,1,0,0,2,0,6,0,1,0,1,1,2,0,0,0,0,0,0,0,0,0,13,0,0,0
2010/2011,ida,emalahleni,chris hani,27.55116,-31.40925,1,0,2,1,0,0,1,0,0,0,1,0,6,0,0,0,1,1,1,0,0,0,0,0,0,0,0,0,8,0,0,0
2011/2012,ida,emalahleni,chris hani,27.55116,-31.40925,3,0,0,0,0,0,2,1,0,0,0,0,6,0,2,0,1,0,1,1,0,0,0,0,0,1,0,0,14,2,0,0
2012/2013,ida,emalahleni,chris hani,27.55116,-31.40925,2,0,3,0,0,0,0,1,0,0,1,0,6,0,0,0,1,0,0,2,0,0,0,0,0,2,0,0,14,0,0,0
2013/2014,ida,emalahleni,chris hani,27.55116,-31.40925,4,0,1,0,0,0,2,3,0,0,0,0,6,0,0,0,13,0,2,2,0,0,0,0,0,2,0,0,11,0,0,0
2014/2015,ida,emalahleni,chris hani,27.55116,-31.40925,2,0,4,0,0,0,1,0,0,0,0,0,6,0,1,0,13,0,1,0,0,0,0,0,0,0,0,0,7,0,1,0
2015/2016,ida,emalahleni,chris hani,27.55116,-31.40925,1,0,2,1,0,0,2,3,0,0,0,0,6,1,0,0,13,0,2,0,0,2,0,2,0,0,0,0,9,0,0,0
2016/2017,ida,emalahleni,chris hani,27.55116,-31.40925,2,0,1,0,0,0,0,0,0,0,0,0,6,0,0,0,13,0,0,0,0,0,0,0,0,0,0,0,17,1,0,0
2017/2018,ida,emalahleni,chris hani,27.55116,-31.40925,2,0,3,0,0,0,1,0,0,2,0,0,6,0,2,0,13,1,1,0,0,0,0,0,0,0,0,0,2,0,0,0
2018/2019,ida,emalahleni,chris hani,27.55116,-31.40925,4,0,2,1,0,0,0,1,0,0,0,0,6,0,0,1,13,1,0,1,0,0,0,0,0,1,0,0,7,2,0,0
2019/2020,ida,emalahleni,chris hani,27.55116,-31.40925,4,0,0,0,0,0,0,1,0,0,0,0,6,0,0,0,13,1,0,1,0,0,0,0,0,1,0,0,13,0,0,0
2020/2021,ida,emalahleni,chris hani,27.55116,-31.40925,3,0,0,0,0,0,0,1,1,0,0,0,6,0,0,0,13,0,0,0,0,0,0,1,0,0,0,0,4,0,0,0
2021/2022,ida,emalahleni,chris hani,27.55116,-31.40925,4,0,2,0,0,0,0,0,0,0,0,0,6,0,1,0,13,0,1,1,0,0,0,0,0,1,0,0,4,0,0,0
2022/2023,ida,emalahleni,chris hani,27.55116,-31.40925,7,0,4,0,0,0,1,3,0,4,0,0,6,0,0,0,13,0,1,0,0,0,0,0,0,0,0,0,14,0,0,0
2023/2024,ida,chris hani district,chris hani district,27.55116,-31.40925,0,0,0,0,0,0,0,1,0,0,0,0,0,0,0,0,0,0,0,0,0,0,0,0,0,0,0,0,0,0,0,0
2024/2025,ida,chris hani district,chris hani district,27.55116,-31.40925,0,0,0,0,0,0,0,2,0,0,0,0,0,0,0,0,0,0,0,0,0,0,0,0,0,0,0,0,0,1,0,0
2008/2009,ikageng,jb marks,dr kenneth kaunda,27.06247,-26.72025,405,38,963,12,18,0,38,431,2,12,327,166,19,62,474,16,1,280,31,193,8,9,0,131,21,246,0,4,27,23,94,0
2009/2010,ikageng,jb marks,dr kenneth kaunda,27.06247,-26.72025,488,28,1016,21,12,0,50,584,4,11,408,182,17,53,558,9,1,412,39,163,21,18,0,171,12,196,0,11,21,33,69,0
2010/2011,ikageng,jb marks,dr kenneth kaunda,27.06247,-26.72025,431,39,976,19,20,0,48,517,2,23,336,181,9,56,542,8,1,362,26,147,27,12,0,181,10,182,0,18,34,34,111,0
2011/2012,ikageng,jb marks,dr kenneth kaunda,27.06247,-26.72025,464,25,864,6,13,0,68,439,1,25,432,136,9,52,545,9,1,344,28,175,29,17,0,192,12,205,0,13,26,46,112,0
2012/2013,ikageng,jb marks,dr kenneth kaunda,27.06247,-26.72025,379,17,950,11,11,0,76,492,3,66,387,111,11,48,635,12,1,295,27,205,34,17,0,195,24,248,0,5,17,28,139,0
2013/2014,ikageng,jb marks,dr kenneth kaunda,27.06247,-26.72025,399,15,830,14,11,0,91,649,3,48,340,107,11,38,651,12,28,322,23,181,89,24,0,257,18,218,1,3,29,29,137,0
2014/2015,ikageng,jb marks,dr kenneth kaunda,27.06247,-26.72025,360,14,766,15,1,0,57,618,1,24,287,100,7,51,789,10,26,286,20,142,55,15,0,214,17,161,1,2,21,32,79,0
2015/2016,ikageng,jb marks,dr kenneth kaunda,27.06247,-26.72025,382,21,831,21,4,0,71,661,4,31,323,89,6,59,805,5,22,330,27,116,25,9,0,249,15,135,0,4,28,44,195,0
2016/2017,ikageng,jb marks,dr kenneth kaunda,27.06247,-26.72025,436,14,742,22,1,0,70,829,1,28,388,110,7,74,564,5,23,326,31,124,41,28,0,305,19,145,0,3,21,64,268,1
2017/2018,ikageng,jb marks,dr kenneth kaunda,27.06247,-26.72025,480,15,772,17,1,0,90,777,4,24,406,136,5,51,570,11,16,360,24,134,21,23,0,321,23,161,1,6,26,55,199,1
2018/2019,ikageng,jb marks,dr kenneth kaunda,27.06247,-26.72025,624,17,727,8,1,0,109,733,2,43,495,130,7,18,291,14,36,374,41,135,32,27,0,339,19,156,0,22,20,39,248,0
2019/2020,ikageng,jb marks,dr kenneth kaunda,27.06247,-26.72025,598,10,708,13,2,0,160,695,4,66,524,115,7,39,86,13,37,392,30,176,39,20,0,283,17,196,0,26,13,52,193,0
2020/2021,ikageng,jb marks,dr kenneth kaunda,27.06247,-26.72025,619,11,681,16,2,0,123,661,3,107,519,101,6,17,46,6,25,401,25,112,19,30,0,307,22,136,0,27,15,27,183,1
2021/2022,ikageng,jb marks,dr kenneth kaunda,27.06247,-26.72025,675,15,775,16,3,0,106,723,4,73,485,89,6,41,81,3,27,460,39,113,26,22,0,247,20,136,0,30,11,42,170,0
2022/2023,ikageng,jb marks,dr kenneth kaunda,27.06247,-26.72025,611,12,758,16,0,0,72,616,9,108,531,114,6,4,89,9,24,457,44,125,18,21,0,180,22,147,0,50,29,26,139,1
2023/2024,ikageng,dr kenneth kaunda district,dr kenneth kaunda district,27.06247,-26.72025,0,0,0,0,0,0,0,596,1,0,0,0,0,0,0,0,0,0,0,0,0,18,0,0,0,0,0,0,0,13,114,0
2024/2025,ikageng,dr kenneth kaunda district,dr kenneth kaunda district,27.06247,-26.72025,0,0,0,0,0,0,0,581,6,0,0,0,0,0,0,0,0,0,0,0,0,19,0,0,0,0,0,0,0,14,113,0
2008/2009,ikamvelihle,nelson mandela bay,nelson mandela bay,25.60843,-33.79741,145,11,253,15,7,0,16,176,24,8,140,66,4,91,32,8,1,80,21,63,0,29,1,207,5,77,0,0,0,53,42,0
2009/2010,ikamvelihle,nelson mandela bay,nelson mandela bay,25.60843,-33.79741,133,10,278,16,6,0,10,175,17,7,158,53,9,138,54,16,1,91,16,48,7,20,1,163,5,64,0,3,0,80,65,1
2010/2011,ikamvelihle,nelson mandela bay,nelson mandela bay,25.60843,-33.79741,98,8,239,16,6,0,19,138,11,18,142,38,8,165,65,17,1,96,22,70,14,15,0,170,4,84,0,2,0,44,34,0
2011/2012,ikamvelihle,nelson mandela bay,nelson mandela bay,25.60843,-33.79741,70,10,234,16,2,0,16,128,10,9,116,25,4,186,82,5,1,75,13,52,16,23,0,137,4,60,0,0,1,28,49,0
2012/2013,ikamvelihle,nelson mandela bay,nelson mandela bay,25.60843,-33.79741,91,10,200,11,6,0,23,161,12,10,118,36,6,183,88,14,1,84,22,44,17,15,0,164,2,52,1,0,0,32,46,0
2013/2014,ikamvelihle,nelson mandela bay,nelson mandela bay,25.60843,-33.79741,77,6,213,15,7,0,36,137,19,15,124,39,4,183,100,9,24,79,17,78,23,29,0,203,2,89,0,1,2,44,47,0
2014/2015,ikamvelihle,nelson mandela bay,nelson mandela bay,25.60843,-33.79741,82,4,171,5,0,0,28,149,14,11,118,40,5,186,107,10,24,90,17,44,17,22,0,215,5,52,0,0,2,43,61,0
2015/2016,ikamvelihle,nelson mandela bay,nelson mandela bay,25.60843,-33.79741,112,8,182,12,2,0,25,161,24,12,123,32,6,190,121,8,22,90,17,30,11,26,0,213,3,35,0,23,1,19,48,1
2016/2017,ikamvelihle,nelson mandela bay,nelson mandela bay,25.60843,-33.79741,119,3,167,16,4,0,41,132,33,27,117,16,8,187,136,11,22,82,21,40,17,35,1,205,4,52,0,22,0,38,73,3
2017/2018,ikamvelihle,nelson mandela bay,nelson mandela bay,25.60843,-33.79741,117,9,170,10,1,0,41,155,27,30,103,21,6,187,156,18,14,97,18,33,25,31,0,182,6,40,0,3,1,18,52,0
2018/2019,ikamvelihle,nelson mandela bay,nelson mandela bay,25.60843,-33.79741,110,7,171,25,0,0,47,146,23,36,104,28,7,189,191,28,24,85,24,36,25,32,0,173,2,39,0,18,2,26,65,2
2019/2020,ikamvelihle,nelson mandela bay,nelson mandela bay,25.60843,-33.79741,97,7,138,19,2,0,53,113,38,34,115,16,4,181,200,21,22,90,29,40,28,20,1,183,11,55,0,19,1,21,33,1
2020/2021,ikamvelihle,nelson mandela bay,nelson mandela bay,25.60843,-33.79741,104,5,120,18,1,0,48,82,16,60,95,18,6,10,166,19,17,84,43,36,16,21,0,127,7,44,0,14,4,16,19,6
2021/2022,ikamvelihle,nelson mandela bay,nelson mandela bay,25.60843,-33.79741,107,7,140,15,0,0,24,55,45,45,99,12,4,17,183,21,23,98,49,32,13,30,0,159,7,41,0,14,0,17,20,5
2022/2023,ikamvelihle,nelson mandela bay,nelson mandela bay,25.60843,-33.79741,83,2,125,29,0,0,31,54,59,52,135,17,4,25,205,18,3,102,44,31,13,46,0,191,4,37,0,6,1,16,14,9
2023/2024,ikamvelihle,nelson mandela district,nelson mandela district,25.60843,-33.79741,0,0,0,0,0,0,0,55,102,0,0,0,0,0,0,0,0,0,0,0,0,43,0,0,0,0,0,0,0,25,12,0
2024/2025,ikamvelihle,nelson mandela district,nelson mandela district,25.60843,-33.79741,0,0,0,0,0,0,0,41,52,0,0,0,0,0,0,0,0,0,0,0,0,45,0,0,0,0,0,0,0,7,11,0
2008/2009,ilinge,enoch mgijima,chris hani,27.03843,-31.97622,12,1,77,2,3,0,1,44,0,0,20,1,7,0,9,1,1,14,10,17,1,3,0,5,0,21,0,0,18,0,5,0
2009/2010,ilinge,enoch mgijima,chris hani,27.03843,-31.97622,15,2,58,7,2,0,3,32,0,0,34,2,6,4,4,2,1,14,8,24,4,1,0,8,1,27,0,1,13,1,1,0
2010/2011,ilinge,enoch mgijima,chris hani,27.03843,-31.97622,18,2,64,6,2,0,2,36,0,1,26,5,7,3,5,3,1,14,10,28,3,2,0,5,0,31,0,0,22,0,1,0
2011/2012,ilinge,enoch mgijima,chris hani,27.03843,-31.97622,18,0,61,3,3,0,10,22,1,2,14,4,4,2,2,1,1,19,13,26,4,1,0,6,2,33,1,0,18,0,3,0
2012/2013,ilinge,enoch mgijima,chris hani,27.03843,-31.97622,9,1,49,4,4,0,1,21,0,0,17,3,6,3,8,2,1,14,8,32,3,0,0,3,2,38,1,0,15,0,1,0
2013/2014,ilinge,enoch mgijima,chris hani,27.03843,-31.97622,11,2,30,0,0,0,6,21,0,0,7,1,6,3,5,4,13,7,5,40,3,1,0,6,4,44,0,0,15,2,1,0
2014/2015,ilinge,enoch mgijima,chris hani,27.03843,-31.97622,15,0,36,2,1,0,19,15,1,1,16,1,6,3,12,0,13,10,11,36,4,1,0,7,3,40,0,0,19,2,1,0
2015/2016,ilinge,enoch mgijima,chris hani,27.03843,-31.97622,13,1,26,0,2,0,14,23,1,0,6,1,6,3,4,1,12,15,6,33,5,2,0,9,1,36,0,0,5,0,2,0
2016/2017,ilinge,enoch mgijima,chris hani,27.03843,-31.97622,9,4,31,3,2,0,22,22,0,1,7,2,7,2,15,2,13,14,9,28,5,0,0,5,3,34,0,0,10,0,4,0
2017/2018,ilinge,enoch mgijima,chris hani,27.03843,-31.97622,11,2,43,3,1,0,15,29,0,1,20,2,6,6,26,0,13,16,12,20,6,3,0,12,2,23,0,0,8,3,4,0
2018/2019,ilinge,enoch mgijima,chris hani,27.03843,-31.97622,17,1,63,2,1,0,20,46,0,3,23,7,6,4,20,2,12,18,10,38,7,5,0,25,0,39,0,0,8,2,10,0
2019/2020,ilinge,enoch mgijima,chris hani,27.03843,-31.97622,12,2,47,3,1,0,25,25,0,5,9,5,6,2,12,1,12,15,11,13,5,1,0,12,2,16,0,0,9,1,7,0
2020/2021,ilinge,enoch mgijima,chris hani,27.03843,-31.97622,19,4,58,2,2,0,21,20,0,6,7,3,7,1,7,0,12,30,7,18,2,0,0,7,6,27,0,0,5,0,10,0
2021/2022,ilinge,enoch mgijima,chris hani,27.03843,-31.97622,27,4,53,0,1,0,28,18,1,3,21,5,6,7,10,1,14,28,8,14,5,2,0,11,2,17,0,0,14,1,5,0
2022/2023,ilinge,enoch mgijima,chris hani,27.03843,-31.97622,21,1,70,3,4,0,8,18,0,4,10,0,6,0,13,4,21,24,6,24,6,3,0,14,4,32,1,0,12,1,4,0
2023/2024,ilinge,chris hani district,chris hani district,27.03843,-31.97622,0,0,0,0,0,0,0,26,2,0,0,0,0,0,0,0,0,0,0,0,0,1,0,0,0,0,0,0,0,0,8,0
2024/2025,ilinge,chris hani district,chris hani district,27.03843,-31.97622,0,0,0,0,0,0,0,12,0,0,0,0,0,0,0,0,0,0,0,0,0,2,0,0,0,0,0,0,0,0,3,0
2008/2009,impendle,impendle,umgungundlovu,29.86545,-29.6006,80,4,51,6,0,0,23,75,0,0,29,6,6,1,29,4,1,19,6,17,1,3,0,7,2,19,0,0,101,0,2,0
2009/2010,impendle,impendle,umgungundlovu,29.86545,-29.6006,56,3,38,4,1,0,30,84,0,1,22,4,6,4,42,9,1,28,12,13,2,8,0,15,0,14,0,0,93,1,3,0
2010/2011,impendle,impendle,umgungundlovu,29.86545,-29.6006,47,2,48,7,1,0,26,53,0,0,31,2,4,1,87,9,1,11,11,18,6,8,0,20,3,24,0,0,108,2,2,0
2011/2012,impendle,impendle,umgungundlovu,29.86545,-29.6006,43,0,46,5,1,0,25,57,0,4,25,7,6,2,117,5,1,17,11,27,1,5,0,8,3,31,0,0,71,1,2,0
2012/2013,impendle,impendle,umgungundlovu,29.86545,-29.6006,46,0,45,5,0,0,24,48,1,2,36,6,6,4,103,8,1,18,7,18,0,7,0,11,2,20,0,0,74,0,6,0
2013/2014,impendle,impendle,umgungundlovu,29.86545,-29.6006,68,3,46,6,0,0,13,74,1,2,24,7,6,3,113,8,13,15,5,20,1,6,0,11,0,20,0,0,71,2,9,0
2014/2015,impendle,impendle,umgungundlovu,29.86545,-29.6006,41,1,56,7,1,0,28,55,0,2,23,7,6,3,83,3,21,21,3,23,2,5,0,12,1,25,0,0,92,1,7,0
2015/2016,impendle,impendle,umgungundlovu,29.86545,-29.6006,39,2,78,4,3,0,14,72,0,2,15,10,7,1,53,1,21,15,7,17,5,2,0,10,3,24,0,0,126,2,3,0
2016/2017,impendle,impendle,umgungundlovu,29.86545,-29.6006,57,3,54,6,0,0,23,66,2,8,24,7,7,2,93,10,13,14,9,15,3,7,0,22,4,20,0,0,98,1,10,0
2017/2018,impendle,impendle,umgungundlovu,29.86545,-29.6006,49,1,82,8,0,0,18,65,0,7,32,9,6,4,89,6,13,23,9,18,4,9,0,21,1,19,0,0,128,0,4,0
2018/2019,impendle,impendle,umgungundlovu,29.86545,-29.6006,40,2,69,6,0,0,19,91,2,25,36,7,6,5,49,7,12,25,3,21,1,10,0,16,5,26,0,0,179,2,5,0
2019/2020,impendle,impendle,umgungundlovu,29.86545,-29.6006,59,3,101,3,1,0,18,93,1,4,36,9,6,10,38,2,21,23,7,34,2,5,0,16,3,38,1,0,163,3,8,0
2020/2021,impendle,impendle,umgungundlovu,29.86545,-29.6006,43,0,60,0,1,0,24,44,1,7,34,9,6,4,25,2,13,20,12,24,6,12,0,21,6,31,1,0,158,0,13,0
2021/2022,impendle,impendle,umgungundlovu,29.86545,-29.6006,44,3,86,6,0,0,31,56,0,10,32,2,6,2,12,2,23,31,13,32,2,4,0,8,3,35,0,0,156,1,10,0
2022/2023,impendle,impendle,umgungundlovu,29.86545,-29.6006,53,4,98,8,0,0,22,76,3,8,31,11,6,1,7,4,14,28,14,17,7,7,0,24,2,19,0,0,175,1,6,0
2023/2024,impendle,umgungundlovu district,umgungundlovu district,29.86545,-29.6006,0,0,0,0,0,0,0,67,0,0,0,0,0,0,0,0,0,0,0,0,0,10,0,0,0,0,0,0,0,2,17,0
2024/2025,impendle,umgungundlovu district,umgungundlovu district,29.86545,-29.6006,0,0,0,0,0,0,0,74,0,0,0,0,0,0,0,0,0,0,0,0,0,15,0,0,0,0,0,0,0,0,12,0
2008/2009,inanda,ethekwini,ethekwini,30.93351,-29.6968,592,30,948,113,5,0,133,755,65,90,658,223,32,99,400,167,1,381,227,432,39,302,1,1018,48,497,0,55,54,70,71,2
2009/2010,inanda,ethekwini,ethekwini,30.93351,-29.6968,731,33,1090,118,2,0,119,824,47,83,816,222,7,181,648,183,1,466,175,446,41,217,0,840,52,501,0,60,21,60,73,2
2010/2011,inanda,ethekwini,ethekwini,30.93351,-29.6968,1050,34,1134,109,1,0,107,871,48,112,646,173,4,178,701,194,1,430,156,377,44,186,0,731,37,417,0,29,24,49,103,1
2011/2012,inanda,ethekwini,ethekwini,30.93351,-29.6968,553,23,969,118,3,0,118,827,45,63,504,141,5,254,820,196,1,367,157,337,58,150,0,599,42,385,0,22,20,73,108,0
2012/2013,inanda,ethekwini,ethekwini,30.93351,-29.6968,587,20,947,122,3,0,151,1144,59,71,559,150,10,403,1030,137,1,366,170,348,64,166,0,601,44,401,1,58,25,75,99,1
2013/2014,inanda,ethekwini,ethekwini,30.93351,-29.6968,539,27,1079,103,11,0,107,1126,68,55,496,146,4,197,1030,153,55,417,164,297,93,141,0,613,37,347,0,31,17,64,100,2
2014/2015,inanda,ethekwini,ethekwini,30.93351,-29.6968,589,15,1001,97,12,0,99,1146,86,54,579,141,7,194,979,84,60,441,179,274,70,123,0,651,26,313,1,99,56,60,112,0
2015/2016,inanda,ethekwini,ethekwini,30.93351,-29.6968,578,35,1039,144,11,0,137,1242,90,49,593,175,11,139,729,106,66,496,169,272,91,141,1,695,25,316,2,77,45,49,131,1
2016/2017,inanda,ethekwini,ethekwini,30.93351,-29.6968,770,22,997,131,8,0,96,1054,84,75,532,160,9,224,884,100,54,444,207,309,82,171,0,707,26,348,0,123,27,78,146,1
2017/2018,inanda,ethekwini,ethekwini,30.93351,-29.6968,625,25,1176,122,8,0,105,1094,108,87,548,142,8,337,1087,109,90,435,203,278,58,176,2,673,40,330,2,118,50,127,129,1
2018/2019,inanda,ethekwini,ethekwini,30.93351,-29.6968,513,28,1024,119,3,0,105,1033,104,142,545,139,4,353,706,62,20,442,209,338,55,126,0,639,42,385,0,101,60,131,129,0
2019/2020,inanda,ethekwini,ethekwini,30.93351,-29.6968,570,26,997,140,19,0,118,967,171,135,598,174,12,270,472,81,71,462,231,297,67,184,0,804,28,351,4,54,53,123,127,1
2020/2021,inanda,ethekwini,ethekwini,30.93351,-29.6968,368,26,748,235,3,0,135,697,148,139,458,113,7,56,572,113,114,405,227,252,74,195,0,762,35,291,0,15,32,113,101,0
2021/2022,inanda,ethekwini,ethekwini,30.93351,-29.6968,410,24,762,253,11,0,177,711,148,139,512,100,4,43,446,102,59,456,320,312,102,215,0,864,25,350,0,21,46,73,89,2
2022/2023,inanda,ethekwini,ethekwini,30.93351,-29.6968,397,22,698,255,22,0,100,724,154,153,600,104,8,12,596,92,115,391,319,313,67,221,0,850,27,366,0,19,63,103,120,3
2023/2024,inanda,ethekwini district,ethekwini district,30.93351,-29.6968,0,0,0,0,0,0,0,734,129,0,0,0,0,0,0,0,0,0,0,0,0,290,0,0,0,0,0,0,0,55,82,0
2024/2025,inanda,ethekwini district,ethekwini district,30.93351,-29.6968,0,0,0,0,0,0,0,713,140,0,0,0,0,0,0,0,0,0,0,0,0,346,0,0,0,0,0,0,0,74,103,0
2008/2009,inchanga,ethekwini,ethekwini,30.67873,-29.74268,115,2,72,15,0,0,41,114,7,6,73,11,9,9,16,14,1,28,30,51,8,7,0,47,0,56,0,0,12,15,18,0
2009/2010,inchanga,ethekwini,ethekwini,30.67873,-29.74268,94,1,62,15,2,0,47,116,6,9,69,9,6,4,38,15,1,26,12,38,1,11,0,28,2,42,0,0,1,14,22,0
2010/2011,inchanga,ethekwini,ethekwini,30.67873,-29.74268,93,3,80,15,0,0,47,122,2,8,77,17,6,9,71,16,1,30,15,51,11,6,0,34,4,55,0,1,9,10,17,0
2011/2012,inchanga,ethekwini,ethekwini,30.67873,-29.74268,231,2,85,14,1,0,41,124,5,7,66,11,5,14,25,12,1,27,17,53,6,13,0,47,7,64,0,0,14,10,13,0
2012/2013,inchanga,ethekwini,ethekwini,30.67873,-29.74268,193,4,86,8,0,0,39,135,8,9,78,4,4,15,60,14,1,49,14,40,18,12,0,47,3,45,0,2,5,13,45,0
2013/2014,inchanga,ethekwini,ethekwini,30.67873,-29.74268,164,6,92,10,0,0,56,147,6,6,62,8,4,11,66,16,12,30,16,38,10,9,0,50,4,44,0,1,8,14,37,0
2014/2015,inchanga,ethekwini,ethekwini,30.67873,-29.74268,164,2,83,15,0,0,26,139,5,3,66,13,6,18,99,9,21,46,23,36,11,12,0,52,0,36,0,0,7,16,34,1
2015/2016,inchanga,ethekwini,ethekwini,30.67873,-29.74268,81,1,73,6,2,0,37,134,10,6,56,8,6,17,130,27,12,23,23,30,5,8,0,37,4,36,0,0,6,5,22,0
2016/2017,inchanga,ethekwini,ethekwini,30.67873,-29.74268,77,11,66,21,0,0,28,107,1,8,58,14,6,36,145,24,12,25,28,31,10,12,1,39,4,35,0,0,5,12,33,0
2017/2018,inchanga,ethekwini,ethekwini,30.67873,-29.74268,76,1,60,20,1,0,22,76,9,14,47,6,6,42,124,18,21,31,22,23,10,10,0,47,2,26,0,0,5,8,18,1
2018/2019,inchanga,ethekwini,ethekwini,30.67873,-29.74268,82,5,76,16,2,0,27,79,10,19,84,2,6,37,116,11,21,35,19,29,17,2,0,44,3,34,0,0,9,8,18,0
2019/2020,inchanga,ethekwini,ethekwini,30.67873,-29.74268,92,3,73,16,0,0,32,81,19,16,77,9,6,40,57,4,21,36,37,27,18,5,0,55,3,30,0,0,15,10,23,0
2020/2021,inchanga,ethekwini,ethekwini,30.67873,-29.74268,72,6,57,21,0,0,30,82,7,16,66,8,6,3,37,13,14,22,28,24,23,15,0,52,3,27,0,0,6,11,9,0
2021/2022,inchanga,ethekwini,ethekwini,30.67873,-29.74268,65,2,61,9,0,0,39,57,20,23,70,7,6,0,32,5,25,36,30,34,9,8,0,52,3,37,0,0,5,7,3,2
2022/2023,inchanga,ethekwini,ethekwini,30.67873,-29.74268,41,2,62,20,2,0,17,49,6,29,86,8,6,0,96,26,2,29,51,21,16,12,0,48,-1,22,0,1,4,4,12,1
2023/2024,inchanga,ethekwini district,ethekwini district,30.67873,-29.74268,0,0,0,0,0,0,0,51,7,0,0,0,0,0,0,0,0,0,0,0,0,17,0,0,0,0,0,0,0,5,19,0
2024/2025,inchanga,ethekwini district,ethekwini district,30.67873,-29.74268,0,0,0,0,0,0,0,47,4,0,0,0,0,0,0,0,0,0,0,0,0,9,0,0,0,0,0,0,0,6,22,0
2008/2009,indwe,emalahleni,chris hani,27.33555,-31.47124,28,1,125,0,0,0,4,50,0,3,17,7,6,5,5,2,1,26,9,13,2,2,0,7,2,15,0,5,28,2,0,0
2009/2010,indwe,emalahleni,chris hani,27.33555,-31.47124,24,0,88,2,1,0,7,42,0,0,22,7,7,4,7,1,1,22,5,12,3,0,0,3,1,15,0,2,24,0,2,0
2010/2011,indwe,emalahleni,chris hani,27.33555,-31.47124,10,0,60,1,4,0,2,33,0,1,12,5,6,4,9,1,1,19,3,12,2,3,0,7,0,16,0,5,8,8,4,0
2011/2012,indwe,emalahleni,chris hani,27.33555,-31.47124,21,0,90,2,0,0,9,40,0,4,20,9,7,3,11,1,1,22,8,6,5,0,0,7,2,9,0,1,13,10,4,0
2012/2013,indwe,emalahleni,chris hani,27.33555,-31.47124,27,3,88,4,1,0,11,41,0,2,27,8,6,10,26,2,1,23,8,15,5,2,0,13,3,19,0,4,12,2,3,0
2013/2014,indwe,emalahleni,chris hani,27.33555,-31.47124,34,2,109,2,2,0,9,56,0,5,34,12,7,8,20,1,13,29,3,20,7,2,0,18,0,23,0,4,24,2,8,0
2014/2015,indwe,emalahleni,chris hani,27.33555,-31.47124,15,3,84,2,0,0,7,41,0,8,19,5,6,6,5,0,13,18,10,24,8,5,0,17,0,24,0,0,30,4,5,0
2015/2016,indwe,emalahleni,chris hani,27.33555,-31.47124,15,2,82,3,0,0,13,46,0,4,21,2,7,2,10,0,13,15,9,26,4,0,0,9,1,28,0,1,17,2,5,0
2016/2017,indwe,emalahleni,chris hani,27.33555,-31.47124,24,1,83,6,0,0,15,42,0,9,13,4,7,4,12,0,13,17,9,12,10,0,0,16,0,13,0,1,28,2,3,0
2017/2018,indwe,emalahleni,chris hani,27.33555,-31.47124,31,0,71,1,1,0,13,34,1,4,22,10,6,3,10,0,13,14,2,9,7,0,0,19,1,11,0,5,13,1,3,0
2018/2019,indwe,emalahleni,chris hani,27.33555,-31.47124,23,1,98,1,0,0,24,36,0,2,26,5,6,5,10,0,13,15,5,20,7,2,0,25,1,21,0,2,10,0,2,0
2019/2020,indwe,emalahleni,chris hani,27.33555,-31.47124,27,1,64,5,0,0,28,39,0,4,15,11,6,2,19,0,21,16,7,11,12,3,0,26,0,11,0,0,24,4,9,0
2020/2021,indwe,emalahleni,chris hani,27.33555,-31.47124,37,2,68,4,0,0,20,44,0,8,17,17,6,0,18,0,13,26,3,15,9,3,0,29,1,16,1,1,19,3,7,0
2021/2022,indwe,emalahleni,chris hani,27.33555,-31.47124,40,2,67,2,0,0,17,53,0,7,17,8,6,1,8,1,12,25,8,17,7,2,0,25,1,18,0,1,25,4,6,0
2022/2023,indwe,emalahleni,chris hani,27.33555,-31.47124,28,1,69,6,0,0,15,39,2,4,25,7,6,0,3,1,14,30,6,16,7,1,0,17,1,17,0,0,17,0,3,0
2023/2024,indwe,chris hani district,chris hani district,27.33555,-31.47124,0,0,0,0,0,0,0,36,0,0,0,0,0,0,0,0,0,0,0,0,0,0,0,0,0,0,0,0,0,1,4,0
2024/2025,indwe,chris hani district,chris hani district,27.33555,-31.47124,0,0,0,0,0,0,0,23,2,0,0,0,0,0,0,0,0,0,0,0,0,1,0,0,0,0,0,0,0,2,9,0
2008/2009,ingogo,emadlangeni,amajuba,29.91188,-27.57737,44,0,21,3,0,0,1,13,0,0,7,1,7,8,8,1,1,10,0,1,0,0,0,1,1,3,0,0,34,2,3,0
2009/2010,ingogo,emadlangeni,amajuba,29.91188,-27.57737,31,1,13,1,0,0,0,13,0,0,3,1,6,10,20,0,1,6,1,1,0,0,0,1,0,1,0,0,23,0,4,0
2010/2011,ingogo,emadlangeni,amajuba,29.91188,-27.57737,22,0,14,0,0,0,0,10,0,0,13,1,6,24,16,3,1,3,1,0,0,0,0,0,0,0,0,0,29,0,6,0
2011/2012,ingogo,emadlangeni,amajuba,29.91188,-27.57737,20,1,16,1,0,0,1,12,0,1,7,2,6,16,16,1,1,7,1,5,0,0,0,1,0,5,0,0,25,0,2,0
2012/2013,ingogo,emadlangeni,amajuba,29.91188,-27.57737,21,1,10,0,0,0,3,9,0,1,6,2,6,27,9,1,1,7,1,5,0,0,0,1,0,5,0,0,34,0,3,1
2013/2014,ingogo,emadlangeni,amajuba,29.91188,-27.57737,24,1,11,2,0,0,2,2,1,0,6,0,6,23,15,0,21,8,1,3,0,0,0,2,0,3,0,0,19,0,0,0
2014/2015,ingogo,emadlangeni,amajuba,29.91188,-27.57737,25,0,12,2,0,0,4,4,1,0,2,1,6,23,12,0,13,11,0,2,1,0,0,2,1,3,0,0,26,2,2,0
2015/2016,ingogo,emadlangeni,amajuba,29.91188,-27.57737,29,1,12,0,0,0,3,6,1,1,6,1,6,26,15,1,13,12,0,3,0,0,0,2,0,3,0,0,28,2,2,0
2016/2017,ingogo,emadlangeni,amajuba,29.91188,-27.57737,12,0,10,0,0,0,0,6,0,0,6,1,6,28,17,1,13,3,0,4,0,1,0,1,1,5,0,0,53,0,0,0
2017/2018,ingogo,emadlangeni,amajuba,29.91188,-27.57737,12,0,8,1,0,0,0,12,0,2,9,1,6,34,18,3,13,1,1,4,0,2,0,3,0,4,0,0,47,0,0,0
2018/2019,ingogo,emadlangeni,amajuba,29.91188,-27.57737,13,0,4,0,0,0,2,6,0,2,8,1,6,55,8,4,13,4,0,4,0,0,0,1,2,6,0,0,56,0,0,0
2019/2020,ingogo,emadlangeni,amajuba,29.91188,-27.57737,16,0,9,0,0,0,2,14,0,1,9,0,6,55,1,2,13,4,1,1,0,0,0,1,0,1,0,0,55,1,0,0
2020/2021,ingogo,emadlangeni,amajuba,29.91188,-27.57737,14,0,6,1,0,0,5,16,0,0,3,1,6,11,3,5,13,4,0,2,0,2,0,2,0,2,0,0,48,0,0,0
2021/2022,ingogo,emadlangeni,amajuba,29.91188,-27.57737,15,0,10,1,0,0,4,10,0,2,9,0,6,16,0,8,13,5,0,1,0,0,0,0,0,1,0,0,56,2,2,0
2022/2023,ingogo,emadlangeni,amajuba,29.91188,-27.57737,37,0,13,1,0,0,3,12,0,2,13,0,7,3,2,4,21,16,2,3,0,0,0,1,0,4,0,0,41,1,1,0
2023/2024,ingogo,amajuba district,amajuba district,29.91188,-27.57737,0,0,0,0,0,0,0,8,0,0,0,0,0,0,0,0,0,0,0,0,0,0,0,0,0,0,0,0,0,0,3,0
2024/2025,ingogo,amajuba district,amajuba district,29.91188,-27.57737,0,0,0,0,0,0,0,14,1,0,0,0,0,0,0,0,0,0,0,0,0,0,0,0,0,0,0,0,0,0,2,0
2008/2009,ingwavuma,jozini,umkhanyakude,31.9975,-27.13361,79,4,99,15,4,0,35,110,3,8,54,14,6,10,41,17,1,18,12,32,0,12,0,35,3,39,0,4,34,0,6,0
2009/2010,ingwavuma,jozini,umkhanyakude,31.9975,-27.13361,59,3,98,8,0,0,38,77,3,15,70,18,6,7,44,5,1,12,4,38,12,3,0,26,2,40,0,7,30,0,2,1
2010/2011,ingwavuma,jozini,umkhanyakude,31.9975,-27.13361,63,5,74,3,0,0,46,68,0,26,69,13,6,15,65,14,1,27,15,37,19,5,0,29,1,38,0,3,16,1,4,0
2011/2012,ingwavuma,jozini,umkhanyakude,31.9975,-27.13361,74,7,91,9,0,0,48,69,2,16,59,10,6,17,66,19,1,19,13,30,12,12,0,30,0,30,0,10,18,3,7,0
2012/2013,ingwavuma,jozini,umkhanyakude,31.9975,-27.13361,85,2,80,10,1,0,54,72,0,15,46,10,6,10,69,17,1,24,15,32,11,14,0,32,0,33,0,9,21,0,8,0
2013/2014,ingwavuma,jozini,umkhanyakude,31.9975,-27.13361,51,2,64,10,1,0,26,50,0,17,39,5,6,18,78,9,13,16,12,41,9,8,0,17,1,43,0,2,16,0,6,0
2014/2015,ingwavuma,jozini,umkhanyakude,31.9975,-27.13361,72,7,63,13,1,0,40,47,0,21,22,5,6,15,83,12,13,17,6,42,24,14,0,42,5,48,0,1,15,2,6,0
2015/2016,ingwavuma,jozini,umkhanyakude,31.9975,-27.13361,45,6,57,8,0,0,39,63,3,18,31,10,6,15,86,23,14,18,10,35,8,31,0,45,2,37,0,1,22,0,4,0
2016/2017,ingwavuma,jozini,umkhanyakude,31.9975,-27.13361,39,3,61,7,0,0,37,49,5,12,33,10,4,16,91,11,23,25,8,34,6,10,0,22,4,40,0,1,7,0,4,0
2017/2018,ingwavuma,jozini,umkhanyakude,31.9975,-27.13361,31,7,60,8,0,0,37,47,0,12,30,3,6,16,118,35,21,17,13,33,9,10,0,23,2,35,0,3,6,1,2,0
2018/2019,ingwavuma,jozini,umkhanyakude,31.9975,-27.13361,39,7,48,5,0,0,27,80,2,16,27,7,7,27,88,20,13,12,16,47,0,9,0,13,2,50,0,0,16,2,4,0
2019/2020,ingwavuma,jozini,umkhanyakude,31.9975,-27.13361,38,3,66,11,0,0,18,33,5,17,34,3,6,22,90,19,14,16,13,53,3,4,1,16,4,57,0,0,27,0,2,0
2020/2021,ingwavuma,jozini,umkhanyakude,31.9975,-27.13361,28,4,64,19,1,0,31,33,4,20,60,11,6,5,103,15,14,24,10,49,7,14,1,30,5,55,0,1,23,0,1,0
2021/2022,ingwavuma,jozini,umkhanyakude,31.9975,-27.13361,44,6,64,16,0,0,43,37,3,29,60,5,6,13,76,7,22,28,13,56,19,9,0,37,2,58,0,1,9,2,4,0
2022/2023,ingwavuma,jozini,umkhanyakude,31.9975,-27.13361,30,6,64,17,1,0,41,38,7,22,36,8,6,3,53,22,3,17,23,60,15,19,1,47,4,65,0,0,10,0,3,0
2023/2024,ingwavuma,umkhanyakude district,umkhanyakude district,31.9975,-27.13361,0,0,0,0,0,0,0,45,2,0,0,0,0,0,0,0,0,0,0,0,0,11,0,0,0,0,0,0,0,1,6,0
2024/2025,ingwavuma,umkhanyakude district,umkhanyakude district,31.9975,-27.13361,0,0,0,0,0,0,0,38,1,0,0,0,0,0,0,0,0,0,0,0,0,9,0,0,0,0,0,0,0,4,2,0
2008/2009,int airp king shaka,ethekwini,ethekwini,31.10425,-29.61844,162,0,1,0,0,0,1,0,0,13,9,0,7,5,4,1,1,4,0,0,0,0,0,0,0,1,0,1,0,26,3,0
2009/2010,int airp king shaka,ethekwini,ethekwini,31.10425,-29.61844,258,0,2,0,0,0,4,2,0,21,14,1,6,26,6,10,1,7,0,0,1,0,0,3,1,1,0,2,0,16,17,0
2010/2011,int airp king shaka,ethekwini,ethekwini,31.10425,-29.61844,443,0,1,1,0,0,2,0,0,20,17,5,6,4,6,4,1,6,0,1,0,0,0,7,0,1,0,0,0,20,16,0
2011/2012,int airp king shaka,ethekwini,ethekwini,31.10425,-29.61844,395,0,3,1,0,0,2,3,0,28,16,0,6,5,3,7,1,7,0,0,0,0,0,0,1,1,0,3,0,9,5,0
2012/2013,int airp king shaka,ethekwini,ethekwini,31.10425,-29.61844,252,0,0,0,0,0,0,0,0,28,16,0,6,3,7,1,1,12,0,0,0,0,0,2,0,0,0,0,0,9,8,0
2013/2014,int airp king shaka,ethekwini,ethekwini,31.10425,-29.61844,157,0,8,1,0,0,4,3,1,38,28,8,6,20,101,3,21,11,0,0,2,0,0,10,0,0,9,0,0,10,88,0
2014/2015,int airp king shaka,ethekwini,ethekwini,31.10425,-29.61844,151,0,7,1,0,0,16,3,1,69,28,8,6,16,86,5,13,11,0,3,1,0,0,7,1,4,6,1,0,16,115,1
2015/2016,int airp king shaka,ethekwini,ethekwini,31.10425,-29.61844,237,0,0,1,0,0,1,0,0,14,11,0,6,2,6,4,22,15,0,0,0,0,0,2,1,1,0,1,0,4,14,0
2016/2017,int airp king shaka,ethekwini,ethekwini,31.10425,-29.61844,222,0,1,1,0,0,0,0,0,17,12,0,6,2,2,3,23,8,0,0,0,0,0,0,1,1,0,1,0,7,10,0
2017/2018,int airp king shaka,ethekwini,ethekwini,31.10425,-29.61844,228,0,5,0,0,0,0,0,0,11,7,0,7,1,3,11,13,5,1,0,0,0,0,1,1,2,0,3,0,15,15,0
2018/2019,int airp king shaka,ethekwini,ethekwini,31.10425,-29.61844,255,0,1,0,0,0,1,0,0,20,9,0,6,4,6,3,12,10,0,0,0,0,0,1,2,2,0,6,0,6,10,0
2019/2020,int airp king shaka,ethekwini,ethekwini,31.10425,-29.61844,305,0,2,0,0,0,0,1,1,11,12,0,6,2,3,6,13,11,0,0,0,0,0,1,2,2,1,1,0,15,17,0
2020/2021,int airp king shaka,ethekwini,ethekwini,31.10425,-29.61844,54,0,1,0,0,0,2,1,0,15,9,1,6,1,0,2,13,9,0,0,0,0,0,0,1,1,0,1,0,12,10,0
2021/2022,int airp king shaka,ethekwini,ethekwini,31.10425,-29.61844,90,0,1,1,0,0,1,0,1,5,3,0,6,2,2,3,13,8,0,0,0,0,0,4,1,1,0,0,0,11,9,0
2022/2023,int airp king shaka,ethekwini,ethekwini,31.10425,-29.61844,91,0,2,1,0,0,0,1,4,9,19,1,6,0,4,1,14,6,1,1,0,0,0,9,0,1,0,1,0,8,6,0
2023/2024,int airp king shaka,kwazulu-natal: ports of entry: air,kwazulu-natal: ports of entry: air,31.10425,-29.61844,0,0,0,0,0,0,0,0,1,0,0,0,0,0,0,0,0,0,0,0,0,0,0,0,0,0,0,0,0,10,11,0
2024/2025,int airp king shaka,kwazulu-natal: ports of entry: air,kwazulu-natal: ports of entry: air,31.10425,-29.61844,0,0,0,0,0,0,0,0,0,0,0,0,0,0,0,0,0,0,0,0,0,0,0,0,0,0,0,0,0,19,12,0
2008/2009,intsikeni,umzimkhulu,harry gwala,29.58809,-30.13768,80,7,122,9,6,0,16,85,0,0,54,19,6,1,11,8,1,35,15,38,1,1,0,3,5,49,0,0,120,3,4,0
2009/2010,intsikeni,umzimkhulu,harry gwala,29.58809,-30.13768,64,15,138,7,4,0,14,84,2,0,67,13,6,3,48,12,1,30,22,35,2,2,0,8,3,42,0,0,223,0,4,0
2010/2011,intsikeni,umzimkhulu,harry gwala,29.58809,-30.13768,45,13,144,10,1,0,6,96,1,1,73,8,12,2,68,11,1,33,14,24,4,1,0,9,5,37,0,0,93,3,7,0
2011/2012,intsikeni,umzimkhulu,harry gwala,29.58809,-30.13768,37,12,105,9,2,0,14,81,0,2,56,11,7,2,53,23,1,37,15,19,2,9,0,18,6,28,2,1,69,0,4,0
2012/2013,intsikeni,umzimkhulu,harry gwala,29.58809,-30.13768,32,11,115,15,4,0,14,81,0,0,44,11,6,0,78,14,1,33,17,27,9,7,0,23,1,32,0,0,64,4,5,0
2013/2014,intsikeni,umzimkhulu,harry gwala,29.58809,-30.13768,16,7,113,13,2,0,23,83,0,5,51,5,4,0,80,12,14,28,14,23,6,13,0,27,1,28,0,0,71,2,7,0
2014/2015,intsikeni,umzimkhulu,harry gwala,29.58809,-30.13768,33,11,113,6,3,0,28,67,0,1,43,10,9,0,76,13,12,28,19,30,20,7,0,34,1,39,0,0,70,2,9,0
2015/2016,intsikeni,umzimkhulu,harry gwala,29.58809,-30.13768,32,7,116,11,5,0,16,56,2,3,15,5,7,2,54,22,13,39,14,31,15,11,0,35,11,48,0,0,97,6,1,0
2016/2017,intsikeni,umzimkhulu,harry gwala,29.58809,-30.13768,16,12,92,10,4,0,22,79,3,4,21,1,4,2,71,4,21,31,17,24,6,8,0,27,1,31,0,0,92,5,3,1
2017/2018,intsikeni,umzimkhulu,harry gwala,29.58809,-30.13768,42,9,91,8,2,0,14,77,2,4,28,5,7,1,89,6,14,37,17,25,9,9,0,21,5,33,0,0,90,3,5,0
2018/2019,intsikeni,umzimkhulu,harry gwala,29.58809,-30.13768,118,0,110,1,0,0,29,55,0,4,118,12,6,19,338,6,13,38,2,17,0,0,0,3,4,21,0,0,42,1,8,0
2019/2020,intsikeni,umzimkhulu,harry gwala,29.58809,-30.13768,109,1,115,1,0,0,11,33,0,0,115,7,5,11,313,3,13,49,4,6,0,0,0,5,10,19,0,1,45,0,21,0
2020/2021,intsikeni,umzimkhulu,harry gwala,29.58809,-30.13768,124,2,80,23,1,0,19,40,0,3,109,7,6,7,179,0,13,42,4,12,1,1,0,10,3,16,0,0,45,0,18,0
2021/2022,intsikeni,umzimkhulu,harry gwala,29.58809,-30.13768,111,0,131,4,1,0,20,48,0,4,87,1,6,4,119,2,13,42,4,17,1,0,0,5,5,23,0,0,22,0,7,0
2022/2023,intsikeni,umzimkhulu,harry gwala,29.58809,-30.13768,127,3,88,2,0,0,26,71,0,9,111,7,6,3,118,1,12,47,3,12,2,0,0,8,8,20,0,1,29,0,23,0
2023/2024,intsikeni,harry gwala district,harry gwala district,29.58809,-30.13768,0,0,0,0,0,0,0,28,0,0,0,0,0,0,0,0,0,0,0,0,0,1,0,0,0,0,0,0,0,0,2,0
2024/2025,intsikeni,harry gwala district,harry gwala district,29.58809,-30.13768,0,0,0,0,0,0,0,27,0,0,0,0,0,0,0,0,0,0,0,0,0,7,0,0,0,0,0,0,0,0,0,0
2008/2009,inyibiba,buffalo city,buffalo city,27.69467,-32.95596,169,16,195,11,3,0,12,264,2,24,93,61,11,116,24,8,1,77,26,81,11,14,0,144,3,95,0,3,5,12,67,0
2009/2010,inyibiba,buffalo city,buffalo city,27.69467,-32.95596,176,10,287,23,8,0,16,255,4,30,103,77,16,142,9,4,1,130,24,72,4,19,1,139,5,95,0,0,4,17,71,0
2010/2011,inyibiba,buffalo city,buffalo city,27.69467,-32.95596,184,5,266,20,6,0,34,257,4,24,77,71,8,50,17,8,1,117,20,66,9,20,0,140,6,82,0,0,7,19,59,0
2011/2012,inyibiba,buffalo city,buffalo city,27.69467,-32.95596,221,10,283,6,0,0,46,246,3,22,90,44,4,34,28,5,1,116,22,55,13,24,0,121,7,64,1,0,15,18,85,0
2012/2013,inyibiba,buffalo city,buffalo city,27.69467,-32.95596,203,9,244,9,3,0,43,240,4,35,67,34,7,62,36,10,1,94,22,65,15,19,0,103,3,72,0,0,15,18,85,0
2013/2014,inyibiba,buffalo city,buffalo city,27.69467,-32.95596,168,6,270,8,1,0,31,248,3,20,72,18,6,50,42,9,17,114,26,63,9,18,0,105,3,67,1,6,19,32,84,0
2014/2015,inyibiba,buffalo city,buffalo city,27.69467,-32.95596,148,6,233,9,4,0,52,220,5,16,49,22,4,44,24,4,14,115,18,51,13,26,0,128,2,59,0,15,19,22,84,0
2015/2016,inyibiba,buffalo city,buffalo city,27.69467,-32.95596,128,1,193,11,3,0,47,271,17,19,41,24,10,29,39,6,17,94,22,80,19,18,0,129,8,97,0,13,26,24,79,0
2016/2017,inyibiba,buffalo city,buffalo city,27.69467,-32.95596,160,4,205,17,5,0,24,220,1,24,41,29,6,19,20,7,12,91,18,55,19,17,0,99,7,67,0,10,24,15,57,1
2017/2018,inyibiba,buffalo city,buffalo city,27.69467,-32.95596,141,4,190,11,3,0,24,193,1,29,30,16,7,23,84,14,12,103,19,40,16,14,0,71,10,54,0,9,29,15,64,0
2018/2019,inyibiba,buffalo city,buffalo city,27.69467,-32.95596,170,5,227,5,8,0,46,225,3,23,39,21,7,30,49,2,2,101,24,59,23,7,0,87,7,75,0,4,22,16,108,1
2019/2020,inyibiba,buffalo city,buffalo city,27.69467,-32.95596,221,1,250,16,6,0,50,219,3,46,62,17,7,37,61,11,12,125,21,56,17,9,0,72,6,69,0,0,31,19,62,0
2020/2021,inyibiba,buffalo city,buffalo city,27.69467,-32.95596,210,2,235,10,4,0,63,155,6,47,81,15,4,11,28,2,14,113,18,54,12,8,0,64,16,76,0,6,25,13,48,0
2021/2022,inyibiba,buffalo city,buffalo city,27.69467,-32.95596,211,1,285,6,4,0,61,207,8,75,137,21,6,7,36,2,13,178,30,70,22,6,0,92,7,81,0,7,24,14,67,0
2022/2023,inyibiba,buffalo city,buffalo city,27.69467,-32.95596,166,1,272,11,7,0,31,148,5,75,90,19,7,0,34,7,14,134,45,66,17,12,0,78,6,80,0,8,12,9,36,0
2023/2024,inyibiba,buffalo city district,buffalo city district,27.69467,-32.95596,0,0,0,0,0,0,0,127,9,0,0,0,0,0,0,0,0,0,0,0,0,1,0,0,0,0,0,0,0,9,52,0
2024/2025,inyibiba,buffalo city district,buffalo city district,27.69467,-32.95596,0,0,0,0,0,0,0,172,9,0,0,0,0,0,0,0,0,0,0,0,0,15,0,0,0,0,0,0,0,11,41,0
2008/2009,ipelegeng,mamusa,dr ruth segomotsi mompati,25.30579,-27.19638,29,2,115,6,6,0,13,90,0,1,43,25,5,9,56,0,1,30,3,47,14,5,0,27,2,58,0,0,7,1,3,0
2009/2010,ipelegeng,mamusa,dr ruth segomotsi mompati,25.30579,-27.19638,37,4,97,4,5,0,6,69,0,0,47,22,5,3,108,3,1,27,5,49,6,0,0,22,1,58,0,0,4,1,3,0
2010/2011,ipelegeng,mamusa,dr ruth segomotsi mompati,25.30579,-27.19638,25,2,99,3,1,0,14,90,0,1,36,8,7,5,77,0,1,28,11,56,14,1,0,21,2,60,0,2,5,0,13,0
2011/2012,ipelegeng,mamusa,dr ruth segomotsi mompati,25.30579,-27.19638,26,4,130,7,3,0,16,76,0,2,33,13,4,8,50,1,1,36,6,63,14,7,0,38,1,69,0,1,6,2,14,0
2012/2013,ipelegeng,mamusa,dr ruth segomotsi mompati,25.30579,-27.19638,20,2,132,9,4,0,11,53,1,2,32,7,7,5,68,0,1,33,5,48,9,2,0,28,1,54,0,0,3,0,12,0
2013/2014,ipelegeng,mamusa,dr ruth segomotsi mompati,25.30579,-27.19638,22,3,138,14,3,0,21,85,0,1,24,16,6,13,75,3,14,40,5,44,12,1,0,28,3,50,0,0,5,11,14,0
2014/2015,ipelegeng,mamusa,dr ruth segomotsi mompati,25.30579,-27.19638,24,3,123,6,5,0,5,60,0,0,27,16,6,5,39,4,12,30,11,38,7,3,0,26,5,48,0,0,13,2,15,0
2015/2016,ipelegeng,mamusa,dr ruth segomotsi mompati,25.30579,-27.19638,22,6,149,4,3,0,14,87,0,0,35,12,6,12,30,0,14,34,12,48,2,2,0,16,2,53,0,0,12,2,13,0
2016/2017,ipelegeng,mamusa,dr ruth segomotsi mompati,25.30579,-27.19638,32,5,155,5,4,0,24,108,0,4,36,25,7,11,41,2,21,43,8,41,8,2,0,24,5,51,0,0,21,1,25,0
2017/2018,ipelegeng,mamusa,dr ruth segomotsi mompati,25.30579,-27.19638,34,3,172,6,1,0,18,113,0,3,40,32,7,14,42,3,13,49,13,43,16,7,0,50,4,49,0,0,28,5,12,0
2018/2019,ipelegeng,mamusa,dr ruth segomotsi mompati,25.30579,-27.19638,35,4,207,1,0,0,18,98,0,1,60,31,6,8,47,0,14,61,14,42,4,2,0,34,1,43,0,0,20,3,9,0
2019/2020,ipelegeng,mamusa,dr ruth segomotsi mompati,25.30579,-27.19638,30,2,232,5,3,0,21,144,0,1,90,28,6,5,13,0,14,58,12,43,6,3,0,45,2,48,0,0,14,2,19,0
2020/2021,ipelegeng,mamusa,dr ruth segomotsi mompati,25.30579,-27.19638,54,2,231,4,6,0,24,139,0,5,76,17,7,2,20,2,12,76,6,39,1,4,0,22,7,53,0,0,21,0,10,0
2021/2022,ipelegeng,mamusa,dr ruth segomotsi mompati,25.30579,-27.19638,60,13,212,6,4,0,13,105,0,7,78,29,4,3,20,0,14,76,2,46,4,3,0,17,8,60,0,0,28,2,15,0
2022/2023,ipelegeng,mamusa,dr ruth segomotsi mompati,25.30579,-27.19638,78,4,228,5,2,0,22,159,0,4,83,33,6,2,21,0,23,86,6,47,5,3,0,29,9,58,0,0,18,4,17,0
2023/2024,ipelegeng,dr ruth segomotsi mompati district,dr ruth segomotsi mompati district,25.30579,-27.19638,0,0,0,0,0,0,0,95,0,0,0,0,0,0,0,0,0,0,0,0,0,5,0,0,0,0,0,0,0,0,21,0
2024/2025,ipelegeng,dr ruth segomotsi mompati district,dr ruth segomotsi mompati district,25.30579,-27.19638,0,0,0,0,0,0,0,131,1,0,0,0,0,0,0,0,0,0,0,0,0,4,0,0,0,0,0,0,0,0,27,0
2008/2009,isipingo,ethekwini,ethekwini,30.92521,-29.98666,362,5,164,37,0,1,75,143,162,103,159,57,15,68,342,56,1,77,34,78,43,47,0,382,8,103,0,93,1,186,81,6
2009/2010,isipingo,ethekwini,ethekwini,30.92521,-29.98666,335,7,163,67,0,0,98,220,155,110,214,61,3,84,367,36,1,94,56,86,39,43,0,383,5,104,0,114,1,231,93,6
2010/2011,isipingo,ethekwini,ethekwini,30.92521,-29.98666,439,5,197,40,3,0,102,239,112,126,340,79,34,108,406,51,1,95,31,81,33,29,1,261,8,125,0,134,1,196,94,6
2011/2012,isipingo,ethekwini,ethekwini,30.92521,-29.98666,395,5,215,38,0,0,86,240,119,122,267,64,8,229,408,42,1,95,28,57,27,16,1,287,15,76,1,124,0,215,109,2
2012/2013,isipingo,ethekwini,ethekwini,30.92521,-29.98666,444,6,210,36,1,0,126,323,131,102,172,62,5,470,464,24,1,105,41,59,27,17,1,313,9,72,2,110,0,153,156,5
2013/2014,isipingo,ethekwini,ethekwini,30.92521,-29.98666,423,9,215,44,1,0,163,360,81,106,179,119,6,245,433,38,37,85,49,44,55,29,3,358,9,54,1,121,3,134,280,1
2014/2015,isipingo,ethekwini,ethekwini,30.92521,-29.98666,400,8,209,39,0,0,77,319,110,67,164,94,6,131,307,23,37,102,40,45,26,16,1,308,10,55,0,192,0,176,165,1
2015/2016,isipingo,ethekwini,ethekwini,30.92521,-29.98666,418,5,197,36,2,0,106,241,121,91,147,103,12,97,295,12,38,93,43,65,37,30,0,387,7,81,0,173,2,166,184,0
2016/2017,isipingo,ethekwini,ethekwini,30.92521,-29.98666,303,3,185,48,2,0,52,146,103,92,122,64,7,103,280,28,38,75,46,37,43,20,1,286,5,45,1,135,0,145,169,1
2017/2018,isipingo,ethekwini,ethekwini,30.92521,-29.98666,319,3,199,50,3,0,75,142,81,83,150,94,8,100,430,27,37,90,51,56,56,19,1,375,15,78,9,168,4,129,262,0
2018/2019,isipingo,ethekwini,ethekwini,30.92521,-29.98666,324,3,172,59,5,0,54,167,83,128,134,80,8,119,351,31,16,87,68,47,52,26,0,410,6,62,1,162,5,116,265,1
2019/2020,isipingo,ethekwini,ethekwini,30.92521,-29.98666,312,8,193,47,2,0,75,135,82,136,171,109,4,143,296,51,3,83,50,38,56,36,0,475,11,53,0,134,0,127,237,1
2020/2021,isipingo,ethekwini,ethekwini,30.92521,-29.98666,311,3,146,45,1,0,67,92,56,123,94,55,7,22,215,31,39,109,61,36,51,46,0,317,5,43,0,95,2,91,136,0
2021/2022,isipingo,ethekwini,ethekwini,30.92521,-29.98666,355,33,147,67,1,0,329,123,86,119,137,83,8,13,139,36,84,135,78,40,41,33,0,301,6,51,2,55,5,124,169,0
2022/2023,isipingo,ethekwini,ethekwini,30.92521,-29.98666,470,7,161,60,3,0,76,157,99,139,175,88,7,24,40,11,100,101,47,35,37,54,0,390,9,48,0,44,6,135,113,1
2023/2024,isipingo,ethekwini district,ethekwini district,30.92521,-29.98666,0,0,0,0,0,0,0,152,68,0,0,0,0,0,0,0,0,0,0,0,0,40,0,0,0,0,0,0,0,101,118,0
2024/2025,isipingo,ethekwini district,ethekwini district,30.92521,-29.98666,0,0,0,0,0,0,0,102,50,0,0,0,0,0,0,0,0,0,0,0,0,42,0,0,0,0,0,0,0,107,100,0
2008/2009,itsoseng,ditsobotla,ngaka modiri molema,25.88043,-26.08725,113,5,220,6,1,0,66,203,4,14,111,47,6,21,29,3,1,81,10,68,15,17,0,92,12,81,0,13,31,7,24,0
2009/2010,itsoseng,ditsobotla,ngaka modiri molema,25.88043,-26.08725,96,1,227,8,3,0,82,212,1,21,103,39,7,24,38,7,1,75,5,68,39,19,0,89,13,85,0,4,52,4,22,0
2010/2011,itsoseng,ditsobotla,ngaka modiri molema,25.88043,-26.08725,108,6,214,6,1,0,84,160,1,14,95,48,6,7,31,4,1,95,6,81,20,19,0,72,14,96,0,4,37,5,37,0
2011/2012,itsoseng,ditsobotla,ngaka modiri molema,25.88043,-26.08725,121,4,207,7,0,0,73,190,4,5,129,36,6,11,37,9,1,109,13,77,20,17,0,91,8,85,0,2,41,6,40,0
2012/2013,itsoseng,ditsobotla,ngaka modiri molema,25.88043,-26.08725,104,2,291,3,3,0,72,207,1,11,115,40,6,38,52,5,1,77,14,50,15,11,0,59,5,58,0,0,46,1,47,0
2013/2014,itsoseng,ditsobotla,ngaka modiri molema,25.88043,-26.08725,99,6,253,8,5,0,99,208,6,6,90,29,4,21,60,1,14,82,7,49,15,7,0,70,2,58,0,4,36,8,109,0
2014/2015,itsoseng,ditsobotla,ngaka modiri molema,25.88043,-26.08725,114,5,285,5,6,0,94,181,0,5,96,43,6,22,83,1,14,76,20,54,19,12,0,80,2,62,0,0,36,4,78,0
2015/2016,itsoseng,ditsobotla,ngaka modiri molema,25.88043,-26.08725,192,4,258,2,8,0,74,229,2,4,112,44,6,20,90,1,21,78,15,49,24,9,0,83,1,58,0,0,53,8,53,0
2016/2017,itsoseng,ditsobotla,ngaka modiri molema,25.88043,-26.08725,327,0,274,6,8,0,126,190,3,12,87,29,6,20,93,6,12,74,11,45,27,20,0,93,2,55,1,1,68,9,78,0
2017/2018,itsoseng,ditsobotla,ngaka modiri molema,25.88043,-26.08725,208,4,275,9,4,0,106,260,5,14,113,35,6,24,86,4,14,109,12,49,14,15,0,83,1,54,0,1,80,10,50,1
2018/2019,itsoseng,ditsobotla,ngaka modiri molema,25.88043,-26.08725,226,2,265,6,1,0,92,309,4,12,115,30,6,27,65,0,12,111,15,44,14,7,0,64,0,45,0,1,79,5,35,0
2019/2020,itsoseng,ditsobotla,ngaka modiri molema,25.88043,-26.08725,140,3,251,10,5,0,87,235,2,12,111,33,6,17,31,0,22,104,8,44,14,8,0,68,2,51,0,21,61,3,28,0
2020/2021,itsoseng,ditsobotla,ngaka modiri molema,25.88043,-26.08725,107,0,219,2,10,0,70,182,2,11,117,16,6,12,27,9,23,82,11,42,6,11,0,51,9,61,0,18,60,2,56,0
2021/2022,itsoseng,ditsobotla,ngaka modiri molema,25.88043,-26.08725,232,0,245,5,1,0,100,150,1,25,147,19,6,20,43,7,23,109,15,43,8,2,0,28,3,47,0,17,48,0,43,0
2022/2023,itsoseng,ditsobotla,ngaka modiri molema,25.88043,-26.08725,412,0,272,0,4,0,76,177,2,16,186,29,6,19,68,1,12,118,14,39,10,7,0,55,6,49,1,12,63,1,17,1
2023/2024,itsoseng,ngaka modiri molema district,ngaka modiri molema district,25.88043,-26.08725,0,0,0,0,0,0,0,172,0,0,0,0,0,0,0,0,0,0,0,0,0,10,0,0,0,0,0,0,0,4,36,0
2024/2025,itsoseng,ngaka modiri molema district,ngaka modiri molema district,25.88043,-26.08725,0,0,0,0,0,0,0,158,0,0,0,0,0,0,0,0,0,0,0,0,0,10,0,0,0,0,0,0,0,6,44,0
2008/2009,ivory park,ekurhuleni,ekurhuleni,28.20162,-25.99001,482,28,564,90,5,2,62,839,101,50,285,142,5,173,130,110,1,239,75,110,59,127,0,485,15,133,0,41,0,115,160,0
2009/2010,ivory park,ekurhuleni,ekurhuleni,28.20162,-25.99001,430,23,580,84,5,0,73,946,47,47,381,164,10,189,166,71,1,307,68,146,91,100,0,476,9,166,0,87,1,108,439,3
2010/2011,ivory park,ekurhuleni,ekurhuleni,28.20162,-25.99001,381,23,537,58,3,0,85,895,76,65,309,120,9,234,245,54,1,256,78,159,87,163,1,509,7,174,0,108,0,133,356,0
2011/2012,ivory park,ekurhuleni,ekurhuleni,28.20162,-25.99001,355,26,497,72,5,0,64,939,81,68,276,101,4,318,391,100,1,232,83,159,105,209,0,554,4,170,2,96,0,105,365,0
2012/2013,ivory park,ekurhuleni,ekurhuleni,28.20162,-25.99001,348,22,587,97,4,0,75,858,84,66,295,112,8,409,491,84,1,256,71,122,86,158,1,509,8,138,2,108,0,152,420,1
2013/2014,ivory park,ekurhuleni,ekurhuleni,28.20162,-25.99001,464,20,581,72,6,0,107,917,72,82,333,96,4,450,1108,45,54,260,80,150,82,76,0,404,3,161,1,128,0,193,396,0
2014/2015,ivory park,ekurhuleni,ekurhuleni,28.20162,-25.99001,339,22,689,115,9,0,93,920,127,109,329,150,4,451,456,87,81,301,98,205,66,212,0,711,4,220,0,148,1,221,419,4
2015/2016,ivory park,ekurhuleni,ekurhuleni,28.20162,-25.99001,560,12,842,127,8,0,111,900,128,100,460,188,6,503,372,53,60,318,81,196,132,213,0,824,8,212,1,161,0,173,425,2
2016/2017,ivory park,ekurhuleni,ekurhuleni,28.20162,-25.99001,899,14,765,168,14,0,132,847,163,171,416,261,5,431,552,78,72,405,122,182,156,298,1,1042,8,207,1,138,0,222,464,3
2017/2018,ivory park,ekurhuleni,ekurhuleni,28.20162,-25.99001,563,4,820,111,6,0,122,734,112,219,507,295,8,634,703,73,33,440,108,169,106,321,0,958,16,195,4,156,0,216,312,2
2018/2019,ivory park,ekurhuleni,ekurhuleni,28.20162,-25.99001,540,15,970,139,12,0,95,554,90,312,494,284,7,605,766,100,116,455,106,187,104,373,0,1009,12,212,4,171,0,144,276,2
2019/2020,ivory park,ekurhuleni,ekurhuleni,28.20162,-25.99001,637,7,840,91,9,0,115,500,89,323,562,256,5,624,837,74,47,457,110,141,97,127,1,711,13,166,2,235,1,185,299,0
2020/2021,ivory park,ekurhuleni,ekurhuleni,28.20162,-25.99001,461,10,860,107,8,0,90,339,128,340,585,213,7,397,675,64,64,457,108,157,98,223,3,872,16,182,4,161,0,134,256,4
2021/2022,ivory park,ekurhuleni,ekurhuleni,28.20162,-25.99001,471,12,913,90,7,0,100,265,168,375,536,139,4,414,453,75,70,507,141,158,95,184,0,817,10,177,2,153,0,167,220,1
2022/2023,ivory park,ekurhuleni,ekurhuleni,28.20162,-25.99001,602,12,950,114,10,0,141,411,201,420,690,187,9,426,487,49,52,484,166,174,71,131,3,850,9,198,3,212,0,200,209,1
2023/2024,ivory park,ekurhuleni district,ekurhuleni district,28.20162,-25.99001,0,0,0,0,0,0,0,374,270,0,0,0,0,0,0,0,0,0,0,0,0,117,0,0,0,0,0,0,0,180,197,0
2024/2025,ivory park,ekurhuleni district,ekurhuleni district,28.20162,-25.99001,0,0,0,0,0,0,0,333,282,0,0,0,0,0,0,0,0,0,0,0,0,160,0,0,0,0,0,0,0,133,194,0
2008/2009,ixopo,ubuhlebezwe,harry gwala,30.06021,-30.1548,121,3,111,12,5,0,49,114,5,44,54,22,6,71,538,14,1,40,12,18,9,12,0,37,0,23,0,92,61,15,34,0
2009/2010,ixopo,ubuhlebezwe,harry gwala,30.06021,-30.1548,114,6,117,8,5,0,54,106,17,64,62,17,7,109,426,4,1,36,15,32,6,10,0,48,0,38,0,71,71,6,49,0
2010/2011,ixopo,ubuhlebezwe,harry gwala,30.06021,-30.1548,120,9,103,8,0,0,33,94,2,33,46,15,4,64,369,4,1,21,8,24,3,8,0,25,3,29,0,46,53,12,18,0
2011/2012,ixopo,ubuhlebezwe,harry gwala,30.06021,-30.1548,88,4,122,10,0,0,48,79,4,38,37,15,7,13,375,12,1,21,10,20,0,4,1,20,1,22,0,38,68,13,9,0
2012/2013,ixopo,ubuhlebezwe,harry gwala,30.06021,-30.1548,125,4,127,11,3,0,43,91,4,42,59,19,8,21,382,6,1,44,7,26,4,10,1,44,7,40,0,27,53,11,9,0
2013/2014,ixopo,ubuhlebezwe,harry gwala,30.06021,-30.1548,128,2,140,13,3,0,45,93,3,59,89,21,7,16,215,8,22,44,8,25,3,12,1,38,5,34,0,43,41,10,46,0
2014/2015,ixopo,ubuhlebezwe,harry gwala,30.06021,-30.1548,138,5,152,14,4,0,43,113,4,45,72,15,6,30,285,7,14,52,9,37,11,6,0,48,4,45,0,43,47,2,45,0
2015/2016,ixopo,ubuhlebezwe,harry gwala,30.06021,-30.1548,66,3,145,14,1,0,45,96,2,26,47,13,4,37,346,14,12,32,19,28,3,3,0,20,6,37,0,68,55,9,22,0
2016/2017,ixopo,ubuhlebezwe,harry gwala,30.06021,-30.1548,66,6,88,6,2,0,27,88,5,19,22,14,6,35,398,20,21,25,13,26,7,4,0,26,6,34,0,61,46,2,39,0
2017/2018,ixopo,ubuhlebezwe,harry gwala,30.06021,-30.1548,62,1,86,17,3,0,32,66,2,21,35,11,6,35,413,11,12,13,14,17,3,3,0,21,5,25,0,64,79,7,25,0
2018/2019,ixopo,ubuhlebezwe,harry gwala,30.06021,-30.1548,55,4,80,13,1,0,38,82,5,24,18,9,6,16,125,20,12,21,13,32,3,9,0,24,3,36,0,50,29,4,14,0
2019/2020,ixopo,ubuhlebezwe,harry gwala,30.06021,-30.1548,63,2,85,13,5,0,41,31,12,30,28,19,6,24,63,9,22,14,15,37,19,5,0,46,3,45,0,69,36,8,8,0
2020/2021,ixopo,ubuhlebezwe,harry gwala,30.06021,-30.1548,74,2,71,14,2,0,31,55,7,24,46,19,7,26,55,17,14,36,24,26,13,5,0,34,4,33,0,29,49,3,12,0
2021/2022,ixopo,ubuhlebezwe,harry gwala,30.06021,-30.1548,84,12,139,13,0,0,54,69,8,40,109,26,6,13,83,30,17,44,17,38,17,13,0,51,10,48,0,34,31,4,19,0
2022/2023,ixopo,ubuhlebezwe,harry gwala,30.06021,-30.1548,72,8,121,21,2,0,36,81,7,37,74,19,6,15,47,17,24,34,25,35,14,16,0,60,3,40,0,40,60,6,33,0
2023/2024,ixopo,harry gwala district,harry gwala district,30.06021,-30.1548,0,0,0,0,0,0,0,92,7,0,0,0,0,0,0,0,0,0,0,0,0,6,0,0,0,0,0,0,0,7,18,0
2024/2025,ixopo,harry gwala district,harry gwala district,30.06021,-30.1548,0,0,0,0,0,0,0,105,5,0,0,0,0,0,0,0,0,0,0,0,0,3,0,0,0,0,0,0,0,1,40,0
2008/2009,jabulani,city of johannesburg,city of johannesburg,27.8583,-26.2482,709,0,370,13,2,0,27,121,59,103,316,120,18,67,37,28,1,281,42,92,21,24,2,233,6,111,0,707,0,133,94,0
2009/2010,jabulani,city of johannesburg,city of johannesburg,27.8583,-26.2482,584,8,438,21,7,0,30,185,47,109,377,92,31,155,44,25,1,297,23,108,29,15,2,219,4,138,0,671,0,101,125,2
2010/2011,jabulani,city of johannesburg,city of johannesburg,27.8583,-26.2482,666,5,472,29,5,0,59,185,43,152,376,94,12,694,37,16,1,286,28,87,36,13,1,182,11,110,0,775,0,91,125,0
2011/2012,jabulani,city of johannesburg,city of johannesburg,27.8583,-26.2482,557,6,420,32,13,0,60,235,36,131,392,70,8,621,100,32,1,260,30,76,33,13,1,186,1,94,1,581,0,68,139,3
2012/2013,jabulani,city of johannesburg,city of johannesburg,27.8583,-26.2482,503,6,351,24,3,0,54,329,36,97,403,82,8,606,190,30,1,183,23,67,28,11,3,192,2,76,0,573,0,100,117,0
2013/2014,jabulani,city of johannesburg,city of johannesburg,27.8583,-26.2482,468,1,385,25,10,0,82,322,45,107,407,82,7,576,873,29,3,217,26,69,45,11,1,245,10,90,0,588,0,80,169,0
2014/2015,jabulani,city of johannesburg,city of johannesburg,27.8583,-26.2482,555,1,399,24,7,0,86,342,49,72,382,83,4,310,998,27,43,254,26,83,40,15,0,277,4,96,0,677,0,141,167,2
2015/2016,jabulani,city of johannesburg,city of johannesburg,27.8583,-26.2482,500,0,379,27,8,0,93,354,57,81,388,92,5,615,1126,21,24,260,35,60,21,18,0,254,8,79,0,643,1,123,155,1
2016/2017,jabulani,city of johannesburg,city of johannesburg,27.8583,-26.2482,561,1,315,39,3,0,73,359,68,84,358,78,9,578,1082,55,28,232,31,64,35,21,0,307,8,80,0,515,0,110,135,2
2017/2018,jabulani,city of johannesburg,city of johannesburg,27.8583,-26.2482,557,3,402,32,2,0,42,390,59,107,385,101,4,410,1141,43,44,239,33,94,22,14,3,279,7,105,0,387,0,77,161,0
2018/2019,jabulani,city of johannesburg,city of johannesburg,27.8583,-26.2482,521,2,358,39,4,0,64,310,64,124,371,68,6,148,649,50,26,216,43,87,39,20,2,326,12,103,0,266,0,92,133,0
2019/2020,jabulani,city of johannesburg,city of johannesburg,27.8583,-26.2482,507,0,345,29,3,0,86,299,93,121,405,74,7,269,181,29,27,231,42,88,42,16,0,358,12,104,0,268,0,71,155,0
2020/2021,jabulani,city of johannesburg,city of johannesburg,27.8583,-26.2482,441,0,276,20,3,0,84,215,69,96,398,56,7,32,147,36,22,206,50,70,18,30,0,245,18,92,0,228,0,64,120,1
2021/2022,jabulani,city of johannesburg,city of johannesburg,27.8583,-26.2482,453,2,361,24,6,0,55,167,91,93,390,54,4,40,170,14,42,259,53,83,38,20,2,287,15,106,0,213,0,69,110,3
2022/2023,jabulani,city of johannesburg,city of johannesburg,27.8583,-26.2482,550,2,379,39,4,0,45,188,99,99,538,83,7,37,209,24,40,282,59,83,26,27,1,354,15,103,0,336,1,37,108,2
2023/2024,jabulani,johannesburg district,johannesburg district,27.8583,-26.2482,0,0,0,0,0,0,0,175,192,0,0,0,0,0,0,0,0,0,0,0,0,28,0,0,0,0,0,0,0,39,110,0
2024/2025,jabulani,johannesburg district,johannesburg district,27.8583,-26.2482,0,0,0,0,0,0,0,158,151,0,0,0,0,0,0,0,0,0,0,0,0,32,0,0,0,0,0,0,0,53,102,0
2008/2009,jacobsdal,letsemeng,xhariep,24.77064,-29.13018,97,2,153,1,3,0,18,62,0,0,92,4,7,0,17,2,1,43,7,16,0,1,0,2,1,21,0,18,51,2,14,0
2009/2010,jacobsdal,letsemeng,xhariep,24.77064,-29.13018,66,1,108,3,3,0,17,72,0,3,78,5,5,0,10,2,1,29,14,8,0,0,0,1,0,14,0,9,67,5,7,0
2010/2011,jacobsdal,letsemeng,xhariep,24.77064,-29.13018,49,3,80,7,2,0,21,56,0,39,53,5,7,1,12,0,1,28,6,16,0,1,0,2,2,21,0,10,40,2,10,0
2011/2012,jacobsdal,letsemeng,xhariep,24.77064,-29.13018,62,0,47,0,3,0,12,32,0,9,27,5,6,1,9,0,1,21,7,20,3,1,0,5,0,23,0,7,51,2,5,0
2012/2013,jacobsdal,letsemeng,xhariep,24.77064,-29.13018,43,2,42,0,1,0,17,47,0,8,15,2,6,0,13,0,1,8,5,16,0,0,0,0,2,19,0,6,65,4,9,0
2013/2014,jacobsdal,letsemeng,xhariep,24.77064,-29.13018,43,0,51,0,4,0,29,43,0,3,25,5,6,0,15,0,13,22,6,13,4,0,0,4,0,17,0,7,42,1,3,0
2014/2015,jacobsdal,letsemeng,xhariep,24.77064,-29.13018,48,1,39,4,3,0,14,32,0,5,9,0,6,0,20,0,13,10,4,13,2,0,0,3,0,16,0,1,30,2,3,0
2015/2016,jacobsdal,letsemeng,xhariep,24.77064,-29.13018,24,2,25,0,0,0,20,43,1,9,9,2,6,0,26,0,13,8,6,20,0,2,0,3,1,21,0,5,26,2,3,0
2016/2017,jacobsdal,letsemeng,xhariep,24.77064,-29.13018,35,0,43,2,2,0,21,58,0,14,23,7,7,1,30,0,13,6,14,18,0,0,0,3,0,21,0,1,20,3,2,0
2017/2018,jacobsdal,letsemeng,xhariep,24.77064,-29.13018,22,1,30,1,3,0,16,46,0,5,11,2,6,0,26,2,13,5,3,7,3,0,0,4,2,12,0,3,35,3,5,0
2018/2019,jacobsdal,letsemeng,xhariep,24.77064,-29.13018,22,0,23,1,2,0,12,46,0,6,9,5,6,1,8,0,13,8,3,8,2,0,0,5,0,10,0,2,29,1,2,0
2019/2020,jacobsdal,letsemeng,xhariep,24.77064,-29.13018,54,1,43,4,1,0,15,34,0,6,17,5,6,1,3,0,12,11,5,13,1,1,0,6,1,15,0,0,11,2,9,0
2020/2021,jacobsdal,letsemeng,xhariep,24.77064,-29.13018,47,1,33,4,0,0,29,45,0,4,26,1,6,0,6,1,13,19,6,9,1,0,0,3,0,9,0,1,14,1,10,0
2021/2022,jacobsdal,letsemeng,xhariep,24.77064,-29.13018,47,0,28,1,0,0,3,34,0,10,29,2,6,0,10,0,13,13,2,7,1,1,0,3,1,8,0,1,17,1,5,0
2022/2023,jacobsdal,letsemeng,xhariep,24.77064,-29.13018,46,2,40,4,0,0,11,40,1,11,49,8,6,4,19,0,12,16,1,6,1,0,0,3,1,7,0,2,14,1,4,0
2023/2024,jacobsdal,xhariep district,xhariep district,24.77064,-29.13018,0,0,0,0,0,0,0,41,0,0,0,0,0,0,0,0,0,0,0,0,0,0,0,0,0,0,0,0,0,1,6,0
2024/2025,jacobsdal,xhariep district,xhariep district,24.77064,-29.13018,0,0,0,0,0,0,0,35,0,0,0,0,0,0,0,0,0,0,0,0,0,0,0,0,0,0,0,0,0,1,8,0
2008/2009,jagersfontein,kopanong,xhariep,25.42291,-29.76054,24,1,32,5,0,0,21,46,0,0,56,6,5,1,5,1,1,19,2,10,1,1,0,4,3,16,0,2,17,1,3,0
2009/2010,jagersfontein,kopanong,xhariep,25.42291,-29.76054,14,3,38,4,1,0,18,24,0,5,30,2,6,0,6,0,1,17,0,4,5,1,0,6,2,7,0,2,17,0,1,0
2010/2011,jagersfontein,kopanong,xhariep,25.42291,-29.76054,15,2,39,5,0,0,13,32,0,2,30,2,7,3,4,0,1,9,2,6,2,0,0,4,2,9,0,0,20,0,2,0
2011/2012,jagersfontein,kopanong,xhariep,25.42291,-29.76054,19,2,25,3,4,0,13,22,0,1,35,2,6,1,8,0,1,5,3,3,0,0,0,0,3,10,0,4,18,1,2,0
2012/2013,jagersfontein,kopanong,xhariep,25.42291,-29.76054,15,0,25,4,0,0,4,9,0,0,27,3,6,5,10,0,1,16,4,3,0,0,0,0,8,11,0,0,16,0,1,0
2013/2014,jagersfontein,kopanong,xhariep,25.42291,-29.76054,6,0,28,3,0,0,3,13,0,2,15,0,6,2,10,0,13,9,4,3,1,0,0,1,4,7,0,0,17,0,1,0
2014/2015,jagersfontein,kopanong,xhariep,25.42291,-29.76054,6,1,15,1,0,0,11,15,0,2,20,0,6,1,19,0,13,10,1,2,4,0,0,4,1,3,0,0,10,1,1,0
2015/2016,jagersfontein,kopanong,xhariep,25.42291,-29.76054,5,0,11,0,0,0,6,3,0,0,11,0,6,5,15,0,13,7,0,4,2,0,0,2,4,8,2,0,8,0,1,0
2016/2017,jagersfontein,kopanong,xhariep,25.42291,-29.76054,12,0,16,0,1,0,9,8,0,1,1,0,6,3,27,0,13,4,1,3,2,0,0,2,1,5,0,2,4,0,3,0
2017/2018,jagersfontein,kopanong,xhariep,25.42291,-29.76054,3,0,19,0,0,0,2,10,0,0,5,0,6,2,41,1,13,4,5,4,2,1,0,3,1,5,0,4,6,0,0,0
2018/2019,jagersfontein,kopanong,xhariep,25.42291,-29.76054,6,0,27,2,1,0,6,9,0,3,16,0,6,5,21,0,13,8,2,5,0,0,0,0,2,8,0,2,18,1,1,0
2019/2020,jagersfontein,kopanong,xhariep,25.42291,-29.76054,5,1,14,0,0,0,4,6,0,2,1,1,7,1,8,2,13,3,6,12,0,0,0,0,1,14,0,1,9,1,2,0
2020/2021,jagersfontein,kopanong,xhariep,25.42291,-29.76054,5,1,20,0,2,0,2,11,0,2,10,0,6,4,6,0,13,8,2,4,0,0,0,0,3,9,0,1,4,1,2,0
2021/2022,jagersfontein,kopanong,xhariep,25.42291,-29.76054,15,0,21,1,0,0,6,10,0,5,15,1,6,7,13,1,13,10,0,12,0,0,0,0,1,13,0,0,11,0,1,0
2022/2023,jagersfontein,kopanong,xhariep,25.42291,-29.76054,26,0,24,0,0,0,5,15,0,5,11,0,6,0,10,2,21,7,2,4,0,0,0,0,1,5,0,1,8,0,2,0
2023/2024,jagersfontein,xhariep district,xhariep district,25.42291,-29.76054,0,0,0,0,0,0,0,22,0,0,0,0,0,0,0,0,0,0,0,0,0,0,0,0,0,0,0,0,0,0,0,0
2024/2025,jagersfontein,xhariep district,xhariep district,25.42291,-29.76054,0,0,0,0,0,0,0,31,0,0,0,0,0,0,0,0,0,0,0,0,0,1,0,0,0,0,0,0,0,0,1,0
2023/2024,james calata,joe gqabi district,joe gqabi district,,,0,0,0,0,0,0,0,11,0,0,0,0,0,0,0,0,0,0,0,0,0,0,0,0,0,0,0,0,0,2,2,0
2024/2025,james calata,joe gqabi district,joe gqabi district,,,0,0,0,0,0,0,0,13,0,0,0,0,0,0,0,0,0,0,0,0,0,0,0,0,0,0,0,0,0,1,1,0
2008/2009,jamestown,walter sisulu,joe gqabi,26.81023,-31.1205,32,1,61,0,1,0,14,65,0,3,6,4,7,3,7,0,1,14,3,12,3,0,0,4,1,15,0,0,50,3,5,0
2009/2010,jamestown,walter sisulu,joe gqabi,26.81023,-31.1205,18,0,39,0,2,0,2,58,0,2,8,1,4,5,12,2,1,6,4,6,2,2,0,5,0,10,0,0,33,1,4,0
2010/2011,jamestown,walter sisulu,joe gqabi,26.81023,-31.1205,13,0,71,1,1,0,8,32,0,6,14,3,6,1,14,1,1,8,2,8,0,1,0,3,1,10,0,0,33,1,5,0
2011/2012,jamestown,walter sisulu,joe gqabi,26.81023,-31.1205,16,1,66,1,0,0,3,29,0,5,6,2,6,3,16,2,1,12,1,6,2,0,0,5,0,6,1,0,36,1,3,0
2012/2013,jamestown,walter sisulu,joe gqabi,26.81023,-31.1205,18,1,51,0,1,0,3,22,0,3,6,0,6,3,10,1,1,6,2,4,2,1,0,3,1,6,0,0,41,1,3,0
2013/2014,jamestown,walter sisulu,joe gqabi,26.81023,-31.1205,17,0,57,0,0,0,5,19,0,1,11,1,6,0,5,0,13,6,3,8,3,1,0,5,1,9,0,0,29,4,4,0
2014/2015,jamestown,walter sisulu,joe gqabi,26.81023,-31.1205,9,0,61,1,2,0,6,19,0,0,8,1,6,1,4,0,13,11,1,15,2,2,0,8,1,18,0,1,24,1,2,0
2015/2016,jamestown,walter sisulu,joe gqabi,26.81023,-31.1205,13,1,57,1,0,0,4,19,0,0,7,2,4,0,8,0,13,8,3,5,1,2,0,4,0,7,0,0,19,1,1,1
2016/2017,jamestown,walter sisulu,joe gqabi,26.81023,-31.1205,16,0,59,1,1,0,5,22,0,5,11,3,6,5,10,1,13,10,3,16,3,3,0,9,3,20,0,0,39,2,6,1
2017/2018,jamestown,walter sisulu,joe gqabi,26.81023,-31.1205,15,2,50,0,0,0,5,18,0,1,16,3,6,3,18,0,13,6,2,3,1,3,0,5,1,4,0,0,42,1,5,0
2018/2019,jamestown,walter sisulu,joe gqabi,26.81023,-31.1205,13,0,44,0,0,0,3,24,1,6,7,1,6,4,10,0,13,8,4,5,1,0,0,2,5,10,0,0,51,0,2,0
2019/2020,jamestown,walter sisulu,joe gqabi,26.81023,-31.1205,16,1,31,0,0,0,2,27,0,4,4,0,6,5,1,0,13,5,4,6,0,0,0,1,1,7,0,0,61,2,1,0
2020/2021,jamestown,walter sisulu,joe gqabi,26.81023,-31.1205,9,0,57,2,0,0,5,23,0,5,8,0,6,1,4,1,12,7,6,8,2,0,0,2,1,9,0,0,65,1,3,0
2021/2022,jamestown,walter sisulu,joe gqabi,26.81023,-31.1205,21,1,66,0,2,0,15,24,0,6,12,0,7,2,4,0,13,15,4,6,2,2,0,5,5,14,0,0,45,0,3,0
2022/2023,jamestown,walter sisulu,joe gqabi,26.81023,-31.1205,19,0,60,0,0,0,15,16,1,8,15,1,6,1,2,0,13,14,0,7,1,0,0,3,1,8,0,0,45,0,4,0
2008/2009,jan kempdorp,phokwane,frances baard,24.83897,-27.91606,133,2,172,2,1,0,56,128,0,18,69,23,7,12,10,0,1,51,11,31,1,1,0,14,3,36,0,36,33,6,25,0
2009/2010,jan kempdorp,phokwane,frances baard,24.83897,-27.91606,116,2,119,8,1,0,46,131,0,26,51,12,7,13,17,0,1,36,8,19,14,4,0,26,6,27,0,28,14,4,31,0
2010/2011,jan kempdorp,phokwane,frances baard,24.83897,-27.91606,104,1,102,4,0,0,32,95,0,28,56,16,6,7,12,0,1,29,7,29,10,1,0,15,4,33,0,9,16,14,16,0
2011/2012,jan kempdorp,phokwane,frances baard,24.83897,-27.91606,125,0,73,5,1,0,55,154,1,38,67,16,7,9,34,2,1,46,3,33,10,3,0,22,5,40,0,8,15,6,18,0
2012/2013,jan kempdorp,phokwane,frances baard,24.83897,-27.91606,112,2,85,3,0,0,55,163,1,29,38,12,6,5,37,2,1,32,11,40,4,3,0,11,2,42,0,10,16,11,30,0
2013/2014,jan kempdorp,phokwane,frances baard,24.83897,-27.91606,81,3,103,15,0,0,69,209,1,28,49,12,6,4,46,3,12,30,9,32,8,0,0,13,1,33,0,4,7,11,30,0
2014/2015,jan kempdorp,phokwane,frances baard,24.83897,-27.91606,102,5,116,3,1,0,54,173,0,28,57,18,6,14,39,0,13,36,9,38,12,0,0,22,1,40,0,15,25,11,25,0
2015/2016,jan kempdorp,phokwane,frances baard,24.83897,-27.91606,89,2,111,12,1,0,53,144,1,30,39,15,6,7,46,1,13,32,8,37,5,2,0,22,1,39,0,5,19,6,21,0
2016/2017,jan kempdorp,phokwane,frances baard,24.83897,-27.91606,95,0,136,7,6,0,47,146,1,28,65,30,5,5,36,2,17,40,2,47,15,4,0,40,1,57,3,11,7,14,23,0
2017/2018,jan kempdorp,phokwane,frances baard,24.83897,-27.91606,114,2,131,8,1,0,72,240,1,55,63,25,5,6,32,1,21,36,5,34,14,12,0,50,0,38,0,6,27,11,18,0
2018/2019,jan kempdorp,phokwane,frances baard,24.83897,-27.91606,98,1,162,7,3,0,54,207,1,39,54,21,4,2,24,1,13,57,9,27,34,14,0,74,1,33,0,20,27,4,25,0
2019/2020,jan kempdorp,phokwane,frances baard,24.83897,-27.91606,168,1,165,6,3,0,70,160,0,37,64,27,7,7,11,0,12,41,10,24,6,8,0,23,3,31,0,19,23,4,31,0
2020/2021,jan kempdorp,phokwane,frances baard,24.83897,-27.91606,144,9,136,2,3,0,68,118,1,31,66,21,6,0,10,1,12,60,10,33,5,5,0,25,3,39,0,15,22,4,21,0
2021/2022,jan kempdorp,phokwane,frances baard,24.83897,-27.91606,171,5,228,9,2,0,79,111,2,40,119,23,4,1,21,0,17,111,4,26,16,4,0,34,3,33,0,19,19,2,23,0
2022/2023,jan kempdorp,phokwane,frances baard,24.83897,-27.91606,189,9,184,22,0,0,67,167,0,27,144,18,4,0,8,1,17,103,12,14,9,8,0,37,3,19,0,22,16,6,22,0
2023/2024,jan kempdorp,frances baard district,frances baard district,24.83897,-27.91606,0,0,0,0,0,0,0,123,0,0,0,0,0,0,0,0,0,0,0,0,0,1,0,0,0,0,0,0,0,2,28,0
2024/2025,jan kempdorp,frances baard district,frances baard district,24.83897,-27.91606,0,0,0,0,0,0,0,119,0,0,0,0,0,0,0,0,0,0,0,0,0,5,0,0,0,0,0,0,0,3,27,0
2008/2009,jane furse,makhuduthamaga,sekhukhune,29.85281,-24.765,107,2,100,10,0,0,43,82,5,20,47,23,5,6,8,7,1,36,15,32,10,1,0,33,0,35,0,42,10,23,9,1
2009/2010,jane furse,makhuduthamaga,sekhukhune,29.85281,-24.765,104,5,89,11,4,1,54,76,2,20,58,27,5,25,24,11,1,54,12,39,11,3,0,29,0,46,0,68,10,11,10,0
2010/2011,jane furse,makhuduthamaga,sekhukhune,29.85281,-24.765,116,2,120,5,3,0,65,71,6,13,51,15,6,13,32,6,1,35,9,31,7,6,0,30,2,36,0,69,19,12,12,0
2011/2012,jane furse,makhuduthamaga,sekhukhune,29.85281,-24.765,120,5,115,8,2,0,58,105,2,23,43,22,6,17,32,9,1,40,9,29,16,4,0,29,1,32,1,95,9,13,22,0
2012/2013,jane furse,makhuduthamaga,sekhukhune,29.85281,-24.765,150,2,110,11,3,0,76,118,4,43,37,23,6,30,73,14,1,48,11,42,10,4,0,29,1,46,2,111,11,13,21,0
2013/2014,jane furse,makhuduthamaga,sekhukhune,29.85281,-24.765,162,1,130,5,3,0,96,113,0,37,56,20,6,7,131,6,17,59,9,35,25,12,0,54,5,43,0,167,5,10,27,0
2014/2015,jane furse,makhuduthamaga,sekhukhune,29.85281,-24.765,180,5,105,8,4,0,117,118,8,46,39,25,6,18,180,12,21,46,18,35,17,14,0,62,0,39,2,193,11,8,40,0
2015/2016,jane furse,makhuduthamaga,sekhukhune,29.85281,-24.765,153,3,140,22,3,0,133,106,9,51,49,43,7,21,172,9,17,67,16,44,44,4,0,87,1,49,0,155,7,11,40,0
2016/2017,jane furse,makhuduthamaga,sekhukhune,29.85281,-24.765,180,5,129,20,3,0,104,168,8,81,55,23,6,30,245,20,23,65,19,25,36,17,0,93,1,29,0,138,10,17,23,0
2017/2018,jane furse,makhuduthamaga,sekhukhune,29.85281,-24.765,198,5,129,18,1,0,90,122,18,66,43,30,7,37,344,9,14,69,10,23,38,10,0,104,2,27,5,139,10,17,29,0
2018/2019,jane furse,makhuduthamaga,sekhukhune,29.85281,-24.765,154,4,163,10,4,0,121,123,13,98,55,47,6,44,231,11,25,60,13,46,62,14,0,122,2,52,0,132,19,16,32,0
2019/2020,jane furse,makhuduthamaga,sekhukhune,29.85281,-24.765,153,2,138,5,5,0,116,98,12,103,63,41,6,51,24,18,17,73,15,39,50,10,0,108,5,49,0,88,32,3,21,0
2020/2021,jane furse,makhuduthamaga,sekhukhune,29.85281,-24.765,118,1,103,15,3,0,67,119,28,103,57,25,4,28,44,15,22,71,13,42,66,16,0,158,5,52,6,119,14,11,27,1
2021/2022,jane furse,makhuduthamaga,sekhukhune,29.85281,-24.765,136,7,119,19,4,0,80,146,14,114,62,41,6,32,42,20,17,68,14,48,75,26,0,157,6,58,1,92,25,8,24,0
2022/2023,jane furse,makhuduthamaga,sekhukhune,29.85281,-24.765,221,3,143,24,1,0,79,102,25,117,105,41,6,12,40,15,43,103,24,31,55,36,0,188,3,35,0,119,45,8,23,0
2023/2024,jane furse,sekhukhune district,sekhukhune district,29.85281,-24.765,0,0,0,0,0,0,0,80,10,0,0,0,0,0,0,0,0,0,0,0,0,16,0,0,0,0,0,0,0,8,11,0
2024/2025,jane furse,sekhukhune district,sekhukhune district,29.85281,-24.765,0,0,0,0,0,0,0,64,9,0,0,0,0,0,0,0,0,0,0,0,0,20,0,0,0,0,0,0,0,11,16,0
2008/2009,jansenville,dr beyers naude,sarah baartman,24.66876,-32.94236,27,0,34,2,2,0,6,30,0,6,36,8,6,11,43,0,1,8,1,5,0,0,0,0,1,8,0,1,22,0,7,0
2009/2010,jansenville,dr beyers naude,sarah baartman,24.66876,-32.94236,31,1,42,1,3,0,13,31,0,4,29,3,5,7,51,1,1,12,4,15,1,0,0,1,2,23,0,2,26,1,6,0
2010/2011,jansenville,dr beyers naude,sarah baartman,24.66876,-32.94236,36,1,36,2,0,0,7,44,0,4,26,0,7,4,67,1,1,5,3,4,0,0,0,1,2,7,0,6,26,3,7,0
2011/2012,jansenville,dr beyers naude,sarah baartman,24.66876,-32.94236,19,2,27,2,3,0,6,11,0,11,20,1,6,13,53,0,1,8,3,5,0,0,0,0,4,12,1,3,28,0,4,0
2012/2013,jansenville,dr beyers naude,sarah baartman,24.66876,-32.94236,26,0,35,1,1,0,10,19,0,5,15,2,7,5,77,1,1,10,6,8,0,1,0,2,1,11,0,2,30,1,1,0
2013/2014,jansenville,dr beyers naude,sarah baartman,24.66876,-32.94236,20,1,29,0,0,1,14,18,0,6,17,0,7,6,66,0,13,10,1,4,0,1,0,3,4,9,0,1,28,2,9,0
2014/2015,jansenville,dr beyers naude,sarah baartman,24.66876,-32.94236,21,0,26,1,3,0,13,17,0,5,23,0,6,10,36,0,13,6,2,10,1,0,0,3,1,14,0,3,26,0,4,0
2015/2016,jansenville,dr beyers naude,sarah baartman,24.66876,-32.94236,23,0,28,4,2,0,11,35,0,4,24,0,6,5,17,0,13,8,0,12,0,1,0,2,1,15,0,1,35,0,5,0
2016/2017,jansenville,dr beyers naude,sarah baartman,24.66876,-32.94236,27,0,30,2,0,0,15,29,0,1,32,2,7,6,14,0,12,7,4,3,1,0,0,3,2,6,0,1,27,0,4,0
2017/2018,jansenville,dr beyers naude,sarah baartman,24.66876,-32.94236,30,1,25,0,3,0,9,16,0,6,24,0,7,6,24,0,13,7,2,3,0,1,0,3,0,7,0,5,36,1,3,0
2018/2019,jansenville,dr beyers naude,sarah baartman,24.66876,-32.94236,19,1,18,1,0,0,9,19,0,1,31,2,6,5,13,0,13,7,2,11,0,0,0,0,1,12,0,2,25,1,1,0
2019/2020,jansenville,dr beyers naude,sarah baartman,24.66876,-32.94236,21,1,30,2,0,0,5,24,0,10,30,4,6,6,9,0,13,10,1,3,0,0,0,0,1,4,0,3,21,2,3,0
2020/2021,jansenville,dr beyers naude,sarah baartman,24.66876,-32.94236,27,1,24,1,0,0,7,24,0,7,20,1,6,6,13,4,13,8,2,7,3,0,0,3,0,7,0,4,26,0,4,0
2021/2022,jansenville,dr beyers naude,sarah baartman,24.66876,-32.94236,30,0,31,1,0,0,6,26,0,5,27,2,6,2,18,1,12,8,0,5,1,0,0,1,1,6,0,3,26,0,2,0
2022/2023,jansenville,dr beyers naude,sarah baartman,24.66876,-32.94236,44,1,29,2,0,0,10,28,0,8,24,2,7,1,9,3,13,9,1,6,2,0,0,3,0,7,0,5,14,0,6,0
2023/2024,jansenville,sarah baartman district,sarah baartman district,24.66876,-32.94236,0,0,0,0,0,0,0,29,0,0,0,0,0,0,0,0,0,0,0,0,0,0,0,0,0,0,0,0,0,0,4,0
2024/2025,jansenville,sarah baartman district,sarah baartman district,24.66876,-32.94236,0,0,0,0,0,0,0,26,0,0,0,0,0,0,0,0,0,0,0,0,0,0,0,0,0,0,0,0,0,1,8,0
2008/2009,jeffreys bay,kouga,sarah baartman,24.92192,-34.0553,455,10,164,3,6,0,112,608,1,44,91,55,5,74,62,7,1,158,20,32,3,14,2,75,4,45,0,80,7,21,153,1
2009/2010,jeffreys bay,kouga,sarah baartman,24.92192,-34.0553,405,4,194,12,0,0,90,480,1,40,127,51,8,83,48,3,1,110,8,39,13,12,1,86,6,49,0,109,3,38,115,0
2010/2011,jeffreys bay,kouga,sarah baartman,24.92192,-34.0553,407,3,162,5,2,0,58,464,1,41,99,38,10,99,68,3,1,100,3,28,9,6,0,63,6,42,0,83,3,52,88,0
2011/2012,jeffreys bay,kouga,sarah baartman,24.92192,-34.0553,401,2,128,7,4,0,63,435,0,51,87,34,4,73,106,6,1,88,8,29,12,8,0,69,1,36,0,56,2,22,96,0
2012/2013,jeffreys bay,kouga,sarah baartman,24.92192,-34.0553,268,4,129,8,3,0,95,398,0,45,72,36,7,67,164,5,1,60,12,33,5,10,0,52,6,43,0,50,3,45,84,0
2013/2014,jeffreys bay,kouga,sarah baartman,24.92192,-34.0553,281,4,146,6,2,0,40,478,0,63,99,35,9,54,174,2,12,73,9,33,5,12,0,69,4,44,0,60,1,25,86,0
2014/2015,jeffreys bay,kouga,sarah baartman,24.92192,-34.0553,290,4,159,12,1,0,69,463,1,59,137,23,5,66,164,4,21,92,11,28,9,9,0,88,4,36,0,54,5,35,127,1
2015/2016,jeffreys bay,kouga,sarah baartman,24.92192,-34.0553,246,1,120,6,0,0,115,343,1,31,143,15,8,73,169,6,12,102,13,23,2,11,1,67,6,33,0,46,5,42,140,0
2016/2017,jeffreys bay,kouga,sarah baartman,24.92192,-34.0553,282,6,105,18,1,0,108,336,0,44,137,21,4,60,137,7,13,92,8,38,14,22,0,91,13,54,1,52,7,36,155,0
2017/2018,jeffreys bay,kouga,sarah baartman,24.92192,-34.0553,272,2,101,24,1,0,91,370,0,82,127,29,10,62,279,12,12,97,13,28,11,21,1,119,7,42,1,39,4,16,136,0
2018/2019,jeffreys bay,kouga,sarah baartman,24.92192,-34.0553,293,3,132,9,4,0,81,357,0,76,135,32,6,47,236,11,25,95,11,24,11,10,0,99,9,37,0,39,9,21,144,1
2019/2020,jeffreys bay,kouga,sarah baartman,24.92192,-34.0553,337,2,104,14,3,0,75,296,0,82,122,24,6,42,280,16,14,91,11,27,12,8,0,84,6,36,0,42,0,38,90,1
2020/2021,jeffreys bay,kouga,sarah baartman,24.92192,-34.0553,194,0,72,12,2,0,120,265,0,85,83,10,10,24,200,10,12,81,7,34,7,12,0,48,7,49,0,47,1,17,47,0
2021/2022,jeffreys bay,kouga,sarah baartman,24.92192,-34.0553,208,1,80,7,2,0,82,252,2,135,87,15,4,39,238,12,13,87,15,26,8,6,0,71,7,37,1,30,0,7,40,1
2022/2023,jeffreys bay,kouga,sarah baartman,24.92192,-34.0553,200,0,60,11,3,0,74,188,0,217,81,15,7,10,273,11,23,68,15,31,7,6,0,57,8,43,0,32,0,9,70,0
2023/2024,jeffreys bay,sarah baartman district,sarah baartman district,24.92192,-34.0553,0,0,0,0,0,0,0,125,3,0,0,0,0,0,0,0,0,0,0,0,0,9,0,0,0,0,0,0,0,7,47,0
2024/2025,jeffreys bay,sarah baartman district,sarah baartman district,24.92192,-34.0553,0,0,0,0,0,0,0,101,2,0,0,0,0,0,0,0,0,0,0,0,0,4,0,0,0,0,0,0,0,13,21,0
2008/2009,jeppe,city of johannesburg,city of johannesburg,28.06046,-26.20225,1116,17,820,110,5,0,294,469,131,197,816,197,15,149,89,55,1,428,89,93,135,92,4,741,21,136,0,48,0,353,310,9
2009/2010,jeppe,city of johannesburg,city of johannesburg,28.06046,-26.20225,1081,16,891,77,9,0,329,493,105,243,921,223,17,224,94,54,1,490,64,106,135,73,1,622,18,142,0,52,0,338,382,1
2010/2011,jeppe,city of johannesburg,city of johannesburg,28.06046,-26.20225,1045,7,763,51,8,1,256,462,70,215,675,182,32,440,67,65,1,380,49,76,85,43,2,421,13,109,0,51,0,279,272,2
2011/2012,jeppe,city of johannesburg,city of johannesburg,28.06046,-26.20225,1015,9,693,58,8,0,296,420,88,151,590,180,12,628,74,93,1,389,60,76,83,57,2,521,10,101,1,41,0,291,265,2
2012/2013,jeppe,city of johannesburg,city of johannesburg,28.06046,-26.20225,1131,8,722,61,5,0,300,401,80,165,576,188,8,296,94,65,1,366,49,91,88,71,0,548,16,116,1,47,0,336,322,1
2013/2014,jeppe,city of johannesburg,city of johannesburg,28.06046,-26.20225,1161,7,607,96,5,0,264,407,103,118,556,173,9,354,128,82,10,305,79,104,100,78,0,641,17,131,4,34,0,365,323,3
2014/2015,jeppe,city of johannesburg,city of johannesburg,28.06046,-26.20225,1261,6,635,80,9,0,345,340,178,115,578,205,7,317,144,85,44,362,72,103,101,54,1,778,14,127,1,68,0,384,362,5
2015/2016,jeppe,city of johannesburg,city of johannesburg,28.06046,-26.20225,985,4,618,122,0,0,311,466,192,152,631,230,7,377,153,47,44,430,80,89,105,97,0,947,23,113,2,54,0,337,342,2
2016/2017,jeppe,city of johannesburg,city of johannesburg,28.06046,-26.20225,933,4,606,139,8,0,283,488,238,120,509,239,6,199,125,71,48,374,88,97,143,94,1,1058,21,126,1,38,0,309,416,2
2017/2018,jeppe,city of johannesburg,city of johannesburg,28.06046,-26.20225,976,3,554,125,6,0,218,377,262,111,553,212,6,308,102,88,55,325,125,86,137,80,0,1143,19,111,0,60,0,230,377,5
2018/2019,jeppe,city of johannesburg,city of johannesburg,28.06046,-26.20225,833,4,637,96,6,0,189,304,140,133,579,325,6,383,91,99,7,328,111,86,87,75,0,871,25,117,0,43,0,205,386,2
2019/2020,jeppe,city of johannesburg,city of johannesburg,28.06046,-26.20225,693,3,581,112,1,0,211,286,135,137,672,277,8,358,55,102,41,338,108,123,94,78,0,911,27,155,0,64,0,207,309,10
2020/2021,jeppe,city of johannesburg,city of johannesburg,28.06046,-26.20225,500,8,501,76,4,0,157,145,101,116,598,240,7,60,35,62,6,204,88,88,73,76,2,593,26,119,1,87,0,150,171,4
2021/2022,jeppe,city of johannesburg,city of johannesburg,28.06046,-26.20225,572,5,506,137,6,0,168,212,177,147,622,267,4,231,79,78,117,305,116,161,115,75,0,785,25,194,0,95,0,159,217,7
2022/2023,jeppe,city of johannesburg,city of johannesburg,28.06046,-26.20225,661,1,479,193,5,0,185,241,205,291,701,254,7,363,90,141,118,299,168,132,132,72,0,936,37,175,0,111,0,214,228,10
2023/2024,jeppe,johannesburg district,johannesburg district,28.06046,-26.20225,0,0,0,0,0,0,0,242,193,0,0,0,0,0,0,0,0,0,0,0,0,93,0,0,0,0,0,0,0,175,279,0
2024/2025,jeppe,johannesburg district,johannesburg district,28.06046,-26.20225,0,0,0,0,0,0,0,182,164,0,0,0,0,0,0,0,0,0,0,0,0,66,0,0,0,0,0,0,0,155,203,0
2008/2009,jericho,local municipality of madibeng,bojanala,27.81452,-25.34301,61,1,34,2,0,0,23,93,2,1,18,5,7,4,43,3,1,20,5,17,3,3,0,25,1,19,0,0,53,7,7,0
2009/2010,jericho,local municipality of madibeng,bojanala,27.81452,-25.34301,126,3,41,4,6,0,16,53,4,1,31,7,7,4,30,2,1,20,3,19,1,6,0,16,1,27,0,0,64,5,10,0
2010/2011,jericho,local municipality of madibeng,bojanala,27.81452,-25.34301,247,4,48,1,3,0,18,83,0,1,36,9,5,7,26,0,1,22,5,19,6,10,0,26,3,28,0,0,49,2,7,0
2011/2012,jericho,local municipality of madibeng,bojanala,27.81452,-25.34301,182,0,45,0,0,1,20,62,8,2,26,15,6,8,53,4,1,18,2,16,5,3,0,24,1,17,0,0,58,4,23,0
2012/2013,jericho,local municipality of madibeng,bojanala,27.81452,-25.34301,128,0,39,3,0,0,21,43,2,1,39,9,6,2,68,4,1,18,0,10,10,2,0,21,1,11,0,0,70,2,8,0
2013/2014,jericho,local municipality of madibeng,bojanala,27.81452,-25.34301,163,1,59,2,1,0,23,44,1,0,41,11,6,1,77,4,23,34,3,12,4,5,0,14,2,15,0,0,46,5,9,0
2014/2015,jericho,local municipality of madibeng,bojanala,27.81452,-25.34301,84,2,46,2,1,0,26,52,7,2,48,7,6,1,89,1,17,30,1,13,8,6,0,27,0,14,0,0,78,7,12,1
2015/2016,jericho,local municipality of madibeng,bojanala,27.81452,-25.34301,57,0,45,3,0,0,11,57,0,0,34,6,7,0,92,2,21,19,3,17,6,3,0,14,1,19,0,0,60,4,16,0
2016/2017,jericho,local municipality of madibeng,bojanala,27.81452,-25.34301,50,0,40,2,0,0,20,37,1,0,24,10,6,8,107,1,21,17,0,8,3,6,0,15,2,10,0,0,74,6,16,0
2017/2018,jericho,local municipality of madibeng,bojanala,27.81452,-25.34301,64,0,42,1,1,0,21,80,1,0,31,7,6,0,139,0,14,18,5,10,10,13,0,28,1,12,0,0,74,4,12,0
2018/2019,jericho,local municipality of madibeng,bojanala,27.81452,-25.34301,64,1,45,5,0,0,7,39,2,0,32,8,6,1,138,0,14,24,1,9,11,5,0,23,1,10,0,0,65,4,4,0
2019/2020,jericho,local municipality of madibeng,bojanala,27.81452,-25.34301,46,1,32,2,1,0,11,48,2,2,27,8,6,3,139,2,21,13,1,9,7,4,0,14,1,11,4,0,50,4,4,0
2020/2021,jericho,local municipality of madibeng,bojanala,27.81452,-25.34301,48,0,31,3,1,0,34,54,2,1,14,2,6,7,25,4,14,12,2,6,13,1,0,21,4,11,1,0,26,3,9,0
2021/2022,jericho,local municipality of madibeng,bojanala,27.81452,-25.34301,42,0,38,3,0,0,25,60,2,3,25,6,6,2,62,0,14,12,3,6,8,5,0,18,3,9,14,0,28,2,6,0
2022/2023,jericho,local municipality of madibeng,bojanala,27.81452,-25.34301,42,0,42,4,3,0,40,47,2,1,25,6,6,17,90,5,17,14,1,10,6,6,0,21,8,21,31,3,21,2,3,0
2023/2024,jericho,bojanala district,bojanala district,27.81452,-25.34301,0,0,0,0,0,0,0,47,2,0,0,0,0,0,0,0,0,0,0,0,0,4,0,0,0,0,0,0,0,4,5,0
2024/2025,jericho,bojanala district,bojanala district,27.81452,-25.34301,0,0,0,0,0,0,0,54,0,0,0,0,0,0,0,0,0,0,0,0,0,2,0,0,0,0,0,0,0,0,9,0
2008/2009,jhb central,city of johannesburg,city of johannesburg,28.0311,-26.20676,3610,6,1177,90,16,2,744,214,176,2870,1435,1242,83,352,425,211,1,698,75,130,259,26,2,1879,22,1371,0,1618,0,1062,604,6
2009/2010,jhb central,city of johannesburg,city of johannesburg,28.0311,-26.20676,3267,7,1267,57,24,2,557,260,127,2867,1630,1400,56,540,384,99,1,633,51,140,263,25,3,1711,32,248,0,1749,0,836,636,6
2010/2011,jhb central,city of johannesburg,city of johannesburg,28.0311,-26.20676,3037,7,1178,45,13,1,684,135,98,2386,1383,1338,69,507,438,120,1,634,39,138,287,26,21,1596,34,230,0,1697,0,851,561,7
2011/2012,jhb central,city of johannesburg,city of johannesburg,28.0311,-26.20676,2886,11,1004,36,8,0,633,112,70,2475,1351,1010,16,298,416,95,1,542,50,117,182,25,9,1153,25,160,31,1474,0,641,713,5
2012/2013,jhb central,city of johannesburg,city of johannesburg,28.0311,-26.20676,2638,6,855,51,12,0,629,80,73,1680,1226,1089,11,229,359,83,1,576,53,108,205,11,12,973,20,148,15,1469,0,639,849,1
2013/2014,jhb central,city of johannesburg,city of johannesburg,28.0311,-26.20676,2809,3,791,67,1,0,564,63,65,1296,1130,1272,8,420,730,95,41,496,65,103,214,12,10,1117,23,131,2,1514,0,572,952,3
2014/2015,jhb central,city of johannesburg,city of johannesburg,28.0311,-26.20676,3050,2,689,62,5,1,494,46,95,1188,991,1681,10,781,905,78,32,650,84,108,214,12,5,1233,22,141,1,1422,0,547,1361,1
2015/2016,jhb central,city of johannesburg,city of johannesburg,28.0311,-26.20676,2434,4,680,70,5,0,487,71,131,1137,907,1322,17,881,424,80,49,644,75,105,165,11,0,1694,19,138,1,1372,0,406,1471,2
2016/2017,jhb central,city of johannesburg,city of johannesburg,28.0311,-26.20676,2023,1,726,122,4,0,555,90,151,1215,747,1283,8,625,528,112,67,573,88,112,225,25,3,2187,28,148,15,1365,0,505,1416,5
2017/2018,jhb central,city of johannesburg,city of johannesburg,28.0311,-26.20676,2070,0,834,91,5,1,489,75,169,1132,795,1309,5,555,702,157,71,557,91,133,205,19,2,1954,38,179,33,899,0,466,1280,4
2018/2019,jhb central,city of johannesburg,city of johannesburg,28.0311,-26.20676,2013,4,850,116,3,0,413,73,129,1148,780,1285,8,690,1056,113,47,465,123,105,232,16,3,2123,25,137,26,896,0,462,1311,2
2019/2020,jhb central,city of johannesburg,city of johannesburg,28.0311,-26.20676,1647,2,793,104,3,0,336,91,123,1281,786,1107,10,703,1327,157,70,316,102,94,233,13,0,1802,31,134,50,733,0,379,1026,3
2020/2021,jhb central,city of johannesburg,city of johannesburg,28.0311,-26.20676,842,2,525,61,1,0,297,44,88,994,717,671,4,164,791,107,67,203,77,85,150,17,0,976,35,123,73,486,0,256,571,2
2021/2022,jhb central,city of johannesburg,city of johannesburg,28.0311,-26.20676,994,1,617,110,0,0,307,56,132,1017,775,869,5,360,818,142,74,321,118,105,219,19,2,1229,29,137,94,429,0,303,586,12
2022/2023,jhb central,city of johannesburg,city of johannesburg,28.0311,-26.20676,1192,1,560,140,2,0,459,107,124,953,724,1011,6,475,1099,182,119,247,162,113,250,29,0,1470,18,133,200,439,0,338,780,9
2023/2024,jhb central,johannesburg district,johannesburg district,28.0311,-26.20676,0,0,0,0,0,0,0,86,123,0,0,0,0,0,0,0,0,0,0,0,0,21,0,0,0,0,0,0,0,289,750,0
2024/2025,jhb central,johannesburg district,johannesburg district,28.0311,-26.20676,0,0,0,0,0,0,0,74,125,0,0,0,0,0,0,0,0,0,0,0,0,16,0,0,0,0,0,0,0,215,526,0
2008/2009,joubertina,kou-kamma,sarah baartman,23.85546,-33.82652,184,7,252,5,2,0,60,127,0,5,57,7,17,9,53,0,1,70,12,43,2,0,0,5,2,56,0,14,30,12,19,0
2009/2010,joubertina,kou-kamma,sarah baartman,23.85546,-33.82652,196,7,369,12,6,0,42,146,0,11,90,14,4,14,74,2,1,91,22,49,1,1,0,13,0,57,0,18,42,8,13,0
2010/2011,joubertina,kou-kamma,sarah baartman,23.85546,-33.82652,238,5,354,17,8,0,55,167,0,10,111,17,17,26,115,1,1,80,13,41,3,1,0,9,1,59,0,12,27,9,18,0
2011/2012,joubertina,kou-kamma,sarah baartman,23.85546,-33.82652,226,2,348,8,3,0,54,175,0,13,119,11,7,33,136,5,1,84,11,34,4,5,0,16,2,40,0,9,27,5,21,0
2012/2013,joubertina,kou-kamma,sarah baartman,23.85546,-33.82652,152,1,315,4,4,0,67,132,0,7,91,15,4,26,174,1,1,60,19,42,0,1,0,14,1,49,0,10,31,2,35,0
2013/2014,joubertina,kou-kamma,sarah baartman,23.85546,-33.82652,136,6,254,7,2,2,75,153,0,7,101,12,7,22,207,1,13,69,25,35,6,2,0,21,1,39,0,8,29,4,27,0
2014/2015,joubertina,kou-kamma,sarah baartman,23.85546,-33.82652,197,5,279,5,3,0,66,157,0,12,99,7,6,24,235,2,13,88,14,31,2,2,0,13,1,35,0,8,38,3,38,0
2015/2016,joubertina,kou-kamma,sarah baartman,23.85546,-33.82652,249,4,216,3,2,0,63,207,0,6,94,8,7,22,246,1,13,90,18,40,3,2,0,20,3,46,0,12,31,7,46,0
2016/2017,joubertina,kou-kamma,sarah baartman,23.85546,-33.82652,261,4,218,8,1,0,97,209,0,9,104,6,6,21,266,2,17,106,12,26,4,2,0,16,1,28,0,13,48,10,64,0
2017/2018,joubertina,kou-kamma,sarah baartman,23.85546,-33.82652,271,5,242,8,1,0,82,214,0,5,113,8,6,37,310,4,12,112,21,35,6,4,0,27,1,37,0,6,35,2,64,0
2018/2019,joubertina,kou-kamma,sarah baartman,23.85546,-33.82652,330,3,223,6,3,0,98,192,0,13,135,13,7,46,299,1,13,110,12,52,7,3,0,24,6,62,0,14,30,4,56,1
2019/2020,joubertina,kou-kamma,sarah baartman,23.85546,-33.82652,192,0,184,5,1,0,49,139,0,10,104,7,4,50,316,3,13,73,8,27,4,3,0,19,2,32,0,6,8,0,38,0
2020/2021,joubertina,kou-kamma,sarah baartman,23.85546,-33.82652,196,1,136,0,0,0,41,90,0,9,91,4,6,49,335,4,13,64,6,19,1,4,0,8,2,21,1,5,10,1,36,0
2021/2022,joubertina,kou-kamma,sarah baartman,23.85546,-33.82652,264,0,144,3,2,0,41,104,0,7,118,6,7,13,360,0,12,101,13,16,4,0,0,9,2,21,0,9,13,0,25,0
2022/2023,joubertina,kou-kamma,sarah baartman,23.85546,-33.82652,316,0,148,2,0,0,53,124,0,20,128,7,4,14,352,2,12,78,18,14,5,1,0,10,0,16,0,8,17,1,26,0
2023/2024,joubertina,sarah baartman district,sarah baartman district,23.85546,-33.82652,0,0,0,0,0,0,0,117,0,0,0,0,0,0,0,0,0,0,0,0,0,2,0,0,0,0,0,0,0,0,29,0
2024/2025,joubertina,sarah baartman district,sarah baartman district,23.85546,-33.82652,0,0,0,0,0,0,0,131,0,0,0,0,0,0,0,0,0,0,0,0,0,3,0,0,0,0,0,0,0,0,22,0
2008/2009,jouberton,city of matlosana,dr kenneth kaunda,26.58773,-26.89184,320,25,639,28,5,0,94,475,0,94,316,68,70,109,91,17,1,258,51,227,22,17,0,261,21,281,0,32,7,13,148,0
2009/2010,jouberton,city of matlosana,dr kenneth kaunda,26.58773,-26.89184,227,13,609,43,9,0,94,517,1,127,245,66,18,96,84,12,1,216,39,221,36,34,1,287,18,259,0,14,4,24,113,0
2010/2011,jouberton,city of matlosana,dr kenneth kaunda,26.58773,-26.89184,255,12,667,43,15,0,109,699,2,107,240,79,16,51,98,15,1,260,60,234,29,38,0,256,20,279,0,21,2,34,117,0
2011/2012,jouberton,city of matlosana,dr kenneth kaunda,26.58773,-26.89184,229,21,755,34,8,0,91,665,3,137,199,75,9,43,115,15,1,191,44,265,27,24,0,230,14,292,1,12,3,48,145,0
2012/2013,jouberton,city of matlosana,dr kenneth kaunda,26.58773,-26.89184,285,10,665,64,4,0,117,608,7,241,189,64,4,50,92,8,1,250,46,264,39,30,0,210,13,283,0,12,3,61,211,0
2013/2014,jouberton,city of matlosana,dr kenneth kaunda,26.58773,-26.89184,270,10,685,85,7,0,95,537,6,54,234,77,10,44,105,12,42,255,46,291,48,45,0,328,18,322,0,24,4,71,241,0
2014/2015,jouberton,city of matlosana,dr kenneth kaunda,26.58773,-26.89184,255,12,651,88,12,0,113,619,5,31,265,67,27,47,119,13,8,278,56,248,39,39,1,332,19,304,0,47,3,29,194,0
2015/2016,jouberton,city of matlosana,dr kenneth kaunda,26.58773,-26.89184,307,12,653,69,8,0,162,499,5,63,309,79,47,63,152,24,37,277,39,176,27,36,1,385,18,225,1,37,12,26,254,0
2016/2017,jouberton,city of matlosana,dr kenneth kaunda,26.58773,-26.89184,417,10,572,45,12,0,132,526,11,219,298,88,27,53,193,30,24,244,35,203,50,48,1,379,25,265,0,57,13,39,203,0
2017/2018,jouberton,city of matlosana,dr kenneth kaunda,26.58773,-26.89184,391,6,587,25,6,0,133,522,8,157,308,68,10,42,151,13,27,249,38,178,32,33,4,324,25,215,1,100,11,51,214,0
2018/2019,jouberton,city of matlosana,dr kenneth kaunda,26.58773,-26.89184,355,19,629,35,11,0,252,541,5,58,303,66,10,56,126,24,38,268,31,170,24,25,0,310,12,199,0,67,7,38,197,0
2019/2020,jouberton,city of matlosana,dr kenneth kaunda,26.58773,-26.89184,377,8,626,19,3,0,122,505,14,52,309,71,5,62,95,19,8,254,26,135,27,31,0,329,10,151,1,96,15,32,213,0
2020/2021,jouberton,city of matlosana,dr kenneth kaunda,26.58773,-26.89184,321,23,448,39,7,0,105,404,16,61,304,59,4,33,98,18,4,225,23,116,21,21,0,252,17,142,0,44,16,24,161,0
2021/2022,jouberton,city of matlosana,dr kenneth kaunda,26.58773,-26.89184,436,14,648,45,11,0,96,412,10,104,395,69,7,68,163,20,9,291,46,121,30,19,0,246,14,147,0,34,10,17,113,0
2022/2023,jouberton,city of matlosana,dr kenneth kaunda,26.58773,-26.89184,444,16,627,62,5,0,100,390,24,97,357,76,4,17,131,51,5,295,65,108,58,40,0,275,9,124,0,58,8,24,120,1
2023/2024,jouberton,dr kenneth kaunda district,dr kenneth kaunda district,26.58773,-26.89184,0,0,0,0,0,0,0,280,17,0,0,0,0,0,0,0,0,0,0,0,0,45,0,0,0,0,0,0,0,25,106,0
2024/2025,jouberton,dr kenneth kaunda district,dr kenneth kaunda district,26.58773,-26.89184,0,0,0,0,0,0,0,315,16,0,0,0,0,0,0,0,0,0,0,0,0,36,0,0,0,0,0,0,0,12,130,0
2008/2009,joza,makana,sarah baartman,26.57081,-33.28478,0,0,0,0,0,0,0,0,0,0,0,0,6,0,0,0,1,0,0,0,0,0,0,0,0,0,0,0,0,0,0,0
2009/2010,joza,makana,sarah baartman,26.57081,-33.28478,0,0,0,0,0,0,0,0,0,0,0,0,6,0,0,0,1,0,0,0,0,0,0,0,0,0,0,0,0,0,0,0
2010/2011,joza,makana,sarah baartman,26.57081,-33.28478,0,0,0,0,0,0,0,0,0,0,0,0,6,0,0,0,1,0,0,0,0,0,0,0,0,0,0,0,0,0,0,0
2011/2012,joza,makana,sarah baartman,26.57081,-33.28478,0,0,0,0,0,0,0,0,0,0,0,0,6,0,0,0,1,0,0,0,0,0,0,0,0,0,0,0,0,0,0,0
2012/2013,joza,makana,sarah baartman,26.57081,-33.28478,0,0,0,0,0,0,0,0,0,0,0,0,6,0,0,0,1,0,0,0,0,0,0,0,0,0,0,0,0,0,0,0
2013/2014,joza,makana,sarah baartman,26.57081,-33.28478,43,0,67,4,0,0,10,60,0,1,46,5,6,3,11,3,12,18,5,7,3,2,0,19,8,15,0,0,0,2,8,0
2014/2015,joza,makana,sarah baartman,26.57081,-33.28478,248,2,328,18,0,0,38,278,1,7,248,58,6,40,98,6,2,171,26,122,13,8,0,126,14,136,0,0,9,18,63,0
2015/2016,joza,makana,sarah baartman,26.57081,-33.28478,208,7,316,13,8,0,38,299,0,2,303,41,6,45,182,11,28,152,21,94,18,6,0,106,11,113,0,0,26,22,56,0
2016/2017,joza,makana,sarah baartman,26.57081,-33.28478,172,2,234,4,0,0,23,324,0,4,213,39,6,44,197,6,2,124,19,76,12,8,0,99,9,85,1,0,18,15,53,2
2017/2018,joza,makana,sarah baartman,26.57081,-33.28478,134,2,230,5,1,0,21,326,0,1,175,43,6,44,199,8,22,97,21,69,4,11,0,87,5,75,0,0,16,4,49,0
2018/2019,joza,makana,sarah baartman,26.57081,-33.28478,151,2,211,4,2,0,17,283,0,15,160,39,4,25,93,13,25,73,10,73,4,8,0,88,9,86,0,0,13,7,41,0
2019/2020,joza,makana,sarah baartman,26.57081,-33.28478,150,3,154,6,2,0,26,302,0,16,180,34,6,18,87,4,24,76,8,48,6,12,0,80,7,57,1,0,16,14,49,0
2020/2021,joza,makana,sarah baartman,26.57081,-33.28478,92,1,154,12,2,0,15,173,3,14,234,14,7,7,61,1,14,73,18,41,3,8,0,49,5,49,0,1,14,6,39,1
2021/2022,joza,makana,sarah baartman,26.57081,-33.28478,123,1,164,10,1,0,20,145,3,12,289,21,6,8,55,4,22,104,14,42,9,4,0,37,6,49,0,0,6,5,23,2
2022/2023,joza,makana,sarah baartman,26.57081,-33.28478,87,8,131,6,6,0,18,125,2,14,351,16,7,3,29,0,24,104,20,56,4,4,0,46,13,76,1,0,3,2,21,0
2023/2024,joza,sarah baartman district,sarah baartman district,26.57081,-33.28478,0,0,0,0,0,0,0,131,2,0,0,0,0,0,0,0,0,0,0,0,0,2,0,0,0,0,0,0,0,5,16,0
2024/2025,joza,sarah baartman district,sarah baartman district,26.57081,-33.28478,0,0,0,0,0,0,0,183,0,0,0,0,0,0,0,0,0,0,0,0,0,9,0,0,0,0,0,0,0,6,20,0
2008/2009,jozini,umhlabuyalingana,umkhanyakude,32.06406,-27.42715,148,13,196,18,6,0,77,136,10,28,72,34,9,14,36,31,1,41,22,71,18,23,1,79,7,89,0,16,66,14,18,1
2009/2010,jozini,umhlabuyalingana,umkhanyakude,32.06406,-27.42715,133,12,162,32,2,0,95,122,8,27,101,23,7,24,33,38,1,47,16,72,17,20,0,79,7,82,0,8,43,5,16,1
2010/2011,jozini,umhlabuyalingana,umkhanyakude,32.06406,-27.42715,101,7,189,18,2,0,58,124,0,28,94,15,4,82,31,40,1,37,17,71,24,28,0,73,13,88,0,3,44,4,18,0
2011/2012,jozini,umhlabuyalingana,umkhanyakude,32.06406,-27.42715,112,13,228,18,5,0,58,98,3,45,80,26,5,93,40,15,1,44,22,83,17,32,0,70,3,94,0,4,45,6,19,1
2012/2013,jozini,umhlabuyalingana,umkhanyakude,32.06406,-27.42715,121,18,191,18,7,0,66,139,8,39,73,37,9,106,37,29,1,35,22,67,24,26,0,91,7,86,0,6,25,9,14,0
2013/2014,jozini,umhlabuyalingana,umkhanyakude,32.06406,-27.42715,131,16,170,11,2,0,58,102,1,59,71,27,5,79,34,27,22,30,14,80,21,12,0,56,7,92,0,12,50,5,19,0
2014/2015,jozini,umhlabuyalingana,umkhanyakude,32.06406,-27.42715,100,11,161,19,2,0,55,87,5,59,54,24,7,53,23,8,23,47,16,39,26,14,0,63,4,46,0,16,28,3,30,0
2015/2016,jozini,umhlabuyalingana,umkhanyakude,32.06406,-27.42715,97,14,172,18,1,0,64,123,6,58,44,20,5,131,9,23,12,48,11,49,27,16,0,64,9,62,0,14,22,7,20,0
2016/2017,jozini,umhlabuyalingana,umkhanyakude,32.06406,-27.42715,112,5,152,12,0,0,50,150,4,81,43,22,6,47,17,11,17,58,17,49,17,17,0,46,8,57,0,12,15,4,24,0
2017/2018,jozini,umhlabuyalingana,umkhanyakude,32.06406,-27.42715,113,8,167,9,0,0,52,153,1,66,34,16,7,79,28,12,13,41,12,43,7,20,1,40,11,55,0,18,17,3,29,0
2018/2019,jozini,umhlabuyalingana,umkhanyakude,32.06406,-27.42715,104,5,184,17,2,0,36,121,3,84,53,24,6,65,30,18,23,41,12,48,11,15,0,43,7,57,0,23,37,3,14,0
2019/2020,jozini,umhlabuyalingana,umkhanyakude,32.06406,-27.42715,113,10,200,16,0,0,54,122,6,84,60,28,6,60,19,19,4,38,14,69,12,17,0,49,13,82,0,27,17,1,22,0
2020/2021,jozini,umhlabuyalingana,umkhanyakude,32.06406,-27.42715,99,8,163,15,1,0,52,75,1,72,44,16,6,41,29,15,14,33,14,53,18,25,0,59,3,57,0,12,20,6,23,0
2021/2022,jozini,umhlabuyalingana,umkhanyakude,32.06406,-27.42715,85,8,189,13,1,0,138,43,4,52,34,20,7,36,29,8,2,31,24,64,23,6,2,47,6,72,1,10,16,3,19,0
2022/2023,jozini,umhlabuyalingana,umkhanyakude,32.06406,-27.42715,95,1,171,15,4,0,45,74,5,53,36,17,7,11,17,9,24,25,17,78,14,18,0,51,5,88,0,12,28,1,13,0
2023/2024,jozini,umkhanyakude district,umkhanyakude district,32.06406,-27.42715,0,0,0,0,0,0,0,67,0,0,0,0,0,0,0,0,0,0,0,0,0,15,0,0,0,0,0,0,0,3,19,0
2024/2025,jozini,umkhanyakude district,umkhanyakude district,32.06406,-27.42715,0,0,0,0,0,0,0,86,5,0,0,0,0,0,0,0,0,0,0,0,0,9,0,0,0,0,0,0,0,1,10,0
2008/2009,kaapmuiden,city of mbombela,ehlanzeni,31.34071,-25.53614,55,1,18,1,2,0,6,5,0,10,11,8,6,2,7,4,1,2,0,9,3,0,0,6,0,11,0,0,0,1,2,0
2009/2010,kaapmuiden,city of mbombela,ehlanzeni,31.34071,-25.53614,56,0,15,0,1,0,10,15,0,3,8,4,6,4,7,1,1,4,1,9,1,2,0,9,0,10,0,0,2,1,0,0
2010/2011,kaapmuiden,city of mbombela,ehlanzeni,31.34071,-25.53614,34,0,18,1,0,0,4,12,1,5,2,0,6,3,6,0,1,7,0,3,0,0,0,4,0,3,0,0,0,1,2,0
2011/2012,kaapmuiden,city of mbombela,ehlanzeni,31.34071,-25.53614,43,0,18,2,0,0,7,20,0,4,8,0,6,5,13,2,1,4,3,3,0,0,0,0,0,3,0,0,0,5,5,0
2012/2013,kaapmuiden,city of mbombela,ehlanzeni,31.34071,-25.53614,25,0,8,0,0,0,2,8,0,3,3,0,6,4,27,1,1,2,0,1,0,1,0,3,0,1,0,0,0,1,3,0
2013/2014,kaapmuiden,city of mbombela,ehlanzeni,31.34071,-25.53614,39,1,6,0,0,0,1,23,0,2,5,4,7,0,26,0,13,3,0,0,0,0,0,0,0,1,0,0,0,2,0,0
2014/2015,kaapmuiden,city of mbombela,ehlanzeni,31.34071,-25.53614,41,0,6,3,0,0,3,4,0,2,2,3,6,2,30,4,13,9,1,1,0,1,0,1,0,1,0,0,0,2,2,0
2015/2016,kaapmuiden,city of mbombela,ehlanzeni,31.34071,-25.53614,38,0,3,2,0,0,9,7,1,3,3,1,6,4,19,5,12,6,0,0,0,0,0,4,1,1,0,0,0,2,9,0
2016/2017,kaapmuiden,city of mbombela,ehlanzeni,31.34071,-25.53614,72,0,7,1,0,0,2,4,1,3,6,2,6,5,37,2,13,5,2,2,0,0,0,3,0,2,0,0,0,0,4,0
2017/2018,kaapmuiden,city of mbombela,ehlanzeni,31.34071,-25.53614,33,0,6,0,0,0,7,11,0,4,5,3,6,7,48,0,12,1,0,2,1,2,0,4,0,2,0,0,0,1,4,0
2018/2019,kaapmuiden,city of mbombela,ehlanzeni,31.34071,-25.53614,42,1,5,0,1,0,8,11,0,6,6,1,6,2,31,1,13,5,0,1,1,0,0,3,0,2,0,0,0,0,1,0
2019/2020,kaapmuiden,city of mbombela,ehlanzeni,31.34071,-25.53614,31,0,5,0,0,0,4,20,0,1,7,0,6,3,51,2,13,2,0,2,0,1,0,5,0,2,0,0,1,1,5,0
2020/2021,kaapmuiden,city of mbombela,ehlanzeni,31.34071,-25.53614,27,0,3,0,0,0,2,3,0,10,2,1,6,0,93,0,13,5,1,9,1,0,0,4,1,10,0,0,2,0,5,0
2021/2022,kaapmuiden,city of mbombela,ehlanzeni,31.34071,-25.53614,29,0,3,0,0,0,2,2,1,9,3,2,6,0,123,0,13,2,0,2,1,0,0,12,0,2,0,1,0,0,4,0
2022/2023,kaapmuiden,city of mbombela,ehlanzeni,31.34071,-25.53614,9,1,4,1,0,0,7,1,1,11,2,1,7,1,107,1,13,7,0,0,1,0,0,4,0,1,0,0,0,1,7,0
2023/2024,kaapmuiden,ehlanzeni district,ehlanzeni district,31.34071,-25.53614,0,0,0,0,0,0,0,0,0,0,0,0,0,0,0,0,0,0,0,0,0,0,0,0,0,0,0,0,0,1,3,0
2024/2025,kaapmuiden,ehlanzeni district,ehlanzeni district,31.34071,-25.53614,0,0,0,0,0,0,0,1,0,0,0,0,0,0,0,0,0,0,0,0,0,1,0,0,0,0,0,0,0,0,3,0
2008/2009,kabega park,nelson mandela bay,nelson mandela bay,25.49849,-33.93989,927,4,272,14,5,0,48,870,3,50,228,29,8,161,72,11,1,286,31,79,11,54,1,119,10,98,0,126,80,93,388,1
2009/2010,kabega park,nelson mandela bay,nelson mandela bay,25.49849,-33.93989,713,8,266,14,4,0,72,899,4,57,273,38,17,140,85,11,1,260,28,79,17,34,3,112,13,105,0,123,114,138,440,1
2010/2011,kabega park,nelson mandela bay,nelson mandela bay,25.49849,-33.93989,711,7,341,9,7,0,31,732,4,67,282,46,5,117,65,8,1,256,23,101,30,19,0,105,9,120,0,73,66,114,345,0
2011/2012,kabega park,nelson mandela bay,nelson mandela bay,25.49849,-33.93989,700,10,216,15,7,0,46,764,3,77,268,40,4,79,76,20,1,295,30,66,34,27,0,122,26,101,0,64,56,105,360,1
2012/2013,kabega park,nelson mandela bay,nelson mandela bay,25.49849,-33.93989,716,6,254,54,3,0,76,766,8,83,284,32,4,81,93,14,1,294,25,79,28,28,0,119,18,102,0,72,55,117,413,1
2013/2014,kabega park,nelson mandela bay,nelson mandela bay,25.49849,-33.93989,706,7,195,21,2,0,76,757,3,114,257,38,5,71,137,26,21,307,19,73,35,24,0,141,10,88,2,59,65,86,486,0
2014/2015,kabega park,nelson mandela bay,nelson mandela bay,25.49849,-33.93989,662,5,206,12,4,0,58,800,3,106,221,29,5,65,97,7,14,308,14,106,22,23,0,144,11,124,0,49,53,116,561,0
2015/2016,kabega park,nelson mandela bay,nelson mandela bay,25.49849,-33.93989,738,4,150,14,1,0,67,706,8,135,282,28,5,54,102,23,22,273,23,76,25,26,0,138,8,88,1,83,31,89,426,2
2016/2017,kabega park,nelson mandela bay,nelson mandela bay,25.49849,-33.93989,698,5,198,6,1,0,64,610,8,147,229,33,4,62,105,8,21,270,17,61,22,32,0,140,11,75,1,85,67,90,361,1
2017/2018,kabega park,nelson mandela bay,nelson mandela bay,25.49849,-33.93989,664,3,175,7,1,0,62,574,8,139,189,31,5,66,154,14,14,223,12,57,39,26,0,167,8,69,2,66,44,71,214,5
2018/2019,kabega park,nelson mandela bay,nelson mandela bay,25.49849,-33.93989,640,4,212,22,2,0,63,620,2,198,246,35,8,77,156,10,21,220,17,49,16,48,2,146,11,66,2,71,20,55,233,2
2019/2020,kabega park,nelson mandela bay,nelson mandela bay,25.49849,-33.93989,739,12,192,27,4,0,67,542,8,241,296,58,8,94,180,4,25,245,26,47,32,37,0,205,11,66,0,75,28,44,263,3
2020/2021,kabega park,nelson mandela bay,nelson mandela bay,25.49849,-33.93989,698,8,152,12,1,0,95,488,7,243,238,41,7,24,119,5,24,227,13,38,23,36,0,149,11,51,0,66,22,38,240,8
2021/2022,kabega park,nelson mandela bay,nelson mandela bay,25.49849,-33.93989,675,5,156,19,2,0,49,487,8,282,258,53,7,33,126,5,25,211,15,60,24,54,0,165,10,73,0,67,12,52,209,7
2022/2023,kabega park,nelson mandela bay,nelson mandela bay,25.49849,-33.93989,901,2,199,15,4,0,87,562,10,377,243,48,7,25,170,12,23,293,17,40,29,53,0,181,13,58,0,97,24,53,240,8
2023/2024,kabega park,nelson mandela district,nelson mandela district,25.49849,-33.93989,0,0,0,0,0,0,0,407,13,0,0,0,0,0,0,0,0,0,0,0,0,57,0,0,0,0,0,0,0,46,176,0
2024/2025,kabega park,nelson mandela district,nelson mandela district,25.49849,-33.93989,0,0,0,0,0,0,0,401,17,0,0,0,0,0,0,0,0,0,0,0,0,34,0,0,0,0,0,0,0,48,153,0
2008/2009,kabokweni,city of mbombela,ehlanzeni,31.12938,-25.34439,449,16,525,31,13,0,130,607,92,141,562,100,5,40,43,45,1,263,24,191,29,114,1,514,2,209,0,34,10,35,79,0
2009/2010,kabokweni,city of mbombela,ehlanzeni,31.12938,-25.34439,414,31,639,28,6,0,132,557,34,124,483,86,5,63,59,30,1,275,29,143,40,65,0,320,0,152,0,56,9,37,71,2
2010/2011,kabokweni,city of mbombela,ehlanzeni,31.12938,-25.34439,566,7,544,38,8,0,129,566,12,29,416,67,5,100,67,50,1,240,22,153,41,60,0,264,1,165,0,74,18,27,64,2
2011/2012,kabokweni,city of mbombela,ehlanzeni,31.12938,-25.34439,430,7,389,35,9,0,130,545,7,28,285,51,12,132,76,46,1,180,18,164,33,64,0,226,6,186,1,50,13,22,80,0
2012/2013,kabokweni,city of mbombela,ehlanzeni,31.12938,-25.34439,386,5,230,25,3,0,127,494,14,11,195,38,5,130,128,49,1,123,12,141,29,53,0,210,4,151,0,29,10,25,87,0
2013/2014,kabokweni,city of mbombela,ehlanzeni,31.12938,-25.34439,310,6,197,15,2,0,91,440,12,40,171,39,6,159,182,58,25,113,15,149,20,24,0,121,5,156,0,48,7,29,81,0
2014/2015,kabokweni,city of mbombela,ehlanzeni,31.12938,-25.34439,239,3,163,11,2,0,94,469,23,24,132,20,6,152,234,46,25,109,34,118,36,24,0,152,3,123,0,75,9,52,104,0
2015/2016,kabokweni,city of mbombela,ehlanzeni,31.12938,-25.34439,251,6,212,27,2,0,126,426,29,20,144,29,5,176,268,39,27,121,27,134,21,34,1,175,2,141,0,105,9,66,90,0
2016/2017,kabokweni,city of mbombela,ehlanzeni,31.12938,-25.34439,225,7,250,28,3,0,121,498,27,48,188,37,6,175,332,74,27,117,24,95,33,41,0,180,6,104,0,79,11,46,122,1
2017/2018,kabokweni,city of mbombela,ehlanzeni,31.12938,-25.34439,247,5,224,33,2,0,102,464,30,44,205,36,7,197,389,49,16,136,29,94,55,48,1,223,1,98,0,90,5,27,63,0
2018/2019,kabokweni,city of mbombela,ehlanzeni,31.12938,-25.34439,254,5,271,29,4,0,97,388,30,66,184,33,4,71,128,18,3,130,36,103,37,48,1,211,10,119,0,56,6,64,48,0
2019/2020,kabokweni,city of mbombela,ehlanzeni,31.12938,-25.34439,355,6,352,28,4,0,87,355,45,47,320,27,7,46,29,24,51,184,29,114,38,65,0,258,7,126,0,77,16,43,40,0
2020/2021,kabokweni,city of mbombela,ehlanzeni,31.12938,-25.34439,272,4,290,34,4,0,106,326,41,55,211,37,6,27,34,19,26,145,26,111,54,73,0,263,7,122,0,49,14,55,40,0
2021/2022,kabokweni,city of mbombela,ehlanzeni,31.12938,-25.34439,267,6,311,46,2,0,105,321,67,74,260,33,6,22,25,38,5,177,40,160,74,108,2,382,11,173,0,49,15,31,45,0
2022/2023,kabokweni,city of mbombela,ehlanzeni,31.12938,-25.34439,247,13,308,74,0,0,107,286,55,75,272,23,6,13,30,32,4,160,45,147,47,87,0,343,4,151,0,74,15,28,37,1
2023/2024,kabokweni,ehlanzeni district,ehlanzeni district,31.12938,-25.34439,0,0,0,0,0,0,0,294,93,0,0,0,0,0,0,0,0,0,0,0,0,74,0,0,0,0,0,0,0,29,49,0
2024/2025,kabokweni,ehlanzeni district,ehlanzeni district,31.12938,-25.34439,0,0,0,0,0,0,0,214,72,0,0,0,0,0,0,0,0,0,0,0,0,127,0,0,0,0,0,0,0,27,33,0
2008/2009,kagisanong,mangaung,mangaung,26.23517,-29.18293,480,13,589,59,6,0,64,540,27,27,736,97,15,36,209,14,1,431,37,98,44,28,0,257,32,153,0,108,5,65,93,2
2009/2010,kagisanong,mangaung,mangaung,26.23517,-29.18293,475,15,571,46,10,0,74,626,23,46,865,121,37,24,132,18,1,345,35,103,24,22,1,197,21,152,0,114,6,56,145,0
2010/2011,kagisanong,mangaung,mangaung,26.23517,-29.18293,478,22,510,41,14,0,53,586,10,53,869,97,29,31,92,7,1,351,33,108,24,11,1,162,30,174,0,101,10,39,213,0
2011/2012,kagisanong,mangaung,mangaung,26.23517,-29.18293,425,26,487,40,8,0,59,518,24,29,882,100,9,31,58,13,1,397,40,84,41,21,0,249,19,116,0,81,10,39,197,0
2012/2013,kagisanong,mangaung,mangaung,26.23517,-29.18293,461,21,552,45,7,0,76,758,34,47,747,130,4,19,94,10,1,416,32,116,38,48,0,318,8,133,0,94,6,33,200,0
2013/2014,kagisanong,mangaung,mangaung,26.23517,-29.18293,416,26,421,53,5,0,92,600,30,45,758,102,9,20,136,22,23,306,27,97,27,24,0,247,5,112,40,55,10,28,137,2
2014/2015,kagisanong,mangaung,mangaung,26.23517,-29.18293,436,18,438,39,8,0,83,570,28,52,743,99,10,27,128,10,17,288,31,105,28,33,0,236,7,126,14,71,5,55,241,0
2015/2016,kagisanong,mangaung,mangaung,26.23517,-29.18293,397,21,425,56,4,0,103,637,15,35,701,95,7,24,115,11,2,294,35,74,12,33,0,186,10,89,12,113,2,84,296,1
2016/2017,kagisanong,mangaung,mangaung,26.23517,-29.18293,395,11,375,21,2,0,81,583,15,54,637,85,9,37,195,8,12,259,39,69,17,16,1,292,7,83,35,117,1,25,337,4
2017/2018,kagisanong,mangaung,mangaung,26.23517,-29.18293,353,8,342,22,4,0,43,459,18,43,523,106,12,34,273,14,13,235,44,65,9,31,0,265,12,88,13,65,5,28,204,0
2018/2019,kagisanong,mangaung,mangaung,26.23517,-29.18293,370,7,339,15,3,0,54,331,12,48,541,77,10,34,235,11,14,248,40,83,7,21,0,205,9,101,11,103,5,18,161,0
2019/2020,kagisanong,mangaung,mangaung,26.23517,-29.18293,246,3,317,9,3,0,58,312,9,51,482,45,4,40,133,10,25,186,28,82,10,8,0,96,15,102,13,54,7,20,170,0
2020/2021,kagisanong,mangaung,mangaung,26.23517,-29.18293,207,7,259,13,2,0,47,174,13,82,444,28,4,48,101,7,12,200,24,59,7,14,0,69,15,78,7,61,2,15,152,0
2021/2022,kagisanong,mangaung,mangaung,26.23517,-29.18293,317,2,289,8,1,0,61,315,16,64,546,36,9,28,134,7,17,276,22,71,7,11,1,93,17,94,29,32,4,13,253,0
2022/2023,kagisanong,mangaung,mangaung,26.23517,-29.18293,479,3,331,25,3,0,118,273,11,46,536,31,7,47,166,18,25,285,42,73,12,2,0,137,13,90,28,101,7,13,283,0
2023/2024,kagisanong,mangaung district,mangaung district,26.23517,-29.18293,0,0,0,0,0,0,0,250,19,0,0,0,0,0,0,0,0,0,0,0,0,15,0,0,0,0,0,0,0,20,207,0
2024/2025,kagisanong,mangaung district,mangaung district,26.23517,-29.18293,0,0,0,0,0,0,0,264,8,0,0,0,0,0,0,0,0,0,0,0,0,15,0,0,0,0,0,0,0,15,234,0
2008/2009,kagisho,sol plaatje,frances baard,24.71971,-28.7114,228,13,508,33,19,0,26,234,0,8,265,84,5,24,24,3,1,176,17,58,1,2,0,177,7,87,0,11,12,11,60,0
2009/2010,kagisho,sol plaatje,frances baard,24.71971,-28.7114,201,14,494,27,17,0,20,262,1,14,224,77,12,20,17,4,1,170,18,61,8,5,0,104,2,87,0,67,11,12,47,0
2010/2011,kagisho,sol plaatje,frances baard,24.71971,-28.7114,139,5,371,28,4,0,21,309,1,11,113,46,8,25,22,3,1,129,16,49,8,2,0,58,3,60,0,114,12,4,93,0
2011/2012,kagisho,sol plaatje,frances baard,24.71971,-28.7114,143,2,311,22,8,0,29,224,0,3,116,35,10,24,36,2,1,91,16,34,11,4,0,46,3,51,0,40,14,6,89,0
2012/2013,kagisho,sol plaatje,frances baard,24.71971,-28.7114,106,4,311,14,5,0,31,203,0,6,130,29,8,20,24,1,1,95,14,57,4,2,0,58,2,68,0,31,19,5,82,0
2013/2014,kagisho,sol plaatje,frances baard,24.71971,-28.7114,132,3,361,10,7,0,32,211,0,5,112,24,7,23,30,5,13,92,12,55,8,5,0,78,6,69,0,52,5,9,74,0
2014/2015,kagisho,sol plaatje,frances baard,24.71971,-28.7114,179,11,424,9,9,0,27,211,0,11,134,56,9,18,24,2,14,138,15,60,14,2,0,83,11,85,0,20,7,13,88,0
2015/2016,kagisho,sol plaatje,frances baard,24.71971,-28.7114,141,6,365,27,10,0,18,193,2,17,162,32,9,16,53,4,14,131,18,65,6,0,0,42,3,83,0,21,15,6,99,0
2016/2017,kagisho,sol plaatje,frances baard,24.71971,-28.7114,171,8,364,10,1,0,28,274,1,5,170,44,8,16,56,1,12,156,19,44,5,4,0,59,10,59,1,20,6,5,104,0
2017/2018,kagisho,sol plaatje,frances baard,24.71971,-28.7114,188,4,302,9,10,0,15,237,0,9,167,49,9,16,56,2,23,156,12,44,6,1,0,62,6,65,1,10,0,4,66,0
2018/2019,kagisho,sol plaatje,frances baard,24.71971,-28.7114,205,3,372,12,13,0,92,350,1,12,206,62,10,12,29,2,22,150,10,44,5,5,0,65,7,70,0,16,0,8,91,0
2019/2020,kagisho,sol plaatje,frances baard,24.71971,-28.7114,242,7,390,14,13,0,28,321,0,13,157,55,5,5,24,0,13,130,15,49,4,6,0,65,6,71,0,28,4,7,65,0
2020/2021,kagisho,sol plaatje,frances baard,24.71971,-28.7114,189,5,318,18,11,0,28,227,0,26,125,43,7,7,38,0,14,112,15,27,4,1,0,84,6,45,1,12,0,7,53,0
2021/2022,kagisho,sol plaatje,frances baard,24.71971,-28.7114,220,3,384,25,7,0,13,215,1,34,184,37,7,10,20,0,12,157,14,35,2,1,0,66,6,49,0,12,3,6,46,0
2022/2023,kagisho,sol plaatje,frances baard,24.71971,-28.7114,240,5,305,72,6,0,18,249,1,54,207,45,4,4,24,2,21,206,16,43,8,5,0,65,7,58,0,43,3,16,30,0
2023/2024,kagisho,frances baard district,frances baard district,24.71971,-28.7114,0,0,0,0,0,0,0,193,3,0,0,0,0,0,0,0,0,0,0,0,0,7,0,0,0,0,0,0,0,9,39,0
2024/2025,kagisho,frances baard district,frances baard district,24.71971,-28.7114,0,0,0,0,0,0,0,180,4,0,0,0,0,0,0,0,0,0,0,0,0,2,0,0,0,0,0,0,0,7,50,0
2008/2009,kagiso,mogale city,west rand,27.78162,-26.16425,743,20,649,87,5,0,121,738,67,48,862,168,29,209,105,39,1,496,68,178,68,150,4,673,14,219,0,54,1,203,233,6
2009/2010,kagiso,mogale city,west rand,27.78162,-26.16425,779,14,659,70,13,0,136,582,64,64,1021,152,14,133,99,59,1,498,57,171,119,97,2,587,9,220,0,49,2,167,221,1
2010/2011,kagiso,mogale city,west rand,27.78162,-26.16425,901,16,638,95,15,0,179,815,44,46,948,164,17,121,73,66,1,519,57,138,115,83,1,552,22,184,0,38,1,168,301,4
2011/2012,kagiso,mogale city,west rand,27.78162,-26.16425,769,27,480,109,3,0,149,627,52,67,1093,208,17,187,191,87,1,554,74,153,106,65,2,475,17,182,0,56,4,140,305,4
2012/2013,kagiso,mogale city,west rand,27.78162,-26.16425,736,24,511,97,3,0,160,772,66,181,890,187,5,155,183,56,1,474,47,137,72,43,0,408,9,152,1,117,3,120,263,5
2013/2014,kagiso,mogale city,west rand,27.78162,-26.16425,886,16,580,95,4,0,144,707,66,108,1017,192,12,132,437,46,8,549,58,144,105,59,0,519,18,173,2,118,5,160,279,3
2014/2015,kagiso,mogale city,west rand,27.78162,-26.16425,843,20,630,86,3,0,226,819,115,129,955,255,7,185,271,32,29,583,63,171,108,48,0,605,13,188,0,124,1,167,247,9
2015/2016,kagiso,mogale city,west rand,27.78162,-26.16425,972,22,886,99,5,0,177,1034,139,141,1286,321,7,179,228,59,30,723,79,161,136,85,2,839,11,178,1,113,4,201,296,6
2016/2017,kagiso,mogale city,west rand,27.78162,-26.16425,881,25,817,119,2,0,197,1059,143,192,1162,291,6,110,301,83,48,679,97,195,89,116,0,836,18,215,0,74,4,275,336,3
2017/2018,kagiso,mogale city,west rand,27.78162,-26.16425,907,15,813,94,2,0,206,982,88,171,1297,308,5,211,423,69,54,766,101,210,93,93,2,738,14,229,1,83,4,189,339,3
2018/2019,kagiso,mogale city,west rand,27.78162,-26.16425,844,11,687,71,2,0,152,726,103,175,1088,189,7,331,574,56,63,604,102,171,57,92,2,739,16,190,0,100,3,244,289,4
2019/2020,kagiso,mogale city,west rand,27.78162,-26.16425,694,7,564,97,5,0,145,573,105,121,1029,195,6,508,748,98,68,525,125,153,89,86,1,713,14,172,1,101,2,194,236,7
2020/2021,kagiso,mogale city,west rand,27.78162,-26.16425,417,4,499,73,4,0,114,373,72,124,831,104,6,399,432,80,53,366,103,152,64,114,4,512,12,168,0,57,3,124,179,1
2021/2022,kagiso,mogale city,west rand,27.78162,-26.16425,531,2,582,115,5,0,81,418,141,146,1063,130,7,449,439,90,79,537,173,184,85,173,1,693,14,204,0,52,7,166,125,5
2022/2023,kagiso,mogale city,west rand,27.78162,-26.16425,571,4,566,94,1,0,90,402,98,173,957,107,7,292,476,72,101,461,160,107,46,178,4,574,18,127,0,71,5,79,103,7
2023/2024,kagiso,west rand district,west rand district,27.78162,-26.16425,0,0,0,0,0,0,0,326,98,0,0,0,0,0,0,0,0,0,0,0,0,91,0,0,0,0,0,0,0,96,111,0
2024/2025,kagiso,west rand district,west rand district,27.78162,-26.16425,0,0,0,0,0,0,0,286,106,0,0,0,0,0,0,0,0,0,0,0,0,82,0,0,0,0,0,0,0,98,111,0
2008/2009,kakamas,kai !garib,z f mgcawu,20.61854,-28.77074,184,2,229,29,2,0,58,192,0,5,144,15,7,9,155,3,1,44,12,57,0,0,0,7,19,79,0,50,43,4,36,0
2009/2010,kakamas,kai !garib,z f mgcawu,20.61854,-28.77074,94,5,147,21,2,0,32,91,0,11,73,8,7,5,296,0,1,52,7,23,1,0,0,3,9,35,0,43,16,1,14,0
2010/2011,kakamas,kai !garib,z f mgcawu,20.61854,-28.77074,94,7,157,25,4,0,27,80,0,14,112,8,6,10,258,0,1,55,3,19,1,0,0,2,9,32,0,18,16,0,20,0
2011/2012,kakamas,kai !garib,z f mgcawu,20.61854,-28.77074,107,0,134,17,2,0,48,78,0,14,102,12,7,8,325,1,1,52,6,15,3,1,0,9,10,28,0,30,9,1,26,0
2012/2013,kakamas,kai !garib,z f mgcawu,20.61854,-28.77074,130,3,181,6,3,0,56,81,0,12,102,15,6,19,295,0,1,55,8,27,6,1,0,14,8,38,0,41,17,10,17,0
2013/2014,kakamas,kai !garib,z f mgcawu,20.61854,-28.77074,165,4,195,10,2,0,63,75,0,12,83,15,6,9,332,0,12,58,8,26,6,2,0,18,14,42,0,24,14,4,21,0
2014/2015,kakamas,kai !garib,z f mgcawu,20.61854,-28.77074,197,3,182,15,3,0,49,117,0,14,116,23,6,9,377,1,12,60,9,25,11,1,0,25,10,38,0,19,24,0,37,0
2015/2016,kakamas,kai !garib,z f mgcawu,20.61854,-28.77074,147,6,194,14,0,0,71,123,0,12,91,17,6,14,318,2,12,61,6,39,11,3,0,31,15,54,1,21,21,3,81,0
2016/2017,kakamas,kai !garib,z f mgcawu,20.61854,-28.77074,156,4,166,12,1,0,59,91,1,11,66,14,7,18,352,0,12,40,9,38,4,1,0,22,16,56,2,19,8,3,37,0
2017/2018,kakamas,kai !garib,z f mgcawu,20.61854,-28.77074,130,2,154,6,1,0,84,123,1,18,57,8,6,19,344,3,21,49,3,32,4,2,0,25,8,41,0,11,29,4,34,0
2018/2019,kakamas,kai !garib,z f mgcawu,20.61854,-28.77074,174,3,171,6,1,0,57,109,0,15,78,8,7,11,168,3,21,49,8,30,2,2,0,15,11,43,0,28,15,3,30,0
2019/2020,kakamas,kai !garib,z f mgcawu,20.61854,-28.77074,95,4,159,7,0,0,39,83,0,13,54,8,7,14,70,4,21,43,12,27,1,0,0,7,2,30,0,21,18,4,30,0
2020/2021,kakamas,kai !garib,z f mgcawu,20.61854,-28.77074,186,6,161,5,1,0,60,94,0,23,75,10,6,12,64,0,21,72,2,27,10,2,0,27,4,32,0,10,10,3,13,0
2021/2022,kakamas,kai !garib,z f mgcawu,20.61854,-28.77074,207,3,245,23,1,0,58,106,0,25,95,12,6,5,96,1,21,113,15,16,11,4,0,29,8,25,0,13,15,4,36,0
2022/2023,kakamas,kai !garib,z f mgcawu,20.61854,-28.77074,323,2,196,72,1,0,110,190,1,23,91,8,6,4,82,3,14,133,7,18,8,3,0,39,3,22,0,32,28,2,47,0
2023/2024,kakamas,zf mgcawu district,zf mgcawu district,20.61854,-28.77074,0,0,0,0,0,0,0,183,0,0,0,0,0,0,0,0,0,0,0,0,0,5,0,0,0,0,0,0,0,3,59,0
2024/2025,kakamas,zf mgcawu district,zf mgcawu district,20.61854,-28.77074,0,0,0,0,0,0,0,158,1,0,0,0,0,0,0,0,0,0,0,0,0,7,0,0,0,0,0,0,0,2,47,0
2008/2009,kameeldrift,city of tshwane,city of tshwane,28.30718,-25.65062,402,5,175,24,6,0,61,279,9,40,128,53,11,13,40,7,1,108,9,24,15,54,0,111,1,39,0,4,14,99,79,0
2009/2010,kameeldrift,city of tshwane,city of tshwane,28.30718,-25.65062,436,1,139,16,1,0,63,250,3,33,133,42,8,14,50,6,1,95,7,13,14,28,0,81,2,20,0,12,7,50,68,0
2010/2011,kameeldrift,city of tshwane,city of tshwane,28.30718,-25.65062,332,3,105,14,1,0,61,198,4,28,96,34,9,19,55,1,1,98,10,21,14,23,0,80,3,30,0,15,6,73,81,0
2011/2012,kameeldrift,city of tshwane,city of tshwane,28.30718,-25.65062,302,7,102,11,0,0,37,175,2,40,129,31,7,18,39,5,1,107,5,15,8,17,0,53,5,21,0,10,0,67,88,0
2012/2013,kameeldrift,city of tshwane,city of tshwane,28.30718,-25.65062,335,3,110,10,1,0,86,199,6,28,101,25,7,23,40,2,1,81,3,28,6,13,0,41,5,35,0,8,8,31,76,0
2013/2014,kameeldrift,city of tshwane,city of tshwane,28.30718,-25.65062,386,3,85,20,2,0,54,191,9,41,95,21,8,21,67,3,12,68,6,13,8,20,0,68,5,24,1,5,6,58,71,1
2014/2015,kameeldrift,city of tshwane,city of tshwane,28.30718,-25.65062,365,6,120,11,0,0,42,168,9,45,90,37,6,33,54,4,12,71,6,6,6,28,0,66,4,10,1,5,3,60,121,0
2015/2016,kameeldrift,city of tshwane,city of tshwane,28.30718,-25.65062,347,8,76,7,0,0,51,150,13,37,116,12,4,33,51,0,21,57,8,3,18,24,0,82,10,15,0,5,7,61,87,0
2016/2017,kameeldrift,city of tshwane,city of tshwane,28.30718,-25.65062,333,2,61,0,0,0,45,151,9,44,124,11,6,14,51,5,12,37,10,10,8,22,0,60,4,14,0,4,12,36,55,0
2017/2018,kameeldrift,city of tshwane,city of tshwane,28.30718,-25.65062,338,1,47,2,1,0,36,165,7,48,111,13,7,31,53,2,21,34,3,14,9,11,1,51,3,19,1,0,23,47,100,4
2018/2019,kameeldrift,city of tshwane,city of tshwane,28.30718,-25.65062,283,3,66,4,0,0,55,183,9,62,85,6,4,39,52,4,12,42,9,10,21,32,0,104,5,17,0,0,16,53,64,2
2019/2020,kameeldrift,city of tshwane,city of tshwane,28.30718,-25.65062,225,2,59,4,0,0,61,175,4,73,83,15,7,70,56,3,12,36,4,12,8,17,0,59,1,14,0,0,15,51,70,2
2020/2021,kameeldrift,city of tshwane,city of tshwane,28.30718,-25.65062,273,0,39,9,0,0,58,166,21,63,111,11,7,55,46,2,12,68,4,8,12,18,0,86,3,12,1,6,11,67,55,3
2021/2022,kameeldrift,city of tshwane,city of tshwane,28.30718,-25.65062,162,0,54,7,0,0,30,125,7,81,143,20,6,45,16,3,14,48,11,10,21,10,0,61,2,12,3,4,23,45,34,0
2022/2023,kameeldrift,city of tshwane,city of tshwane,28.30718,-25.65062,204,0,43,4,0,0,75,169,11,113,140,25,7,44,30,3,17,41,5,8,24,17,0,95,6,15,0,11,31,48,75,4
2023/2024,kameeldrift,tshwane district,tshwane district,28.30718,-25.65062,0,0,0,0,0,0,0,174,8,0,0,0,0,0,0,0,0,0,0,0,0,26,0,0,0,0,0,0,0,59,61,0
2024/2025,kameeldrift,tshwane district,tshwane district,28.30718,-25.65062,0,0,0,0,0,0,0,157,7,0,0,0,0,0,0,0,0,0,0,0,0,26,0,0,0,0,0,0,0,42,94,0
2008/2009,kamesh,nelson mandela bay,nelson mandela bay,25.38562,-33.75313,265,5,400,19,15,0,30,258,3,10,267,57,18,177,1154,10,1,149,27,98,2,13,0,64,11,135,0,3,5,7,72,0
2009/2010,kamesh,nelson mandela bay,nelson mandela bay,25.38562,-33.75313,216,5,414,22,7,0,23,208,3,9,289,34,11,180,919,10,1,148,23,108,10,12,0,60,13,136,0,5,8,22,97,0
2010/2011,kamesh,nelson mandela bay,nelson mandela bay,25.38562,-33.75313,200,9,397,18,3,0,21,242,2,12,237,36,5,69,871,3,1,132,32,109,24,4,0,85,9,124,0,17,2,34,73,0
2011/2012,kamesh,nelson mandela bay,nelson mandela bay,25.38562,-33.75313,197,10,360,27,4,0,24,229,9,4,221,38,6,68,705,8,1,115,19,89,25,4,0,83,18,111,0,6,3,21,116,0
2012/2013,kamesh,nelson mandela bay,nelson mandela bay,25.38562,-33.75313,195,5,352,37,4,0,40,206,4,14,203,38,4,37,699,4,1,115,18,64,22,6,1,84,13,83,0,7,10,21,102,0
2013/2014,kamesh,nelson mandela bay,nelson mandela bay,25.38562,-33.75313,167,30,326,20,5,0,25,225,6,11,169,41,4,46,697,10,28,159,23,98,30,12,0,110,11,116,0,6,7,8,106,0
2014/2015,kamesh,nelson mandela bay,nelson mandela bay,25.38562,-33.75313,143,14,346,9,3,0,12,244,9,10,161,26,4,35,735,6,23,102,24,71,31,12,0,105,10,86,0,6,6,6,92,0
2015/2016,kamesh,nelson mandela bay,nelson mandela bay,25.38562,-33.75313,143,6,291,11,4,0,15,221,4,14,160,27,7,30,739,12,2,136,16,57,16,7,0,80,15,77,1,12,3,18,156,0
2016/2017,kamesh,nelson mandela bay,nelson mandela bay,25.38562,-33.75313,124,7,239,6,0,0,1,144,8,10,129,15,4,25,888,8,22,108,18,68,23,4,0,95,7,77,2,5,2,5,152,0
2017/2018,kamesh,nelson mandela bay,nelson mandela bay,25.38562,-33.75313,90,3,239,12,2,0,5,147,1,13,112,16,5,19,685,7,14,80,29,49,21,7,0,79,13,67,1,3,3,3,134,0
2018/2019,kamesh,nelson mandela bay,nelson mandela bay,25.38562,-33.75313,92,9,233,17,1,0,16,92,3,24,117,13,5,19,322,10,14,82,33,63,9,8,0,58,18,85,0,2,5,4,104,0
2019/2020,kamesh,nelson mandela bay,nelson mandela bay,25.38562,-33.75313,89,7,199,56,4,0,11,106,2,15,95,7,6,30,334,25,21,78,37,57,9,17,0,63,8,69,0,4,9,9,50,0
2020/2021,kamesh,nelson mandela bay,nelson mandela bay,25.38562,-33.75313,102,5,173,47,2,0,23,59,0,39,92,12,6,11,327,29,21,94,40,47,5,6,0,53,15,64,0,0,5,3,58,0
2021/2022,kamesh,nelson mandela bay,nelson mandela bay,25.38562,-33.75313,182,13,260,50,3,0,31,144,3,34,154,16,7,23,310,27,17,145,61,47,27,19,0,116,13,64,0,2,3,10,62,3
2022/2023,kamesh,nelson mandela bay,nelson mandela bay,25.38562,-33.75313,170,9,280,95,1,0,33,157,6,41,227,26,6,28,312,32,17,186,68,63,14,26,0,122,10,74,0,2,1,6,49,2
2023/2024,kamesh,nelson mandela district,nelson mandela district,25.38562,-33.75313,0,0,0,0,0,0,0,135,7,0,0,0,0,0,0,0,0,0,0,0,0,26,0,0,0,0,0,0,0,7,22,0
2024/2025,kamesh,nelson mandela district,nelson mandela district,25.38562,-33.75313,0,0,0,0,0,0,0,139,13,0,0,0,0,0,0,0,0,0,0,0,0,29,0,0,0,0,0,0,0,1,34,0
2008/2009,kamhlushwa,nkomazi,ehlanzeni,31.69312,-25.65063,0,0,0,0,0,0,0,0,0,0,0,0,6,0,0,0,1,0,0,0,0,0,0,0,0,0,0,0,0,0,0,0
2009/2010,kamhlushwa,nkomazi,ehlanzeni,31.69312,-25.65063,0,0,0,0,0,0,0,0,0,0,0,0,6,0,0,0,1,0,0,0,0,0,0,0,0,0,0,0,0,0,0,0
2010/2011,kamhlushwa,nkomazi,ehlanzeni,31.69312,-25.65063,0,0,0,0,0,0,0,0,0,0,0,0,6,0,0,0,1,0,0,0,0,0,0,0,0,0,0,0,0,0,0,0
2011/2012,kamhlushwa,nkomazi,ehlanzeni,31.69312,-25.65063,0,0,0,0,0,0,0,0,0,0,0,0,6,0,0,0,1,0,0,0,0,0,0,0,0,0,0,0,0,0,0,0
2012/2013,kamhlushwa,nkomazi,ehlanzeni,31.69312,-25.65063,0,0,0,0,0,0,0,0,0,0,0,0,6,0,0,0,1,0,0,0,0,0,0,0,0,0,0,0,0,0,0,0
2013/2014,kamhlushwa,nkomazi,ehlanzeni,31.69312,-25.65063,0,0,0,0,0,0,0,0,0,0,0,0,6,0,0,0,13,0,0,0,0,0,0,0,0,0,0,0,0,0,0,0
2014/2015,kamhlushwa,nkomazi,ehlanzeni,31.69312,-25.65063,0,0,0,0,0,0,0,0,0,0,0,0,6,0,0,0,13,0,0,0,0,0,0,0,0,0,0,0,0,0,0,0
2015/2016,kamhlushwa,nkomazi,ehlanzeni,31.69312,-25.65063,0,0,0,0,0,0,0,0,0,0,0,0,6,0,0,0,13,0,0,0,0,0,0,0,0,0,0,0,0,0,0,0
2016/2017,kamhlushwa,nkomazi,ehlanzeni,31.69312,-25.65063,0,0,0,0,0,0,0,0,0,0,0,0,6,0,0,0,13,0,0,0,0,0,0,0,0,0,0,0,0,0,0,0
2017/2018,kamhlushwa,nkomazi,ehlanzeni,31.69312,-25.65063,15,0,18,0,0,0,11,13,0,0,2,0,6,1,43,5,13,2,4,6,1,1,0,3,0,6,0,1,0,1,3,0
2018/2019,kamhlushwa,nkomazi,ehlanzeni,31.69312,-25.65063,140,1,110,8,0,0,53,76,1,0,32,17,6,10,122,13,23,33,6,37,16,10,2,39,0,37,0,6,1,10,13,0
2019/2020,kamhlushwa,nkomazi,ehlanzeni,31.69312,-25.65063,72,3,77,4,1,0,34,128,1,2,28,12,6,36,92,5,14,17,5,29,7,9,0,27,0,30,0,7,0,0,15,0
2020/2021,kamhlushwa,nkomazi,ehlanzeni,31.69312,-25.65063,95,1,95,8,2,0,72,60,2,11,18,10,6,2,15,0,17,18,7,47,6,5,1,24,4,53,0,15,2,1,5,0
2021/2022,kamhlushwa,nkomazi,ehlanzeni,31.69312,-25.65063,114,1,113,7,0,0,68,79,5,6,45,10,6,1,21,2,17,27,15,42,13,16,0,56,1,43,0,23,1,0,5,1
2022/2023,kamhlushwa,nkomazi,ehlanzeni,31.69312,-25.65063,80,2,67,10,2,0,47,79,5,11,41,4,6,1,27,3,17,16,11,31,20,5,1,54,1,34,0,13,4,4,5,0
2023/2024,kamhlushwa,ehlanzeni district,ehlanzeni district,31.69312,-25.65063,0,0,0,0,0,0,0,55,9,0,0,0,0,0,0,0,0,0,0,0,0,9,0,0,0,0,0,0,0,4,10,0
2024/2025,kamhlushwa,ehlanzeni district,ehlanzeni district,31.69312,-25.65063,0,0,0,0,0,0,0,76,4,0,0,0,0,0,0,0,0,0,0,0,0,5,0,0,0,0,0,0,0,3,8,0
2008/2009,kamieskroon,kamiesberg,namakwa,17.93159,-30.21307,20,0,78,3,4,0,10,13,0,0,36,3,7,4,19,0,1,23,0,9,1,0,0,2,3,17,0,0,11,0,4,0
2009/2010,kamieskroon,kamiesberg,namakwa,17.93159,-30.21307,19,0,65,2,1,0,18,15,0,0,44,3,6,2,14,0,1,20,0,5,0,0,0,1,5,11,0,0,8,1,2,0
2010/2011,kamieskroon,kamiesberg,namakwa,17.93159,-30.21307,32,1,58,5,1,0,10,14,0,0,43,5,6,3,13,0,1,24,1,9,0,0,0,1,6,16,0,1,7,1,1,0
2011/2012,kamieskroon,kamiesberg,namakwa,17.93159,-30.21307,19,3,52,2,0,0,10,12,0,0,41,6,6,1,16,1,1,24,2,6,0,0,0,0,5,11,0,2,7,0,3,0
2012/2013,kamieskroon,kamiesberg,namakwa,17.93159,-30.21307,25,1,57,6,0,0,9,16,0,0,39,0,6,2,25,0,1,23,2,5,0,1,0,1,2,7,0,0,6,2,1,0
2013/2014,kamieskroon,kamiesberg,namakwa,17.93159,-30.21307,26,4,40,2,0,0,12,21,0,0,39,2,4,2,15,1,12,23,0,3,1,0,0,2,6,11,0,0,5,1,3,0
2014/2015,kamieskroon,kamiesberg,namakwa,17.93159,-30.21307,20,0,38,3,0,0,14,25,0,0,28,1,6,2,14,0,12,22,0,5,0,1,0,3,2,7,0,1,7,1,2,0
2015/2016,kamieskroon,kamiesberg,namakwa,17.93159,-30.21307,21,1,71,4,0,0,5,10,0,0,29,3,6,2,8,1,12,24,2,14,0,0,0,0,1,15,0,1,7,0,1,0
2016/2017,kamieskroon,kamiesberg,namakwa,17.93159,-30.21307,18,2,30,3,0,0,11,16,0,1,19,1,6,0,15,2,12,10,3,8,0,0,0,0,1,9,0,0,5,0,1,0
2017/2018,kamieskroon,kamiesberg,namakwa,17.93159,-30.21307,12,0,59,4,0,0,12,15,0,1,23,3,6,2,31,1,13,20,0,4,0,0,0,0,3,7,0,0,9,0,1,0
2018/2019,kamieskroon,kamiesberg,namakwa,17.93159,-30.21307,12,1,60,3,0,0,11,16,0,2,14,0,6,0,11,0,13,14,0,1,1,0,0,3,2,3,0,0,5,0,2,0
2019/2020,kamieskroon,kamiesberg,namakwa,17.93159,-30.21307,10,0,43,4,1,0,16,11,0,1,11,0,6,2,9,0,13,19,1,3,1,2,0,3,2,6,0,0,9,1,1,0
2020/2021,kamieskroon,kamiesberg,namakwa,17.93159,-30.21307,9,1,38,2,1,0,10,11,0,4,10,0,6,2,3,0,13,19,2,1,0,1,0,2,0,2,0,0,11,0,3,0
2021/2022,kamieskroon,kamiesberg,namakwa,17.93159,-30.21307,10,2,45,4,0,0,9,15,0,4,22,0,7,2,22,1,13,18,1,9,1,2,0,4,2,12,0,0,7,0,0,0
2022/2023,kamieskroon,kamiesberg,namakwa,17.93159,-30.21307,14,0,31,9,1,0,8,19,0,4,24,0,6,0,16,1,12,18,1,4,3,0,0,3,0,5,0,0,11,0,2,0
2023/2024,kamieskroon,namakwa district,namakwa district,17.93159,-30.21307,0,0,0,0,0,0,0,22,0,0,0,0,0,0,0,0,0,0,0,0,0,1,0,0,0,0,0,0,0,0,1,0
2024/2025,kamieskroon,namakwa district,namakwa district,17.93159,-30.21307,0,0,0,0,0,0,0,14,0,0,0,0,0,0,0,0,0,0,0,0,0,0,0,0,0,0,0,0,0,0,3,0
2008/2009,kanana,city of matlosana,dr kenneth kaunda,26.64038,-26.95975,99,9,292,14,7,0,20,322,0,12,88,27,9,62,250,11,1,91,29,126,27,21,0,88,9,147,0,0,2,5,70,0
2009/2010,kanana,city of matlosana,dr kenneth kaunda,26.64038,-26.95975,78,10,310,16,10,0,30,304,2,11,108,34,9,43,232,11,1,80,38,94,24,20,0,101,2,111,0,1,1,9,70,0
2010/2011,kanana,city of matlosana,dr kenneth kaunda,26.64038,-26.95975,146,26,298,11,20,0,15,232,1,9,105,18,4,73,281,7,1,73,21,101,19,25,0,82,5,128,0,1,9,28,86,0
2011/2012,kanana,city of matlosana,dr kenneth kaunda,26.64038,-26.95975,108,14,307,13,18,0,42,230,1,6,68,9,9,51,270,9,1,55,27,124,26,11,0,77,3,150,0,0,1,26,78,0
2012/2013,kanana,city of matlosana,dr kenneth kaunda,26.64038,-26.95975,70,18,345,22,14,0,32,182,2,18,79,11,8,81,305,4,1,78,26,138,27,12,0,67,4,160,0,0,6,13,35,0
2013/2014,kanana,city of matlosana,dr kenneth kaunda,26.64038,-26.95975,104,8,324,23,12,0,30,268,3,20,95,14,8,62,299,8,37,97,29,129,26,14,0,91,5,150,0,0,2,14,56,0
2014/2015,kanana,city of matlosana,dr kenneth kaunda,26.64038,-26.95975,85,11,352,27,10,0,22,289,0,4,97,22,22,51,112,13,36,70,41,137,25,35,0,103,4,171,1,0,9,15,47,0
2015/2016,kanana,city of matlosana,dr kenneth kaunda,26.64038,-26.95975,99,7,235,17,4,0,38,325,2,6,64,28,3,28,70,6,23,78,41,58,18,19,0,81,9,84,0,0,11,9,30,1
2016/2017,kanana,city of matlosana,dr kenneth kaunda,26.64038,-26.95975,95,9,171,13,8,0,34,277,7,8,114,21,22,11,50,14,24,63,35,120,32,32,0,142,10,158,0,1,10,36,24,0
2017/2018,kanana,city of matlosana,dr kenneth kaunda,26.64038,-26.95975,83,9,196,24,10,0,47,274,7,11,154,25,9,26,75,22,27,70,42,117,30,52,0,162,12,144,0,2,9,31,28,0
2018/2019,kanana,city of matlosana,dr kenneth kaunda,26.64038,-26.95975,89,10,184,21,6,0,41,264,1,12,112,26,5,23,30,43,24,72,52,86,18,40,0,120,9,104,0,6,10,14,32,0
2019/2020,kanana,city of matlosana,dr kenneth kaunda,26.64038,-26.95975,106,4,185,33,7,0,36,238,6,10,115,22,4,10,40,15,3,68,48,97,14,41,0,132,6,112,1,19,11,28,28,0
2020/2021,kanana,city of matlosana,dr kenneth kaunda,26.64038,-26.95975,61,2,137,18,2,0,30,156,13,19,126,19,6,5,44,26,4,76,54,89,40,25,0,124,12,103,0,23,15,14,30,0
2021/2022,kanana,city of matlosana,dr kenneth kaunda,26.64038,-26.95975,95,4,144,22,9,0,17,145,13,20,118,15,6,8,16,27,29,57,53,87,25,22,0,96,7,103,0,20,11,14,19,0
2022/2023,kanana,city of matlosana,dr kenneth kaunda,26.64038,-26.95975,115,3,204,47,3,0,61,224,18,18,139,17,7,2,23,40,42,80,76,97,54,49,0,172,12,113,0,26,10,22,13,0
2023/2024,kanana,dr kenneth kaunda district,dr kenneth kaunda district,26.64038,-26.95975,0,0,0,0,0,0,0,172,19,0,0,0,0,0,0,0,0,0,0,0,0,59,0,0,0,0,0,0,0,5,35,0
2024/2025,kanana,dr kenneth kaunda district,dr kenneth kaunda district,26.64038,-26.95975,0,0,0,0,0,0,0,172,6,0,0,0,0,0,0,0,0,0,0,0,0,63,0,0,0,0,0,0,0,9,23,0
2008/2009,kanoneiland,kai !garib,z f mgcawu,21.08695,-28.65236,22,0,55,5,6,0,5,22,0,1,11,4,6,5,13,2,1,10,1,14,0,0,0,0,0,20,0,0,2,2,2,0
2009/2010,kanoneiland,kai !garib,z f mgcawu,21.08695,-28.65236,15,0,48,5,1,0,9,14,0,4,4,4,6,2,9,0,1,11,4,12,0,0,0,0,0,13,0,0,8,0,4,0
2010/2011,kanoneiland,kai !garib,z f mgcawu,21.08695,-28.65236,13,1,45,2,0,0,3,8,0,3,5,0,6,9,11,0,1,6,3,9,0,0,0,0,1,10,0,0,3,1,3,0
2011/2012,kanoneiland,kai !garib,z f mgcawu,21.08695,-28.65236,21,0,21,1,0,0,1,12,0,0,12,0,6,6,18,0,1,10,2,10,0,0,0,0,1,11,0,0,3,0,0,0
2012/2013,kanoneiland,kai !garib,z f mgcawu,21.08695,-28.65236,17,0,23,2,1,0,0,6,0,2,11,1,6,6,12,0,1,5,3,8,0,0,0,0,0,9,0,0,1,0,1,0
2013/2014,kanoneiland,kai !garib,z f mgcawu,21.08695,-28.65236,8,0,13,3,0,0,2,4,0,0,16,2,6,6,13,0,13,6,2,6,0,0,0,0,0,6,0,0,2,0,0,0
2014/2015,kanoneiland,kai !garib,z f mgcawu,21.08695,-28.65236,16,0,24,2,0,0,9,9,0,3,4,2,6,6,15,0,13,4,0,5,0,0,0,1,1,6,0,0,2,0,1,0
2015/2016,kanoneiland,kai !garib,z f mgcawu,21.08695,-28.65236,16,0,30,2,1,0,4,15,0,5,7,4,6,6,21,0,13,3,5,8,0,0,0,0,2,11,0,0,2,1,4,0
2016/2017,kanoneiland,kai !garib,z f mgcawu,21.08695,-28.65236,18,0,22,2,0,0,4,12,0,1,5,1,6,1,24,0,12,1,2,8,0,0,0,0,0,8,0,0,7,0,3,0
2017/2018,kanoneiland,kai !garib,z f mgcawu,21.08695,-28.65236,7,0,17,0,0,0,1,10,0,3,2,0,7,2,23,0,13,2,3,2,0,0,0,0,3,6,0,0,1,0,0,0
2018/2019,kanoneiland,kai !garib,z f mgcawu,21.08695,-28.65236,8,0,12,1,1,0,0,6,0,1,6,0,7,0,13,0,13,2,1,5,0,0,0,0,2,9,0,0,3,0,0,0
2019/2020,kanoneiland,kai !garib,z f mgcawu,21.08695,-28.65236,11,0,12,0,1,0,1,10,0,0,10,3,6,1,6,0,13,3,3,8,0,0,0,0,2,11,0,0,3,1,1,0
2020/2021,kanoneiland,kai !garib,z f mgcawu,21.08695,-28.65236,12,0,7,1,0,0,5,8,0,3,14,0,6,3,1,0,13,6,1,5,0,0,0,0,1,6,0,0,2,0,1,0
2021/2022,kanoneiland,kai !garib,z f mgcawu,21.08695,-28.65236,21,0,16,1,0,0,3,9,0,6,12,1,6,1,2,0,13,5,3,9,0,0,0,0,1,10,0,0,2,2,2,0
2022/2023,kanoneiland,kai !garib,z f mgcawu,21.08695,-28.65236,14,0,14,2,2,0,9,19,0,5,10,0,7,1,6,1,13,4,2,3,0,0,0,1,0,6,0,0,5,0,4,0
2023/2024,kanoneiland,zf mgcawu district,zf mgcawu district,21.08695,-28.65236,0,0,0,0,0,0,0,7,0,0,0,0,0,0,0,0,0,0,0,0,0,0,0,0,0,0,0,0,0,1,1,0
2024/2025,kanoneiland,zf mgcawu district,zf mgcawu district,21.08695,-28.65236,0,0,0,0,0,0,0,2,0,0,0,0,0,0,0,0,0,0,0,0,0,0,0,0,0,0,0,0,0,0,1,0
2008/2009,kanyamazane,city of mbombela,ehlanzeni,31.18394,-25.46503,610,27,821,80,13,0,130,736,123,51,229,109,12,24,23,41,1,334,49,213,24,123,0,635,4,237,0,53,8,30,97,1
2009/2010,kanyamazane,city of mbombela,ehlanzeni,31.18394,-25.46503,590,18,817,75,17,0,145,646,80,120,339,125,17,23,34,31,1,341,46,208,19,119,0,519,2,236,0,103,8,54,88,0
2010/2011,kanyamazane,city of mbombela,ehlanzeni,31.18394,-25.46503,640,8,685,48,10,0,165,621,74,131,329,99,9,26,41,36,1,261,30,195,36,85,0,439,3,213,0,48,9,42,111,0
2011/2012,kanyamazane,city of mbombela,ehlanzeni,31.18394,-25.46503,221,2,233,20,3,0,34,276,16,164,158,40,7,35,22,8,1,112,10,56,10,44,0,141,1,61,1,50,3,31,78,1
2012/2013,kanyamazane,city of mbombela,ehlanzeni,31.18394,-25.46503,257,2,199,13,3,0,45,291,9,309,131,40,7,38,49,11,1,113,10,65,20,19,0,108,3,72,0,32,0,10,69,0
2013/2014,kanyamazane,city of mbombela,ehlanzeni,31.18394,-25.46503,160,2,166,13,3,0,41,300,6,115,82,27,5,31,82,21,21,89,6,53,15,12,0,69,3,62,0,34,0,12,63,0
2014/2015,kanyamazane,city of mbombela,ehlanzeni,31.18394,-25.46503,138,1,180,15,0,0,69,273,14,54,78,11,6,18,77,8,23,86,7,44,18,12,0,75,2,46,0,42,1,12,74,0
2015/2016,kanyamazane,city of mbombela,ehlanzeni,31.18394,-25.46503,166,0,174,9,3,0,65,330,19,54,123,33,6,50,56,12,23,115,6,27,10,27,0,99,4,34,0,19,1,22,51,0
2016/2017,kanyamazane,city of mbombela,ehlanzeni,31.18394,-25.46503,237,1,184,15,4,0,64,295,33,40,114,14,7,134,93,21,24,81,7,36,5,22,0,93,9,50,0,10,4,42,78,0
2017/2018,kanyamazane,city of mbombela,ehlanzeni,31.18394,-25.46503,159,2,138,15,1,0,37,294,15,30,107,18,6,60,127,10,14,68,9,34,4,11,1,54,1,36,0,15,1,30,68,2
2018/2019,kanyamazane,city of mbombela,ehlanzeni,31.18394,-25.46503,175,1,134,15,3,0,100,210,16,30,136,17,6,100,89,1,13,72,7,34,14,10,1,76,5,42,0,53,1,21,45,0
2019/2020,kanyamazane,city of mbombela,ehlanzeni,31.18394,-25.46503,190,0,170,19,0,0,47,204,13,31,142,22,7,154,8,6,14,79,6,44,13,28,0,97,2,47,0,48,0,21,44,0
2020/2021,kanyamazane,city of mbombela,ehlanzeni,31.18394,-25.46503,167,1,119,17,1,0,47,190,6,37,95,14,7,51,11,2,13,56,4,34,10,10,0,65,4,40,0,31,0,18,51,0
2021/2022,kanyamazane,city of mbombela,ehlanzeni,31.18394,-25.46503,161,1,156,21,1,0,34,147,11,35,131,23,7,57,7,3,21,85,16,38,16,15,0,86,3,43,0,11,0,17,30,3
2022/2023,kanyamazane,city of mbombela,ehlanzeni,31.18394,-25.46503,141,0,143,18,0,0,41,154,20,45,101,18,5,19,10,5,2,73,14,43,16,27,0,114,7,53,0,27,1,18,17,1
2023/2024,kanyamazane,ehlanzeni district,ehlanzeni district,31.18394,-25.46503,0,0,0,0,0,0,0,114,12,0,0,0,0,0,0,0,0,0,0,0,0,17,0,0,0,0,0,0,0,14,35,0
2024/2025,kanyamazane,ehlanzeni district,ehlanzeni district,31.18394,-25.46503,0,0,0,0,0,0,0,132,10,0,0,0,0,0,0,0,0,0,0,0,0,24,0,0,0,0,0,0,0,9,49,0
2008/2009,kareedouw,kou-kamma,sarah baartman,24.29433,-33.95386,74,1,71,0,0,0,15,49,1,0,34,4,5,3,12,0,1,21,6,16,0,0,0,3,2,21,0,3,16,2,4,0
2009/2010,kareedouw,kou-kamma,sarah baartman,24.29433,-33.95386,43,0,65,0,0,0,8,44,0,4,24,6,7,4,22,0,1,20,8,8,0,0,0,0,0,9,0,13,17,0,9,0
2010/2011,kareedouw,kou-kamma,sarah baartman,24.29433,-33.95386,58,0,74,1,1,0,20,64,0,4,26,5,4,6,32,2,1,26,5,16,0,2,0,4,3,22,0,13,17,1,7,0
2011/2012,kareedouw,kou-kamma,sarah baartman,24.29433,-33.95386,47,1,57,0,0,0,27,64,0,7,20,1,6,6,56,0,1,12,4,17,1,1,0,2,2,19,0,12,22,2,5,0
2012/2013,kareedouw,kou-kamma,sarah baartman,24.29433,-33.95386,42,0,49,0,2,0,13,41,0,4,22,13,7,20,53,0,1,27,3,13,2,2,0,5,1,17,0,13,22,5,7,0
2013/2014,kareedouw,kou-kamma,sarah baartman,24.29433,-33.95386,33,0,40,0,0,0,3,39,0,2,11,1,6,15,76,0,13,17,7,20,3,1,0,5,0,20,0,6,21,2,4,0
2014/2015,kareedouw,kou-kamma,sarah baartman,24.29433,-33.95386,35,1,33,1,0,0,8,45,0,3,18,2,6,26,69,2,13,12,9,12,5,0,0,6,0,12,0,5,29,3,1,0
2015/2016,kareedouw,kou-kamma,sarah baartman,24.29433,-33.95386,20,1,34,0,0,0,6,44,0,2,16,3,6,21,77,0,13,7,1,9,1,1,0,3,1,10,0,2,15,0,3,0
2016/2017,kareedouw,kou-kamma,sarah baartman,24.29433,-33.95386,24,0,24,0,0,0,7,48,0,2,10,5,6,19,51,1,13,13,7,11,2,2,0,8,2,13,0,10,21,5,6,0
2017/2018,kareedouw,kou-kamma,sarah baartman,24.29433,-33.95386,31,0,22,0,0,0,11,46,0,2,10,5,6,19,74,3,13,9,3,9,1,1,0,8,0,9,0,2,20,1,5,0
2018/2019,kareedouw,kou-kamma,sarah baartman,24.29433,-33.95386,21,0,21,0,0,0,6,30,0,1,18,6,6,15,57,1,13,10,4,13,2,1,0,7,0,13,0,2,18,0,9,0
2019/2020,kareedouw,kou-kamma,sarah baartman,24.29433,-33.95386,28,0,23,1,1,0,10,51,0,2,23,4,6,15,45,0,12,13,4,10,0,4,0,12,1,12,0,6,24,1,6,0
2020/2021,kareedouw,kou-kamma,sarah baartman,24.29433,-33.95386,21,1,22,0,0,0,6,44,0,1,21,3,6,10,43,1,13,13,3,10,1,1,0,6,1,11,0,1,21,4,6,0
2021/2022,kareedouw,kou-kamma,sarah baartman,24.29433,-33.95386,43,1,27,0,1,0,16,43,0,6,12,2,6,10,37,3,13,13,3,14,1,7,0,13,0,15,0,6,17,1,5,0
2022/2023,kareedouw,kou-kamma,sarah baartman,24.29433,-33.95386,64,1,41,1,1,0,11,59,0,23,51,5,6,3,45,3,13,11,3,10,2,3,0,12,3,14,0,2,14,2,10,0
2023/2024,kareedouw,sarah baartman district,sarah baartman district,24.29433,-33.95386,0,0,0,0,0,0,0,49,0,0,0,0,0,0,0,0,0,0,0,0,0,1,0,0,0,0,0,0,0,1,5,0
2024/2025,kareedouw,sarah baartman district,sarah baartman district,24.29433,-33.95386,0,0,0,0,0,0,0,52,0,0,0,0,0,0,0,0,0,0,0,0,0,4,0,0,0,0,0,0,0,1,3,0
2023/2024,kariega,nelson mandela district,nelson mandela district,,,0,0,0,0,0,0,0,138,9,0,0,0,0,0,0,0,0,0,0,0,0,34,0,0,0,0,0,0,0,44,121,0
2024/2025,kariega,nelson mandela district,nelson mandela district,,,0,0,0,0,0,0,0,133,10,0,0,0,0,0,0,0,0,0,0,0,0,8,0,0,0,0,0,0,0,60,125,0
2008/2009,kathu,ga-segonyana,john taolo gaetsewe,23.04492,-27.69892,175,1,72,19,1,0,56,95,0,14,60,12,10,47,20,2,1,48,0,14,0,9,0,12,2,23,0,87,6,6,41,0
2009/2010,kathu,ga-segonyana,john taolo gaetsewe,23.04492,-27.69892,158,1,69,29,4,0,45,60,2,27,75,10,4,26,23,2,1,38,5,4,0,5,1,9,3,13,0,91,5,10,30,0
2010/2011,kathu,ga-segonyana,john taolo gaetsewe,23.04492,-27.69892,135,2,66,17,4,0,36,81,1,9,71,25,8,37,23,0,1,31,3,13,0,3,0,7,4,25,0,90,5,7,38,0
2011/2012,kathu,ga-segonyana,john taolo gaetsewe,23.04492,-27.69892,166,1,85,20,0,0,40,101,0,34,77,16,6,31,28,2,1,45,1,14,4,4,0,11,6,20,0,63,3,21,39,0
2012/2013,kathu,ga-segonyana,john taolo gaetsewe,23.04492,-27.69892,206,10,101,31,2,0,65,168,1,25,90,20,6,19,37,4,1,65,7,16,8,3,0,23,2,20,0,112,7,29,54,1
2013/2014,kathu,ga-segonyana,john taolo gaetsewe,23.04492,-27.69892,189,1,96,27,3,0,54,295,0,35,81,29,6,46,64,3,12,54,2,18,12,5,0,37,2,23,0,83,3,22,69,0
2014/2015,kathu,ga-segonyana,john taolo gaetsewe,23.04492,-27.69892,203,2,109,37,3,0,36,290,1,45,95,21,4,66,46,7,13,57,3,26,3,6,0,28,3,34,1,71,6,31,97,0
2015/2016,kathu,ga-segonyana,john taolo gaetsewe,23.04492,-27.69892,248,5,144,34,1,0,39,485,3,50,104,32,7,56,54,4,14,77,7,18,9,7,0,65,7,27,0,69,10,7,113,0
2016/2017,kathu,ga-segonyana,john taolo gaetsewe,23.04492,-27.69892,244,5,99,32,5,0,46,427,2,71,90,33,9,64,72,2,12,68,0,23,8,8,0,46,4,37,0,69,4,7,154,0
2017/2018,kathu,ga-segonyana,john taolo gaetsewe,23.04492,-27.69892,217,1,145,15,2,0,59,261,3,64,98,29,8,57,53,1,13,51,7,14,9,1,0,47,5,25,0,58,9,10,140,0
2018/2019,kathu,ga-segonyana,john taolo gaetsewe,23.04492,-27.69892,262,4,149,19,1,0,70,313,2,74,112,25,4,81,39,6,12,73,3,24,2,9,0,48,6,33,0,82,8,11,170,0
2019/2020,kathu,ga-segonyana,john taolo gaetsewe,23.04492,-27.69892,256,0,135,19,5,0,58,226,1,94,98,24,6,45,29,2,13,50,5,21,5,9,1,64,7,33,0,76,12,6,165,0
2020/2021,kathu,ga-segonyana,john taolo gaetsewe,23.04492,-27.69892,187,0,102,17,3,0,53,250,1,103,68,9,6,41,18,0,12,42,4,13,6,11,0,48,1,17,0,63,6,4,140,0
2021/2022,kathu,ga-segonyana,john taolo gaetsewe,23.04492,-27.69892,193,1,107,15,3,0,50,266,1,145,76,8,7,22,15,1,13,42,8,17,2,7,0,25,3,24,0,57,7,5,156,0
2022/2023,kathu,ga-segonyana,john taolo gaetsewe,23.04492,-27.69892,199,2,93,19,5,0,52,172,0,168,78,8,6,10,21,1,13,36,2,20,12,6,0,40,4,29,0,76,4,11,92,0
2023/2024,kathu,john taolo gaetsewe district,john taolo gaetsewe district,23.04492,-27.69892,0,0,0,0,0,0,0,117,0,0,0,0,0,0,0,0,0,0,0,0,0,10,0,0,0,0,0,0,0,8,120,0
2024/2025,kathu,john taolo gaetsewe district,john taolo gaetsewe district,23.04492,-27.69892,0,0,0,0,0,0,0,97,2,0,0,0,0,0,0,0,0,0,0,0,0,2,0,0,0,0,0,0,0,2,70,0
2008/2009,katkop,,,,,11,1,29,5,3,0,5,22,0,0,13,5,6,2,5,4,1,17,6,10,1,5,0,12,0,13,0,0,35,0,3,0
2009/2010,katkop,,,,,18,7,57,2,1,0,1,21,0,0,17,2,6,0,6,6,1,18,12,12,4,16,0,24,1,14,0,0,56,1,3,0
2010/2011,katkop,,,,,14,0,49,4,2,0,1,29,0,2,16,5,6,1,14,16,1,7,9,14,0,10,0,16,3,19,0,0,41,0,0,0
2011/2012,katkop,,,,,12,1,41,2,2,0,7,46,0,3,12,3,4,0,5,4,1,14,7,13,2,12,0,19,1,18,0,0,34,1,2,0
2012/2013,katkop,,,,,15,2,52,6,1,0,6,40,0,3,20,4,6,0,21,4,1,14,5,16,5,31,0,42,4,21,0,0,48,0,1,0
2013/2014,katkop,,,,,22,2,53,6,1,0,11,25,0,0,8,3,7,0,14,6,13,15,4,20,8,27,0,36,2,24,0,0,43,0,3,0
2014/2015,katkop,,,,,22,5,53,2,0,0,8,18,1,0,6,0,6,1,12,5,13,14,10,21,7,8,0,21,2,23,0,0,51,1,2,0
2015/2016,katkop,,,,,23,2,64,3,0,0,22,32,0,0,8,4,6,0,16,9,12,18,16,16,9,14,0,34,2,18,0,0,51,0,1,1
2016/2017,katkop,,,,,20,3,61,3,1,0,23,25,0,2,10,5,7,0,19,3,21,21,14,39,14,18,0,45,4,45,0,0,76,1,5,0
2017/2018,katkop,,,,,22,2,56,6,0,0,15,21,0,1,6,4,6,0,10,14,21,20,12,33,5,28,0,41,2,35,0,0,86,0,3,0
2018/2019,katkop,,,,,7,3,49,7,0,0,12,19,0,0,5,1,6,0,6,8,12,15,12,17,7,24,0,33,0,17,0,0,152,0,2,0
2019/2020,katkop,,,,,18,3,46,5,1,0,15,22,0,0,5,0,6,1,0,5,21,15,14,31,4,24,0,29,2,34,0,0,212,1,2,0
2020/2021,katkop,,,,,10,5,46,19,0,0,12,19,0,3,0,1,6,0,3,14,13,10,14,21,2,22,0,29,0,21,0,0,161,2,1,0
2021/2022,katkop,,,,,12,3,58,9,0,0,14,21,1,2,4,2,6,0,6,6,12,13,17,26,2,23,0,33,0,26,0,0,129,0,0,0
2022/2023,katkop,,,,,7,0,32,8,0,0,18,18,0,0,12,3,6,0,0,23,12,12,21,13,6,17,0,25,0,13,0,0,114,0,0,0
2008/2009,katlehong,ekurhuleni,ekurhuleni,28.1571,-26.3619,1311,54,509,72,22,2,81,664,51,138,1753,262,29,149,192,138,1,683,113,245,33,17,2,408,7,296,0,257,0,168,187,4
2009/2010,katlehong,ekurhuleni,ekurhuleni,28.1571,-26.3619,1259,30,560,60,21,1,90,654,52,178,1906,218,59,272,203,110,1,583,84,250,29,22,1,331,13,316,0,405,0,168,194,0
2010/2011,katlehong,ekurhuleni,ekurhuleni,28.1571,-26.3619,1276,27,520,73,12,0,132,660,51,129,1670,215,31,177,186,96,1,542,97,293,73,24,1,339,12,336,0,292,0,142,217,2
2011/2012,katlehong,ekurhuleni,ekurhuleni,28.1571,-26.3619,1252,25,522,67,12,0,97,494,47,115,1423,180,11,106,237,87,1,485,85,216,62,40,1,310,18,254,2,398,0,201,274,2
2012/2013,katlehong,ekurhuleni,ekurhuleni,28.1571,-26.3619,671,17,354,37,8,0,50,412,31,69,717,116,4,156,400,62,1,300,40,161,21,33,0,191,14,185,0,191,1,134,162,3
2013/2014,katlehong,ekurhuleni,ekurhuleni,28.1571,-26.3619,427,28,316,42,7,0,40,398,36,87,600,83,7,167,1527,27,42,256,33,101,40,38,2,232,11,120,0,114,0,116,232,3
2014/2015,katlehong,ekurhuleni,ekurhuleni,28.1571,-26.3619,461,13,335,32,6,0,43,299,37,60,647,73,4,279,1461,43,30,284,50,101,40,35,1,222,9,118,2,179,2,74,184,4
2015/2016,katlehong,ekurhuleni,ekurhuleni,28.1571,-26.3619,423,12,304,47,3,0,36,332,41,63,510,77,5,367,1375,47,28,237,35,98,48,27,1,224,9,113,3,143,1,97,133,2
2016/2017,katlehong,ekurhuleni,ekurhuleni,28.1571,-26.3619,354,9,268,60,10,0,31,368,55,79,474,49,4,321,1388,39,25,183,50,97,54,33,0,230,6,115,2,114,0,118,143,3
2017/2018,katlehong,ekurhuleni,ekurhuleni,28.1571,-26.3619,327,9,303,65,9,0,60,318,59,91,430,66,6,271,1261,57,15,204,65,88,49,28,0,241,17,114,0,105,1,82,103,2
2018/2019,katlehong,ekurhuleni,ekurhuleni,28.1571,-26.3619,326,4,287,69,4,0,69,280,51,97,417,62,7,438,747,35,8,178,56,88,63,34,1,248,5,98,1,90,0,75,108,2
2019/2020,katlehong,ekurhuleni,ekurhuleni,28.1571,-26.3619,293,23,315,74,8,0,91,310,70,99,387,64,4,711,211,57,2,203,57,77,38,46,1,270,8,95,1,151,1,56,132,1
2020/2021,katlehong,ekurhuleni,ekurhuleni,28.1571,-26.3619,250,9,312,40,1,0,70,163,61,161,388,39,7,484,195,33,37,205,42,93,22,35,0,187,12,107,1,162,2,56,94,1
2021/2022,katlehong,ekurhuleni,ekurhuleni,28.1571,-26.3619,268,14,332,101,6,0,61,150,68,172,505,60,7,349,230,38,48,232,65,98,27,41,1,225,17,122,1,111,0,36,92,0
2022/2023,katlehong,ekurhuleni,ekurhuleni,28.1571,-26.3619,330,7,409,94,4,0,55,241,47,191,582,81,7,291,358,40,81,279,48,111,33,55,0,252,19,135,1,152,3,37,96,3
2023/2024,katlehong,ekurhuleni district,ekurhuleni district,28.1571,-26.3619,0,0,0,0,0,0,0,167,38,0,0,0,0,0,0,0,0,0,0,0,0,68,0,0,0,0,0,0,0,51,72,0
2024/2025,katlehong,ekurhuleni district,ekurhuleni district,28.1571,-26.3619,0,0,0,0,0,0,0,139,51,0,0,0,0,0,0,0,0,0,0,0,0,42,0,0,0,0,0,0,0,45,69,0
2008/2009,katlehong north,ekurhuleni,ekurhuleni,28.15677,-26.3147,0,0,0,0,0,0,0,0,0,0,0,0,6,0,0,0,1,0,0,0,0,0,0,0,0,0,0,0,0,0,0,0
2009/2010,katlehong north,ekurhuleni,ekurhuleni,28.15677,-26.3147,0,0,0,0,0,0,0,0,0,0,0,0,6,0,0,0,1,0,0,0,0,0,0,0,0,0,0,0,0,0,0,0
2010/2011,katlehong north,ekurhuleni,ekurhuleni,28.15677,-26.3147,0,0,0,0,0,0,0,0,0,0,0,0,6,0,0,0,1,0,0,0,0,0,0,0,0,0,0,0,0,0,0,0
2011/2012,katlehong north,ekurhuleni,ekurhuleni,28.15677,-26.3147,0,0,0,0,0,0,0,0,0,0,0,0,6,0,0,0,1,0,0,0,0,0,0,0,0,0,0,0,0,0,0,0
2012/2013,katlehong north,ekurhuleni,ekurhuleni,28.15677,-26.3147,294,6,198,14,2,0,22,193,2,57,390,63,4,26,146,28,1,138,29,63,17,11,0,83,6,73,0,164,0,52,46,0
2013/2014,katlehong north,ekurhuleni,ekurhuleni,28.15677,-26.3147,391,12,252,22,3,0,41,221,7,64,484,61,4,29,571,21,3,200,45,76,19,7,0,110,7,88,4,153,0,98,85,2
2014/2015,katlehong north,ekurhuleni,ekurhuleni,28.15677,-26.3147,338,11,301,14,5,0,45,211,12,54,384,37,4,40,538,20,22,209,41,71,31,4,0,121,6,84,0,92,0,96,108,1
2015/2016,katlehong north,ekurhuleni,ekurhuleni,28.15677,-26.3147,241,11,290,59,6,0,64,228,21,55,391,53,4,47,302,21,3,208,43,66,26,19,0,144,4,78,0,75,3,101,91,1
2016/2017,katlehong north,ekurhuleni,ekurhuleni,28.15677,-26.3147,250,16,286,52,3,0,65,252,35,52,329,45,7,41,307,29,2,195,59,88,31,22,0,149,7,99,0,14,1,85,68,0
2017/2018,katlehong north,ekurhuleni,ekurhuleni,28.15677,-26.3147,250,5,267,15,3,0,60,187,39,49,303,35,4,62,325,42,24,182,55,79,28,10,1,158,7,91,0,17,0,79,65,4
2018/2019,katlehong north,ekurhuleni,ekurhuleni,28.15677,-26.3147,184,4,216,22,6,0,54,137,30,72,296,35,6,102,364,26,25,151,53,64,22,11,1,127,6,76,0,15,0,57,62,0
2019/2020,katlehong north,ekurhuleni,ekurhuleni,28.15677,-26.3147,182,8,197,28,3,0,61,117,24,96,313,27,7,235,360,35,28,125,56,65,10,12,1,110,14,83,0,55,1,57,75,1
2020/2021,katlehong north,ekurhuleni,ekurhuleni,28.15677,-26.3147,176,4,155,29,4,0,74,109,27,94,236,30,7,108,189,24,2,113,50,60,13,16,1,114,21,86,0,34,4,37,37,1
2021/2022,katlehong north,ekurhuleni,ekurhuleni,28.15677,-26.3147,148,5,238,19,6,0,49,100,62,110,299,29,4,137,144,16,39,135,64,68,24,12,0,149,17,93,0,15,0,32,22,1
2022/2023,katlehong north,ekurhuleni,ekurhuleni,28.15677,-26.3147,178,9,284,28,1,0,55,136,34,113,378,18,6,71,220,20,18,147,67,66,18,18,0,136,15,82,0,18,0,26,28,1
2023/2024,katlehong north,ekurhuleni district,ekurhuleni district,28.15677,-26.3147,0,0,0,0,0,0,0,118,29,0,0,0,0,0,0,0,0,0,0,0,0,22,0,0,0,0,0,0,0,49,21,0
2024/2025,katlehong north,ekurhuleni district,ekurhuleni district,28.15677,-26.3147,0,0,0,0,0,0,0,107,30,0,0,0,0,0,0,0,0,0,0,0,0,22,0,0,0,0,0,0,0,35,18,0
2008/2009,kei bridge,mnquma,amathole,27.97953,-32.50557,11,0,25,1,5,0,1,8,1,0,8,0,6,0,7,1,1,4,5,8,1,0,0,4,0,13,0,1,0,1,2,0
2009/2010,kei bridge,mnquma,amathole,27.97953,-32.50557,11,0,24,0,1,0,0,12,1,0,9,1,6,1,3,2,1,7,4,9,0,0,0,2,0,10,0,0,1,0,0,0
2010/2011,kei bridge,mnquma,amathole,27.97953,-32.50557,6,0,23,3,0,0,1,7,0,0,5,2,6,2,8,0,1,2,2,10,0,1,0,3,1,11,0,0,5,1,2,0
2011/2012,kei bridge,mnquma,amathole,27.97953,-32.50557,7,0,29,1,0,0,7,19,0,0,11,1,6,3,14,0,1,7,2,12,0,1,0,1,1,13,0,0,5,0,3,0
2012/2013,kei bridge,mnquma,amathole,27.97953,-32.50557,12,2,23,2,2,0,1,4,0,0,5,0,6,3,9,2,1,8,6,12,0,2,0,2,0,14,0,0,3,1,3,0
2013/2014,kei bridge,mnquma,amathole,27.97953,-32.50557,6,1,43,0,1,0,5,20,0,1,3,3,6,0,7,3,13,5,5,14,2,4,0,10,2,17,0,0,0,0,3,0
2014/2015,kei bridge,mnquma,amathole,27.97953,-32.50557,10,0,24,3,0,0,10,14,0,3,4,3,6,1,5,3,13,2,4,7,4,5,0,11,1,8,0,0,1,1,5,0
2015/2016,kei bridge,mnquma,amathole,27.97953,-32.50557,5,1,17,1,0,0,4,14,0,0,13,1,6,3,11,2,12,6,2,3,6,3,0,14,1,4,0,0,0,0,2,1
2016/2017,kei bridge,mnquma,amathole,27.97953,-32.50557,7,1,20,1,1,0,1,15,0,0,8,2,6,0,20,3,13,5,2,9,2,1,0,6,4,14,0,0,1,1,6,2
2017/2018,kei bridge,mnquma,amathole,27.97953,-32.50557,3,2,18,0,1,0,1,15,0,0,5,0,4,3,15,1,13,4,6,7,1,4,0,7,2,12,0,0,2,1,1,0
2018/2019,kei bridge,mnquma,amathole,27.97953,-32.50557,6,1,22,2,1,0,3,20,1,0,7,1,6,8,8,2,13,11,4,4,1,5,0,11,1,6,0,0,0,0,3,0
2019/2020,kei bridge,mnquma,amathole,27.97953,-32.50557,5,1,26,3,0,0,3,14,0,0,3,1,6,0,2,2,13,7,3,11,3,7,0,15,0,11,0,0,0,0,1,0
2020/2021,kei bridge,mnquma,amathole,27.97953,-32.50557,4,0,16,1,2,0,4,15,0,5,3,2,6,4,11,4,13,8,5,6,0,3,0,5,0,8,0,0,1,1,2,0
2021/2022,kei bridge,mnquma,amathole,27.97953,-32.50557,2,0,17,6,1,0,2,20,0,1,2,0,6,2,1,1,21,5,4,3,0,1,0,2,2,6,0,0,2,0,1,0
2022/2023,kei bridge,mnquma,amathole,27.97953,-32.50557,4,1,22,6,1,0,0,14,0,0,1,3,6,1,4,2,13,9,8,9,1,2,0,5,1,11,0,0,2,0,5,0
2023/2024,kei bridge,amathole district,amathole district,27.97953,-32.50557,0,0,0,0,0,0,0,13,0,0,0,0,0,0,0,0,0,0,0,0,0,2,0,0,0,0,0,0,0,0,2,0
2024/2025,kei bridge,amathole district,amathole district,27.97953,-32.50557,0,0,0,0,0,0,0,8,1,0,0,0,0,0,0,0,0,0,0,0,0,2,0,0,0,0,0,0,0,1,3,0
2008/2009,kei mouth,great kei,amathole,28.37477,-32.6788,54,0,25,1,0,0,5,67,0,7,23,1,6,1,10,0,1,13,1,3,1,2,0,4,0,3,0,6,13,20,9,0
2009/2010,kei mouth,great kei,amathole,28.37477,-32.6788,41,2,26,4,0,0,2,69,0,2,21,0,7,0,6,2,1,19,1,10,0,2,0,3,0,11,0,1,14,16,13,0
2010/2011,kei mouth,great kei,amathole,28.37477,-32.6788,35,1,23,5,1,0,5,45,0,1,15,2,6,0,6,3,1,9,1,5,0,1,0,1,3,9,0,0,18,11,5,0
2011/2012,kei mouth,great kei,amathole,28.37477,-32.6788,45,0,25,7,0,0,7,66,0,3,10,0,6,2,11,0,1,9,1,4,0,0,0,1,2,6,0,0,12,3,10,0
2012/2013,kei mouth,great kei,amathole,28.37477,-32.6788,44,0,25,3,0,0,6,48,0,1,13,1,4,2,20,1,1,10,3,4,0,3,0,4,0,6,0,2,8,4,11,0
2013/2014,kei mouth,great kei,amathole,28.37477,-32.6788,37,2,25,2,0,0,8,43,0,2,3,1,6,5,15,4,13,14,2,7,0,1,0,3,0,7,0,3,6,6,18,0
2014/2015,kei mouth,great kei,amathole,28.37477,-32.6788,24,0,20,4,2,0,6,26,0,2,7,2,4,3,13,2,13,5,4,5,2,1,0,5,0,9,0,0,3,4,7,0
2015/2016,kei mouth,great kei,amathole,28.37477,-32.6788,21,0,14,2,3,0,1,31,0,2,9,1,6,0,17,0,13,5,2,5,0,1,0,2,0,8,0,0,5,2,3,0
2016/2017,kei mouth,great kei,amathole,28.37477,-32.6788,31,1,17,2,0,0,7,32,0,2,8,1,6,1,15,0,13,6,1,3,0,3,0,3,2,5,0,0,6,4,7,0
2017/2018,kei mouth,great kei,amathole,28.37477,-32.6788,22,0,17,2,2,0,3,30,0,5,5,4,7,1,11,1,13,5,3,5,0,3,0,5,0,8,0,0,14,1,8,0
2018/2019,kei mouth,great kei,amathole,28.37477,-32.6788,31,0,20,1,0,0,6,46,0,5,8,1,7,2,11,0,13,12,1,8,0,2,0,5,1,10,0,1,11,9,8,0
2019/2020,kei mouth,great kei,amathole,28.37477,-32.6788,49,0,16,1,0,0,2,39,0,4,23,0,6,1,2,0,13,9,2,0,1,1,0,3,0,0,0,0,10,5,5,0
2020/2021,kei mouth,great kei,amathole,28.37477,-32.6788,19,0,3,1,0,0,5,33,0,5,12,1,6,0,0,0,13,7,0,5,0,4,0,5,1,6,0,1,6,2,3,0
2021/2022,kei mouth,great kei,amathole,28.37477,-32.6788,32,0,22,2,2,0,5,25,1,8,25,0,6,0,7,0,12,12,1,9,1,1,0,5,0,11,0,1,2,2,5,0
2022/2023,kei mouth,great kei,amathole,28.37477,-32.6788,56,0,12,2,0,0,5,41,0,4,30,4,6,0,2,0,13,7,2,7,0,0,0,0,0,7,0,0,4,6,5,0
2023/2024,kei mouth,amathole district,amathole district,28.37477,-32.6788,0,0,0,0,0,0,0,50,0,0,0,0,0,0,0,0,0,0,0,0,0,4,0,0,0,0,0,0,0,1,3,0
2024/2025,kei mouth,amathole district,amathole district,28.37477,-32.6788,0,0,0,0,0,0,0,74,0,0,0,0,0,0,0,0,0,0,0,0,0,0,0,0,0,0,0,0,0,4,5,0
2008/2009,kei road,amahlathi,amathole,27.54653,-32.70575,26,1,28,1,4,0,1,22,1,1,20,3,6,1,2,0,1,10,1,7,0,0,0,2,0,11,0,0,27,3,1,0
2009/2010,kei road,amahlathi,amathole,27.54653,-32.70575,22,0,27,2,0,0,0,22,0,1,2,2,6,0,6,0,1,10,0,8,0,1,0,3,0,8,0,0,48,0,2,0
2010/2011,kei road,amahlathi,amathole,27.54653,-32.70575,21,0,15,0,0,0,2,19,0,0,12,0,6,2,5,0,1,9,2,6,0,4,0,5,0,6,0,0,24,1,1,0
2011/2012,kei road,amahlathi,amathole,27.54653,-32.70575,25,1,9,0,0,0,4,27,0,0,11,2,6,3,1,0,1,3,1,5,1,2,0,5,0,5,0,0,23,3,4,0
2012/2013,kei road,amahlathi,amathole,27.54653,-32.70575,13,1,15,0,0,0,3,13,0,0,17,0,6,3,3,0,1,7,1,4,0,1,0,1,0,4,0,0,27,3,4,0
2013/2014,kei road,amahlathi,amathole,27.54653,-32.70575,30,1,26,0,0,0,8,23,0,1,5,0,6,4,2,0,13,6,2,5,4,3,0,11,0,5,0,0,50,4,2,1
2014/2015,kei road,amahlathi,amathole,27.54653,-32.70575,21,1,26,0,0,0,9,21,1,3,10,3,6,2,2,1,12,7,4,4,2,1,0,4,0,4,0,0,57,0,2,0
2015/2016,kei road,amahlathi,amathole,27.54653,-32.70575,18,0,26,1,0,0,8,19,1,2,8,1,6,2,2,0,13,9,3,2,2,2,0,8,0,2,0,0,36,2,6,1
2016/2017,kei road,amahlathi,amathole,27.54653,-32.70575,21,0,25,0,0,0,10,15,0,1,7,0,6,1,1,1,12,12,1,5,0,2,0,4,0,5,0,0,41,0,5,0
2017/2018,kei road,amahlathi,amathole,27.54653,-32.70575,26,1,19,3,0,0,6,13,2,1,4,0,6,5,1,1,13,7,2,5,4,4,0,15,1,6,0,0,43,2,2,0
2018/2019,kei road,amahlathi,amathole,27.54653,-32.70575,17,0,9,4,0,0,4,18,3,0,4,0,6,4,2,2,13,8,4,5,1,1,0,11,0,5,0,0,31,0,4,0
2019/2020,kei road,amahlathi,amathole,27.54653,-32.70575,10,0,9,2,0,0,11,13,0,3,2,2,6,3,2,2,13,8,1,3,2,2,0,12,1,4,0,0,19,0,0,0
2020/2021,kei road,amahlathi,amathole,27.54653,-32.70575,16,0,9,0,0,0,5,11,1,2,2,3,6,1,2,0,13,6,2,5,1,5,0,10,0,5,0,0,12,0,2,0
2021/2022,kei road,amahlathi,amathole,27.54653,-32.70575,11,2,15,1,0,0,4,17,0,1,6,0,7,1,2,0,12,6,1,4,1,1,0,3,1,6,0,0,6,0,2,0
2022/2023,kei road,amahlathi,amathole,27.54653,-32.70575,13,0,14,3,0,0,7,21,1,0,4,0,6,0,4,0,12,5,2,3,0,1,0,6,0,3,0,0,9,0,3,1
2023/2024,kei road,amathole district,amathole district,27.54653,-32.70575,0,0,0,0,0,0,0,17,0,0,0,0,0,0,0,0,0,0,0,0,0,1,0,0,0,0,0,0,0,0,0,0
2024/2025,kei road,amathole district,amathole district,27.54653,-32.70575,0,0,0,0,0,0,0,17,0,0,0,0,0,0,0,0,0,0,0,0,0,1,0,0,0,0,0,0,0,1,2,0
2008/2009,keimoes,kai !garib,z f mgcawu,20.96792,-28.70504,129,2,242,43,1,0,57,65,0,5,71,18,6,21,43,3,1,45,13,20,0,2,0,6,13,34,0,15,51,4,11,0
2009/2010,keimoes,kai !garib,z f mgcawu,20.96792,-28.70504,102,4,287,29,3,0,53,82,0,11,79,13,6,46,47,1,1,62,10,18,0,0,0,5,18,39,0,22,34,2,15,0
2010/2011,keimoes,kai !garib,z f mgcawu,20.96792,-28.70504,82,6,230,12,0,0,34,73,0,13,57,15,6,37,65,1,1,42,13,16,0,1,0,1,14,30,0,25,25,4,23,0
2011/2012,keimoes,kai !garib,z f mgcawu,20.96792,-28.70504,102,8,256,11,0,0,47,46,0,11,87,8,6,38,103,0,1,57,10,26,1,3,0,7,8,34,0,20,31,3,24,0
2012/2013,keimoes,kai !garib,z f mgcawu,20.96792,-28.70504,103,2,227,10,0,0,56,81,0,12,89,6,7,26,125,1,1,60,9,30,4,0,0,19,7,38,0,3,17,0,26,0
2013/2014,keimoes,kai !garib,z f mgcawu,20.96792,-28.70504,99,3,180,20,1,0,63,77,1,7,79,6,6,17,95,3,12,50,12,32,4,7,0,25,7,40,0,14,22,3,16,0
2014/2015,keimoes,kai !garib,z f mgcawu,20.96792,-28.70504,78,3,196,15,2,0,51,58,0,13,69,5,6,12,88,2,13,38,7,25,5,1,0,19,8,35,0,4,25,1,20,0
2015/2016,keimoes,kai !garib,z f mgcawu,20.96792,-28.70504,72,6,167,13,1,0,37,68,0,1,52,14,6,11,161,2,12,52,10,29,1,4,0,15,8,38,0,10,32,2,45,0
2016/2017,keimoes,kai !garib,z f mgcawu,20.96792,-28.70504,53,2,118,4,0,0,33,55,0,6,40,4,6,20,346,2,13,24,11,20,0,3,0,9,7,27,0,10,18,0,14,0
2017/2018,keimoes,kai !garib,z f mgcawu,20.96792,-28.70504,56,3,113,3,1,0,25,62,0,6,47,6,6,19,411,2,13,29,8,19,2,2,0,13,7,27,0,9,20,4,11,0
2018/2019,keimoes,kai !garib,z f mgcawu,20.96792,-28.70504,72,0,141,6,3,0,41,61,1,10,45,13,7,19,234,2,14,37,10,28,3,0,0,18,12,44,0,7,20,1,12,0
2019/2020,keimoes,kai !garib,z f mgcawu,20.96792,-28.70504,89,0,129,6,4,0,38,79,1,10,33,9,5,19,136,2,13,49,14,22,4,2,0,18,7,36,0,14,26,4,18,0
2020/2021,keimoes,kai !garib,z f mgcawu,20.96792,-28.70504,91,3,123,4,2,0,57,106,0,14,79,13,7,17,111,4,13,55,6,18,1,1,0,9,4,25,0,29,18,1,13,0
2021/2022,keimoes,kai !garib,z f mgcawu,20.96792,-28.70504,61,1,116,13,1,0,39,81,0,10,66,9,6,18,185,0,12,49,6,11,3,2,0,17,1,13,0,18,16,1,19,0
2022/2023,keimoes,kai !garib,z f mgcawu,20.96792,-28.70504,136,2,103,21,0,0,51,100,0,15,59,13,6,18,320,3,13,49,8,14,2,0,0,8,8,22,0,27,16,0,20,0
2023/2024,keimoes,zf mgcawu district,zf mgcawu district,20.96792,-28.70504,0,0,0,0,0,0,0,100,0,0,0,0,0,0,0,0,0,0,0,0,0,4,0,0,0,0,0,0,0,0,24,0
2024/2025,keimoes,zf mgcawu district,zf mgcawu district,20.96792,-28.70504,0,0,0,0,0,0,0,80,1,0,0,0,0,0,0,0,0,0,0,0,0,0,0,0,0,0,0,0,0,1,23,0
2008/2009,keiskammahoek,amahlathi,amathole,27.14546,-32.68017,78,5,243,10,11,0,14,136,0,15,56,21,5,4,19,3,1,35,13,24,2,2,0,12,11,49,0,4,36,2,12,1
2009/2010,keiskammahoek,amahlathi,amathole,27.14546,-32.68017,81,6,246,9,7,0,9,134,0,5,62,16,10,9,22,2,1,48,16,15,5,2,0,16,17,45,0,7,37,6,4,0
2010/2011,keiskammahoek,amahlathi,amathole,27.14546,-32.68017,73,7,242,2,9,0,5,150,0,10,60,23,4,17,24,6,1,44,13,21,2,2,0,21,9,41,0,1,39,6,6,0
2011/2012,keiskammahoek,amahlathi,amathole,27.14546,-32.68017,77,4,232,5,8,0,9,130,0,7,46,22,7,21,31,6,1,50,21,20,8,5,0,29,14,43,1,3,36,0,10,0
2012/2013,keiskammahoek,amahlathi,amathole,27.14546,-32.68017,85,4,206,5,13,0,39,114,0,6,51,21,7,20,25,3,1,50,25,28,7,8,0,36,4,46,0,2,23,2,23,0
2013/2014,keiskammahoek,amahlathi,amathole,27.14546,-32.68017,93,4,240,4,6,0,58,135,1,9,58,13,6,4,29,7,12,65,19,35,15,8,0,55,7,48,1,2,43,5,20,0
2014/2015,keiskammahoek,amahlathi,amathole,27.14546,-32.68017,105,4,209,6,11,0,63,138,0,13,51,13,4,4,36,1,21,49,23,43,14,10,0,40,4,60,0,4,38,6,29,0
2015/2016,keiskammahoek,amahlathi,amathole,27.14546,-32.68017,71,0,200,2,8,0,55,121,0,15,54,9,7,4,21,4,14,69,17,42,8,7,0,44,4,55,0,1,40,0,23,0
2016/2017,keiskammahoek,amahlathi,amathole,27.14546,-32.68017,81,5,173,7,3,0,44,112,1,5,61,18,6,0,28,7,21,56,19,37,16,9,1,50,10,50,0,0,45,4,26,0
2017/2018,keiskammahoek,amahlathi,amathole,27.14546,-32.68017,82,2,212,4,8,0,41,123,1,14,37,20,7,3,38,0,21,61,8,45,11,12,0,40,4,58,0,1,49,3,20,0
2018/2019,keiskammahoek,amahlathi,amathole,27.14546,-32.68017,82,4,244,10,6,0,43,106,4,17,41,21,6,7,31,1,23,75,23,42,6,13,1,44,6,54,0,3,36,2,34,0
2019/2020,keiskammahoek,amahlathi,amathole,27.14546,-32.68017,75,2,201,8,5,0,41,93,1,11,27,12,6,0,39,5,13,64,15,34,16,4,0,38,8,47,0,1,36,1,21,0
2020/2021,keiskammahoek,amahlathi,amathole,27.14546,-32.68017,70,1,189,1,1,0,45,98,1,9,34,11,7,1,19,22,23,57,13,28,7,9,0,33,6,36,0,1,49,2,23,0
2021/2022,keiskammahoek,amahlathi,amathole,27.14546,-32.68017,93,4,248,8,8,0,41,99,2,13,57,11,7,0,28,4,14,75,22,48,15,4,0,29,6,63,0,0,40,3,11,0
2022/2023,keiskammahoek,amahlathi,amathole,27.14546,-32.68017,80,5,246,4,6,0,39,95,1,10,32,13,6,4,29,1,22,73,10,39,11,11,0,38,5,50,0,4,45,1,19,0
2023/2024,keiskammahoek,amathole district,amathole district,27.14546,-32.68017,0,0,0,0,0,0,0,130,1,0,0,0,0,0,0,0,0,0,0,0,0,12,0,0,0,0,0,0,0,1,9,0
2024/2025,keiskammahoek,amathole district,amathole district,27.14546,-32.68017,0,0,0,0,0,0,0,105,2,0,0,0,0,0,0,0,0,0,0,0,0,10,0,0,0,0,0,0,0,3,12,0
2008/2009,kempton park,ekurhuleni,ekurhuleni,28.23211,-26.10141,1633,3,174,28,1,1,271,601,89,672,343,157,36,253,121,76,1,325,17,37,141,47,1,620,9,63,0,783,3,610,334,19
2009/2010,kempton park,ekurhuleni,ekurhuleni,28.23211,-26.10141,1653,9,214,29,2,2,449,654,137,753,366,275,14,239,67,25,1,410,19,63,121,69,1,708,4,96,0,811,1,585,572,33
2010/2011,kempton park,ekurhuleni,ekurhuleni,28.23211,-26.10141,1802,7,292,18,3,2,299,628,119,713,497,299,45,208,118,23,1,583,12,53,87,76,1,582,12,98,0,622,3,449,657,17
2011/2012,kempton park,ekurhuleni,ekurhuleni,28.23211,-26.10141,1763,3,235,24,3,1,324,693,87,619,552,264,16,231,207,30,1,511,13,42,95,64,4,536,10,65,22,515,1,406,691,18
2012/2013,kempton park,ekurhuleni,ekurhuleni,28.23211,-26.10141,1587,2,210,26,0,0,332,809,60,675,447,310,12,345,208,48,1,400,15,49,75,70,2,538,9,65,9,668,0,420,626,25
2013/2014,kempton park,ekurhuleni,ekurhuleni,28.23211,-26.10141,1520,1,187,18,2,0,353,778,77,575,433,291,7,429,503,38,43,282,16,57,122,84,7,632,12,72,16,650,1,545,684,18
2014/2015,kempton park,ekurhuleni,ekurhuleni,28.23211,-26.10141,1435,2,203,26,5,0,347,715,79,534,402,403,10,470,315,44,68,283,15,31,116,113,2,731,8,50,6,546,0,537,711,29
2015/2016,kempton park,ekurhuleni,ekurhuleni,28.23211,-26.10141,1433,1,202,48,1,0,421,601,97,588,380,318,5,506,351,47,103,210,16,46,135,76,2,714,14,64,1,499,0,444,979,41
2016/2017,kempton park,ekurhuleni,ekurhuleni,28.23211,-26.10141,1334,0,170,46,1,0,404,512,146,628,410,362,7,497,358,26,52,173,25,33,129,67,5,834,9,44,5,532,1,405,1134,38
2017/2018,kempton park,ekurhuleni,ekurhuleni,28.23211,-26.10141,1227,2,187,48,0,0,393,500,168,594,517,332,7,472,458,63,104,223,22,39,124,59,3,890,17,57,5,452,2,299,1073,36
2018/2019,kempton park,ekurhuleni,ekurhuleni,28.23211,-26.10141,1075,2,219,51,2,0,354,470,172,747,503,273,4,637,449,52,85,267,29,45,116,71,2,866,16,65,7,506,1,372,1100,23
2019/2020,kempton park,ekurhuleni,ekurhuleni,28.23211,-26.10141,1028,1,212,49,1,0,258,472,127,696,465,239,4,683,461,49,105,217,29,45,137,65,1,809,15,63,19,393,1,340,845,32
2020/2021,kempton park,ekurhuleni,ekurhuleni,28.23211,-26.10141,767,1,166,33,3,0,236,321,124,745,322,170,4,595,322,56,76,142,21,56,141,46,4,675,15,76,16,265,3,237,509,32
2021/2022,kempton park,ekurhuleni,ekurhuleni,28.23211,-26.10141,874,1,162,36,0,0,210,361,188,771,415,200,7,277,234,47,106,169,23,44,125,62,4,759,17,62,11,200,1,266,707,52
2022/2023,kempton park,ekurhuleni,ekurhuleni,28.23211,-26.10141,1057,3,214,43,0,0,248,287,176,856,433,240,4,292,301,56,107,198,27,47,128,43,1,863,25,74,7,274,0,314,685,47
2023/2024,kempton park,ekurhuleni district,ekurhuleni district,28.23211,-26.10141,0,0,0,0,0,0,0,297,151,0,0,0,0,0,0,0,0,0,0,0,0,58,0,0,0,0,0,0,0,332,757,0
2024/2025,kempton park,ekurhuleni district,ekurhuleni district,28.23211,-26.10141,0,0,0,0,0,0,0,247,157,0,0,0,0,0,0,0,0,0,0,0,0,48,0,0,0,0,0,0,0,267,685,0
2008/2009,kenhardt,kai !garib,z f mgcawu,21.15192,-29.3466,23,1,51,2,0,0,0,25,0,0,12,0,6,10,10,0,1,12,7,7,0,0,0,0,1,8,0,3,23,0,1,0
2009/2010,kenhardt,kai !garib,z f mgcawu,21.15192,-29.3466,21,0,59,1,0,0,3,15,0,0,16,1,7,8,35,0,1,13,3,10,0,0,0,0,6,17,0,1,18,0,3,0
2010/2011,kenhardt,kai !garib,z f mgcawu,21.15192,-29.3466,22,1,59,3,0,0,7,9,0,1,21,0,6,8,25,0,1,12,0,3,1,0,0,1,5,8,0,0,21,0,0,0
2011/2012,kenhardt,kai !garib,z f mgcawu,21.15192,-29.3466,18,0,54,2,0,0,10,14,0,2,31,1,6,3,31,0,1,15,0,3,0,0,0,1,0,3,0,1,25,0,0,0
2012/2013,kenhardt,kai !garib,z f mgcawu,21.15192,-29.3466,13,0,49,1,0,0,6,7,0,1,24,1,6,3,46,0,1,14,6,7,0,0,0,0,0,7,0,1,32,0,2,0
2013/2014,kenhardt,kai !garib,z f mgcawu,21.15192,-29.3466,20,0,74,1,0,0,7,28,0,0,19,2,6,3,28,0,13,13,7,3,1,0,0,1,1,4,0,2,7,0,2,0
2014/2015,kenhardt,kai !garib,z f mgcawu,21.15192,-29.3466,27,0,56,2,0,0,13,30,0,1,23,1,6,8,35,0,13,13,1,4,0,1,0,3,4,8,0,0,27,0,9,0
2015/2016,kenhardt,kai !garib,z f mgcawu,21.15192,-29.3466,33,2,73,1,0,0,7,28,0,6,26,4,7,4,69,0,13,8,4,11,0,0,0,1,6,18,0,0,33,2,4,0
2016/2017,kenhardt,kai !garib,z f mgcawu,21.15192,-29.3466,19,0,41,1,0,0,10,30,0,2,10,1,6,5,58,0,13,7,4,4,0,0,0,0,2,6,0,1,30,0,3,0
2017/2018,kenhardt,kai !garib,z f mgcawu,21.15192,-29.3466,24,0,43,1,0,0,9,26,0,2,8,3,6,2,64,0,13,9,3,5,0,1,0,2,3,8,0,0,41,0,14,0
2018/2019,kenhardt,kai !garib,z f mgcawu,21.15192,-29.3466,51,0,44,0,0,0,10,46,0,4,8,1,6,2,36,0,12,8,0,6,0,2,0,2,3,9,0,1,40,2,6,0
2019/2020,kenhardt,kai !garib,z f mgcawu,21.15192,-29.3466,32,0,42,0,0,0,7,49,0,2,15,1,6,3,27,0,13,6,0,7,0,2,0,3,0,7,0,4,31,1,5,0
2020/2021,kenhardt,kai !garib,z f mgcawu,21.15192,-29.3466,25,0,39,4,0,0,7,25,0,3,16,7,6,2,12,0,13,8,2,0,0,0,0,0,1,1,0,1,28,2,9,0
2021/2022,kenhardt,kai !garib,z f mgcawu,21.15192,-29.3466,39,0,46,1,0,0,8,30,0,3,25,8,6,6,18,0,12,13,4,5,0,0,0,0,0,5,0,1,11,1,3,0
2022/2023,kenhardt,kai !garib,z f mgcawu,21.15192,-29.3466,45,1,64,8,1,0,7,44,0,4,25,2,6,2,14,1,13,20,3,2,0,0,0,3,1,4,0,2,11,0,7,0
2023/2024,kenhardt,zf mgcawu district,zf mgcawu district,21.15192,-29.3466,0,0,0,0,0,0,0,44,1,0,0,0,0,0,0,0,0,0,0,0,0,1,0,0,0,0,0,0,0,0,9,0
2024/2025,kenhardt,zf mgcawu district,zf mgcawu district,21.15192,-29.3466,0,0,0,0,0,0,0,31,0,0,0,0,0,0,0,0,0,0,0,0,0,0,0,0,0,0,0,0,0,0,2,0
2008/2009,kensington,city of cape town,city of cape town,18.51064,-33.90953,361,2,78,9,0,0,84,210,0,9,108,42,22,69,421,18,1,97,2,19,2,1,0,44,8,47,0,11,0,42,192,0
2009/2010,kensington,city of cape town,city of cape town,18.51064,-33.90953,347,0,54,9,0,0,76,173,2,11,96,37,8,88,510,16,1,78,4,11,2,0,2,48,13,28,0,21,0,26,167,0
2010/2011,kensington,city of cape town,city of cape town,18.51064,-33.90953,339,1,46,22,0,0,66,113,1,8,82,37,7,66,578,39,1,80,5,15,4,1,0,35,15,31,0,9,0,26,163,0
2011/2012,kensington,city of cape town,city of cape town,18.51064,-33.90953,315,0,55,4,1,0,66,124,3,12,88,29,4,82,637,11,1,64,1,13,2,0,0,39,7,23,0,1,0,24,151,0
2012/2013,kensington,city of cape town,city of cape town,18.51064,-33.90953,395,1,54,9,0,0,63,129,6,11,125,14,7,60,689,21,1,80,8,12,9,7,0,48,6,19,0,0,0,21,123,0
2013/2014,kensington,city of cape town,city of cape town,18.51064,-33.90953,446,2,45,23,1,0,50,159,0,12,134,38,6,35,705,29,13,97,13,8,8,4,0,42,3,12,0,2,0,27,163,0
2014/2015,kensington,city of cape town,city of cape town,18.51064,-33.90953,450,3,44,30,0,0,33,142,6,12,142,41,6,45,590,34,12,118,15,5,11,9,0,66,3,8,0,5,0,35,146,0
2015/2016,kensington,city of cape town,city of cape town,18.51064,-33.90953,402,3,54,18,1,0,35,139,6,15,207,35,7,39,570,17,12,115,9,14,10,3,0,82,6,22,0,3,0,37,121,0
2016/2017,kensington,city of cape town,city of cape town,18.51064,-33.90953,372,1,52,6,0,0,50,106,2,35,207,48,7,15,257,3,13,118,6,15,10,2,0,86,7,23,0,1,0,40,123,0
2017/2018,kensington,city of cape town,city of cape town,18.51064,-33.90953,348,0,51,36,0,0,45,132,6,30,219,40,7,34,553,28,14,118,7,12,11,2,0,82,10,23,0,9,0,28,172,0
2018/2019,kensington,city of cape town,city of cape town,18.51064,-33.90953,345,1,44,56,0,0,62,106,5,30,215,46,4,22,271,45,12,152,15,11,9,4,0,92,7,20,0,22,0,29,168,0
2019/2020,kensington,city of cape town,city of cape town,18.51064,-33.90953,241,2,37,48,0,0,35,88,7,34,189,55,7,54,222,51,14,121,22,12,8,4,0,79,8,21,0,13,0,22,114,1
2020/2021,kensington,city of cape town,city of cape town,18.51064,-33.90953,189,1,30,6,0,0,28,59,6,46,121,19,6,6,163,3,21,76,2,8,11,4,0,43,1,9,0,3,0,19,113,2
2021/2022,kensington,city of cape town,city of cape town,18.51064,-33.90953,205,3,46,10,0,0,18,45,6,69,149,30,6,9,125,25,14,93,10,10,12,0,0,62,8,18,0,6,0,20,81,0
2022/2023,kensington,city of cape town,city of cape town,18.51064,-33.90953,333,5,36,17,0,0,79,59,4,65,159,24,6,17,205,16,25,124,5,18,7,2,0,81,11,29,0,5,0,18,119,0
2023/2024,kensington,city of cape town district,city of cape town district,18.51064,-33.90953,0,0,0,0,0,0,0,73,8,0,0,0,0,0,0,0,0,0,0,0,0,1,0,0,0,0,0,0,0,21,100,0
2024/2025,kensington,city of cape town district,city of cape town district,18.51064,-33.90953,0,0,0,0,0,0,0,55,1,0,0,0,0,0,0,0,0,0,0,0,0,1,0,0,0,0,0,0,0,12,89,0
2008/2009,kenton on sea,ndlambe,sarah baartman,26.66674,-33.68053,213,1,91,3,1,0,35,266,0,10,73,2,7,11,8,2,1,103,2,22,2,0,0,8,1,25,0,1,13,15,37,0
2009/2010,kenton on sea,ndlambe,sarah baartman,26.66674,-33.68053,209,0,72,1,0,0,21,304,0,11,57,2,10,5,17,1,1,78,7,20,3,2,0,10,0,26,0,3,8,19,43,0
2010/2011,kenton on sea,ndlambe,sarah baartman,26.66674,-33.68053,168,1,72,1,2,0,33,182,1,15,53,8,5,6,9,1,1,35,7,16,2,0,0,5,0,21,0,3,10,20,69,0
2011/2012,kenton on sea,ndlambe,sarah baartman,26.66674,-33.68053,117,0,89,0,1,0,24,214,0,10,68,8,5,11,14,0,1,40,7,16,9,6,0,16,3,23,0,1,9,6,71,0
2012/2013,kenton on sea,ndlambe,sarah baartman,26.66674,-33.68053,104,2,65,4,1,0,27,232,0,8,57,3,9,8,12,2,1,43,4,13,7,8,0,19,3,22,0,0,9,5,71,0
2013/2014,kenton on sea,ndlambe,sarah baartman,26.66674,-33.68053,104,3,73,2,4,0,28,177,0,7,49,11,6,3,11,0,21,23,4,20,7,7,0,23,0,24,0,1,8,4,66,0
2014/2015,kenton on sea,ndlambe,sarah baartman,26.66674,-33.68053,89,0,56,0,7,0,32,200,0,3,38,7,5,7,9,2,21,33,4,41,9,3,0,22,1,52,0,0,7,3,35,0
2015/2016,kenton on sea,ndlambe,sarah baartman,26.66674,-33.68053,116,1,82,3,2,0,34,231,0,8,42,5,6,3,14,6,21,31,6,24,8,7,0,28,1,27,0,0,6,4,35,0
2016/2017,kenton on sea,ndlambe,sarah baartman,26.66674,-33.68053,82,2,70,2,1,0,20,155,0,13,36,11,4,3,21,1,12,26,4,31,5,6,0,23,2,36,1,2,7,2,30,0
2017/2018,kenton on sea,ndlambe,sarah baartman,26.66674,-33.68053,88,0,78,0,2,0,17,142,0,6,54,10,7,3,26,2,13,23,4,20,16,6,0,32,1,24,0,3,10,3,12,0
2018/2019,kenton on sea,ndlambe,sarah baartman,26.66674,-33.68053,165,2,65,2,3,0,18,155,0,19,59,10,7,4,18,7,13,25,8,20,14,12,0,52,2,26,0,2,12,2,22,0
2019/2020,kenton on sea,ndlambe,sarah baartman,26.66674,-33.68053,135,1,54,4,0,0,11,191,0,23,76,19,6,5,43,0,13,34,5,18,6,10,0,40,1,19,0,1,9,1,23,0
2020/2021,kenton on sea,ndlambe,sarah baartman,26.66674,-33.68053,93,0,71,5,0,0,13,161,0,23,38,8,6,4,23,0,13,33,5,16,12,9,0,35,0,16,0,1,5,0,15,0
2021/2022,kenton on sea,ndlambe,sarah baartman,26.66674,-33.68053,94,2,72,3,1,0,9,115,0,32,48,8,6,1,70,1,13,27,2,11,7,13,0,35,4,16,0,2,2,0,10,0
2022/2023,kenton on sea,ndlambe,sarah baartman,26.66674,-33.68053,141,2,88,2,1,0,7,125,0,32,81,6,5,1,64,6,13,36,5,13,2,3,0,13,6,23,0,4,4,1,12,0
2023/2024,kenton on sea,sarah baartman district,sarah baartman district,26.66674,-33.68053,0,0,0,0,0,0,0,118,0,0,0,0,0,0,0,0,0,0,0,0,0,1,0,0,0,0,0,0,0,1,7,0
2024/2025,kenton on sea,sarah baartman district,sarah baartman district,26.66674,-33.68053,0,0,0,0,0,0,0,149,1,0,0,0,0,0,0,0,0,0,0,0,0,6,0,0,0,0,0,0,0,0,18,0
2008/2009,kestell,dihlabeng,thabo mofutsanyane,28.70516,-28.31452,51,0,27,1,1,0,11,27,0,0,28,2,6,16,9,0,1,27,2,6,3,0,0,6,0,7,0,1,66,4,3,0
2009/2010,kestell,dihlabeng,thabo mofutsanyane,28.70516,-28.31452,39,0,33,1,0,0,16,38,0,11,21,2,6,12,21,1,1,24,1,13,5,0,0,5,1,14,0,1,49,0,6,0
2010/2011,kestell,dihlabeng,thabo mofutsanyane,28.70516,-28.31452,26,1,30,0,0,0,25,35,1,140,22,1,7,10,23,1,1,19,1,11,5,0,0,9,2,14,0,0,48,2,6,0
2011/2012,kestell,dihlabeng,thabo mofutsanyane,28.70516,-28.31452,50,0,28,0,0,0,13,41,1,2,28,4,6,3,19,4,1,17,1,3,2,0,0,4,0,3,0,0,54,3,5,0
2012/2013,kestell,dihlabeng,thabo mofutsanyane,28.70516,-28.31452,40,1,44,0,0,0,21,62,0,6,27,6,8,11,22,2,1,12,1,10,4,0,0,5,1,15,0,0,70,6,5,1
2013/2014,kestell,dihlabeng,thabo mofutsanyane,28.70516,-28.31452,41,1,43,0,0,0,17,70,1,4,42,3,6,10,43,2,13,23,4,11,1,2,0,9,3,14,0,0,77,3,18,1
2014/2015,kestell,dihlabeng,thabo mofutsanyane,28.70516,-28.31452,39,0,50,1,0,0,14,56,0,2,27,6,7,5,27,3,12,29,1,12,8,2,0,16,2,15,0,0,39,9,8,2
2015/2016,kestell,dihlabeng,thabo mofutsanyane,28.70516,-28.31452,36,0,54,0,1,0,24,68,2,5,38,3,6,11,36,2,12,30,10,8,0,1,0,6,6,15,0,0,60,4,24,3
2016/2017,kestell,dihlabeng,thabo mofutsanyane,28.70516,-28.31452,65,0,48,2,0,0,35,62,2,10,33,7,6,9,21,3,12,21,0,8,3,2,0,12,4,12,1,0,60,4,19,0
2017/2018,kestell,dihlabeng,thabo mofutsanyane,28.70516,-28.31452,35,1,45,9,0,0,26,39,0,4,33,2,6,13,30,3,14,21,5,8,3,3,2,11,2,10,0,0,59,8,8,0
2018/2019,kestell,dihlabeng,thabo mofutsanyane,28.70516,-28.31452,28,0,43,5,1,0,12,45,0,5,43,3,6,3,5,3,12,22,4,5,3,2,0,11,2,8,0,0,79,5,9,0
2019/2020,kestell,dihlabeng,thabo mofutsanyane,28.70516,-28.31452,25,0,35,6,2,0,7,42,2,1,23,4,6,10,2,3,12,12,5,5,1,3,1,9,1,8,0,0,36,2,11,0
2020/2021,kestell,dihlabeng,thabo mofutsanyane,28.70516,-28.31452,42,1,20,2,0,0,9,36,1,8,10,2,6,6,5,0,12,11,4,6,3,2,0,9,1,7,0,0,22,6,6,0
2021/2022,kestell,dihlabeng,thabo mofutsanyane,28.70516,-28.31452,67,0,32,0,1,0,19,44,1,10,29,1,5,4,4,0,21,23,4,3,4,0,0,13,3,10,0,0,26,3,10,2
2022/2023,kestell,dihlabeng,thabo mofutsanyane,28.70516,-28.31452,84,0,40,2,0,0,15,52,0,9,26,3,6,5,3,1,13,23,9,9,3,3,0,8,2,11,0,0,39,0,16,0
2023/2024,kestell,thabo mofutsanyana district,thabo mofutsanyana district,28.70516,-28.31452,0,0,0,0,0,0,0,42,0,0,0,0,0,0,0,0,0,0,0,0,0,0,0,0,0,0,0,0,0,2,9,0
2024/2025,kestell,thabo mofutsanyana district,thabo mofutsanyana district,28.70516,-28.31452,0,0,0,0,0,0,0,35,1,0,0,0,0,0,0,0,0,0,0,0,0,1,0,0,0,0,0,0,0,1,6,0
2008/2009,kgomotso,greater taung,dr ruth segomotsi mompati,24.61279,-27.98218,35,1,83,0,1,0,29,28,1,8,41,5,4,1,13,1,1,25,0,13,0,0,0,6,0,16,0,0,25,1,1,0
2009/2010,kgomotso,greater taung,dr ruth segomotsi mompati,24.61279,-27.98218,37,4,84,2,1,0,34,33,0,7,42,3,7,1,5,0,1,24,1,8,2,1,0,6,3,13,0,2,32,0,5,0
2010/2011,kgomotso,greater taung,dr ruth segomotsi mompati,24.61279,-27.98218,25,1,71,3,1,0,34,24,2,0,44,6,5,1,12,2,1,18,2,10,12,3,0,18,4,18,0,0,14,1,1,0
2011/2012,kgomotso,greater taung,dr ruth segomotsi mompati,24.61279,-27.98218,16,4,85,1,3,0,46,26,0,0,32,4,6,0,11,1,1,20,1,6,18,2,0,22,3,12,0,0,34,0,1,0
2012/2013,kgomotso,greater taung,dr ruth segomotsi mompati,24.61279,-27.98218,17,1,65,2,2,0,17,33,0,0,23,7,6,0,16,0,1,17,1,17,8,4,0,15,2,21,0,0,21,0,3,0
2013/2014,kgomotso,greater taung,dr ruth segomotsi mompati,24.61279,-27.98218,16,4,59,1,0,0,7,49,0,1,25,11,6,0,14,0,12,11,0,13,9,1,0,10,0,13,0,0,14,1,2,0
2014/2015,kgomotso,greater taung,dr ruth segomotsi mompati,24.61279,-27.98218,287,1,60,1,2,0,8,32,0,0,26,5,6,0,14,1,12,12,1,18,9,4,0,15,2,22,0,0,17,0,2,0
2015/2016,kgomotso,greater taung,dr ruth segomotsi mompati,24.61279,-27.98218,11,0,61,4,0,0,16,40,0,0,20,8,6,0,16,0,12,23,3,17,15,7,0,23,0,17,0,0,20,0,1,0
2016/2017,kgomotso,greater taung,dr ruth segomotsi mompati,24.61279,-27.98218,12,0,53,0,3,0,13,36,0,0,32,2,6,0,46,1,12,18,2,14,9,2,0,11,2,19,0,0,15,1,1,0
2017/2018,kgomotso,greater taung,dr ruth segomotsi mompati,24.61279,-27.98218,17,0,101,0,2,0,5,36,0,2,35,3,6,0,41,1,13,26,0,18,7,8,0,16,1,21,0,0,43,0,1,0
2018/2019,kgomotso,greater taung,dr ruth segomotsi mompati,24.61279,-27.98218,13,1,42,2,1,0,19,26,0,0,20,4,6,1,29,1,21,11,0,11,3,2,0,6,0,12,0,0,28,0,2,0
2019/2020,kgomotso,greater taung,dr ruth segomotsi mompati,24.61279,-27.98218,12,0,60,3,3,0,6,26,0,1,28,5,6,1,1,0,12,13,0,8,4,1,0,5,1,12,0,0,38,0,2,0
2020/2021,kgomotso,greater taung,dr ruth segomotsi mompati,24.61279,-27.98218,4,1,24,0,3,0,3,12,0,1,21,0,7,1,1,2,12,8,1,16,2,1,0,3,0,20,0,0,33,0,1,0
2021/2022,kgomotso,greater taung,dr ruth segomotsi mompati,24.61279,-27.98218,5,3,34,2,4,0,6,22,2,0,23,2,6,0,6,1,14,9,4,11,5,11,0,19,2,17,0,0,20,0,0,0
2022/2023,kgomotso,greater taung,dr ruth segomotsi mompati,24.61279,-27.98218,6,1,49,0,1,0,11,18,0,0,7,2,6,0,8,0,13,12,1,24,1,2,0,5,1,26,0,0,23,1,1,0
2023/2024,kgomotso,dr ruth segomotsi mompati district,dr ruth segomotsi mompati district,24.61279,-27.98218,0,0,0,0,0,0,0,12,0,0,0,0,0,0,0,0,0,0,0,0,0,3,0,0,0,0,0,0,0,0,0,0
2024/2025,kgomotso,dr ruth segomotsi mompati district,dr ruth segomotsi mompati district,24.61279,-27.98218,0,0,0,0,0,0,0,28,0,0,0,0,0,0,0,0,0,0,0,0,0,2,0,0,0,0,0,0,0,0,0,0
2008/2009,khayelitsha,city of cape town,city of cape town,18.66599,-34.02464,496,14,556,60,4,0,66,403,32,40,650,160,47,146,448,88,1,359,121,158,40,62,1,747,31,216,0,71,0,96,54,2
2009/2010,khayelitsha,city of cape town,city of cape town,18.66599,-34.02464,348,19,554,90,15,0,88,385,22,45,670,193,37,319,549,93,1,333,124,174,62,73,0,711,51,258,0,115,0,114,76,0
2010/2011,khayelitsha,city of cape town,city of cape town,18.66599,-34.02464,387,17,614,98,8,0,91,326,22,68,516,190,22,221,625,84,1,389,124,200,82,51,0,606,23,251,0,105,0,110,140,0
2011/2012,khayelitsha,city of cape town,city of cape town,18.66599,-34.02464,426,12,630,140,14,0,99,350,37,130,682,167,21,291,756,121,1,393,160,174,137,61,0,789,28,247,1,244,0,70,129,6
2012/2013,khayelitsha,city of cape town,city of cape town,18.66599,-34.02464,471,12,706,207,12,0,126,455,44,192,774,221,22,292,669,110,1,437,168,200,143,84,1,987,9,241,3,191,0,58,132,4
2013/2014,khayelitsha,city of cape town,city of cape town,18.66599,-34.02464,716,13,686,144,12,0,143,477,59,132,773,250,29,291,803,128,51,503,146,172,121,83,0,1185,24,230,0,208,1,85,223,2
2014/2015,khayelitsha,city of cape town,city of cape town,18.66599,-34.02464,743,25,640,170,17,0,144,474,73,123,866,210,10,279,827,132,31,613,146,186,115,84,1,1421,20,229,0,222,0,92,217,5
2015/2016,khayelitsha,city of cape town,city of cape town,18.66599,-34.02464,831,17,681,183,13,0,150,487,80,147,912,181,12,181,1165,98,51,542,161,191,86,127,0,1226,12,223,0,167,0,82,136,9
2016/2017,khayelitsha,city of cape town,city of cape town,18.66599,-34.02464,931,15,632,256,6,0,156,497,145,136,826,198,10,209,1381,193,44,496,179,139,115,116,3,1529,5,156,0,254,0,110,143,7
2017/2018,khayelitsha,city of cape town,city of cape town,18.66599,-34.02464,678,16,551,181,6,0,127,364,144,165,896,177,9,261,1250,107,38,539,192,156,116,112,0,1294,19,186,0,229,0,74,122,9
2018/2019,khayelitsha,city of cape town,city of cape town,18.66599,-34.02464,612,32,480,153,5,0,112,398,138,160,918,182,36,233,739,125,42,515,221,114,41,159,0,1419,14,149,1,204,0,91,149,13
2019/2020,khayelitsha,city of cape town,city of cape town,18.66599,-34.02464,402,12,496,146,13,0,63,386,180,164,942,193,8,229,635,117,29,498,251,130,72,137,0,1335,14,161,0,166,0,65,103,15
2020/2021,khayelitsha,city of cape town,city of cape town,18.66599,-34.02464,309,12,368,173,7,0,64,240,170,143,859,140,9,34,353,82,7,567,265,133,50,186,0,1213,20,165,0,110,0,41,91,13
2021/2022,khayelitsha,city of cape town,city of cape town,18.66599,-34.02464,266,16,392,123,9,0,74,221,117,167,896,140,8,46,497,101,9,447,197,119,54,148,0,1060,15,147,0,116,0,46,60,3
2022/2023,khayelitsha,city of cape town,city of cape town,18.66599,-34.02464,318,9,387,110,11,0,47,239,149,133,820,127,5,56,948,94,7,478,167,138,24,123,0,1122,26,178,0,217,0,35,54,4
2023/2024,khayelitsha,city of cape town district,city of cape town district,18.66599,-34.02464,0,0,0,0,0,0,0,241,174,0,0,0,0,0,0,0,0,0,0,0,0,129,0,0,0,0,0,0,0,35,56,0
2024/2025,khayelitsha,city of cape town district,city of cape town district,18.66599,-34.02464,0,0,0,0,0,0,0,253,162,0,0,0,0,0,0,0,0,0,0,0,0,179,0,0,0,0,0,0,0,44,47,0
2023/2024,khowa,chris hani district,chris hani district,,,0,0,0,0,0,0,0,83,3,0,0,0,0,0,0,0,0,0,0,0,0,2,0,0,0,0,0,0,0,6,16,0
2024/2025,khowa,chris hani district,chris hani district,,,0,0,0,0,0,0,0,50,0,0,0,0,0,0,0,0,0,0,0,0,0,0,0,0,0,0,0,0,0,0,20,0
2008/2009,khubusidrift,amahlathi,amathole,27.62384,-32.56819,5,0,2,0,0,0,1,0,0,0,0,0,6,1,0,0,1,3,0,0,0,0,0,0,0,0,0,0,37,0,0,0
2009/2010,khubusidrift,amahlathi,amathole,27.62384,-32.56819,2,0,2,0,0,0,1,1,0,0,0,0,6,0,0,0,1,1,0,0,0,0,0,0,0,0,0,0,40,0,0,0
2010/2011,khubusidrift,amahlathi,amathole,27.62384,-32.56819,2,0,1,0,0,0,0,1,0,0,0,0,6,0,0,0,1,2,0,0,0,0,0,0,0,0,0,0,35,0,0,0
2011/2012,khubusidrift,amahlathi,amathole,27.62384,-32.56819,10,0,1,0,0,0,0,0,0,0,0,0,6,0,0,0,1,0,0,0,0,0,0,0,0,0,0,0,32,0,0,0
2012/2013,khubusidrift,amahlathi,amathole,27.62384,-32.56819,7,0,0,0,0,0,0,4,0,0,0,0,6,1,0,0,1,1,0,0,0,1,0,1,0,0,0,0,36,0,0,0
2013/2014,khubusidrift,amahlathi,amathole,27.62384,-32.56819,9,0,0,0,0,0,0,2,0,0,0,0,6,0,0,0,13,1,0,0,0,0,0,0,0,0,0,0,28,0,0,0
2014/2015,khubusidrift,amahlathi,amathole,27.62384,-32.56819,3,0,2,0,0,0,0,8,0,0,1,0,6,1,0,0,13,3,0,0,0,0,0,0,0,0,0,0,37,0,0,0
2015/2016,khubusidrift,amahlathi,amathole,27.62384,-32.56819,4,0,0,0,0,0,0,4,0,0,0,0,6,0,0,0,13,0,0,0,0,0,0,0,0,0,0,0,29,1,0,0
2016/2017,khubusidrift,amahlathi,amathole,27.62384,-32.56819,3,0,1,0,0,0,1,6,0,1,0,0,6,0,0,0,13,0,0,0,0,0,0,0,0,0,0,0,24,1,2,0
2017/2018,khubusidrift,amahlathi,amathole,27.62384,-32.56819,2,0,0,0,0,0,0,0,0,0,0,0,6,0,0,0,13,0,0,0,0,1,0,1,0,0,0,0,31,0,0,0
2018/2019,khubusidrift,amahlathi,amathole,27.62384,-32.56819,2,0,1,0,0,0,0,4,0,0,0,0,6,0,0,0,13,0,0,0,0,0,0,0,0,0,0,0,29,0,0,0
2019/2020,khubusidrift,amahlathi,amathole,27.62384,-32.56819,1,0,0,0,0,0,0,6,0,0,0,0,6,0,0,0,13,1,0,0,0,0,0,0,0,0,0,0,23,0,0,0
2020/2021,khubusidrift,amahlathi,amathole,27.62384,-32.56819,3,0,0,0,0,0,1,3,0,0,0,1,6,0,0,0,13,0,0,0,0,0,0,0,0,0,0,0,29,0,0,0
2021/2022,khubusidrift,amahlathi,amathole,27.62384,-32.56819,2,0,0,0,0,0,1,2,0,0,0,0,6,0,0,0,13,1,0,0,0,0,0,0,0,0,0,0,14,0,0,0
2022/2023,khubusidrift,amahlathi,amathole,27.62384,-32.56819,2,0,0,0,0,0,1,1,0,0,0,0,6,0,0,0,13,0,0,0,0,0,0,0,0,0,0,0,20,0,0,0
2023/2024,khubusidrift,amathole district,amathole district,27.62384,-32.56819,0,0,0,0,0,0,0,0,0,0,0,0,0,0,0,0,0,0,0,0,0,0,0,0,0,0,0,0,0,0,0,0
2024/2025,khubusidrift,amathole district,amathole district,27.62384,-32.56819,0,0,0,0,0,0,0,1,0,0,0,0,0,0,0,0,0,0,0,0,0,0,0,0,0,0,0,0,0,0,0,0
2008/2009,khuma,city of matlosana,dr kenneth kaunda,26.84686,-26.85147,111,10,214,45,2,1,28,163,2,5,52,25,7,43,134,10,1,59,15,64,5,3,0,60,7,74,0,1,7,4,17,0
2009/2010,khuma,city of matlosana,dr kenneth kaunda,26.84686,-26.85147,86,7,206,27,5,0,32,160,0,3,38,25,10,29,191,11,1,52,22,53,21,9,0,51,6,70,0,2,2,4,22,0
2010/2011,khuma,city of matlosana,dr kenneth kaunda,26.84686,-26.85147,79,12,227,38,4,0,29,101,1,3,50,25,8,35,154,3,1,62,24,41,12,13,1,48,3,52,0,1,10,8,27,0
2011/2012,khuma,city of matlosana,dr kenneth kaunda,26.84686,-26.85147,74,10,236,43,9,0,31,110,0,3,69,19,7,51,108,9,1,64,18,50,16,13,0,69,3,63,0,2,2,8,25,0
2012/2013,khuma,city of matlosana,dr kenneth kaunda,26.84686,-26.85147,97,13,279,31,4,0,38,93,3,8,72,17,5,43,73,7,1,88,22,91,24,21,0,90,3,101,0,1,7,8,19,0
2013/2014,khuma,city of matlosana,dr kenneth kaunda,26.84686,-26.85147,92,11,255,91,12,0,28,140,0,6,91,24,8,37,81,12,14,79,17,64,20,15,0,80,1,81,0,1,7,8,55,0
2014/2015,khuma,city of matlosana,dr kenneth kaunda,26.84686,-26.85147,94,5,226,73,12,0,30,153,1,4,94,23,32,34,92,10,25,91,24,111,21,15,0,83,5,140,0,1,9,7,23,0
2015/2016,khuma,city of matlosana,dr kenneth kaunda,26.84686,-26.85147,68,1,208,40,7,0,31,211,0,5,86,18,17,40,103,25,21,92,32,72,26,22,0,112,8,96,0,1,10,6,28,0
2016/2017,khuma,city of matlosana,dr kenneth kaunda,26.84686,-26.85147,94,7,184,19,4,0,43,236,3,7,116,24,3,14,95,28,22,95,27,70,30,24,0,112,9,96,0,1,16,6,57,0
2017/2018,khuma,city of matlosana,dr kenneth kaunda,26.84686,-26.85147,106,7,253,51,3,0,32,206,1,6,141,16,10,16,107,21,22,81,21,85,31,32,0,116,17,111,0,0,22,4,49,0
2018/2019,khuma,city of matlosana,dr kenneth kaunda,26.84686,-26.85147,137,5,251,31,0,0,50,232,1,9,165,25,17,9,102,17,17,79,14,59,21,40,0,128,3,71,1,0,20,7,34,0
2019/2020,khuma,city of matlosana,dr kenneth kaunda,26.84686,-26.85147,136,4,237,17,3,0,43,189,0,10,137,32,12,11,77,22,23,106,14,56,19,13,0,95,4,70,0,0,28,7,39,0
2020/2021,khuma,city of matlosana,dr kenneth kaunda,26.84686,-26.85147,114,7,199,29,2,0,36,161,1,38,121,24,4,5,15,24,26,86,13,45,11,15,0,69,10,59,0,0,9,10,24,0
2021/2022,khuma,city of matlosana,dr kenneth kaunda,26.84686,-26.85147,109,5,207,23,0,0,37,134,0,33,131,12,5,7,18,9,16,81,20,48,10,17,0,61,4,55,0,0,24,6,20,0
2022/2023,khuma,city of matlosana,dr kenneth kaunda,26.84686,-26.85147,98,7,213,19,2,0,21,78,1,18,132,10,7,4,21,16,25,83,27,45,12,15,0,44,7,55,0,0,6,14,15,0
2023/2024,khuma,dr kenneth kaunda district,dr kenneth kaunda district,26.84686,-26.85147,0,0,0,0,0,0,0,65,5,0,0,0,0,0,0,0,0,0,0,0,0,10,0,0,0,0,0,0,0,11,25,0
2024/2025,khuma,dr kenneth kaunda district,dr kenneth kaunda district,26.84686,-26.85147,0,0,0,0,0,0,0,82,3,0,0,0,0,0,0,0,0,0,0,0,0,26,0,0,0,0,0,0,0,7,27,0
2008/2009,khutsong,merafong city,west rand,27.33051,-26.34301,245,30,506,36,3,0,39,393,1,4,371,215,17,40,36,20,1,189,24,81,4,27,0,112,13,106,0,4,8,12,29,0
2009/2010,khutsong,merafong city,west rand,27.33051,-26.34301,239,15,473,20,2,0,28,375,1,11,355,148,32,40,46,12,1,151,18,72,10,27,0,88,18,104,0,6,4,10,47,0
2010/2011,khutsong,merafong city,west rand,27.33051,-26.34301,235,18,437,14,1,0,49,390,3,9,347,134,5,32,39,9,1,170,14,68,23,23,0,114,5,77,0,2,4,29,35,0
2011/2012,khutsong,merafong city,west rand,27.33051,-26.34301,216,20,379,7,6,0,47,339,1,7,326,122,9,49,124,11,1,139,21,90,35,24,0,137,6,107,0,2,2,21,24,0
2012/2013,khutsong,merafong city,west rand,27.33051,-26.34301,145,8,248,11,2,0,51,347,0,7,164,58,7,80,161,14,1,98,19,64,40,26,0,163,4,71,0,1,3,7,27,0
2013/2014,khutsong,merafong city,west rand,27.33051,-26.34301,147,9,302,11,1,0,37,285,0,8,125,55,7,49,447,19,14,106,19,48,16,18,0,150,3,53,0,1,5,14,35,0
2014/2015,khutsong,merafong city,west rand,27.33051,-26.34301,178,4,280,20,1,0,46,330,2,5,125,59,7,80,375,15,23,102,24,65,24,11,0,164,5,72,1,6,7,11,25,0
2015/2016,khutsong,merafong city,west rand,27.33051,-26.34301,176,7,281,9,4,0,53,339,1,9,167,38,4,87,200,8,22,95,22,68,38,21,0,142,4,78,0,6,10,10,34,0
2016/2017,khutsong,merafong city,west rand,27.33051,-26.34301,129,3,278,13,1,0,36,283,0,7,99,29,7,90,298,16,21,83,27,48,24,17,0,117,0,50,0,3,14,7,36,0
2017/2018,khutsong,merafong city,west rand,27.33051,-26.34301,147,1,224,12,3,0,36,287,1,7,111,30,6,92,450,32,14,67,16,59,27,40,0,133,3,65,0,9,8,11,16,0
2018/2019,khutsong,merafong city,west rand,27.33051,-26.34301,166,3,223,28,1,0,71,373,5,10,171,31,7,118,355,17,2,105,16,72,26,63,0,169,8,82,0,9,11,23,36,0
2019/2020,khutsong,merafong city,west rand,27.33051,-26.34301,227,1,280,29,4,0,69,403,3,17,217,70,4,195,410,24,16,116,23,64,24,36,0,237,7,77,0,7,9,27,37,0
2020/2021,khutsong,merafong city,west rand,27.33051,-26.34301,196,2,264,24,0,0,64,329,2,18,217,44,4,179,349,23,22,104,20,93,11,33,0,170,10,105,0,7,10,21,33,0
2021/2022,khutsong,merafong city,west rand,27.33051,-26.34301,190,5,247,11,2,0,37,201,2,13,225,40,6,190,345,16,3,109,32,41,22,24,0,167,12,55,0,2,11,4,18,0
2022/2023,khutsong,merafong city,west rand,27.33051,-26.34301,214,3,256,24,3,0,28,204,5,18,224,36,7,94,382,9,38,107,26,48,12,21,0,122,11,63,0,5,10,9,34,0
2023/2024,khutsong,west rand district,west rand district,27.33051,-26.34301,0,0,0,0,0,0,0,225,8,0,0,0,0,0,0,0,0,0,0,0,0,27,0,0,0,0,0,0,0,5,22,0
2024/2025,khutsong,west rand district,west rand district,27.33051,-26.34301,0,0,0,0,0,0,0,126,5,0,0,0,0,0,0,0,0,0,0,0,0,30,0,0,0,0,0,0,0,7,26,0
2023/2024,khwenxurha,amathole district,amathole district,,,0,0,0,0,0,0,0,16,1,0,0,0,0,0,0,0,0,0,0,0,0,2,0,0,0,0,0,0,0,3,0,0
2024/2025,khwenxurha,amathole district,amathole district,,,0,0,0,0,0,0,0,12,0,0,0,0,0,0,0,0,0,0,0,0,0,6,0,0,0,0,0,0,0,1,4,0
2008/2009,kidds beach,buffalo city,buffalo city,27.69525,-33.14929,73,2,34,2,1,0,2,62,0,0,19,5,4,9,6,0,1,15,7,17,1,0,0,9,1,21,0,0,22,3,19,0
2009/2010,kidds beach,buffalo city,buffalo city,27.69525,-33.14929,51,5,45,1,2,0,4,62,0,1,22,9,4,8,3,1,1,14,9,21,0,0,0,1,4,29,0,0,31,26,27,0
2010/2011,kidds beach,buffalo city,buffalo city,27.69525,-33.14929,77,1,52,3,1,0,12,99,0,0,24,10,7,8,7,2,1,16,6,18,0,1,0,7,3,23,0,0,30,15,24,0
2011/2012,kidds beach,buffalo city,buffalo city,27.69525,-33.14929,64,3,46,0,0,0,6,127,0,0,26,5,6,10,5,4,1,12,3,12,1,3,0,14,0,12,0,0,19,5,22,0
2012/2013,kidds beach,buffalo city,buffalo city,27.69525,-33.14929,68,7,51,2,0,0,11,84,0,1,14,2,6,5,5,2,1,30,5,18,5,8,0,19,3,21,0,0,24,3,13,0
2013/2014,kidds beach,buffalo city,buffalo city,27.69525,-33.14929,67,2,45,1,0,0,9,83,0,3,11,3,6,4,15,2,13,16,7,17,5,6,0,17,0,17,0,0,31,2,2,0
2014/2015,kidds beach,buffalo city,buffalo city,27.69525,-33.14929,72,4,34,3,0,0,3,85,1,1,11,3,6,0,17,3,12,12,9,12,5,3,0,17,2,14,0,0,33,4,10,0
2015/2016,kidds beach,buffalo city,buffalo city,27.69525,-33.14929,61,4,44,7,0,0,4,72,1,7,13,6,6,4,9,1,13,19,6,14,1,4,0,13,3,17,0,0,17,1,20,0
2016/2017,kidds beach,buffalo city,buffalo city,27.69525,-33.14929,57,1,46,1,0,0,8,72,0,2,11,0,7,5,8,1,21,22,4,15,3,3,0,12,3,19,1,0,14,6,16,0
2017/2018,kidds beach,buffalo city,buffalo city,27.69525,-33.14929,56,2,56,1,0,0,2,81,0,2,13,2,6,6,22,3,13,23,8,13,7,5,0,14,1,14,0,0,26,0,13,0
2018/2019,kidds beach,buffalo city,buffalo city,27.69525,-33.14929,51,1,56,2,1,0,2,114,0,6,14,1,6,4,17,3,13,14,12,18,3,2,0,6,3,22,0,0,21,0,3,0
2019/2020,kidds beach,buffalo city,buffalo city,27.69525,-33.14929,41,1,53,6,0,0,0,118,1,8,13,2,6,1,5,0,12,12,6,22,4,1,0,11,3,25,0,1,26,6,5,0
2020/2021,kidds beach,buffalo city,buffalo city,27.69525,-33.14929,38,2,25,3,0,0,5,59,1,10,15,7,6,3,16,1,13,16,7,13,5,2,0,11,3,16,0,1,14,1,6,0
2021/2022,kidds beach,buffalo city,buffalo city,27.69525,-33.14929,34,0,45,6,2,0,10,66,2,22,9,2,7,3,8,3,21,21,8,13,11,2,0,25,0,16,0,0,14,0,4,1
2022/2023,kidds beach,buffalo city,buffalo city,27.69525,-33.14929,32,0,54,5,1,0,12,76,1,24,5,4,6,3,16,2,13,18,7,13,7,3,0,20,2,16,0,2,22,1,7,0
2023/2024,kidds beach,buffalo city district,buffalo city district,27.69525,-33.14929,0,0,0,0,0,0,0,62,2,0,0,0,0,0,0,0,0,0,0,0,0,3,0,0,0,0,0,0,0,1,4,0
2024/2025,kidds beach,buffalo city district,buffalo city district,27.69525,-33.14929,0,0,0,0,0,0,0,71,3,0,0,0,0,0,0,0,0,0,0,0,0,3,0,0,0,0,0,0,0,3,5,0
2008/2009,kimberley,sol plaatje,frances baard,24.7632,-28.73487,1927,12,761,41,10,0,319,717,1,371,773,278,26,210,109,5,1,421,27,87,17,6,0,256,42,160,0,445,24,67,854,0
2009/2010,kimberley,sol plaatje,frances baard,24.7632,-28.73487,1810,14,749,39,8,0,318,730,3,373,855,335,18,253,96,4,1,408,16,69,19,3,0,237,29,117,0,511,25,62,635,1
2010/2011,kimberley,sol plaatje,frances baard,24.7632,-28.73487,1598,18,812,57,4,0,338,711,6,424,819,316,18,219,102,8,1,378,20,86,9,6,0,204,27,128,0,400,16,67,731,1
2011/2012,kimberley,sol plaatje,frances baard,24.7632,-28.73487,1603,9,594,49,22,0,308,639,0,363,657,225,8,233,140,6,1,330,17,74,12,5,0,182,20,120,1,336,15,79,820,0
2012/2013,kimberley,sol plaatje,frances baard,24.7632,-28.73487,1572,10,575,46,14,0,223,667,8,280,636,253,4,185,131,6,1,341,16,67,11,16,0,272,20,103,0,294,24,57,987,1
2013/2014,kimberley,sol plaatje,frances baard,24.7632,-28.73487,1632,8,554,39,11,0,310,908,6,357,585,394,10,160,146,3,25,348,19,91,22,10,1,265,17,125,1,330,29,59,1292,0
2014/2015,kimberley,sol plaatje,frances baard,24.7632,-28.73487,1616,1,503,48,10,0,289,764,2,302,590,310,8,225,191,9,23,430,17,69,22,21,0,269,19,102,1,300,18,78,1015,0
2015/2016,kimberley,sol plaatje,frances baard,24.7632,-28.73487,1571,11,479,44,13,0,275,653,10,329,588,339,8,142,232,8,22,344,12,53,18,8,1,245,12,82,7,308,28,90,980,0
2016/2017,kimberley,sol plaatje,frances baard,24.7632,-28.73487,1726,12,508,41,12,0,280,728,2,343,612,526,12,166,187,4,3,354,23,56,20,16,0,307,19,94,1,351,28,57,1035,0
2017/2018,kimberley,sol plaatje,frances baard,24.7632,-28.73487,1475,12,529,57,10,0,284,603,4,288,591,363,11,122,198,10,16,444,19,50,33,18,0,345,17,85,1,328,25,60,870,1
2018/2019,kimberley,sol plaatje,frances baard,24.7632,-28.73487,1667,20,507,42,10,0,366,680,3,330,566,422,8,107,125,8,25,465,10,63,28,17,0,432,29,106,2,315,12,37,1000,1
2019/2020,kimberley,sol plaatje,frances baard,24.7632,-28.73487,1741,10,471,44,14,0,263,665,6,345,677,450,5,126,118,3,36,443,15,60,17,14,0,425,23,100,0,361,17,40,872,0
2020/2021,kimberley,sol plaatje,frances baard,24.7632,-28.73487,1220,6,381,39,12,0,251,556,1,313,528,288,8,46,85,5,24,332,14,71,26,9,0,297,10,97,0,221,26,32,522,0
2021/2022,kimberley,sol plaatje,frances baard,24.7632,-28.73487,1243,14,386,45,7,0,227,427,2,392,564,243,11,77,63,4,21,401,24,62,25,14,0,259,19,96,0,219,28,38,407,0
2022/2023,kimberley,sol plaatje,frances baard,24.7632,-28.73487,1390,24,372,80,15,0,300,570,4,482,614,283,10,28,77,5,25,416,27,75,36,13,1,286,21,117,0,298,25,38,555,0
2023/2024,kimberley,frances baard district,frances baard district,24.7632,-28.73487,0,0,0,0,0,0,0,551,5,0,0,0,0,0,0,0,0,0,0,0,0,14,0,0,0,0,0,0,0,34,570,0
2024/2025,kimberley,frances baard district,frances baard district,24.7632,-28.73487,0,0,0,0,0,0,0,359,4,0,0,0,0,0,0,0,0,0,0,0,0,18,0,0,0,0,0,0,0,23,454,0
2008/2009,king william's town,,,,,845,13,403,13,8,0,105,361,7,470,301,191,11,647,47,8,1,233,28,75,9,5,0,214,9,100,0,420,15,93,221,0
2009/2010,king william's town,,,,,771,5,356,9,17,0,125,420,7,515,293,162,12,690,72,8,1,201,12,53,8,9,3,165,5,82,0,384,13,93,254,0
2010/2011,king william's town,,,,,742,8,318,6,8,0,85,422,6,610,221,151,12,321,74,6,1,221,16,62,13,4,3,154,4,81,0,374,2,91,222,0
2011/2012,king william's town,,,,,730,8,303,5,15,0,105,398,6,610,339,141,8,275,89,12,1,247,16,55,19,16,0,201,10,84,1,330,9,83,287,0
2012/2013,king william's town,,,,,760,14,323,11,11,0,151,338,6,466,291,130,4,296,76,6,1,246,12,59,18,12,0,205,6,78,0,330,8,87,265,0
2013/2014,king william's town,,,,,864,16,329,4,11,0,166,437,8,389,324,133,4,313,89,4,22,269,11,63,7,17,1,247,5,81,1,344,4,124,323,1
2014/2015,king william's town,,,,,819,3,250,9,10,0,90,429,6,293,288,158,5,376,95,9,23,243,12,47,20,18,1,266,2,62,0,348,6,95,402,0
2015/2016,king william's town,,,,,729,5,253,13,7,0,111,433,11,346,186,161,4,320,84,13,2,190,15,43,49,37,2,347,10,62,2,292,8,61,347,0
2016/2017,king william's town,,,,,757,1,285,9,10,0,99,510,7,328,171,174,4,275,94,8,28,251,12,45,49,21,0,337,14,71,0,254,6,36,330,0
2017/2018,king william's town,,,,,732,1,284,16,6,0,96,525,7,352,210,120,7,263,120,11,23,227,12,33,52,14,1,357,9,49,1,218,6,55,335,1
2018/2019,king william's town,,,,,722,5,295,10,7,1,170,474,14,414,195,151,7,227,103,12,25,255,20,38,37,20,1,379,19,65,0,201,7,70,457,0
2019/2020,king william's town,,,,,575,2,285,9,3,0,195,361,7,407,151,99,4,210,75,5,12,237,14,58,53,16,0,331,14,77,0,221,5,23,349,0
2020/2021,king william's town,,,,,442,2,182,21,2,0,158,241,8,530,113,74,6,58,68,3,12,170,23,43,51,9,1,213,5,50,0,148,1,40,212,0
2021/2022,king william's town,,,,,509,5,234,13,4,0,165,243,7,582,144,88,9,122,40,5,17,218,15,54,61,15,1,225,10,73,0,167,6,29,257,0
2022/2023,king william's town,,,,,503,1,224,12,6,0,197,291,10,486,135,81,7,42,104,15,27,222,28,33,76,11,0,247,17,57,0,134,6,29,258,0
2008/2009,kingsley,emadlangeni,amajuba,30.53045,-27.93065,30,1,17,0,1,0,2,15,0,4,16,4,6,4,8,0,1,3,1,4,1,0,0,1,0,5,0,0,73,2,1,0
2009/2010,kingsley,emadlangeni,amajuba,30.53045,-27.93065,31,1,16,0,0,0,5,13,0,1,16,1,6,4,1,2,1,3,2,6,0,0,0,3,1,7,0,0,65,4,8,0
2010/2011,kingsley,emadlangeni,amajuba,30.53045,-27.93065,20,0,12,1,0,0,0,7,0,2,13,0,6,4,2,1,1,7,1,3,0,1,0,2,1,4,0,0,54,0,4,0
2011/2012,kingsley,emadlangeni,amajuba,30.53045,-27.93065,25,0,5,0,1,0,2,9,0,2,7,4,6,6,4,0,1,7,0,2,0,0,0,3,0,3,0,0,60,0,2,0
2012/2013,kingsley,emadlangeni,amajuba,30.53045,-27.93065,30,0,7,1,0,0,0,10,1,3,11,0,6,9,2,0,1,2,0,3,0,0,0,1,0,3,0,0,48,0,2,0
2013/2014,kingsley,emadlangeni,amajuba,30.53045,-27.93065,11,1,11,0,0,0,1,3,0,1,4,0,6,7,8,0,13,3,2,1,0,0,0,2,0,1,0,0,37,0,5,0
2014/2015,kingsley,emadlangeni,amajuba,30.53045,-27.93065,15,0,15,2,0,0,0,5,0,1,5,0,6,13,20,10,13,0,0,2,1,0,0,2,1,3,0,0,34,0,2,0
2015/2016,kingsley,emadlangeni,amajuba,30.53045,-27.93065,5,0,5,1,0,0,1,4,1,1,2,2,6,9,23,4,13,3,3,1,0,0,0,2,0,1,0,0,19,0,2,0
2016/2017,kingsley,emadlangeni,amajuba,30.53045,-27.93065,11,1,9,1,0,0,3,2,1,1,0,0,6,18,24,2,13,3,0,1,0,0,0,3,0,1,0,0,16,1,0,0
2017/2018,kingsley,emadlangeni,amajuba,30.53045,-27.93065,5,0,7,1,0,0,1,1,2,0,0,1,6,20,25,0,13,1,0,2,0,1,0,5,0,2,0,0,16,0,0,0
2018/2019,kingsley,emadlangeni,amajuba,30.53045,-27.93065,10,0,5,0,0,0,3,3,0,2,2,1,6,21,11,3,13,2,0,1,0,2,0,3,0,1,0,0,22,1,1,0
2019/2020,kingsley,emadlangeni,amajuba,30.53045,-27.93065,6,0,6,0,0,0,0,1,0,0,1,0,6,22,0,2,21,2,0,2,0,0,0,1,0,2,0,0,27,0,1,0
2020/2021,kingsley,emadlangeni,amajuba,30.53045,-27.93065,15,0,7,1,0,0,0,0,0,1,8,1,6,22,1,0,13,1,1,4,0,2,0,2,0,4,0,0,38,0,0,0
2021/2022,kingsley,emadlangeni,amajuba,30.53045,-27.93065,22,0,13,1,0,0,1,3,0,0,4,0,6,26,0,0,13,3,3,1,0,0,0,0,0,1,0,0,39,0,0,0
2022/2023,kingsley,emadlangeni,amajuba,30.53045,-27.93065,27,0,4,1,0,0,0,4,1,0,7,1,6,9,4,6,21,5,0,5,0,0,1,5,0,5,0,0,46,0,0,0
2023/2024,kingsley,amajuba district,amajuba district,30.53045,-27.93065,0,0,0,0,0,0,0,4,1,0,0,0,0,0,0,0,0,0,0,0,0,0,0,0,0,0,0,0,0,1,3,0
2024/2025,kingsley,amajuba district,amajuba district,30.53045,-27.93065,0,0,0,0,0,0,0,3,0,0,0,0,0,0,0,0,0,0,0,0,0,0,0,0,0,0,0,0,0,2,1,0
2008/2009,kinkelbos,sundays river valley,sarah baartman,25.87827,-33.64669,52,0,22,0,0,0,4,34,1,13,13,2,6,20,22,2,1,8,2,7,0,1,0,2,3,10,0,0,3,4,10,0
2009/2010,kinkelbos,sundays river valley,sarah baartman,25.87827,-33.64669,33,0,19,1,1,0,3,27,1,16,15,1,6,41,8,2,1,10,0,4,1,0,0,4,6,11,0,13,6,0,7,2
2010/2011,kinkelbos,sundays river valley,sarah baartman,25.87827,-33.64669,50,0,23,1,0,0,1,19,0,6,7,2,6,60,24,0,1,3,0,3,0,2,1,3,3,6,0,9,1,4,5,0
2011/2012,kinkelbos,sundays river valley,sarah baartman,25.87827,-33.64669,36,1,15,0,2,0,1,36,0,5,6,2,6,81,13,1,1,8,0,5,1,1,0,5,0,7,0,7,1,5,9,1
2012/2013,kinkelbos,sundays river valley,sarah baartman,25.87827,-33.64669,39,0,12,2,0,0,0,24,1,1,1,0,7,74,21,3,1,6,1,5,0,0,0,3,1,7,0,7,6,1,8,0
2013/2014,kinkelbos,sundays river valley,sarah baartman,25.87827,-33.64669,34,0,14,2,0,0,0,20,0,1,11,0,6,85,16,2,13,9,3,4,0,0,0,1,0,4,0,8,3,0,15,0
2014/2015,kinkelbos,sundays river valley,sarah baartman,25.87827,-33.64669,38,2,10,1,0,0,0,30,0,3,4,1,6,88,10,0,13,7,0,5,0,0,0,1,2,7,0,6,2,1,10,0
2015/2016,kinkelbos,sundays river valley,sarah baartman,25.87827,-33.64669,33,0,6,0,0,0,1,18,0,9,6,1,6,83,9,3,13,10,0,3,0,0,0,3,0,3,0,2,2,1,4,3
2016/2017,kinkelbos,sundays river valley,sarah baartman,25.87827,-33.64669,46,0,3,2,0,0,3,54,0,4,7,1,6,62,17,4,13,5,0,3,1,1,0,6,0,3,0,6,2,1,11,2
2017/2018,kinkelbos,sundays river valley,sarah baartman,25.87827,-33.64669,44,1,18,0,1,0,2,37,0,2,8,0,6,52,28,4,13,9,0,4,0,4,0,5,1,6,0,4,6,1,13,0
2018/2019,kinkelbos,sundays river valley,sarah baartman,25.87827,-33.64669,44,0,16,1,0,0,10,69,0,5,9,1,6,43,16,1,12,10,0,1,0,2,0,10,1,2,0,2,4,3,18,7
2019/2020,kinkelbos,sundays river valley,sarah baartman,25.87827,-33.64669,48,1,8,4,0,0,3,49,1,9,10,1,6,23,12,4,13,10,1,2,2,3,0,7,1,3,0,8,6,1,11,1
2020/2021,kinkelbos,sundays river valley,sarah baartman,25.87827,-33.64669,43,0,9,1,0,0,2,45,0,11,9,0,6,18,6,2,13,8,0,2,1,3,0,11,0,2,0,3,1,1,21,5
2021/2022,kinkelbos,sundays river valley,sarah baartman,25.87827,-33.64669,54,0,10,5,0,0,1,41,0,13,19,0,6,8,7,3,13,7,1,0,2,4,0,11,1,1,0,3,0,0,6,2
2022/2023,kinkelbos,sundays river valley,sarah baartman,25.87827,-33.64669,77,1,13,1,0,0,1,68,0,10,17,0,6,6,9,4,13,18,0,1,0,3,0,5,0,1,0,0,2,2,14,1
2023/2024,kinkelbos,sarah baartman district,sarah baartman district,25.87827,-33.64669,0,0,0,0,0,0,0,62,0,0,0,0,0,0,0,0,0,0,0,0,0,3,0,0,0,0,0,0,0,2,8,0
2024/2025,kinkelbos,sarah baartman district,sarah baartman district,25.87827,-33.64669,0,0,0,0,0,0,0,45,2,0,0,0,0,0,0,0,0,0,0,0,0,1,0,0,0,0,0,0,0,1,8,0
2008/2009,kinross,govan mbeki,gert sibande,29.08508,-26.4154,73,3,67,2,1,0,20,51,5,11,61,18,8,25,3,3,1,19,5,11,1,5,0,23,0,16,0,0,0,26,21,1
2009/2010,kinross,govan mbeki,gert sibande,29.08508,-26.4154,67,4,64,2,0,0,23,90,4,21,46,8,8,15,29,1,1,27,2,21,8,6,0,29,1,26,0,0,4,27,38,2
2010/2011,kinross,govan mbeki,gert sibande,29.08508,-26.4154,52,0,43,0,1,0,4,80,2,11,37,7,6,8,52,1,1,21,2,11,2,7,0,24,1,13,0,1,1,22,33,0
2011/2012,kinross,govan mbeki,gert sibande,29.08508,-26.4154,60,0,44,2,2,0,16,78,0,12,30,5,6,59,47,1,1,15,3,9,2,3,0,14,2,13,0,0,2,22,26,1
2012/2013,kinross,govan mbeki,gert sibande,29.08508,-26.4154,55,1,55,4,0,0,14,120,1,20,16,5,7,31,66,2,1,10,4,7,4,1,0,14,2,10,0,0,2,16,50,1
2013/2014,kinross,govan mbeki,gert sibande,29.08508,-26.4154,79,1,46,3,0,0,8,132,6,12,18,11,6,22,57,0,12,23,11,11,3,11,0,31,0,11,1,0,6,21,50,1
2014/2015,kinross,govan mbeki,gert sibande,29.08508,-26.4154,69,3,50,6,1,0,10,123,0,8,22,5,6,17,65,8,12,20,5,10,14,7,0,30,0,11,1,0,3,12,51,0
2015/2016,kinross,govan mbeki,gert sibande,29.08508,-26.4154,68,2,65,4,1,0,16,146,4,16,20,18,6,14,89,9,13,23,11,12,7,4,0,19,0,13,0,0,3,11,60,0
2016/2017,kinross,govan mbeki,gert sibande,29.08508,-26.4154,75,3,45,5,0,0,18,186,11,19,22,13,6,27,86,2,12,23,14,18,5,7,1,35,3,21,0,0,7,10,43,0
2017/2018,kinross,govan mbeki,gert sibande,29.08508,-26.4154,85,2,68,5,1,0,21,214,3,14,25,15,6,46,113,0,13,27,5,7,7,5,0,25,1,9,0,0,8,13,33,0
2018/2019,kinross,govan mbeki,gert sibande,29.08508,-26.4154,94,2,88,6,1,0,25,129,6,13,58,14,6,36,69,1,17,27,11,30,4,4,0,25,8,39,1,0,18,21,36,0
2019/2020,kinross,govan mbeki,gert sibande,29.08508,-26.4154,99,2,73,8,0,0,28,140,20,12,40,17,6,44,49,3,12,17,6,10,11,6,0,51,7,17,0,0,18,13,34,0
2020/2021,kinross,govan mbeki,gert sibande,29.08508,-26.4154,91,2,64,8,0,0,26,150,13,10,31,14,6,11,8,1,14,32,10,14,9,2,0,37,0,14,0,0,18,6,30,0
2021/2022,kinross,govan mbeki,gert sibande,29.08508,-26.4154,81,1,68,6,2,0,11,108,43,13,39,14,6,6,8,2,25,33,2,12,12,4,2,77,1,15,0,2,16,14,15,1
2022/2023,kinross,govan mbeki,gert sibande,29.08508,-26.4154,78,1,73,4,1,0,10,105,31,19,43,16,6,5,20,1,26,35,6,14,12,5,0,63,3,18,0,0,10,7,15,2
2023/2024,kinross,gert sibande district,gert sibande district,29.08508,-26.4154,0,0,0,0,0,0,0,57,43,0,0,0,0,0,0,0,0,0,0,0,0,1,0,0,0,0,0,0,0,1,22,0
2024/2025,kinross,gert sibande district,gert sibande district,29.08508,-26.4154,0,0,0,0,0,0,0,67,11,0,0,0,0,0,0,0,0,0,0,0,0,0,0,0,0,0,0,0,0,9,19,0
2008/2009,kirkwood,sundays river valley,sarah baartman,25.44409,-33.39892,205,4,314,17,10,0,19,207,0,8,165,35,4,11,84,5,1,66,13,54,1,2,0,17,2,68,0,10,37,6,25,0
2009/2010,kirkwood,sundays river valley,sarah baartman,25.44409,-33.39892,170,7,277,9,11,0,33,165,2,16,133,22,8,47,88,3,1,46,19,60,5,5,0,18,2,77,0,11,22,10,21,1
2010/2011,kirkwood,sundays river valley,sarah baartman,25.44409,-33.39892,132,2,201,5,6,0,55,130,1,13,94,11,5,26,100,1,1,45,15,41,4,1,1,11,3,53,0,11,38,6,25,0
2011/2012,kirkwood,sundays river valley,sarah baartman,25.44409,-33.39892,147,6,217,8,6,0,46,174,0,13,85,21,6,17,127,2,1,44,15,34,8,6,0,23,1,41,0,10,47,6,22,0
2012/2013,kirkwood,sundays river valley,sarah baartman,25.44409,-33.39892,161,1,248,5,1,0,45,136,0,12,122,13,7,8,112,4,1,60,15,44,5,4,0,30,2,48,0,13,35,8,26,0
2013/2014,kirkwood,sundays river valley,sarah baartman,25.44409,-33.39892,172,5,260,10,4,0,43,141,1,19,141,17,7,10,167,5,12,64,17,46,5,4,0,23,4,55,1,24,44,9,29,0
2014/2015,kirkwood,sundays river valley,sarah baartman,25.44409,-33.39892,172,2,282,5,3,0,58,152,1,14,136,25,6,9,155,0,14,59,14,51,3,2,0,11,2,56,0,18,27,3,26,0
2015/2016,kirkwood,sundays river valley,sarah baartman,25.44409,-33.39892,123,4,256,6,1,0,46,157,2,8,137,20,4,9,137,2,12,47,12,48,1,3,0,20,9,60,0,17,27,2,29,0
2016/2017,kirkwood,sundays river valley,sarah baartman,25.44409,-33.39892,157,2,197,1,2,0,47,145,2,13,111,16,9,5,144,4,12,61,13,41,4,4,0,28,3,51,0,19,27,6,26,0
2017/2018,kirkwood,sundays river valley,sarah baartman,25.44409,-33.39892,167,2,230,7,2,0,46,157,0,9,127,30,4,0,45,1,13,56,10,40,2,2,0,27,6,50,0,16,30,7,20,2
2018/2019,kirkwood,sundays river valley,sarah baartman,25.44409,-33.39892,214,6,264,4,1,0,46,124,0,16,167,21,6,6,32,1,12,98,16,37,3,7,0,27,5,43,0,29,25,10,22,0
2019/2020,kirkwood,sundays river valley,sarah baartman,25.44409,-33.39892,201,2,245,2,3,0,62,129,0,24,143,23,7,8,13,9,12,72,13,44,8,6,0,37,1,49,0,19,23,2,36,0
2020/2021,kirkwood,sundays river valley,sarah baartman,25.44409,-33.39892,210,8,240,13,1,0,58,145,1,36,106,12,6,1,6,1,21,78,12,32,3,14,0,36,8,41,0,6,30,9,36,0
2021/2022,kirkwood,sundays river valley,sarah baartman,25.44409,-33.39892,256,5,282,11,3,0,40,132,0,39,154,29,6,1,11,0,14,105,31,35,8,7,0,34,4,42,2,4,31,2,23,1
2022/2023,kirkwood,sundays river valley,sarah baartman,25.44409,-33.39892,255,9,266,9,3,0,57,168,1,34,155,20,6,3,31,1,23,120,28,53,6,5,0,49,6,62,2,19,31,1,29,3
2008/2009,kirstenhof,city of cape town,city of cape town,18.45524,-34.07219,815,4,67,9,2,0,128,443,0,155,186,58,18,68,201,4,1,224,5,39,5,14,0,83,2,54,0,209,0,104,340,0
2009/2010,kirstenhof,city of cape town,city of cape town,18.45524,-34.07219,814,0,61,7,0,0,140,438,3,227,159,56,17,85,230,5,1,222,3,39,4,20,0,87,8,56,0,226,0,104,469,1
2010/2011,kirstenhof,city of cape town,city of cape town,18.45524,-34.07219,818,3,66,5,1,0,93,468,3,212,171,71,5,94,278,10,1,256,4,31,0,8,0,62,6,41,0,286,0,104,501,0
2011/2012,kirstenhof,city of cape town,city of cape town,18.45524,-34.07219,837,1,63,2,3,0,65,402,2,180,97,59,7,66,294,2,1,254,2,24,3,15,0,60,7,35,3,205,0,80,485,0
2012/2013,kirstenhof,city of cape town,city of cape town,18.45524,-34.07219,1068,2,66,4,0,0,133,500,2,136,150,57,8,59,369,2,1,282,3,40,10,15,0,76,7,51,4,134,0,110,536,0
2013/2014,kirstenhof,city of cape town,city of cape town,18.45524,-34.07219,959,4,61,0,1,0,84,376,3,143,128,50,7,51,404,5,23,213,2,37,4,7,1,63,5,44,1,145,0,151,380,0
2014/2015,kirstenhof,city of cape town,city of cape town,18.45524,-34.07219,907,4,68,4,0,0,82,438,3,100,127,63,4,64,350,2,14,212,3,28,12,4,0,81,3,33,2,132,0,141,439,0
2015/2016,kirstenhof,city of cape town,city of cape town,18.45524,-34.07219,811,2,53,6,1,0,64,400,5,138,134,69,4,83,319,1,13,164,2,34,5,17,1,97,7,44,0,90,0,80,351,0
2016/2017,kirstenhof,city of cape town,city of cape town,18.45524,-34.07219,756,2,62,3,0,0,78,241,7,123,90,63,4,62,189,3,12,158,4,32,6,14,0,105,12,46,0,210,0,73,247,0
2017/2018,kirstenhof,city of cape town,city of cape town,18.45524,-34.07219,720,2,47,4,0,0,101,309,8,143,97,42,7,37,130,7,12,158,1,23,8,11,0,94,3,27,0,272,0,61,210,0
2018/2019,kirstenhof,city of cape town,city of cape town,18.45524,-34.07219,118,0,110,1,0,0,29,55,0,4,118,12,6,19,338,6,13,38,2,17,0,0,0,3,4,21,0,0,42,1,8,0
2019/2020,kirstenhof,city of cape town,city of cape town,18.45524,-34.07219,109,1,115,1,0,0,11,33,0,0,115,7,5,11,313,3,13,49,4,6,0,0,0,5,10,19,0,1,45,0,21,0
2020/2021,kirstenhof,city of cape town,city of cape town,18.45524,-34.07219,124,2,80,23,1,0,19,40,0,3,109,7,6,7,179,0,13,42,4,12,1,1,0,10,3,16,0,0,45,0,18,0
2021/2022,kirstenhof,city of cape town,city of cape town,18.45524,-34.07219,111,0,131,4,1,0,20,48,0,4,87,1,6,4,119,2,13,42,4,17,1,0,0,5,5,23,0,0,22,0,7,0
2022/2023,kirstenhof,city of cape town,city of cape town,18.45524,-34.07219,127,3,88,2,0,0,26,71,0,9,111,7,6,3,118,1,12,47,3,12,2,0,0,8,8,20,0,1,29,0,23,0
2023/2024,kirstenhof,city of cape town district,city of cape town district,18.45524,-34.07219,0,0,0,0,0,0,0,112,2,0,0,0,0,0,0,0,0,0,0,0,0,6,0,0,0,0,0,0,0,40,166,0
2024/2025,kirstenhof,city of cape town district,city of cape town district,18.45524,-34.07219,0,0,0,0,0,0,0,98,5,0,0,0,0,0,0,0,0,0,0,0,0,5,0,0,0,0,0,0,0,22,153,0
2008/2009,klapmuts,drakenstein,cape winelands,18.86272,-33.80679,142,3,58,1,0,0,42,53,0,8,34,7,7,23,125,0,1,29,7,16,3,1,0,11,5,22,0,1,35,7,13,0
2009/2010,klapmuts,drakenstein,cape winelands,18.86272,-33.80679,185,3,70,7,1,0,31,62,1,13,56,8,6,24,151,3,1,41,4,54,0,2,0,9,5,60,0,4,30,9,25,0
2010/2011,klapmuts,drakenstein,cape winelands,18.86272,-33.80679,185,0,74,29,1,0,66,82,1,10,67,9,4,24,167,2,1,41,8,21,3,2,0,15,7,31,0,8,23,5,42,0
2011/2012,klapmuts,drakenstein,cape winelands,18.86272,-33.80679,246,2,92,27,2,0,65,105,2,8,78,17,6,18,169,6,1,35,4,34,3,5,0,21,10,46,0,13,17,3,67,0
2012/2013,klapmuts,drakenstein,cape winelands,18.86272,-33.80679,173,10,97,29,0,0,51,70,1,6,71,21,6,18,204,3,1,64,8,23,12,0,0,18,10,33,0,8,31,4,57,0
2013/2014,klapmuts,drakenstein,cape winelands,18.86272,-33.80679,287,3,103,22,4,0,75,97,0,4,60,13,6,16,170,1,12,54,5,23,16,2,0,29,6,33,0,4,22,7,42,0
2014/2015,klapmuts,drakenstein,cape winelands,18.86272,-33.80679,334,4,122,17,3,0,83,120,4,6,77,19,6,9,127,3,13,83,7,25,9,9,0,57,3,31,0,10,18,10,62,0
2015/2016,klapmuts,drakenstein,cape winelands,18.86272,-33.80679,262,1,137,19,2,0,64,86,1,11,99,36,7,17,149,1,13,81,16,36,6,11,0,46,4,43,1,13,15,8,85,0
2016/2017,klapmuts,drakenstein,cape winelands,18.86272,-33.80679,216,2,152,13,1,0,63,118,0,16,84,28,7,31,289,5,13,84,11,18,1,4,0,51,9,29,0,17,7,5,58,2
2017/2018,klapmuts,drakenstein,cape winelands,18.86272,-33.80679,197,2,136,18,4,0,67,152,1,19,50,18,6,19,315,8,13,91,13,24,11,17,0,75,9,37,0,11,17,6,79,2
2018/2019,klapmuts,drakenstein,cape winelands,18.86272,-33.80679,271,1,170,12,0,0,44,132,5,26,73,13,7,18,197,1,13,97,8,16,6,1,1,48,8,25,0,18,22,12,54,2
2019/2020,klapmuts,drakenstein,cape winelands,18.86272,-33.80679,271,3,125,22,0,0,56,144,3,17,89,15,7,12,190,11,14,83,15,20,6,4,1,53,7,28,0,20,6,10,47,1
2020/2021,klapmuts,drakenstein,cape winelands,18.86272,-33.80679,190,2,130,10,0,0,70,83,1,30,115,11,7,20,142,5,14,79,11,27,6,4,0,36,3,31,0,7,17,2,43,1
2021/2022,klapmuts,drakenstein,cape winelands,18.86272,-33.80679,216,5,150,11,0,0,56,74,3,31,130,16,6,40,101,4,12,85,11,25,7,1,0,43,8,33,1,17,22,3,35,3
2022/2023,klapmuts,drakenstein,cape winelands,18.86272,-33.80679,218,3,193,13,3,0,49,91,5,34,158,18,4,28,129,2,2,110,16,23,9,6,0,62,3,31,0,26,13,1,36,5
2023/2024,klapmuts,cape winelands district,cape winelands district,18.86272,-33.80679,0,0,0,0,0,0,0,109,2,0,0,0,0,0,0,0,0,0,0,0,0,7,0,0,0,0,0,0,0,8,58,0
2024/2025,klapmuts,cape winelands district,cape winelands district,18.86272,-33.80679,0,0,0,0,0,0,0,64,3,0,0,0,0,0,0,0,0,0,0,0,0,6,0,0,0,0,0,0,0,4,43,0
2008/2009,klawer,matzikama,west coast,18.62512,-31.77222,56,0,83,0,1,0,23,34,0,3,38,3,4,15,122,3,1,27,5,16,0,0,0,0,7,26,0,29,10,3,4,0
2009/2010,klawer,matzikama,west coast,18.62512,-31.77222,60,0,82,1,3,0,8,27,0,2,39,1,7,26,133,0,1,24,2,18,0,1,0,1,3,25,0,17,17,0,8,0
2010/2011,klawer,matzikama,west coast,18.62512,-31.77222,57,2,97,2,0,0,10,36,0,2,58,5,6,40,134,0,1,26,6,18,0,0,0,2,6,24,0,6,10,0,9,0
2011/2012,klawer,matzikama,west coast,18.62512,-31.77222,64,3,79,0,1,0,18,59,0,0,59,2,7,22,133,1,1,13,6,15,3,0,0,5,6,23,0,7,5,1,12,0
2012/2013,klawer,matzikama,west coast,18.62512,-31.77222,68,0,114,1,1,0,38,65,0,1,68,10,7,14,150,2,1,44,6,18,3,0,0,8,8,28,0,6,16,1,22,0
2013/2014,klawer,matzikama,west coast,18.62512,-31.77222,64,0,74,1,3,0,9,47,0,2,52,2,7,29,133,2,12,26,6,16,0,0,0,6,4,24,0,16,5,0,11,0
2014/2015,klawer,matzikama,west coast,18.62512,-31.77222,53,3,86,0,2,0,29,40,0,7,40,5,4,26,106,2,13,15,5,9,0,2,0,4,2,15,0,20,12,3,9,0
2015/2016,klawer,matzikama,west coast,18.62512,-31.77222,62,2,62,4,2,0,31,38,0,2,49,3,7,24,99,0,23,27,5,22,2,2,0,7,4,29,0,5,6,2,10,0
2016/2017,klawer,matzikama,west coast,18.62512,-31.77222,42,2,93,1,1,0,17,45,0,3,72,7,6,35,157,0,13,23,6,22,1,0,0,5,12,35,0,5,3,1,9,0
2017/2018,klawer,matzikama,west coast,18.62512,-31.77222,72,2,85,3,3,0,16,66,0,4,83,7,7,35,147,6,13,33,4,5,1,0,0,4,4,13,0,20,8,0,5,0
2018/2019,klawer,matzikama,west coast,18.62512,-31.77222,97,0,115,3,5,0,15,73,0,12,104,12,6,32,96,1,13,41,3,14,2,0,0,7,5,24,0,2,12,0,5,0
2019/2020,klawer,matzikama,west coast,18.62512,-31.77222,92,2,86,3,4,0,5,66,0,6,85,6,6,36,61,1,12,29,3,13,0,0,0,6,8,25,0,0,7,0,16,0
2020/2021,klawer,matzikama,west coast,18.62512,-31.77222,99,0,116,4,1,0,24,87,0,8,70,4,7,21,41,0,17,34,1,19,0,0,0,3,6,27,0,1,16,0,21,0
2021/2022,klawer,matzikama,west coast,18.62512,-31.77222,92,0,108,5,2,0,29,89,0,15,91,7,7,18,46,1,12,37,9,19,1,4,0,12,4,26,0,1,8,1,18,0
2022/2023,klawer,matzikama,west coast,18.62512,-31.77222,155,1,137,2,1,0,27,72,0,15,88,8,6,27,40,0,14,54,4,15,3,0,0,8,6,22,0,7,6,1,15,0
2023/2024,klawer,west coast district,west coast district,18.62512,-31.77222,0,0,0,0,0,0,0,69,0,0,0,0,0,0,0,0,0,0,0,0,0,3,0,0,0,0,0,0,0,0,17,0
2024/2025,klawer,west coast district,west coast district,18.62512,-31.77222,0,0,0,0,0,0,0,48,0,0,0,0,0,0,0,0,0,0,0,0,0,3,0,0,0,0,0,0,0,0,10,0
2008/2009,kleinbulhoek,enoch mgijima,chris hani,26.575,-32.16655,7,2,20,1,4,0,2,13,0,0,4,0,6,0,5,0,1,3,6,12,0,0,0,1,1,17,0,0,12,1,1,0
2009/2010,kleinbulhoek,enoch mgijima,chris hani,26.575,-32.16655,3,0,33,0,0,0,1,13,0,1,10,3,5,1,7,0,1,6,3,9,0,0,0,0,0,12,0,0,7,0,1,0
2010/2011,kleinbulhoek,enoch mgijima,chris hani,26.575,-32.16655,5,0,20,0,0,0,0,17,0,0,6,1,6,2,3,2,1,4,3,9,1,0,0,2,0,9,0,0,1,0,0,0
2011/2012,kleinbulhoek,enoch mgijima,chris hani,26.575,-32.16655,7,1,27,0,0,0,0,8,0,1,10,1,6,0,10,0,1,5,1,9,0,0,0,0,1,10,0,0,13,1,0,0
2012/2013,kleinbulhoek,enoch mgijima,chris hani,26.575,-32.16655,10,1,32,0,2,0,3,15,0,0,5,0,6,0,10,1,1,6,2,7,2,3,0,5,0,9,0,0,13,1,2,0
2013/2014,kleinbulhoek,enoch mgijima,chris hani,26.575,-32.16655,4,1,17,0,0,0,2,20,0,0,4,1,6,0,7,0,13,6,3,0,0,0,0,0,0,0,0,0,9,0,1,0
2014/2015,kleinbulhoek,enoch mgijima,chris hani,26.575,-32.16655,8,0,25,0,0,0,4,10,0,0,7,0,6,1,13,0,13,5,4,7,0,4,0,5,0,7,0,0,17,0,3,0
2015/2016,kleinbulhoek,enoch mgijima,chris hani,26.575,-32.16655,5,0,26,0,1,0,6,12,0,0,1,2,6,0,10,0,13,8,4,7,0,0,0,2,0,8,0,0,16,0,0,0
2016/2017,kleinbulhoek,enoch mgijima,chris hani,26.575,-32.16655,5,5,31,0,0,0,6,14,0,0,11,3,7,0,17,1,13,9,3,8,2,0,0,4,0,9,0,0,13,0,0,0
2017/2018,kleinbulhoek,enoch mgijima,chris hani,26.575,-32.16655,10,1,30,1,0,0,7,16,0,0,7,1,6,1,10,1,13,6,5,6,0,2,0,2,0,6,0,0,17,0,0,0
2018/2019,kleinbulhoek,enoch mgijima,chris hani,26.575,-32.16655,4,1,15,2,1,0,14,11,0,0,6,0,6,0,6,2,13,5,6,8,2,1,0,5,0,9,0,0,5,1,0,0
2019/2020,kleinbulhoek,enoch mgijima,chris hani,26.575,-32.16655,4,0,23,0,0,0,21,11,0,0,3,0,6,1,0,0,13,5,0,5,0,2,0,2,0,5,0,0,14,1,0,0
2020/2021,kleinbulhoek,enoch mgijima,chris hani,26.575,-32.16655,4,0,13,1,1,0,4,14,0,0,1,1,6,0,1,0,13,4,6,4,2,0,0,3,0,5,0,0,15,0,0,0
2021/2022,kleinbulhoek,enoch mgijima,chris hani,26.575,-32.16655,9,0,16,0,0,0,11,16,0,1,1,0,6,0,1,1,13,4,1,3,0,1,0,1,0,3,0,0,15,0,0,0
2022/2023,kleinbulhoek,enoch mgijima,chris hani,26.575,-32.16655,7,1,15,0,0,0,10,8,0,1,2,0,6,0,0,0,13,2,4,12,0,0,0,1,0,12,0,0,21,0,0,0
2023/2024,kleinbulhoek,chris hani district,chris hani district,26.575,-32.16655,0,0,0,0,0,0,0,11,0,0,0,0,0,0,0,0,0,0,0,0,0,1,0,0,0,0,0,0,0,0,0,0
2024/2025,kleinbulhoek,chris hani district,chris hani district,26.575,-32.16655,0,0,0,0,0,0,0,8,0,0,0,0,0,0,0,0,0,0,0,0,0,0,0,0,0,0,0,0,0,0,0,0
2008/2009,kleinmond,overstrand,overberg,19.03232,-34.33963,182,2,40,1,2,0,11,161,1,19,49,5,7,9,79,4,1,44,5,13,2,3,0,8,1,17,0,14,0,11,77,0
2009/2010,kleinmond,overstrand,overberg,19.03232,-34.33963,225,1,52,1,1,0,6,210,0,26,54,4,10,16,94,3,1,57,1,3,1,1,0,3,2,12,0,10,0,8,76,0
2010/2011,kleinmond,overstrand,overberg,19.03232,-34.33963,210,1,37,1,2,0,23,208,0,26,62,2,5,14,100,4,1,56,3,4,2,4,0,7,2,11,0,6,0,11,76,0
2011/2012,kleinmond,overstrand,overberg,19.03232,-34.33963,320,1,23,2,1,0,29,274,1,20,58,2,6,17,106,4,1,49,2,10,2,1,0,7,0,11,0,7,0,12,49,0
2012/2013,kleinmond,overstrand,overberg,19.03232,-34.33963,367,1,40,3,2,0,13,409,0,25,58,4,7,25,103,4,1,69,4,18,3,0,0,6,5,26,1,8,0,11,103,0
2013/2014,kleinmond,overstrand,overberg,19.03232,-34.33963,240,0,45,2,2,0,17,517,0,15,56,4,7,9,108,3,12,70,1,2,3,2,0,5,2,7,0,15,0,14,123,0
2014/2015,kleinmond,overstrand,overberg,19.03232,-34.33963,473,1,52,1,0,0,16,643,0,25,72,6,6,11,74,2,13,82,2,5,1,6,0,13,3,8,0,8,1,5,215,0
2015/2016,kleinmond,overstrand,overberg,19.03232,-34.33963,258,1,52,2,1,0,33,490,0,26,79,8,7,11,124,3,12,77,2,2,1,6,0,8,3,7,1,15,0,14,126,0
2016/2017,kleinmond,overstrand,overberg,19.03232,-34.33963,250,0,65,2,0,0,27,508,0,18,119,13,6,16,166,2,12,75,2,9,6,5,0,19,1,10,0,13,0,6,119,1
2017/2018,kleinmond,overstrand,overberg,19.03232,-34.33963,230,3,83,2,0,0,25,430,0,33,89,14,6,21,137,3,21,101,7,6,2,3,0,13,5,11,1,8,0,10,141,0
2018/2019,kleinmond,overstrand,overberg,19.03232,-34.33963,299,6,69,4,1,0,16,431,0,45,101,9,6,13,111,1,17,89,3,11,1,6,0,12,9,21,0,3,0,12,141,0
2019/2020,kleinmond,overstrand,overberg,19.03232,-34.33963,257,5,89,7,1,0,21,396,0,43,105,9,6,19,91,6,13,90,2,6,7,5,0,19,5,12,1,4,0,12,113,0
2020/2021,kleinmond,overstrand,overberg,19.03232,-34.33963,231,1,74,3,1,0,24,311,1,48,108,18,4,12,62,2,12,58,6,4,3,12,0,24,4,11,1,6,0,10,64,0
2021/2022,kleinmond,overstrand,overberg,19.03232,-34.33963,149,2,104,6,0,0,8,227,0,91,117,6,6,9,82,1,13,62,4,10,3,17,0,26,5,15,0,1,1,6,39,0
2022/2023,kleinmond,overstrand,overberg,19.03232,-34.33963,171,2,107,5,1,0,8,167,0,113,91,8,8,13,114,4,13,65,2,10,3,7,0,13,5,20,0,0,0,3,58,0
2023/2024,kleinmond,overberg district,overberg district,19.03232,-34.33963,0,0,0,0,0,0,0,171,1,0,0,0,0,0,0,0,0,0,0,0,0,4,0,0,0,0,0,0,0,2,45,0
2024/2025,kleinmond,overberg district,overberg district,19.03232,-34.33963,0,0,0,0,0,0,0,116,0,0,0,0,0,0,0,0,0,0,0,0,0,5,0,0,0,0,0,0,0,1,39,0
2008/2009,kleinsee,nama khoi,namakwa,17.07061,-29.67988,2,0,0,0,0,0,3,0,0,1,2,0,6,1,1,0,1,0,1,0,0,0,0,0,0,0,0,0,1,0,1,0
2009/2010,kleinsee,nama khoi,namakwa,17.07061,-29.67988,8,0,0,0,0,0,1,2,0,0,0,0,6,1,1,0,1,3,1,1,0,0,0,0,0,1,0,0,1,0,1,0
2010/2011,kleinsee,nama khoi,namakwa,17.07061,-29.67988,1,0,0,0,0,0,1,1,0,1,0,0,6,0,4,0,1,1,0,0,0,0,0,0,0,0,0,0,3,0,0,0
2011/2012,kleinsee,nama khoi,namakwa,17.07061,-29.67988,8,0,0,0,0,0,1,1,0,2,2,0,6,0,5,1,1,1,0,0,0,0,0,0,0,0,0,0,0,0,0,0
2012/2013,kleinsee,nama khoi,namakwa,17.07061,-29.67988,12,0,2,0,1,0,3,2,0,0,3,0,6,0,7,0,1,7,0,0,0,0,0,0,0,1,0,0,0,0,2,0
2013/2014,kleinsee,nama khoi,namakwa,17.07061,-29.67988,6,0,0,0,0,0,0,0,0,0,0,0,6,0,2,0,13,1,0,0,0,0,0,0,0,0,0,0,2,1,1,0
2014/2015,kleinsee,nama khoi,namakwa,17.07061,-29.67988,8,0,3,1,0,0,2,4,0,0,3,0,6,0,7,0,13,0,0,1,0,0,0,0,1,2,0,0,0,1,0,0
2015/2016,kleinsee,nama khoi,namakwa,17.07061,-29.67988,10,0,4,0,0,0,9,6,0,1,4,0,6,1,4,0,12,4,0,0,0,0,0,0,0,0,0,2,0,0,0,0
2016/2017,kleinsee,nama khoi,namakwa,17.07061,-29.67988,14,0,5,1,0,0,8,6,0,1,3,0,7,3,12,0,13,4,0,1,0,0,0,0,0,2,0,0,0,1,3,0
2017/2018,kleinsee,nama khoi,namakwa,17.07061,-29.67988,13,0,3,1,0,0,3,5,0,4,4,0,6,0,10,0,13,4,0,0,0,0,0,0,1,1,0,0,0,0,2,0
2018/2019,kleinsee,nama khoi,namakwa,17.07061,-29.67988,20,0,4,2,0,0,7,16,0,3,8,0,6,0,28,1,13,14,0,0,0,1,0,1,0,0,0,1,0,0,5,0
2019/2020,kleinsee,nama khoi,namakwa,17.07061,-29.67988,36,0,2,1,0,0,5,15,0,3,14,0,6,2,4,0,13,20,0,2,1,0,0,1,3,5,0,0,2,4,2,0
2020/2021,kleinsee,nama khoi,namakwa,17.07061,-29.67988,20,0,4,1,0,0,1,4,0,2,3,0,6,0,1,1,13,11,1,0,0,0,0,0,0,0,0,0,1,1,3,0
2021/2022,kleinsee,nama khoi,namakwa,17.07061,-29.67988,15,0,7,7,0,0,5,4,0,2,9,0,6,0,3,1,13,5,1,1,1,0,0,1,0,1,0,1,0,0,1,0
2022/2023,kleinsee,nama khoi,namakwa,17.07061,-29.67988,24,1,11,4,0,0,27,10,0,4,10,0,6,0,7,0,13,22,2,2,4,0,0,4,1,3,0,4,0,0,0,0
2023/2024,kleinsee,namakwa district,namakwa district,17.07061,-29.67988,0,0,0,0,0,0,0,5,1,0,0,0,0,0,0,0,0,0,0,0,0,2,0,0,0,0,0,0,0,0,2,0
2024/2025,kleinsee,namakwa district,namakwa district,17.07061,-29.67988,0,0,0,0,0,0,0,3,0,0,0,0,0,0,0,0,0,0,0,0,0,0,0,0,0,0,0,0,0,0,1,0
2008/2009,kleinvlei,city of cape town,city of cape town,18.71879,-33.9882,1451,17,395,19,1,0,98,852,23,111,697,276,29,260,1418,34,1,439,19,61,13,10,1,308,33,117,0,321,4,114,399,0
2009/2010,kleinvlei,city of cape town,city of cape town,18.71879,-33.9882,1231,11,368,27,3,0,76,676,14,138,675,257,22,306,1931,34,1,387,32,95,11,8,0,239,49,167,0,268,1,123,337,0
2010/2011,kleinvlei,city of cape town,city of cape town,18.71879,-33.9882,1378,20,409,29,4,0,91,668,8,91,656,223,16,278,1993,47,1,353,24,125,13,10,2,217,37,176,0,149,1,100,412,0
2011/2012,kleinvlei,city of cape town,city of cape town,18.71879,-33.9882,1461,16,386,23,7,0,101,752,12,79,670,266,12,238,2049,31,1,461,13,94,20,10,0,264,61,169,4,163,15,111,384,0
2012/2013,kleinvlei,city of cape town,city of cape town,18.71879,-33.9882,1645,11,404,66,3,0,84,966,18,64,695,270,36,220,2149,51,1,522,33,82,29,14,0,344,39,140,0,150,10,150,473,0
2013/2014,kleinvlei,city of cape town,city of cape town,18.71879,-33.9882,1534,19,394,61,8,0,99,1018,27,60,866,277,10,149,1874,56,25,606,32,71,35,30,0,495,31,116,3,111,12,186,504,0
2014/2015,kleinvlei,city of cape town,city of cape town,18.71879,-33.9882,1913,16,357,92,1,0,99,847,53,49,847,267,32,128,1561,77,36,580,27,87,27,19,0,501,49,149,2,143,4,134,460,0
2015/2016,kleinvlei,city of cape town,city of cape town,18.71879,-33.9882,1597,18,383,28,5,0,97,903,64,49,786,264,16,172,1541,22,15,582,29,95,26,21,0,504,41,151,0,104,7,138,414,0
2016/2017,kleinvlei,city of cape town,city of cape town,18.71879,-33.9882,1576,12,340,33,5,0,82,772,49,65,809,228,4,316,1720,33,38,648,44,82,35,28,0,424,18,107,0,106,6,110,442,0
2017/2018,kleinvlei,city of cape town,city of cape town,18.71879,-33.9882,1469,15,321,67,0,0,107,772,69,77,821,190,33,144,1549,59,3,587,51,82,25,39,1,458,50,147,0,44,12,106,379,1
2018/2019,kleinvlei,city of cape town,city of cape town,18.71879,-33.9882,1403,30,346,76,2,0,87,622,61,122,818,174,10,133,1853,65,2,643,61,69,21,40,1,470,42,119,0,32,7,134,395,2
2019/2020,kleinvlei,city of cape town,city of cape town,18.71879,-33.9882,1053,18,387,99,4,0,68,555,52,112,897,187,4,131,1432,67,37,603,76,75,45,32,0,451,45,126,0,43,6,95,384,0
2020/2021,kleinvlei,city of cape town,city of cape town,18.71879,-33.9882,762,24,312,116,2,0,39,311,42,128,807,153,9,62,1434,77,29,643,56,84,31,32,0,360,19,110,0,34,1,70,268,8
2021/2022,kleinvlei,city of cape town,city of cape town,18.71879,-33.9882,785,14,298,87,1,1,44,355,44,250,838,158,4,90,1701,60,43,627,68,71,35,20,1,349,24,98,1,56,4,78,224,3
2022/2023,kleinvlei,city of cape town,city of cape town,18.71879,-33.9882,780,13,360,84,1,0,37,370,74,243,954,150,5,97,1864,70,18,594,62,48,39,37,0,458,28,80,1,52,1,61,207,0
2023/2024,kleinvlei,city of cape town district,city of cape town district,18.71879,-33.9882,0,0,0,0,0,0,0,397,94,0,0,0,0,0,0,0,0,0,0,0,0,55,0,0,0,0,0,0,0,79,202,0
2024/2025,kleinvlei,city of cape town district,city of cape town district,18.71879,-33.9882,0,0,0,0,0,0,0,322,92,0,0,0,0,0,0,0,0,0,0,0,0,35,0,0,0,0,0,0,0,99,140,0
2008/2009,klerksdorp,city of matlosana,dr kenneth kaunda,26.66311,-26.86353,1844,18,333,35,8,1,267,659,4,857,571,132,18,331,367,6,1,474,19,104,39,30,0,278,33,156,0,340,66,188,848,3
2009/2010,klerksdorp,city of matlosana,dr kenneth kaunda,26.66311,-26.86353,1529,13,357,48,4,0,272,701,4,919,561,141,3,381,433,9,1,448,18,105,25,18,0,242,27,149,0,307,95,201,674,6
2010/2011,klerksdorp,city of matlosana,dr kenneth kaunda,26.66311,-26.86353,1467,8,313,40,14,0,318,777,9,836,523,140,26,186,253,13,1,400,20,73,31,25,1,229,16,124,0,304,39,158,637,1
2011/2012,klerksdorp,city of matlosana,dr kenneth kaunda,26.66311,-26.86353,1434,4,343,34,7,0,282,662,5,1053,550,144,33,196,294,6,1,395,9,106,24,27,0,216,11,139,0,279,47,166,601,0
2012/2013,klerksdorp,city of matlosana,dr kenneth kaunda,26.66311,-26.86353,1332,4,254,113,8,0,349,886,4,1421,468,127,17,188,285,14,1,365,19,136,30,32,0,211,17,170,2,262,53,159,641,1
2013/2014,klerksdorp,city of matlosana,dr kenneth kaunda,26.66311,-26.86353,1167,4,231,109,8,0,256,960,12,535,394,98,8,251,313,8,28,304,27,131,42,46,0,261,15,158,1,221,40,181,562,1
2014/2015,klerksdorp,city of matlosana,dr kenneth kaunda,26.66311,-26.86353,1423,4,205,66,5,1,281,884,8,657,403,110,3,206,425,19,4,236,9,104,64,45,1,281,27,149,1,262,65,166,692,1
2015/2016,klerksdorp,city of matlosana,dr kenneth kaunda,26.66311,-26.86353,1696,4,247,55,3,0,255,832,8,840,371,81,3,186,406,22,25,241,16,95,40,38,0,239,14,125,2,236,43,145,538,2
2016/2017,klerksdorp,city of matlosana,dr kenneth kaunda,26.66311,-26.86353,1205,5,190,47,3,0,322,840,5,505,308,79,10,66,361,22,28,246,16,81,35,25,0,216,16,106,28,267,58,113,455,0
2017/2018,klerksdorp,city of matlosana,dr kenneth kaunda,26.66311,-26.86353,881,2,190,26,5,0,313,705,6,432,303,115,11,74,293,26,28,181,23,75,34,34,1,243,48,136,0,186,54,106,500,1
2018/2019,klerksdorp,city of matlosana,dr kenneth kaunda,26.66311,-26.86353,1025,5,173,49,1,0,296,758,12,303,353,174,4,86,335,20,29,238,20,98,41,50,2,307,28,129,3,207,39,119,755,4
2019/2020,klerksdorp,city of matlosana,dr kenneth kaunda,26.66311,-26.86353,825,6,146,24,1,0,239,645,11,413,368,213,9,115,330,19,27,227,20,44,67,46,0,359,17,67,2,169,41,83,564,2
2020/2021,klerksdorp,city of matlosana,dr kenneth kaunda,26.66311,-26.86353,741,4,146,23,1,0,231,475,10,269,384,143,4,56,221,35,36,253,24,79,71,36,0,323,18,100,0,131,46,42,533,1
2021/2022,klerksdorp,city of matlosana,dr kenneth kaunda,26.66311,-26.86353,752,8,185,32,3,0,240,506,16,394,402,189,9,93,135,15,8,257,29,70,79,30,1,392,16,94,1,173,39,51,503,1
2022/2023,klerksdorp,city of matlosana,dr kenneth kaunda,26.66311,-26.86353,906,5,159,34,4,0,322,515,37,543,432,158,6,57,163,70,44,204,35,115,110,44,0,477,25,144,0,223,26,77,418,2
2023/2024,klerksdorp,dr kenneth kaunda district,dr kenneth kaunda district,26.66311,-26.86353,0,0,0,0,0,0,0,518,39,0,0,0,0,0,0,0,0,0,0,0,0,67,0,0,0,0,0,0,0,54,459,0
2024/2025,klerksdorp,dr kenneth kaunda district,dr kenneth kaunda district,26.66311,-26.86353,0,0,0,0,0,0,0,409,19,0,0,0,0,0,0,0,0,0,0,0,0,33,0,0,0,0,0,0,0,62,449,0
2008/2009,klerkskraal,jb marks,dr kenneth kaunda,27.16339,-26.25175,34,1,30,0,0,0,0,24,2,4,12,5,6,4,10,1,1,11,1,3,0,0,0,6,0,3,0,0,17,1,1,4
2009/2010,klerkskraal,jb marks,dr kenneth kaunda,27.16339,-26.25175,42,1,20,1,1,0,2,18,1,2,10,2,4,3,2,0,1,17,1,1,0,0,0,6,0,4,0,0,16,1,19,3
2010/2011,klerkskraal,jb marks,dr kenneth kaunda,27.16339,-26.25175,45,0,21,0,0,0,0,9,1,0,10,1,4,1,11,1,1,13,0,1,0,0,0,3,1,4,0,0,16,1,2,1
2011/2012,klerkskraal,jb marks,dr kenneth kaunda,27.16339,-26.25175,31,0,16,1,4,0,4,4,0,1,13,0,4,2,8,1,1,11,1,7,0,1,0,1,4,17,0,0,11,1,2,0
2012/2013,klerkskraal,jb marks,dr kenneth kaunda,27.16339,-26.25175,43,1,20,0,0,0,4,19,0,0,7,2,4,0,8,0,1,12,0,7,1,0,0,4,0,9,0,0,21,1,5,3
2013/2014,klerkskraal,jb marks,dr kenneth kaunda,27.16339,-26.25175,13,0,24,6,0,0,1,9,0,1,5,4,6,4,10,1,13,4,3,11,1,1,0,4,2,13,0,0,20,3,4,0
2014/2015,klerkskraal,jb marks,dr kenneth kaunda,27.16339,-26.25175,25,0,20,1,2,0,1,10,0,0,2,2,6,4,18,0,13,6,4,5,0,2,0,5,1,8,0,0,10,3,2,1
2015/2016,klerkskraal,jb marks,dr kenneth kaunda,27.16339,-26.25175,34,0,23,1,1,0,2,12,1,1,5,1,6,1,18,0,13,9,1,2,0,1,0,3,2,5,0,0,21,4,4,0
2016/2017,klerkskraal,jb marks,dr kenneth kaunda,27.16339,-26.25175,40,0,15,1,0,0,4,18,1,0,7,1,6,3,12,0,21,4,1,2,0,0,0,2,0,2,0,0,23,5,5,0
2017/2018,klerkskraal,jb marks,dr kenneth kaunda,27.16339,-26.25175,36,0,14,3,0,0,3,23,1,0,6,1,6,3,8,0,12,12,1,0,0,2,0,5,1,1,0,0,33,2,4,0
2018/2019,klerkskraal,jb marks,dr kenneth kaunda,27.16339,-26.25175,25,0,11,0,0,0,5,29,2,1,7,0,6,1,2,0,13,12,1,1,0,0,0,4,1,2,0,0,31,5,4,2
2019/2020,klerkskraal,jb marks,dr kenneth kaunda,27.16339,-26.25175,40,1,14,3,0,0,4,27,1,2,8,1,6,4,2,0,12,10,0,1,0,2,0,5,0,1,0,0,37,3,1,0
2020/2021,klerkskraal,jb marks,dr kenneth kaunda,27.16339,-26.25175,31,0,14,1,0,0,2,10,0,2,10,0,6,2,2,0,13,13,0,1,0,1,0,6,1,2,0,0,32,1,2,1
2021/2022,klerkskraal,jb marks,dr kenneth kaunda,27.16339,-26.25175,22,0,28,1,0,0,3,17,4,4,3,0,4,0,2,0,21,12,1,4,0,1,0,10,1,7,0,0,36,6,3,2
2022/2023,klerkskraal,jb marks,dr kenneth kaunda,27.16339,-26.25175,30,1,26,2,1,0,7,11,1,0,11,1,6,0,0,0,21,24,2,5,0,0,0,6,0,6,0,0,15,1,3,2
2023/2024,klerkskraal,dr kenneth kaunda district,dr kenneth kaunda district,27.16339,-26.25175,0,0,0,0,0,0,0,14,1,0,0,0,0,0,0,0,0,0,0,0,0,2,0,0,0,0,0,0,0,0,1,0
2024/2025,klerkskraal,dr kenneth kaunda district,dr kenneth kaunda district,27.16339,-26.25175,0,0,0,0,0,0,0,11,1,0,0,0,0,0,0,0,0,0,0,0,0,2,0,0,0,0,0,0,0,0,0,0
2008/2009,klipgat,local municipality of madibeng,bojanala,27.98434,-25.47304,256,9,192,13,15,0,52,309,17,4,83,50,5,10,152,14,1,75,8,71,4,26,0,111,0,89,0,0,34,44,37,2
2009/2010,klipgat,local municipality of madibeng,bojanala,27.98434,-25.47304,168,9,221,9,7,0,38,281,7,3,83,32,12,16,142,12,1,77,12,55,8,20,0,83,14,83,0,3,29,26,41,2
2010/2011,klipgat,local municipality of madibeng,bojanala,27.98434,-25.47304,185,7,209,9,6,0,49,256,11,4,89,32,12,14,163,7,1,78,14,43,15,15,0,77,10,66,0,11,15,19,45,0
2011/2012,klipgat,local municipality of madibeng,bojanala,27.98434,-25.47304,253,8,241,27,14,0,41,271,12,8,95,35,4,11,162,8,1,82,9,76,4,18,0,75,7,99,0,17,21,35,55,0
2012/2013,klipgat,local municipality of madibeng,bojanala,27.98434,-25.47304,325,9,197,12,3,0,37,222,6,13,96,27,4,11,135,18,1,78,7,79,29,28,0,98,3,87,0,11,37,26,72,0
2013/2014,klipgat,local municipality of madibeng,bojanala,27.98434,-25.47304,382,3,230,26,9,0,66,301,11,14,114,38,9,6,143,12,24,91,16,68,23,17,0,110,2,84,0,23,49,24,49,2
2014/2015,klipgat,local municipality of madibeng,bojanala,27.98434,-25.47304,212,2,177,14,1,0,52,218,9,4,90,26,7,6,180,6,17,66,8,41,23,23,0,102,3,46,0,12,42,15,32,2
2015/2016,klipgat,local municipality of madibeng,bojanala,27.98434,-25.47304,138,10,170,15,6,0,60,283,11,7,113,16,6,15,289,17,2,45,9,61,20,19,0,81,4,71,0,24,37,15,12,0
2016/2017,klipgat,local municipality of madibeng,bojanala,27.98434,-25.47304,129,6,178,21,5,0,63,229,11,6,76,21,6,22,442,17,28,58,20,58,27,48,0,140,4,67,11,8,49,20,28,1
2017/2018,klipgat,local municipality of madibeng,bojanala,27.98434,-25.47304,129,5,140,20,5,0,37,201,16,7,97,9,4,35,509,13,22,45,12,57,17,66,0,143,3,67,8,11,21,11,22,0
2018/2019,klipgat,local municipality of madibeng,bojanala,27.98434,-25.47304,66,3,118,22,2,0,19,147,14,3,89,13,6,35,479,6,23,48,10,52,14,35,0,93,4,58,3,10,28,11,16,0
2019/2020,klipgat,local municipality of madibeng,bojanala,27.98434,-25.47304,88,2,132,12,2,0,23,171,9,9,81,8,6,63,510,16,21,37,6,38,15,36,0,88,2,42,21,8,13,16,15,1
2020/2021,klipgat,local municipality of madibeng,bojanala,27.98434,-25.47304,85,4,107,11,2,0,29,138,7,4,79,7,6,10,38,5,17,45,9,37,9,29,0,76,3,42,1,5,19,5,14,0
2021/2022,klipgat,local municipality of madibeng,bojanala,27.98434,-25.47304,108,2,158,15,0,0,25,154,13,5,125,22,6,47,213,5,28,48,8,89,15,25,0,90,1,90,33,9,14,8,12,0
2022/2023,klipgat,local municipality of madibeng,bojanala,27.98434,-25.47304,225,5,179,18,3,0,46,126,17,6,102,21,6,50,298,5,23,68,16,44,7,37,0,97,5,52,61,8,31,11,17,1
2023/2024,klipgat,bojanala district,bojanala district,27.98434,-25.47304,0,0,0,0,0,0,0,173,9,0,0,0,0,0,0,0,0,0,0,0,0,54,0,0,0,0,0,0,0,13,9,0
2024/2025,klipgat,bojanala district,bojanala district,27.98434,-25.47304,0,0,0,0,0,0,0,181,27,0,0,0,0,0,0,0,0,0,0,0,0,66,0,0,0,0,0,0,0,11,12,0
2008/2009,klipplaat,dr beyers naude,sarah baartman,24.33284,-33.02179,37,0,53,1,2,0,1,16,0,1,24,5,4,0,9,2,1,11,0,6,2,0,0,2,2,12,0,0,22,0,1,0
2009/2010,klipplaat,dr beyers naude,sarah baartman,24.33284,-33.02179,36,1,57,1,0,0,7,14,0,0,30,1,4,2,11,1,1,24,1,7,0,0,0,0,3,12,0,1,44,0,6,0
2010/2011,klipplaat,dr beyers naude,sarah baartman,24.33284,-33.02179,18,0,28,1,0,0,8,16,0,0,20,3,6,4,18,1,1,7,1,5,0,0,0,0,4,9,0,2,12,1,3,0
2011/2012,klipplaat,dr beyers naude,sarah baartman,24.33284,-33.02179,10,0,19,3,0,0,2,13,0,1,14,0,6,1,9,0,1,7,1,6,0,1,0,1,0,6,0,0,10,1,4,0
2012/2013,klipplaat,dr beyers naude,sarah baartman,24.33284,-33.02179,13,0,28,0,1,0,2,16,0,1,21,1,7,0,14,0,1,15,1,9,0,0,0,0,2,13,0,0,20,0,2,0
2013/2014,klipplaat,dr beyers naude,sarah baartman,24.33284,-33.02179,20,0,60,2,1,0,4,16,0,1,31,0,6,0,14,0,13,12,2,7,0,0,0,1,3,11,0,0,19,1,1,0
2014/2015,klipplaat,dr beyers naude,sarah baartman,24.33284,-33.02179,22,1,51,4,0,0,2,14,0,1,46,1,7,8,8,0,13,14,1,5,1,0,0,1,0,6,0,1,25,1,1,0
2015/2016,klipplaat,dr beyers naude,sarah baartman,24.33284,-33.02179,21,0,35,1,1,0,1,14,0,0,31,2,6,3,22,1,13,15,1,3,0,0,0,0,6,10,0,0,27,0,2,0
2016/2017,klipplaat,dr beyers naude,sarah baartman,24.33284,-33.02179,25,2,40,4,0,0,4,31,0,1,35,4,6,1,18,1,13,17,1,8,1,0,0,1,3,11,0,1,35,0,0,0
2017/2018,klipplaat,dr beyers naude,sarah baartman,24.33284,-33.02179,22,1,59,0,0,0,4,49,0,2,41,1,7,4,9,0,13,19,1,6,2,0,0,3,3,10,0,0,31,0,3,0
2018/2019,klipplaat,dr beyers naude,sarah baartman,24.33284,-33.02179,33,0,40,3,2,0,6,48,0,4,29,5,6,1,14,0,13,11,3,8,0,1,0,3,3,13,0,0,28,0,4,0
2019/2020,klipplaat,dr beyers naude,sarah baartman,24.33284,-33.02179,18,0,27,3,1,0,6,27,0,1,20,3,6,1,9,0,13,11,3,5,2,0,0,2,2,8,0,1,32,1,1,0
2020/2021,klipplaat,dr beyers naude,sarah baartman,24.33284,-33.02179,45,0,25,3,0,0,2,16,0,0,24,1,6,0,12,1,13,8,0,7,0,1,0,2,1,8,0,0,25,1,0,0
2021/2022,klipplaat,dr beyers naude,sarah baartman,24.33284,-33.02179,59,1,28,1,1,0,4,23,0,3,30,3,6,1,8,1,12,13,0,4,2,0,0,2,0,5,0,0,22,0,1,0
2022/2023,klipplaat,dr beyers naude,sarah baartman,24.33284,-33.02179,49,0,32,0,0,0,13,29,0,1,14,1,6,0,13,0,13,19,0,1,0,0,0,0,1,2,0,1,14,0,3,0
2023/2024,klipplaat,sarah baartman district,sarah baartman district,24.33284,-33.02179,0,0,0,0,0,0,0,19,0,0,0,0,0,0,0,0,0,0,0,0,0,0,0,0,0,0,0,0,0,0,1,0
2024/2025,klipplaat,sarah baartman district,sarah baartman district,24.33284,-33.02179,0,0,0,0,0,0,0,27,0,0,0,0,0,0,0,0,0,0,0,0,0,0,0,0,0,0,0,0,0,1,0,0
2008/2009,kliprivier,midvaal,sedibeng,28.08452,-26.42027,249,3,52,7,3,0,45,137,28,10,46,10,55,67,32,11,1,51,7,16,18,22,0,124,1,78,0,9,9,49,43,23
2009/2010,kliprivier,midvaal,sedibeng,28.08452,-26.42027,266,4,47,8,2,0,65,152,28,13,58,17,9,52,21,6,1,52,6,11,35,18,1,125,1,19,0,4,15,36,54,21
2010/2011,kliprivier,midvaal,sedibeng,28.08452,-26.42027,207,2,27,6,2,0,78,171,22,14,63,9,11,46,12,6,1,31,9,24,19,15,0,105,1,35,0,2,6,18,36,12
2011/2012,kliprivier,midvaal,sedibeng,28.08452,-26.42027,272,4,23,7,1,0,67,116,6,18,33,8,7,45,16,9,1,28,5,6,9,8,0,53,0,8,0,0,5,16,55,12
2012/2013,kliprivier,midvaal,sedibeng,28.08452,-26.42027,199,1,32,5,1,0,40,92,15,14,24,4,7,57,54,5,1,13,5,10,11,13,0,68,3,15,0,1,4,22,48,16
2013/2014,kliprivier,midvaal,sedibeng,28.08452,-26.42027,204,1,22,3,1,0,31,103,22,15,22,13,7,85,100,3,13,13,3,3,7,13,0,66,0,5,1,1,6,28,63,10
2014/2015,kliprivier,midvaal,sedibeng,28.08452,-26.42027,236,2,30,6,0,0,61,88,18,13,31,7,4,74,90,7,13,24,5,7,13,10,0,79,0,9,0,6,9,24,78,13
2015/2016,kliprivier,midvaal,sedibeng,28.08452,-26.42027,209,1,24,8,0,0,54,69,21,13,20,3,7,45,80,3,13,20,4,11,15,11,0,76,1,13,0,5,14,17,69,9
2016/2017,kliprivier,midvaal,sedibeng,28.08452,-26.42027,194,0,27,6,0,0,52,107,16,12,14,3,6,46,118,5,21,9,6,11,23,9,0,93,2,13,1,3,18,17,63,15
2017/2018,kliprivier,midvaal,sedibeng,28.08452,-26.42027,166,0,17,8,0,0,37,52,30,16,12,5,6,80,158,10,21,15,7,12,29,12,0,108,1,13,7,6,21,30,59,16
2018/2019,kliprivier,midvaal,sedibeng,28.08452,-26.42027,143,1,23,5,1,0,31,61,44,25,14,3,5,109,144,2,12,13,13,13,7,5,0,93,3,20,15,2,13,21,53,22
2019/2020,kliprivier,midvaal,sedibeng,28.08452,-26.42027,195,0,23,7,0,0,46,98,52,32,16,11,5,140,29,24,14,7,4,10,25,10,1,121,2,15,41,7,14,18,55,19
2020/2021,kliprivier,midvaal,sedibeng,28.08452,-26.42027,144,0,19,9,0,0,30,79,54,36,25,5,4,78,31,27,12,20,6,6,19,6,0,126,6,14,25,6,17,27,19,31
2021/2022,kliprivier,midvaal,sedibeng,28.08452,-26.42027,129,0,17,8,0,0,34,76,42,78,38,7,6,116,42,14,6,21,9,16,16,16,1,126,6,22,65,6,12,20,28,21
2022/2023,kliprivier,midvaal,sedibeng,28.08452,-26.42027,194,0,20,10,0,0,40,71,40,65,25,13,7,96,45,13,53,22,18,15,38,13,1,140,5,21,104,13,13,48,67,10
2023/2024,kliprivier,sedibeng district,sedibeng district,28.08452,-26.42027,0,0,0,0,0,0,0,52,36,0,0,0,0,0,0,0,0,0,0,0,0,11,0,0,0,0,0,0,0,32,48,0
2024/2025,kliprivier,sedibeng district,sedibeng district,28.08452,-26.42027,0,0,0,0,0,0,0,52,71,0,0,0,0,0,0,0,0,0,0,0,0,17,0,0,0,0,0,0,0,28,46,0
2008/2009,kliptown,city of johannesburg,city of johannesburg,27.88838,-26.28229,890,1,628,34,11,0,70,418,75,168,706,205,15,121,263,24,1,423,31,123,21,28,0,449,3,154,0,553,0,71,202,3
2009/2010,kliptown,city of johannesburg,city of johannesburg,27.88838,-26.28229,745,3,601,55,3,0,81,436,64,232,594,197,14,182,254,42,1,360,38,117,30,21,0,421,3,150,0,634,0,67,137,1
2010/2011,kliptown,city of johannesburg,city of johannesburg,27.88838,-26.28229,1124,10,591,54,8,0,106,451,43,189,552,199,29,488,607,79,1,382,29,93,17,22,2,321,5,128,0,683,1,101,179,0
2011/2012,kliptown,city of johannesburg,city of johannesburg,27.88838,-26.28229,1438,9,492,37,7,0,80,434,41,170,439,140,17,561,664,86,1,265,31,95,27,31,1,330,13,124,0,602,0,80,208,0
2012/2013,kliptown,city of johannesburg,city of johannesburg,27.88838,-26.28229,691,9,477,41,3,0,105,538,37,209,370,157,10,237,899,77,1,292,47,100,45,69,0,373,13,122,1,767,0,97,195,2
2013/2014,kliptown,city of johannesburg,city of johannesburg,27.88838,-26.28229,683,7,481,37,3,0,73,442,43,120,452,143,6,336,1407,32,37,336,33,76,38,12,1,347,21,100,4,690,0,76,212,4
2014/2015,kliptown,city of johannesburg,city of johannesburg,27.88838,-26.28229,715,12,514,52,1,0,132,445,49,123,457,162,6,335,1987,40,27,362,36,75,57,24,0,427,7,83,2,676,2,128,162,3
2015/2016,kliptown,city of johannesburg,city of johannesburg,27.88838,-26.28229,662,11,500,49,3,0,91,349,40,117,395,147,7,295,1674,30,3,330,50,67,39,22,0,400,8,79,1,650,0,137,195,4
2016/2017,kliptown,city of johannesburg,city of johannesburg,27.88838,-26.28229,579,15,428,44,3,0,84,306,66,117,279,126,4,453,1711,25,3,281,50,77,45,30,0,422,7,89,0,623,1,115,175,0
2017/2018,kliptown,city of johannesburg,city of johannesburg,27.88838,-26.28229,518,4,446,64,5,0,90,326,42,136,308,89,7,676,1846,40,43,290,50,85,35,27,0,322,8,99,0,633,1,124,180,0
2018/2019,kliptown,city of johannesburg,city of johannesburg,27.88838,-26.28229,416,1,442,37,4,0,69,252,32,174,281,71,7,289,1305,56,28,257,43,68,23,34,0,256,9,82,0,577,0,127,111,2
2019/2020,kliptown,city of johannesburg,city of johannesburg,27.88838,-26.28229,398,2,426,45,2,0,67,225,81,184,326,116,6,302,835,28,37,286,68,78,41,40,0,444,16,96,0,447,0,96,142,1
2020/2021,kliptown,city of johannesburg,city of johannesburg,27.88838,-26.28229,327,6,459,39,3,0,74,171,74,160,370,123,7,75,447,14,27,265,62,64,18,24,1,317,16,84,0,320,0,75,102,3
2021/2022,kliptown,city of johannesburg,city of johannesburg,27.88838,-26.28229,386,6,465,44,1,0,95,168,52,148,358,106,6,93,421,20,3,408,86,64,26,25,0,314,21,86,1,273,0,79,105,0
2022/2023,kliptown,city of johannesburg,city of johannesburg,27.88838,-26.28229,496,0,483,53,1,0,51,180,57,176,396,122,6,74,493,13,41,343,74,79,31,26,1,333,14,94,0,398,0,43,92,4
2023/2024,kliptown,johannesburg district,johannesburg district,27.88838,-26.28229,0,0,0,0,0,0,0,146,75,0,0,0,0,0,0,0,0,0,0,0,0,50,0,0,0,0,0,0,0,62,90,0
2024/2025,kliptown,johannesburg district,johannesburg district,27.88838,-26.28229,0,0,0,0,0,0,0,159,71,0,0,0,0,0,0,0,0,0,0,0,0,78,0,0,0,0,0,0,0,48,77,0
2008/2009,knysna,knysna,garden route,23.05145,-34.03629,942,12,432,5,10,0,150,922,0,94,252,96,16,339,687,12,1,268,29,56,9,7,0,32,10,86,0,301,5,51,346,0
2009/2010,knysna,knysna,garden route,23.05145,-34.03629,946,10,450,14,7,0,149,859,2,144,301,109,18,445,857,14,1,279,28,104,2,12,0,43,10,132,0,300,5,33,376,0
2010/2011,knysna,knysna,garden route,23.05145,-34.03629,822,7,500,15,3,0,120,843,0,117,355,113,37,418,790,5,1,250,24,101,14,13,0,58,17,139,0,317,1,23,419,1
2011/2012,knysna,knysna,garden route,23.05145,-34.03629,884,13,422,8,6,0,123,915,0,110,443,128,3,445,855,15,1,313,26,157,19,25,0,90,28,204,1,317,4,27,384,0
2012/2013,knysna,knysna,garden route,23.05145,-34.03629,1014,11,470,15,10,0,198,931,0,97,504,111,18,335,916,13,1,297,16,126,34,17,0,108,33,180,3,309,5,36,462,0
2013/2014,knysna,knysna,garden route,23.05145,-34.03629,977,15,471,17,14,0,199,1081,2,100,544,138,7,224,972,12,14,295,12,99,50,35,0,207,23,137,0,272,2,40,565,0
2014/2015,knysna,knysna,garden route,23.05145,-34.03629,1054,21,467,28,9,0,206,973,4,156,498,170,32,246,1090,13,21,284,11,103,53,41,0,224,33,157,1,299,2,39,805,0
2015/2016,knysna,knysna,garden route,23.05145,-34.03629,957,19,477,23,10,0,223,941,2,152,536,143,5,194,953,12,2,275,36,127,28,27,0,206,45,185,1,260,1,21,523,0
2016/2017,knysna,knysna,garden route,23.05145,-34.03629,953,14,541,18,5,0,186,866,3,140,567,132,10,151,867,12,23,329,21,101,27,30,0,209,28,140,0,210,5,31,487,0
2017/2018,knysna,knysna,garden route,23.05145,-34.03629,992,21,466,21,9,0,252,856,1,135,567,121,17,187,1074,8,13,262,15,116,16,28,0,155,32,166,0,237,7,29,456,0
2018/2019,knysna,knysna,garden route,23.05145,-34.03629,961,22,553,24,7,0,228,710,0,172,609,110,11,231,703,9,14,305,19,79,19,39,0,181,27,121,2,234,4,23,386,0
2019/2020,knysna,knysna,garden route,23.05145,-34.03629,888,19,466,24,8,0,239,730,3,164,554,130,7,335,753,3,23,315,29,105,14,21,0,197,30,144,2,279,1,22,418,0
2020/2021,knysna,knysna,garden route,23.05145,-34.03629,778,11,444,19,6,0,269,650,0,161,532,98,18,109,322,1,25,327,10,87,9,15,0,124,20,124,1,194,2,18,332,0
2021/2022,knysna,knysna,garden route,23.05145,-34.03629,792,25,486,31,14,0,176,568,0,221,581,90,15,134,820,5,3,373,18,114,14,15,1,122,24,169,0,182,6,16,354,0
2022/2023,knysna,knysna,garden route,23.05145,-34.03629,831,20,516,28,9,0,149,493,1,287,587,107,4,282,744,10,27,360,16,85,18,15,0,154,17,113,0,187,2,12,266,0
2023/2024,knysna,garden route district,garden route district,23.05145,-34.03629,0,0,0,0,0,0,0,507,5,0,0,0,0,0,0,0,0,0,0,0,0,16,0,0,0,0,0,0,0,29,361,0
2024/2025,knysna,garden route district,garden route district,23.05145,-34.03629,0,0,0,0,0,0,0,467,4,0,0,0,0,0,0,0,0,0,0,0,0,22,0,0,0,0,0,0,0,23,233,0
2008/2009,koffiefontein,letsemeng,xhariep,25.00308,-29.40948,93,1,126,0,1,0,34,124,0,3,140,8,7,7,15,0,1,53,2,21,0,0,0,2,3,26,0,28,68,2,12,0
2009/2010,koffiefontein,letsemeng,xhariep,25.00308,-29.40948,77,4,138,1,2,0,30,84,0,7,94,5,5,7,12,0,1,64,1,30,2,0,0,6,4,39,0,29,59,2,18,0
2010/2011,koffiefontein,letsemeng,xhariep,25.00308,-29.40948,75,1,132,3,3,0,8,66,0,5,91,17,7,12,9,1,1,57,4,20,1,0,0,1,6,30,0,7,55,3,13,0
2011/2012,koffiefontein,letsemeng,xhariep,25.00308,-29.40948,83,2,118,2,2,0,30,92,0,4,84,8,4,4,26,1,1,42,0,21,6,0,0,6,6,31,0,8,60,1,9,0
2012/2013,koffiefontein,letsemeng,xhariep,25.00308,-29.40948,70,2,139,4,4,0,38,83,0,10,73,11,6,5,16,1,1,38,5,23,5,0,0,7,4,31,0,8,53,1,7,0
2013/2014,koffiefontein,letsemeng,xhariep,25.00308,-29.40948,101,0,129,7,1,0,31,104,0,7,51,16,6,3,30,4,13,58,6,23,5,0,0,5,4,28,0,5,46,3,17,0
2014/2015,koffiefontein,letsemeng,xhariep,25.00308,-29.40948,60,0,98,0,1,0,38,101,0,6,42,7,7,6,47,1,13,39,5,18,3,1,0,6,2,22,0,6,48,3,11,0
2015/2016,koffiefontein,letsemeng,xhariep,25.00308,-29.40948,49,3,55,2,0,0,28,76,0,5,31,6,7,17,60,4,13,37,7,12,1,0,0,1,2,15,0,1,53,1,16,0
2016/2017,koffiefontein,letsemeng,xhariep,25.00308,-29.40948,72,0,50,6,2,0,34,91,0,5,27,3,6,9,54,1,13,43,4,15,2,1,0,5,2,19,0,1,62,1,9,0
2017/2018,koffiefontein,letsemeng,xhariep,25.00308,-29.40948,54,0,72,0,1,0,36,87,0,3,26,7,7,12,30,1,13,19,3,14,4,2,0,7,2,18,0,0,59,0,4,0
2018/2019,koffiefontein,letsemeng,xhariep,25.00308,-29.40948,51,1,70,2,2,0,46,94,0,5,29,3,7,5,25,1,13,31,10,11,5,0,0,7,3,17,0,1,43,1,16,0
2019/2020,koffiefontein,letsemeng,xhariep,25.00308,-29.40948,67,0,87,1,1,0,37,75,0,8,40,11,6,1,7,0,13,24,4,8,0,2,0,2,3,12,0,0,31,3,15,0
2020/2021,koffiefontein,letsemeng,xhariep,25.00308,-29.40948,53,1,60,3,2,0,32,37,0,16,25,4,6,2,11,0,21,24,3,12,2,0,0,2,1,15,0,2,35,2,6,0
2021/2022,koffiefontein,letsemeng,xhariep,25.00308,-29.40948,55,3,55,3,2,0,16,42,0,16,47,6,7,2,10,0,12,29,5,10,1,1,0,5,0,13,0,0,30,1,9,0
2022/2023,koffiefontein,letsemeng,xhariep,25.00308,-29.40948,46,0,82,4,2,0,29,68,0,17,33,12,7,5,32,1,13,24,7,16,1,0,0,7,2,21,0,0,24,1,4,0
2023/2024,koffiefontein,xhariep district,xhariep district,25.00308,-29.40948,0,0,0,0,0,0,0,53,0,0,0,0,0,0,0,0,0,0,0,0,0,1,0,0,0,0,0,0,0,0,12,0
2024/2025,koffiefontein,xhariep district,xhariep district,25.00308,-29.40948,0,0,0,0,0,0,0,45,0,0,0,0,0,0,0,0,0,0,0,0,0,0,0,0,0,0,0,0,0,0,4,0
2008/2009,kokstad,greater kokstad,harry gwala,29.42536,-30.55093,206,4,217,10,8,0,45,209,2,99,127,52,5,307,340,30,1,97,19,65,7,14,0,46,7,83,0,145,42,24,136,0
2009/2010,kokstad,greater kokstad,harry gwala,29.42536,-30.55093,218,3,288,12,6,0,63,275,2,85,147,63,18,176,194,7,1,101,22,37,3,6,0,26,10,64,0,170,44,24,127,0
2010/2011,kokstad,greater kokstad,harry gwala,29.42536,-30.55093,247,3,292,12,4,0,50,256,0,105,157,50,7,123,396,13,1,96,16,71,5,7,0,49,8,84,0,119,48,14,143,0
2011/2012,kokstad,greater kokstad,harry gwala,29.42536,-30.55093,208,8,233,18,0,0,40,267,1,127,132,48,5,139,258,15,1,76,25,54,4,13,0,77,5,62,0,133,52,19,167,0
2012/2013,kokstad,greater kokstad,harry gwala,29.42536,-30.55093,241,7,259,10,1,0,39,300,2,107,127,48,5,196,290,8,1,101,14,76,8,11,1,62,13,93,0,107,65,10,251,0
2013/2014,kokstad,greater kokstad,harry gwala,29.42536,-30.55093,212,4,217,10,1,0,24,296,3,142,105,53,7,108,262,18,23,124,25,51,8,19,0,64,8,61,1,74,36,23,297,0
2014/2015,kokstad,greater kokstad,harry gwala,29.42536,-30.55093,257,5,219,12,5,0,26,258,3,158,88,58,7,144,274,16,2,103,18,55,15,10,0,89,1,62,0,86,50,17,372,0
2015/2016,kokstad,greater kokstad,harry gwala,29.42536,-30.55093,230,7,199,8,3,0,56,319,4,115,75,32,6,243,283,19,22,87,22,40,12,20,0,87,3,46,1,98,39,20,310,0
2016/2017,kokstad,greater kokstad,harry gwala,29.42536,-30.55093,226,3,192,14,1,0,50,338,6,166,62,41,7,49,189,14,21,80,24,40,13,16,0,84,4,46,0,118,31,22,366,0
2017/2018,kokstad,greater kokstad,harry gwala,29.42536,-30.55093,216,3,222,15,3,0,48,328,6,138,108,33,7,98,227,10,2,76,29,57,11,14,0,77,4,65,0,161,22,18,381,0
2018/2019,kokstad,greater kokstad,harry gwala,29.42536,-30.55093,217,6,249,10,3,0,95,373,8,126,90,33,6,197,235,13,24,86,18,63,9,15,0,92,8,74,0,151,37,24,382,1
2019/2020,kokstad,greater kokstad,harry gwala,29.42536,-30.55093,259,10,271,21,2,0,60,405,8,132,152,50,7,284,264,19,16,96,22,76,17,23,0,124,9,88,0,86,67,16,238,1
2020/2021,kokstad,greater kokstad,harry gwala,29.42536,-30.55093,250,6,258,21,7,0,72,344,2,134,149,40,6,115,195,7,26,85,21,46,31,20,0,124,4,57,0,56,66,5,257,0
2021/2022,kokstad,greater kokstad,harry gwala,29.42536,-30.55093,279,7,259,21,4,0,40,322,3,171,196,45,7,199,631,12,3,104,29,42,15,16,0,83,6,53,0,69,36,12,158,0
2022/2023,kokstad,greater kokstad,harry gwala,29.42536,-30.55093,279,4,278,18,5,0,64,446,3,189,153,58,7,28,901,40,28,130,22,53,13,29,0,128,11,70,0,87,40,8,260,0
2023/2024,kokstad,harry gwala district,harry gwala district,29.42536,-30.55093,0,0,0,0,0,0,0,412,4,0,0,0,0,0,0,0,0,0,0,0,0,10,0,0,0,0,0,0,0,10,195,0
2024/2025,kokstad,harry gwala district,harry gwala district,29.42536,-30.55093,0,0,0,0,0,0,0,398,2,0,0,0,0,0,0,0,0,0,0,0,0,10,0,0,0,0,0,0,0,4,183,0
2008/2009,kolomane,raymond mhlaba,amathole,26.78883,-32.42247,3,0,9,0,0,0,0,1,0,0,2,0,6,0,0,0,1,1,0,1,0,0,0,0,0,1,0,0,3,0,0,0
2009/2010,kolomane,raymond mhlaba,amathole,26.78883,-32.42247,2,0,11,0,0,0,0,5,0,0,5,0,7,1,0,0,1,2,0,0,0,0,0,0,1,2,0,0,5,0,0,0
2010/2011,kolomane,raymond mhlaba,amathole,26.78883,-32.42247,0,0,9,0,0,0,0,2,0,0,1,0,7,0,1,0,1,1,1,1,0,0,0,0,0,2,0,0,3,0,0,0
2011/2012,kolomane,raymond mhlaba,amathole,26.78883,-32.42247,2,1,3,0,0,0,0,2,0,0,2,0,6,0,4,0,1,0,0,1,0,0,0,0,0,1,0,0,10,0,0,0
2012/2013,kolomane,raymond mhlaba,amathole,26.78883,-32.42247,1,0,8,0,1,0,2,0,0,0,2,0,6,0,2,0,1,1,0,0,0,0,0,0,0,1,0,0,7,0,0,0
2013/2014,kolomane,raymond mhlaba,amathole,26.78883,-32.42247,4,1,7,0,0,0,1,5,0,0,1,0,6,0,4,0,13,2,1,1,0,0,0,0,0,1,0,0,6,0,1,0
2014/2015,kolomane,raymond mhlaba,amathole,26.78883,-32.42247,1,0,4,0,0,0,0,5,0,0,2,0,6,0,6,2,13,1,1,0,0,0,0,0,0,0,0,0,8,0,0,0
2015/2016,kolomane,raymond mhlaba,amathole,26.78883,-32.42247,2,0,4,0,0,0,0,1,0,1,1,0,6,0,0,0,13,1,0,1,0,0,0,0,1,2,0,0,5,0,0,0
2016/2017,kolomane,raymond mhlaba,amathole,26.78883,-32.42247,2,0,5,0,0,0,0,4,0,0,1,0,7,0,1,0,13,2,0,1,0,0,0,0,0,2,0,0,6,0,0,0
2017/2018,kolomane,raymond mhlaba,amathole,26.78883,-32.42247,5,0,9,1,0,0,1,1,0,0,1,0,6,1,3,1,13,4,0,4,0,0,0,0,0,4,0,0,10,0,0,0
2018/2019,kolomane,raymond mhlaba,amathole,26.78883,-32.42247,0,0,5,0,1,0,0,1,0,0,0,0,6,0,1,0,13,0,0,5,0,0,0,0,0,6,0,0,5,0,0,0
2019/2020,kolomane,raymond mhlaba,amathole,26.78883,-32.42247,2,0,2,0,1,0,3,2,0,0,1,0,6,0,0,0,13,1,1,3,0,0,0,0,0,4,0,0,6,0,0,0
2020/2021,kolomane,raymond mhlaba,amathole,26.78883,-32.42247,3,1,7,0,0,0,0,0,0,0,0,0,6,0,0,0,13,0,1,1,0,0,0,1,0,1,0,0,18,0,0,0
2021/2022,kolomane,raymond mhlaba,amathole,26.78883,-32.42247,5,1,4,0,0,0,0,1,0,0,3,1,6,0,0,0,13,2,0,4,0,0,0,0,0,4,0,0,18,0,1,0
2022/2023,kolomane,raymond mhlaba,amathole,26.78883,-32.42247,2,0,9,0,0,0,1,4,0,0,0,0,6,0,0,0,13,3,0,0,1,0,0,1,1,1,0,0,6,0,0,0
2023/2024,kolomane,amathole district,amathole district,26.78883,-32.42247,0,0,0,0,0,0,0,1,0,0,0,0,0,0,0,0,0,0,0,0,0,0,0,0,0,0,0,0,0,1,0,0
2024/2025,kolomane,amathole district,amathole district,26.78883,-32.42247,0,0,0,0,0,0,0,3,0,0,0,0,0,0,0,0,0,0,0,0,0,0,0,0,0,0,0,0,0,0,0,0
2008/2009,komaggas,nama khoi,namakwa,17.48749,-29.79486,22,0,41,5,1,0,3,15,0,0,30,1,6,2,13,0,1,20,2,10,0,0,0,1,4,15,0,1,4,0,1,0
2009/2010,komaggas,nama khoi,namakwa,17.48749,-29.79486,33,1,53,7,0,0,6,10,0,0,60,5,6,10,7,0,1,20,0,3,1,1,0,3,1,4,0,4,14,1,0,0
2010/2011,komaggas,nama khoi,namakwa,17.48749,-29.79486,20,3,47,5,0,0,6,24,0,0,38,0,6,2,11,1,1,25,0,5,0,1,0,2,5,10,0,0,12,0,1,0
2011/2012,komaggas,nama khoi,namakwa,17.48749,-29.79486,18,1,58,0,0,0,6,10,0,0,35,1,6,2,17,0,1,17,0,6,4,0,0,4,3,9,0,0,4,0,2,0
2012/2013,komaggas,nama khoi,namakwa,17.48749,-29.79486,16,1,22,1,0,0,4,6,0,0,28,2,6,2,14,0,1,15,3,3,0,0,0,0,4,7,0,0,6,0,2,0
2013/2014,komaggas,nama khoi,namakwa,17.48749,-29.79486,19,2,28,4,1,0,7,11,0,0,47,5,4,2,23,0,13,21,1,5,0,2,0,2,3,11,0,1,11,0,3,0
2014/2015,komaggas,nama khoi,namakwa,17.48749,-29.79486,12,0,27,1,0,0,4,12,0,0,16,0,6,1,19,0,13,9,3,4,0,0,0,0,2,6,0,0,4,0,0,0
2015/2016,komaggas,nama khoi,namakwa,17.48749,-29.79486,16,0,30,3,0,0,7,7,0,0,12,1,6,2,35,0,13,4,2,4,1,0,0,1,3,7,0,1,2,0,1,0
2016/2017,komaggas,nama khoi,namakwa,17.48749,-29.79486,2,0,29,1,1,0,12,5,0,0,25,2,6,3,39,0,13,4,1,6,0,0,0,4,2,9,0,0,2,0,3,0
2017/2018,komaggas,nama khoi,namakwa,17.48749,-29.79486,8,0,16,0,0,0,5,4,0,0,6,2,6,3,54,0,13,5,0,3,0,0,0,0,2,5,0,0,4,0,1,0
2018/2019,komaggas,nama khoi,namakwa,17.48749,-29.79486,2,1,21,2,1,0,4,7,0,1,10,0,6,1,33,0,13,5,0,5,0,0,0,1,0,6,0,0,1,0,1,0
2019/2020,komaggas,nama khoi,namakwa,17.48749,-29.79486,10,0,21,1,0,0,8,12,0,2,9,1,6,1,26,0,13,8,0,2,0,0,0,1,0,2,0,0,5,0,5,0
2020/2021,komaggas,nama khoi,namakwa,17.48749,-29.79486,10,0,11,1,0,0,3,6,0,1,10,1,7,0,11,0,13,6,0,1,0,0,0,0,2,4,0,0,1,2,3,0
2021/2022,komaggas,nama khoi,namakwa,17.48749,-29.79486,8,0,20,1,0,0,0,7,0,1,8,0,6,1,8,1,13,11,0,2,0,0,0,0,0,2,0,1,1,0,1,0
2022/2023,komaggas,nama khoi,namakwa,17.48749,-29.79486,11,1,22,3,0,0,8,8,0,0,16,2,7,0,5,0,13,9,2,3,1,0,0,1,1,5,0,0,1,0,1,0
2023/2024,komaggas,namakwa district,namakwa district,17.48749,-29.79486,0,0,0,0,0,0,0,15,0,0,0,0,0,0,0,0,0,0,0,0,0,0,0,0,0,0,0,0,0,0,2,0
2024/2025,komaggas,namakwa district,namakwa district,17.48749,-29.79486,0,0,0,0,0,0,0,8,0,0,0,0,0,0,0,0,0,0,0,0,0,0,0,0,0,0,0,0,0,0,3,0
2023/2024,komani,chris hani district,chris hani district,,,0,0,0,0,0,0,0,174,7,0,0,0,0,0,0,0,0,0,0,0,0,9,0,0,0,0,0,0,0,17,118,0
2024/2025,komani,chris hani district,chris hani district,,,0,0,0,0,0,0,0,195,7,0,0,0,0,0,0,0,0,0,0,0,0,6,0,0,0,0,0,0,0,17,161,0
2008/2009,komatipoort,nkomazi,ehlanzeni,31.95774,-25.4362,514,5,136,17,0,0,94,225,0,46,70,18,9,3,6,5,1,98,6,15,9,10,0,40,1,21,0,27,3,20,31,1
2009/2010,komatipoort,nkomazi,ehlanzeni,31.95774,-25.4362,329,1,120,9,1,0,58,173,0,61,56,21,9,1,16,5,1,43,5,15,7,5,0,32,1,22,0,22,1,8,41,1
2010/2011,komatipoort,nkomazi,ehlanzeni,31.95774,-25.4362,290,2,116,8,0,0,48,140,0,64,73,16,5,6,27,2,1,48,8,13,2,4,0,23,1,17,0,5,1,9,49,1
2011/2012,komatipoort,nkomazi,ehlanzeni,31.95774,-25.4362,254,0,83,6,1,0,40,102,0,44,42,10,7,16,47,5,1,46,4,14,5,12,0,34,0,16,0,13,1,10,39,0
2012/2013,komatipoort,nkomazi,ehlanzeni,31.95774,-25.4362,262,2,61,13,0,0,49,125,0,69,44,12,6,25,66,27,1,42,4,8,10,9,0,38,1,9,0,17,1,23,50,0
2013/2014,komatipoort,nkomazi,ehlanzeni,31.95774,-25.4362,234,2,64,8,1,0,39,122,1,59,44,8,6,43,99,6,13,62,8,10,4,11,0,22,0,11,0,9,4,14,49,0
2014/2015,komatipoort,nkomazi,ehlanzeni,31.95774,-25.4362,225,3,51,6,0,0,30,109,0,35,20,12,6,41,131,11,13,36,3,8,3,5,0,19,1,9,0,16,0,8,41,0
2015/2016,komatipoort,nkomazi,ehlanzeni,31.95774,-25.4362,217,2,49,8,1,0,38,114,0,44,51,17,4,29,170,12,14,47,5,12,3,11,0,28,0,15,1,7,0,9,43,1
2016/2017,komatipoort,nkomazi,ehlanzeni,31.95774,-25.4362,207,1,44,6,1,0,26,114,0,48,29,10,4,47,196,9,23,42,5,20,6,2,0,18,1,24,4,9,0,15,40,0
2017/2018,komatipoort,nkomazi,ehlanzeni,31.95774,-25.4362,170,0,41,9,0,0,30,102,2,41,36,4,6,67,226,28,12,44,3,4,9,15,0,43,0,4,1,9,1,13,25,1
2018/2019,komatipoort,nkomazi,ehlanzeni,31.95774,-25.4362,204,0,37,4,0,0,30,90,5,58,17,4,6,78,222,16,12,31,8,9,1,9,0,25,9,18,0,7,2,10,20,0
2019/2020,komatipoort,nkomazi,ehlanzeni,31.95774,-25.4362,183,1,35,1,0,0,23,115,0,37,21,5,6,60,216,6,12,33,7,7,4,6,0,19,1,8,0,6,1,6,27,1
2020/2021,komatipoort,nkomazi,ehlanzeni,31.95774,-25.4362,158,1,30,4,0,0,52,73,3,46,21,6,4,11,97,3,13,28,2,11,1,0,0,14,1,14,0,3,1,3,60,0
2021/2022,komatipoort,nkomazi,ehlanzeni,31.95774,-25.4362,134,0,27,6,2,0,42,86,6,41,14,8,6,10,50,2,14,23,5,18,8,3,0,46,0,20,0,14,0,6,39,0
2022/2023,komatipoort,nkomazi,ehlanzeni,31.95774,-25.4362,115,0,32,6,0,0,55,120,3,60,31,6,6,6,37,8,25,21,12,14,3,11,0,40,1,15,0,3,1,13,49,1
2023/2024,komatipoort,ehlanzeni district,ehlanzeni district,31.95774,-25.4362,0,0,0,0,0,0,0,111,0,0,0,0,0,0,0,0,0,0,0,0,0,1,0,0,0,0,0,0,0,14,86,0
2024/2025,komatipoort,ehlanzeni district,ehlanzeni district,31.95774,-25.4362,0,0,0,0,0,0,0,89,5,0,0,0,0,0,0,0,0,0,0,0,0,3,0,0,0,0,0,0,0,6,62,0
2008/2009,komga,,,,,104,1,75,7,0,0,8,84,0,11,97,10,4,15,13,0,1,31,7,11,0,1,0,4,2,15,0,13,40,4,5,0
2009/2010,komga,,,,,77,6,81,3,4,0,11,50,0,10,79,18,6,12,14,1,1,22,5,18,0,0,0,3,0,22,0,0,46,2,4,1
2010/2011,komga,,,,,68,1,87,6,3,0,16,73,0,9,79,13,4,7,16,3,1,35,5,20,2,1,0,7,2,27,0,2,39,10,14,0
2011/2012,komga,,,,,75,4,95,4,1,0,20,86,0,2,76,10,7,10,18,3,1,44,4,11,3,1,0,12,1,14,0,1,29,15,3,0
2012/2013,komga,,,,,62,3,86,1,1,0,23,86,0,6,55,12,6,11,18,1,1,23,3,21,2,3,0,11,0,22,0,0,40,4,12,0
2013/2014,komga,,,,,68,5,60,1,0,0,31,79,0,9,34,7,6,7,37,1,12,22,8,23,1,0,0,11,1,24,0,4,29,1,13,0
2014/2015,komga,,,,,42,0,71,2,3,0,21,74,1,12,42,10,7,15,41,0,13,33,6,14,3,0,0,9,1,19,0,2,34,2,13,0
2015/2016,komga,,,,,62,1,55,5,1,0,17,54,1,11,56,10,7,18,23,1,21,29,7,14,0,1,0,8,3,19,0,2,40,4,11,2
2016/2017,komga,,,,,72,0,60,9,0,0,15,71,0,12,70,11,6,5,24,3,21,37,4,12,7,2,0,19,5,17,0,4,30,7,17,0
2017/2018,komga,,,,,79,0,50,3,0,0,14,67,0,13,57,11,6,10,33,7,13,22,3,11,7,1,0,12,4,15,0,1,33,0,15,0
2018/2019,komga,,,,,74,0,51,4,1,0,28,85,1,15,45,4,6,50,20,11,13,36,4,22,4,3,0,15,2,25,0,1,31,1,4,1
2019/2020,komga,,,,,70,1,66,5,3,0,26,60,0,8,52,16,6,29,18,5,14,31,4,11,4,1,0,24,0,14,0,0,25,3,16,0
2020/2021,komga,,,,,69,2,50,1,1,0,20,49,0,5,46,11,6,23,1,3,13,36,9,14,4,4,0,16,0,15,0,1,23,2,6,3
2021/2022,komga,,,,,53,0,37,5,0,0,14,26,0,12,28,2,7,10,4,1,13,31,8,13,5,1,0,13,6,20,0,1,13,3,5,0
2022/2023,komga,,,,,65,1,39,4,2,0,26,33,1,11,37,3,6,11,5,2,25,24,6,10,1,0,0,8,2,14,0,4,10,2,10,0
2008/2009,kommissiepoort,mantsopa,thabo mofutsanyane,27.28657,-29.32488,13,0,5,0,1,0,0,7,0,0,8,2,6,0,8,0,1,6,1,2,0,0,0,0,0,3,0,0,22,1,0,0
2009/2010,kommissiepoort,mantsopa,thabo mofutsanyane,27.28657,-29.32488,22,0,9,0,0,0,1,16,0,0,9,0,6,1,2,0,1,6,0,0,0,1,0,2,0,0,0,0,29,1,1,0
2010/2011,kommissiepoort,mantsopa,thabo mofutsanyane,27.28657,-29.32488,12,1,7,0,0,0,0,9,0,0,6,0,6,0,4,0,1,5,0,2,0,0,0,0,0,2,0,0,28,0,0,0
2011/2012,kommissiepoort,mantsopa,thabo mofutsanyane,27.28657,-29.32488,19,0,8,0,0,0,3,14,0,0,11,0,6,0,0,1,1,5,0,1,0,0,0,0,1,2,0,0,28,0,2,0
2012/2013,kommissiepoort,mantsopa,thabo mofutsanyane,27.28657,-29.32488,12,0,9,0,0,0,6,11,0,1,3,1,6,0,7,1,1,5,0,3,0,0,0,1,1,4,0,0,20,2,0,0
2013/2014,kommissiepoort,mantsopa,thabo mofutsanyane,27.28657,-29.32488,10,0,5,0,0,0,6,16,0,0,8,0,6,1,4,0,13,2,2,2,0,1,0,1,0,2,0,0,15,3,2,0
2014/2015,kommissiepoort,mantsopa,thabo mofutsanyane,27.28657,-29.32488,13,0,5,0,0,0,1,5,0,0,4,0,6,0,4,0,13,5,1,1,0,1,0,1,0,1,0,0,25,0,0,0
2015/2016,kommissiepoort,mantsopa,thabo mofutsanyane,27.28657,-29.32488,8,1,2,0,1,0,1,4,0,0,2,0,6,1,4,0,13,4,0,0,0,0,0,0,0,1,0,0,17,4,0,0
2016/2017,kommissiepoort,mantsopa,thabo mofutsanyane,27.28657,-29.32488,10,0,1,0,0,0,1,2,0,0,7,0,6,1,1,0,13,4,1,3,0,1,0,1,0,3,2,0,18,1,0,0
2017/2018,kommissiepoort,mantsopa,thabo mofutsanyane,27.28657,-29.32488,4,0,5,0,1,0,1,12,0,1,3,0,6,1,2,0,13,2,0,1,0,0,0,0,0,2,0,0,18,0,1,0
2018/2019,kommissiepoort,mantsopa,thabo mofutsanyane,27.28657,-29.32488,8,0,4,0,0,0,0,4,0,0,3,0,6,0,2,0,13,1,0,1,0,1,0,1,0,1,0,0,28,1,0,0
2019/2020,kommissiepoort,mantsopa,thabo mofutsanyane,27.28657,-29.32488,6,0,5,0,0,0,1,7,0,0,2,1,6,0,0,0,13,1,0,2,0,0,0,1,0,2,0,0,18,1,1,0
2020/2021,kommissiepoort,mantsopa,thabo mofutsanyane,27.28657,-29.32488,2,0,4,1,0,0,0,2,0,0,1,0,6,2,3,0,13,1,1,0,0,1,0,1,1,1,0,0,13,1,0,0
2021/2022,kommissiepoort,mantsopa,thabo mofutsanyane,27.28657,-29.32488,3,1,3,0,0,0,0,5,0,0,2,0,6,1,6,0,13,1,0,0,0,1,0,1,0,0,0,0,7,0,0,0
2022/2023,kommissiepoort,mantsopa,thabo mofutsanyane,27.28657,-29.32488,3,0,4,0,0,0,1,1,0,2,2,0,6,4,13,0,13,0,0,0,0,0,0,0,0,0,0,0,8,0,0,0
2023/2024,kommissiepoort,thabo mofutsanyana district,thabo mofutsanyana district,27.28657,-29.32488,0,0,0,0,0,0,0,6,0,0,0,0,0,0,0,0,0,0,0,0,0,0,0,0,0,0,0,0,0,0,0,0
2024/2025,kommissiepoort,thabo mofutsanyana district,thabo mofutsanyana district,27.28657,-29.32488,0,0,0,0,0,0,0,6,0,0,0,0,0,0,0,0,0,0,0,0,0,0,0,0,0,0,0,0,0,0,0,0
2008/2009,kopanong,mangaung,mangaung,26.25326,-29.18644,297,20,476,40,13,0,12,452,17,5,309,108,16,13,126,9,1,217,33,122,37,33,0,165,16,161,0,1,14,28,27,1
2009/2010,kopanong,mangaung,mangaung,26.25326,-29.18644,200,19,444,25,12,0,26,340,16,2,301,66,19,14,76,10,1,178,34,104,24,18,0,139,12,142,0,1,12,20,52,1
2010/2011,kopanong,mangaung,mangaung,26.25326,-29.18644,198,28,439,28,6,0,24,372,10,11,293,46,32,15,101,8,1,170,36,87,14,30,0,128,13,118,0,0,5,20,46,0
2011/2012,kopanong,mangaung,mangaung,26.25326,-29.18644,197,26,418,37,8,0,24,370,25,9,319,55,33,9,71,9,1,185,27,108,22,25,0,160,8,139,1,0,1,23,106,0
2012/2013,kopanong,mangaung,mangaung,26.25326,-29.18644,243,14,476,30,14,0,19,408,12,11,385,68,16,13,198,14,1,272,40,124,28,40,0,192,9,157,4,0,6,27,74,0
2013/2014,kopanong,mangaung,mangaung,26.25326,-29.18644,188,8,438,30,6,0,21,383,8,4,352,77,4,7,184,9,23,238,37,90,19,34,0,156,6,104,1,0,8,16,71,0
2014/2015,kopanong,mangaung,mangaung,26.25326,-29.18644,145,11,361,23,7,0,13,359,15,11,271,45,3,14,161,23,21,212,30,99,8,19,0,129,2,121,3,0,6,22,104,0
2015/2016,kopanong,mangaung,mangaung,26.25326,-29.18644,177,14,393,27,7,0,28,380,9,15,277,53,4,17,174,9,2,203,45,84,4,31,0,135,4,97,12,0,6,18,88,0
2016/2017,kopanong,mangaung,mangaung,26.25326,-29.18644,173,4,354,13,1,0,29,303,10,11,214,41,12,22,208,14,14,177,35,60,7,21,0,148,7,75,10,0,5,5,66,1
2017/2018,kopanong,mangaung,mangaung,26.25326,-29.18644,155,8,280,11,6,0,21,219,14,4,241,41,5,19,183,15,12,156,44,99,6,20,0,126,4,112,10,0,4,3,41,0
2018/2019,kopanong,mangaung,mangaung,26.25326,-29.18644,156,1,304,14,4,0,19,152,6,14,252,41,9,23,102,11,23,150,31,71,8,12,0,119,6,86,14,0,6,7,36,0
2019/2020,kopanong,mangaung,mangaung,26.25326,-29.18644,136,0,265,11,5,0,12,143,3,14,242,17,9,24,88,7,21,117,24,88,5,10,0,53,13,111,26,0,6,4,36,0
2020/2021,kopanong,mangaung,mangaung,26.25326,-29.18644,122,0,249,2,3,0,8,119,7,22,211,13,5,23,70,5,25,120,18,64,5,5,0,42,10,80,53,0,2,5,65,0
2021/2022,kopanong,mangaung,mangaung,26.25326,-29.18644,194,0,253,6,1,0,9,138,6,29,244,23,5,41,47,12,13,163,20,70,4,13,0,44,7,81,145,0,11,9,47,0
2022/2023,kopanong,mangaung,mangaung,26.25326,-29.18644,188,0,305,7,2,0,31,184,9,25,242,17,4,62,83,7,12,137,30,57,10,13,0,62,11,72,186,0,10,7,37,0
2023/2024,kopanong,mangaung district,mangaung district,26.25326,-29.18644,0,0,0,0,0,0,0,200,8,0,0,0,0,0,0,0,0,0,0,0,0,29,0,0,0,0,0,0,0,10,31,0
2024/2025,kopanong,mangaung district,mangaung district,26.25326,-29.18644,0,0,0,0,0,0,0,200,11,0,0,0,0,0,0,0,0,0,0,0,0,19,0,0,0,0,0,0,0,5,31,0
2008/2009,koppies,ngwathe,fezile dabi,27.57533,-27.24265,107,2,67,2,1,0,7,52,2,10,73,3,4,12,18,2,1,30,2,19,2,1,0,15,4,26,0,1,23,5,3,6
2009/2010,koppies,ngwathe,fezile dabi,27.57533,-27.24265,66,3,47,3,1,0,15,73,1,22,44,2,4,15,16,3,1,27,1,10,1,1,0,6,0,13,0,3,32,9,5,0
2010/2011,koppies,ngwathe,fezile dabi,27.57533,-27.24265,93,2,67,2,0,0,9,50,3,10,62,6,8,10,10,0,1,27,3,10,0,0,0,6,2,16,0,5,25,6,13,0
2011/2012,koppies,ngwathe,fezile dabi,27.57533,-27.24265,101,2,72,2,4,0,31,50,0,9,83,5,7,12,19,1,1,37,1,19,5,0,0,7,4,28,0,11,32,6,18,2
2012/2013,koppies,ngwathe,fezile dabi,27.57533,-27.24265,90,0,64,0,1,0,49,55,0,10,74,4,7,16,59,0,1,25,1,24,6,2,0,9,5,31,0,6,30,3,30,0
2013/2014,koppies,ngwathe,fezile dabi,27.57533,-27.24265,77,3,64,2,1,0,40,52,0,6,73,6,6,10,41,4,12,53,4,15,3,2,0,8,4,20,0,5,18,3,14,0
2014/2015,koppies,ngwathe,fezile dabi,27.57533,-27.24265,76,2,41,2,1,0,30,34,0,7,50,5,7,14,78,0,13,14,2,12,3,2,0,7,2,16,0,3,32,4,4,1
2015/2016,koppies,ngwathe,fezile dabi,27.57533,-27.24265,74,1,49,2,1,0,30,51,0,9,78,5,7,13,79,3,13,31,1,16,4,0,0,13,2,20,0,2,49,14,11,2
2016/2017,koppies,ngwathe,fezile dabi,27.57533,-27.24265,78,1,53,3,0,0,31,48,0,6,66,7,7,18,79,4,13,22,1,18,3,1,0,9,1,20,0,14,35,8,17,0
2017/2018,koppies,ngwathe,fezile dabi,27.57533,-27.24265,59,0,60,1,0,0,40,48,0,11,62,4,6,17,72,0,14,29,5,13,3,0,0,6,2,15,0,7,39,1,6,0
2018/2019,koppies,ngwathe,fezile dabi,27.57533,-27.24265,76,0,67,1,2,0,40,56,0,9,58,4,5,17,18,2,17,30,3,17,6,0,0,8,4,26,0,15,67,4,5,0
2019/2020,koppies,ngwathe,fezile dabi,27.57533,-27.24265,57,0,54,0,1,0,61,55,0,7,63,6,6,11,6,2,12,17,2,21,13,1,0,19,6,28,0,8,34,6,9,0
2020/2021,koppies,ngwathe,fezile dabi,27.57533,-27.24265,57,0,61,0,1,0,65,68,0,17,92,5,8,8,7,1,23,17,1,18,1,2,0,8,1,24,0,3,29,3,17,1
2021/2022,koppies,ngwathe,fezile dabi,27.57533,-27.24265,81,0,55,2,2,0,45,58,0,18,117,3,7,17,25,7,17,44,2,19,9,5,0,20,5,27,0,5,35,4,16,2
2022/2023,koppies,ngwathe,fezile dabi,27.57533,-27.24265,109,0,77,5,2,0,41,98,2,23,129,5,7,11,24,0,12,31,2,10,1,2,0,11,2,15,0,2,45,5,10,1
2023/2024,koppies,fezile dabi district,fezile dabi district,27.57533,-27.24265,0,0,0,0,0,0,0,48,0,0,0,0,0,0,0,0,0,0,0,0,0,0,0,0,0,0,0,0,0,2,5,0
2024/2025,koppies,fezile dabi district,fezile dabi district,27.57533,-27.24265,0,0,0,0,0,0,0,63,0,0,0,0,0,0,0,0,0,0,0,0,0,1,0,0,0,0,0,0,0,4,9,0
2008/2009,koster,kgetlengrivier,bojanala,26.89748,-25.86502,119,1,53,4,3,0,69,110,0,12,49,5,7,3,78,0,1,31,4,33,9,3,0,23,2,39,0,6,33,35,16,1
2009/2010,koster,kgetlengrivier,bojanala,26.89748,-25.86502,126,5,76,3,3,0,70,112,4,14,44,6,7,8,104,4,1,35,6,19,10,1,0,27,3,26,0,8,37,29,16,2
2010/2011,koster,kgetlengrivier,bojanala,26.89748,-25.86502,176,3,96,9,2,1,36,141,0,11,54,4,7,1,129,4,1,21,8,20,6,9,0,25,8,31,0,10,59,22,17,3
2011/2012,koster,kgetlengrivier,bojanala,26.89748,-25.86502,186,1,74,2,3,0,50,96,1,23,49,9,7,5,107,9,1,38,7,27,6,5,0,17,9,40,1,6,43,5,18,1
2012/2013,koster,kgetlengrivier,bojanala,26.89748,-25.86502,141,1,60,11,5,0,42,116,1,22,38,6,5,31,114,5,1,25,6,24,5,5,0,20,4,36,0,8,59,27,18,1
2013/2014,koster,kgetlengrivier,bojanala,26.89748,-25.86502,113,0,60,8,1,0,59,110,2,11,27,9,5,29,173,2,13,30,5,26,14,1,0,29,5,35,0,3,35,16,24,6
2014/2015,koster,kgetlengrivier,bojanala,26.89748,-25.86502,110,4,78,2,6,0,45,156,2,11,38,13,7,7,246,8,23,21,5,33,13,4,0,36,2,42,0,1,30,12,25,1
2015/2016,koster,kgetlengrivier,bojanala,26.89748,-25.86502,86,2,72,2,4,0,43,144,0,7,18,7,6,40,306,3,12,22,12,18,5,6,0,19,6,28,0,4,45,9,35,1
2016/2017,koster,kgetlengrivier,bojanala,26.89748,-25.86502,144,3,60,7,1,0,73,173,2,17,34,8,6,34,346,8,12,27,12,15,11,6,0,28,2,18,0,10,67,19,35,1
2017/2018,koster,kgetlengrivier,bojanala,26.89748,-25.86502,122,3,61,7,3,0,57,197,8,18,52,4,4,35,416,8,12,35,10,30,12,11,0,47,6,41,0,13,44,22,30,4
2018/2019,koster,kgetlengrivier,bojanala,26.89748,-25.86502,105,9,66,5,3,0,77,175,22,25,33,11,6,25,198,7,21,35,9,24,9,11,1,53,1,28,0,16,49,12,28,3
2019/2020,koster,kgetlengrivier,bojanala,26.89748,-25.86502,84,3,56,7,3,0,52,156,10,19,50,5,6,48,162,6,23,27,8,27,8,4,0,43,5,35,0,6,63,28,20,3
2020/2021,koster,kgetlengrivier,bojanala,26.89748,-25.86502,91,4,51,6,2,0,86,136,10,16,38,1,6,15,94,12,12,18,2,15,10,5,0,27,4,21,0,6,48,10,24,1
2021/2022,koster,kgetlengrivier,bojanala,26.89748,-25.86502,83,3,62,2,2,0,70,156,6,22,35,10,4,28,65,1,21,24,8,16,13,12,0,40,1,21,0,6,30,9,20,4
2022/2023,koster,kgetlengrivier,bojanala,26.89748,-25.86502,104,1,59,5,1,0,67,140,1,32,54,6,7,20,59,17,14,34,8,25,6,5,0,24,3,30,0,2,35,10,19,0
2023/2024,koster,bojanala district,bojanala district,26.89748,-25.86502,0,0,0,0,0,0,0,180,0,0,0,0,0,0,0,0,0,0,0,0,0,2,0,0,0,0,0,0,0,7,29,0
2024/2025,koster,bojanala district,bojanala district,26.89748,-25.86502,0,0,0,0,0,0,0,164,3,0,0,0,0,0,0,0,0,0,0,0,0,12,0,0,0,0,0,0,0,6,29,0
2008/2009,kraaifontein,city of cape town,city of cape town,18.7273,-33.857,1307,10,436,71,5,0,83,787,4,96,455,189,16,103,1017,95,1,406,100,149,26,20,2,220,34,198,0,137,5,221,365,0
2009/2010,kraaifontein,city of cape town,city of cape town,18.7273,-33.857,1386,8,480,65,4,0,108,869,12,94,590,191,36,164,1220,70,1,485,77,199,27,30,0,247,30,249,0,367,8,175,519,1
2010/2011,kraaifontein,city of cape town,city of cape town,18.7273,-33.857,1371,20,502,107,10,0,118,1014,19,121,683,256,33,170,1630,50,1,369,78,207,59,41,1,347,40,272,0,492,5,199,507,0
2011/2012,kraaifontein,city of cape town,city of cape town,18.7273,-33.857,1603,12,461,109,9,0,120,1302,13,177,673,311,19,287,2017,93,1,434,94,184,42,45,0,403,22,229,0,359,6,239,682,1
2012/2013,kraaifontein,city of cape town,city of cape town,18.7273,-33.857,1583,18,467,135,12,0,194,1118,20,262,799,281,32,378,2340,112,1,405,121,157,58,47,1,486,17,198,1,204,19,219,560,1
2013/2014,kraaifontein,city of cape town,city of cape town,18.7273,-33.857,1784,13,500,137,7,0,190,1247,23,172,912,308,8,415,2515,98,16,482,112,124,80,59,0,675,26,161,3,195,4,221,646,0
2014/2015,kraaifontein,city of cape town,city of cape town,18.7273,-33.857,1906,27,534,127,6,0,216,1096,51,155,843,271,10,384,3357,122,42,522,141,145,73,65,0,695,25,182,1,206,10,231,622,1
2015/2016,kraaifontein,city of cape town,city of cape town,18.7273,-33.857,1987,22,483,134,13,0,140,1175,46,189,880,251,8,270,3332,129,8,578,152,139,58,66,1,708,24,180,2,235,12,219,690,0
2016/2017,kraaifontein,city of cape town,city of cape town,18.7273,-33.857,1951,11,390,160,7,0,160,1122,63,194,985,245,12,293,4502,151,5,606,142,122,49,63,3,761,36,172,1,197,7,197,646,0
2017/2018,kraaifontein,city of cape town,city of cape town,18.7273,-33.857,1898,13,430,103,8,0,130,1068,56,264,933,237,5,355,4377,154,4,659,186,154,42,76,1,749,24,189,2,117,3,126,640,3
2018/2019,kraaifontein,city of cape town,city of cape town,18.7273,-33.857,1600,11,490,116,7,0,132,972,49,250,1113,255,9,408,2972,88,8,727,151,173,31,84,2,714,35,220,1,156,2,178,516,2
2019/2020,kraaifontein,city of cape town,city of cape town,18.7273,-33.857,1073,16,453,88,2,0,139,850,44,251,1057,222,5,321,3082,112,11,662,137,175,36,87,0,661,36,216,1,133,14,189,403,0
2020/2021,kraaifontein,city of cape town,city of cape town,18.7273,-33.857,817,16,395,188,6,0,153,750,46,333,909,148,9,101,1084,147,43,630,196,165,51,157,0,618,31,207,1,93,9,117,406,7
2021/2022,kraaifontein,city of cape town,city of cape town,18.7273,-33.857,870,17,417,142,4,0,125,648,75,387,857,168,3,117,2630,135,30,598,237,151,69,161,0,655,29,197,1,106,9,127,310,5
2022/2023,kraaifontein,city of cape town,city of cape town,18.7273,-33.857,878,23,512,116,7,0,140,623,47,403,997,195,9,198,3201,120,18,659,210,175,57,97,0,602,34,221,0,166,4,137,361,4
2023/2024,kraaifontein,city of cape town district,city of cape town district,18.7273,-33.857,0,0,0,0,0,0,0,678,60,0,0,0,0,0,0,0,0,0,0,0,0,88,0,0,0,0,0,0,0,157,351,0
2024/2025,kraaifontein,city of cape town district,city of cape town district,18.7273,-33.857,0,0,0,0,0,0,0,492,52,0,0,0,0,0,0,0,0,0,0,0,0,108,0,0,0,0,0,0,0,129,313,0
2008/2009,kranskop,umvoti,umzinyathi,30.86405,-28.96604,100,11,94,58,0,0,20,113,9,9,63,12,8,2,35,20,1,32,28,38,10,11,1,60,4,46,0,1,30,19,10,0
2009/2010,kranskop,umvoti,umzinyathi,30.86405,-28.96604,74,6,122,63,4,0,14,94,6,41,72,13,9,3,16,52,1,41,10,46,5,16,0,43,1,56,0,8,15,10,11,0
2010/2011,kranskop,umvoti,umzinyathi,30.86405,-28.96604,87,8,141,58,6,0,31,74,7,19,82,12,12,8,38,79,1,53,17,35,5,11,0,40,9,57,0,4,22,6,7,0
2011/2012,kranskop,umvoti,umzinyathi,30.86405,-28.96604,103,5,116,41,3,0,21,45,3,20,52,16,5,5,20,46,1,57,21,45,7,8,0,31,7,58,0,3,29,5,10,0
2012/2013,kranskop,umvoti,umzinyathi,30.86405,-28.96604,96,10,121,38,6,0,45,73,2,37,44,15,6,1,33,59,1,55,16,46,2,9,0,25,5,57,0,2,28,11,10,0
2013/2014,kranskop,umvoti,umzinyathi,30.86405,-28.96604,107,2,145,41,1,0,45,65,1,12,54,22,8,4,31,38,1,46,14,38,8,8,0,20,5,48,1,0,37,8,14,0
2014/2015,kranskop,umvoti,umzinyathi,30.86405,-28.96604,102,5,123,36,2,0,46,67,2,31,38,13,4,0,23,37,1,59,20,30,4,5,0,21,4,38,0,2,41,8,10,0
2015/2016,kranskop,umvoti,umzinyathi,30.86405,-28.96604,77,0,150,46,2,0,42,68,6,26,39,20,6,1,18,48,1,34,12,29,11,7,0,31,3,34,1,1,42,5,9,0
2016/2017,kranskop,umvoti,umzinyathi,30.86405,-28.96604,69,1,140,28,0,0,46,88,3,24,27,8,6,4,37,19,1,40,13,26,15,6,0,39,2,28,6,1,44,16,16,0
2017/2018,kranskop,umvoti,umzinyathi,30.86405,-28.96604,82,3,125,37,0,1,66,77,4,29,26,10,6,5,62,69,1,43,21,25,19,14,0,45,0,25,8,0,43,9,13,0
2018/2019,kranskop,umvoti,umzinyathi,30.86405,-28.96604,59,0,149,17,0,0,38,57,8,27,23,8,6,6,58,36,13,46,28,31,10,12,0,38,4,35,9,4,30,9,7,0
2019/2020,kranskop,umvoti,umzinyathi,30.86405,-28.96604,60,3,125,23,0,0,61,38,7,24,23,9,6,3,99,22,12,35,22,29,8,9,0,36,2,31,45,1,28,9,11,0
2020/2021,kranskop,umvoti,umzinyathi,30.86405,-28.96604,57,4,126,21,0,0,58,32,3,30,44,8,6,3,110,38,12,30,43,32,11,4,0,23,6,38,8,1,26,5,8,0
2021/2022,kranskop,umvoti,umzinyathi,30.86405,-28.96604,66,2,137,22,2,0,40,50,3,26,59,7,6,3,171,28,21,40,36,37,2,12,0,36,3,42,0,2,23,5,6,0
2022/2023,kranskop,umvoti,umzinyathi,30.86405,-28.96604,76,1,164,45,1,0,47,41,6,21,54,5,4,5,76,18,28,39,40,48,4,7,0,31,3,54,132,4,32,9,10,0
2023/2024,kranskop,umzinyathi district,umzinyathi district,30.86405,-28.96604,0,0,0,0,0,0,0,45,6,0,0,0,0,0,0,0,0,0,0,0,0,8,0,0,0,0,0,0,0,2,8,0
2024/2025,kranskop,umzinyathi district,umzinyathi district,30.86405,-28.96604,0,0,0,0,0,0,0,36,4,0,0,0,0,0,0,0,0,0,0,0,0,13,0,0,0,0,0,0,0,7,4,0
2008/2009,kriel,emalahleni,nkangala,29.26061,-26.25064,497,9,128,9,2,0,20,295,39,20,120,35,9,15,14,4,1,65,14,33,15,10,0,90,0,40,0,53,6,86,40,3
2009/2010,kriel,emalahleni,nkangala,29.26061,-26.25064,428,1,126,3,4,0,7,295,12,30,109,37,12,14,19,1,1,61,5,20,8,2,0,48,4,35,0,69,13,87,50,6
2010/2011,kriel,emalahleni,nkangala,29.26061,-26.25064,419,2,113,10,5,0,44,390,11,29,101,31,11,11,29,0,1,82,5,24,11,11,1,55,2,39,0,71,27,124,93,2
2011/2012,kriel,emalahleni,nkangala,29.26061,-26.25064,434,4,106,9,1,0,56,410,9,88,114,31,10,219,43,4,1,97,8,16,15,5,0,46,1,24,0,58,15,73,99,3
2012/2013,kriel,emalahleni,nkangala,29.26061,-26.25064,390,1,102,2,3,0,44,442,4,157,98,35,5,24,50,6,1,72,9,17,25,4,1,47,3,26,0,66,25,79,68,1
2013/2014,kriel,emalahleni,nkangala,29.26061,-26.25064,417,7,99,14,2,0,27,535,4,101,88,30,7,26,31,0,23,107,8,21,18,3,2,49,4,28,1,50,12,49,88,3
2014/2015,kriel,emalahleni,nkangala,29.26061,-26.25064,343,4,90,6,2,0,55,256,3,57,52,19,5,44,44,4,17,64,12,21,16,8,2,56,1,27,0,71,20,37,78,2
2015/2016,kriel,emalahleni,nkangala,29.26061,-26.25064,288,4,82,7,0,0,43,342,21,61,59,18,4,53,50,8,17,58,5,22,20,1,0,54,2,26,0,65,25,36,62,1
2016/2017,kriel,emalahleni,nkangala,29.26061,-26.25064,302,4,98,16,0,0,45,346,6,66,66,14,7,52,61,4,21,58,13,12,29,1,0,46,5,18,0,64,17,39,46,1
2017/2018,kriel,emalahleni,nkangala,29.26061,-26.25064,238,2,86,11,0,0,35,316,18,62,47,18,7,68,88,8,23,44,5,19,19,2,1,51,6,26,0,58,24,43,79,1
2018/2019,kriel,emalahleni,nkangala,29.26061,-26.25064,242,3,81,17,0,0,47,279,7,67,49,13,7,67,114,9,14,46,8,22,29,4,0,51,1,24,0,40,30,29,80,0
2019/2020,kriel,emalahleni,nkangala,29.26061,-26.25064,176,2,101,12,0,0,43,201,7,57,49,11,6,59,166,15,23,46,12,21,24,4,1,61,0,21,0,41,29,27,66,2
2020/2021,kriel,emalahleni,nkangala,29.26061,-26.25064,123,3,74,10,0,0,40,168,15,68,44,12,7,5,29,5,13,28,15,17,14,5,0,59,3,21,0,36,28,29,40,3
2021/2022,kriel,emalahleni,nkangala,29.26061,-26.25064,136,4,93,19,0,0,37,126,40,107,63,12,6,10,41,16,44,42,14,20,33,12,0,113,3,23,0,29,22,36,39,4
2022/2023,kriel,emalahleni,nkangala,29.26061,-26.25064,220,2,128,13,0,0,28,103,55,104,41,19,6,16,54,23,6,46,20,11,30,21,1,153,2,13,0,40,23,37,36,9
2023/2024,kriel,nkangala district,nkangala district,29.26061,-26.25064,0,0,0,0,0,0,0,136,48,0,0,0,0,0,0,0,0,0,0,0,0,12,0,0,0,0,0,0,0,36,42,0
2024/2025,kriel,nkangala district,nkangala district,29.26061,-26.25064,0,0,0,0,0,0,0,142,28,0,0,0,0,0,0,0,0,0,0,0,0,13,0,0,0,0,0,0,0,28,38,0
2008/2009,kroonstad,moqhaka,fezile dabi,27.23468,-27.66893,499,1,130,6,0,0,129,229,3,62,320,50,4,35,157,1,1,159,5,40,11,7,0,76,4,46,0,237,103,62,127,2
2009/2010,kroonstad,moqhaka,fezile dabi,27.23468,-27.66893,540,5,124,9,7,0,113,194,2,83,292,56,9,18,166,3,1,155,6,37,14,3,0,64,3,52,0,156,110,53,156,0
2010/2011,kroonstad,moqhaka,fezile dabi,27.23468,-27.66893,515,3,111,6,6,0,109,161,3,149,276,52,6,23,121,3,1,125,3,30,8,4,0,41,4,40,0,168,67,79,118,0
2011/2012,kroonstad,moqhaka,fezile dabi,27.23468,-27.66893,429,3,94,6,6,0,116,199,0,145,305,60,5,37,124,4,1,139,2,32,12,8,0,64,15,56,0,181,65,71,142,3
2012/2013,kroonstad,moqhaka,fezile dabi,27.23468,-27.66893,484,4,110,7,2,0,174,328,1,1016,301,50,6,26,152,2,1,120,6,32,10,14,0,61,8,42,0,141,96,60,172,1
2013/2014,kroonstad,moqhaka,fezile dabi,27.23468,-27.66893,407,3,114,6,1,1,139,296,3,156,254,42,6,18,156,5,12,128,2,23,13,5,0,49,6,30,0,134,74,46,141,0
2014/2015,kroonstad,moqhaka,fezile dabi,27.23468,-27.66893,461,3,108,4,2,0,129,237,1,121,240,19,6,31,151,8,12,139,6,25,11,7,0,42,4,31,0,111,75,52,105,2
2015/2016,kroonstad,moqhaka,fezile dabi,27.23468,-27.66893,438,3,123,8,2,0,128,191,3,167,213,43,4,17,122,7,23,100,6,27,16,6,0,61,1,32,1,99,39,83,78,4
2016/2017,kroonstad,moqhaka,fezile dabi,27.23468,-27.66893,419,0,59,2,1,0,118,287,2,131,164,58,7,30,163,13,12,104,9,16,17,6,0,60,5,23,0,95,49,60,89,1
2017/2018,kroonstad,moqhaka,fezile dabi,27.23468,-27.66893,440,2,47,4,3,0,189,244,0,125,197,51,7,39,195,7,21,80,3,22,14,9,0,58,5,31,0,110,51,54,114,1
2018/2019,kroonstad,moqhaka,fezile dabi,27.23468,-27.66893,424,0,52,8,1,0,125,254,3,122,186,29,6,77,127,9,14,76,4,16,10,5,0,49,7,24,0,98,54,55,114,1
2019/2020,kroonstad,moqhaka,fezile dabi,27.23468,-27.66893,427,1,51,3,3,0,130,237,4,98,149,41,7,104,58,4,14,72,6,15,11,7,0,64,3,22,0,85,88,37,100,0
2020/2021,kroonstad,moqhaka,fezile dabi,27.23468,-27.66893,504,0,32,2,2,0,149,223,1,92,200,38,4,58,48,4,12,71,8,18,4,3,0,61,5,27,2,50,46,27,85,1
2021/2022,kroonstad,moqhaka,fezile dabi,27.23468,-27.66893,817,1,36,8,0,0,140,278,3,113,183,73,4,35,79,4,17,93,5,19,7,5,0,57,5,26,0,60,30,32,110,5
2022/2023,kroonstad,moqhaka,fezile dabi,27.23468,-27.66893,655,0,60,17,2,0,182,270,2,69,225,85,7,52,124,4,24,74,11,18,2,5,0,67,2,23,0,97,37,15,167,3
2023/2024,kroonstad,fezile dabi district,fezile dabi district,27.23468,-27.66893,0,0,0,0,0,0,0,277,3,0,0,0,0,0,0,0,0,0,0,0,0,4,0,0,0,0,0,0,0,22,261,0
2024/2025,kroonstad,fezile dabi district,fezile dabi district,27.23468,-27.66893,0,0,0,0,0,0,0,220,5,0,0,0,0,0,0,0,0,0,0,0,0,7,0,0,0,0,0,0,0,10,180,0
2008/2009,krugersdorp,mogale city,west rand,27.766,-26.0994,2438,43,732,68,15,0,339,1247,95,428,893,355,81,558,294,92,1,958,39,158,98,110,0,654,27,648,0,261,17,855,684,21
2009/2010,krugersdorp,mogale city,west rand,27.766,-26.0994,1862,32,667,38,9,0,382,1118,65,439,752,318,21,186,182,44,1,806,31,146,73,113,1,530,32,218,0,320,12,742,684,13
2010/2011,krugersdorp,mogale city,west rand,27.766,-26.0994,1597,24,609,25,2,0,262,914,77,412,699,280,59,257,189,14,1,654,23,93,56,79,0,450,29,156,0,236,4,626,458,9
2011/2012,krugersdorp,mogale city,west rand,27.766,-26.0994,1578,24,465,23,3,0,298,1064,47,362,640,252,12,210,498,25,1,602,24,91,45,83,0,347,23,124,10,276,1,563,427,4
2012/2013,krugersdorp,mogale city,west rand,27.766,-26.0994,1485,16,409,21,7,0,246,1203,30,325,620,276,12,193,540,20,1,648,19,104,38,103,0,313,18,136,6,233,9,535,502,2
2013/2014,krugersdorp,mogale city,west rand,27.766,-26.0994,1575,21,452,26,4,0,288,1233,77,376,562,319,33,298,818,22,28,580,29,56,57,129,0,433,11,86,6,283,0,503,584,14
2014/2015,krugersdorp,mogale city,west rand,27.766,-26.0994,1413,8,423,27,2,0,265,1076,75,232,459,305,8,384,658,32,28,484,19,65,50,113,0,503,9,80,3,232,2,475,546,11
2015/2016,krugersdorp,mogale city,west rand,27.766,-26.0994,1444,8,463,29,0,0,231,981,92,294,516,309,4,374,558,29,28,540,36,57,53,96,0,513,7,66,1,175,4,521,480,10
2016/2017,krugersdorp,mogale city,west rand,27.766,-26.0994,1303,9,509,31,3,0,243,919,105,275,540,245,7,179,560,24,16,494,25,60,48,125,1,498,11,75,0,166,6,497,610,3
2017/2018,krugersdorp,mogale city,west rand,27.766,-26.0994,1269,7,446,23,2,0,226,758,96,284,562,180,4,220,656,29,16,500,23,66,55,108,0,471,18,88,4,143,3,554,474,7
2018/2019,krugersdorp,mogale city,west rand,27.766,-26.0994,1130,3,417,32,1,0,278,669,88,294,446,140,5,227,812,24,36,403,38,78,39,76,1,377,27,109,16,124,3,453,365,9
2019/2020,krugersdorp,mogale city,west rand,27.766,-26.0994,1003,1,372,35,2,0,254,577,57,292,384,127,10,245,554,46,28,355,46,69,63,94,0,386,20,97,90,153,7,435,378,1
2020/2021,krugersdorp,mogale city,west rand,27.766,-26.0994,698,0,341,30,2,0,154,519,42,342,367,101,8,177,396,30,16,295,37,52,71,76,2,318,13,71,96,167,5,373,301,6
2021/2022,krugersdorp,mogale city,west rand,27.766,-26.0994,829,3,355,41,2,0,201,506,90,406,376,95,6,337,592,43,67,327,40,55,74,101,4,385,15,72,111,135,5,450,270,9
2022/2023,krugersdorp,mogale city,west rand,27.766,-26.0994,966,1,379,26,2,0,332,648,69,537,432,140,5,333,817,32,53,377,39,60,48,108,5,409,12,77,240,174,7,563,292,2
2023/2024,krugersdorp,west rand district,west rand district,27.766,-26.0994,0,0,0,0,0,0,0,601,45,0,0,0,0,0,0,0,0,0,0,0,0,96,0,0,0,0,0,0,0,550,243,0
2024/2025,krugersdorp,west rand district,west rand district,27.766,-26.0994,0,0,0,0,0,0,0,502,34,0,0,0,0,0,0,0,0,0,0,0,0,69,0,0,0,0,0,0,0,522,309,0
2008/2009,kuilsrivier,city of cape town,city of cape town,18.6825,-33.93231,1436,10,237,20,2,0,157,770,11,192,497,226,17,276,507,20,1,249,24,48,20,16,1,212,13,72,0,319,1,285,536,0
2009/2010,kuilsrivier,city of cape town,city of cape town,18.6825,-33.93231,1350,7,216,11,3,0,143,854,4,263,529,172,19,356,628,23,1,262,4,57,15,14,0,186,11,85,0,349,3,217,462,0
2010/2011,kuilsrivier,city of cape town,city of cape town,18.6825,-33.93231,1321,6,218,13,7,0,127,754,3,243,497,188,32,351,727,21,1,236,10,57,12,15,1,180,14,90,0,284,7,223,512,0
2011/2012,kuilsrivier,city of cape town,city of cape town,18.6825,-33.93231,1469,12,210,14,9,0,157,828,4,226,502,171,17,325,852,17,1,278,16,47,17,10,0,196,23,88,1,221,5,189,572,0
2012/2013,kuilsrivier,city of cape town,city of cape town,18.6825,-33.93231,1429,1,235,11,3,0,131,886,7,236,487,208,9,334,1004,9,1,321,15,52,17,15,0,226,17,77,0,263,9,258,686,0
2013/2014,kuilsrivier,city of cape town,city of cape town,18.6825,-33.93231,1513,1,198,32,4,0,151,1050,14,187,473,194,10,148,1062,12,17,320,18,43,28,18,1,320,12,65,0,216,3,293,591,0
2014/2015,kuilsrivier,city of cape town,city of cape town,18.6825,-33.93231,1687,9,240,40,4,1,175,1024,32,181,512,191,11,216,1183,27,14,357,40,49,26,30,0,429,20,81,0,249,7,190,700,1
2015/2016,kuilsrivier,city of cape town,city of cape town,18.6825,-33.93231,1417,10,233,32,6,0,164,915,23,203,605,244,9,179,1257,26,24,355,22,52,37,38,1,407,16,79,0,226,4,183,683,0
2016/2017,kuilsrivier,city of cape town,city of cape town,18.6825,-33.93231,1340,12,274,29,4,0,154,933,19,192,544,234,9,274,1236,27,17,374,16,59,29,43,1,417,20,88,3,255,6,155,629,0
2017/2018,kuilsrivier,city of cape town,city of cape town,18.6825,-33.93231,1282,17,268,39,7,0,180,941,32,194,565,195,9,295,1322,35,16,354,35,50,37,73,0,480,16,78,4,228,5,139,451,0
2018/2019,kuilsrivier,city of cape town,city of cape town,18.6825,-33.93231,1243,8,254,43,5,0,139,586,28,248,499,205,12,287,928,21,17,347,24,35,29,49,0,458,32,79,0,163,3,119,430,3
2019/2020,kuilsrivier,city of cape town,city of cape town,18.6825,-33.93231,949,9,245,34,2,0,98,604,22,206,494,163,4,250,563,22,23,307,29,44,34,41,0,361,26,74,0,196,11,95,467,4
2020/2021,kuilsrivier,city of cape town,city of cape town,18.6825,-33.93231,672,9,141,105,1,0,120,432,27,225,335,105,7,53,354,27,22,251,42,40,48,28,1,259,19,61,0,204,4,94,345,6
2021/2022,kuilsrivier,city of cape town,city of cape town,18.6825,-33.93231,823,9,183,48,2,1,91,383,22,239,430,125,7,83,596,18,25,295,34,34,33,28,0,238,23,60,0,164,3,70,309,2
2022/2023,kuilsrivier,city of cape town,city of cape town,18.6825,-33.93231,836,7,206,60,1,0,91,377,19,312,418,111,4,185,567,32,2,356,29,38,42,26,0,313,12,53,0,227,7,86,262,2
2023/2024,kuilsrivier,city of cape town district,city of cape town district,18.6825,-33.93231,0,0,0,0,0,0,0,411,25,0,0,0,0,0,0,0,0,0,0,0,0,37,0,0,0,0,0,0,0,79,286,0
2024/2025,kuilsrivier,city of cape town district,city of cape town district,18.6825,-33.93231,0,0,0,0,0,0,0,385,34,0,0,0,0,0,0,0,0,0,0,0,0,30,0,0,0,0,0,0,0,70,331,0
2008/2009,kuruman,ga-segonyana,john taolo gaetsewe,23.43229,-27.45901,447,4,138,14,7,0,154,200,0,118,144,32,12,53,19,2,1,128,2,15,7,3,0,19,3,32,0,221,86,20,148,0
2009/2010,kuruman,ga-segonyana,john taolo gaetsewe,23.43229,-27.45901,487,4,171,14,2,0,217,159,2,109,174,66,17,43,35,2,1,129,2,25,9,6,0,27,4,40,0,281,69,16,195,0
2010/2011,kuruman,ga-segonyana,john taolo gaetsewe,23.43229,-27.45901,344,6,179,18,1,0,171,187,1,110,123,52,4,29,33,2,1,101,4,22,5,1,0,22,5,30,0,172,84,8,184,1
2011/2012,kuruman,ga-segonyana,john taolo gaetsewe,23.43229,-27.45901,452,5,127,6,1,0,200,255,0,110,135,63,7,18,24,3,1,99,5,25,14,11,0,50,2,29,0,128,64,33,253,0
2012/2013,kuruman,ga-segonyana,john taolo gaetsewe,23.43229,-27.45901,567,4,144,9,3,0,136,223,1,39,119,74,7,27,65,6,1,112,9,36,10,6,0,73,4,44,0,110,74,30,227,1
2013/2014,kuruman,ga-segonyana,john taolo gaetsewe,23.43229,-27.45901,461,3,164,6,3,0,141,222,6,50,101,94,4,17,34,5,1,116,7,27,17,6,0,87,8,40,1,114,55,25,293,0
2014/2015,kuruman,ga-segonyana,john taolo gaetsewe,23.43229,-27.45901,434,3,143,10,1,1,140,194,3,53,125,88,6,16,50,3,1,72,12,31,6,11,0,90,5,37,0,131,53,35,305,0
2015/2016,kuruman,ga-segonyana,john taolo gaetsewe,23.43229,-27.45901,529,10,194,11,5,0,161,197,2,69,91,134,8,27,77,3,1,88,2,28,8,6,0,69,4,41,10,142,42,9,308,0
2016/2017,kuruman,ga-segonyana,john taolo gaetsewe,23.43229,-27.45901,445,6,169,7,2,0,219,249,2,83,78,139,4,17,106,5,1,103,6,20,20,10,0,95,3,27,33,147,29,14,330,0
2017/2018,kuruman,ga-segonyana,john taolo gaetsewe,23.43229,-27.45901,352,5,155,10,4,0,120,210,8,30,77,120,4,66,132,7,1,92,5,21,9,16,1,114,2,29,10,159,35,5,206,1
2018/2019,kuruman,ga-segonyana,john taolo gaetsewe,23.43229,-27.45901,302,1,127,8,4,0,153,201,2,33,80,116,10,17,62,6,14,75,9,22,14,8,0,97,6,38,0,143,37,12,165,0
2019/2020,kuruman,ga-segonyana,john taolo gaetsewe,23.43229,-27.45901,348,1,113,5,2,0,213,154,1,67,92,125,6,14,73,4,22,89,2,17,9,0,0,103,3,22,0,234,32,8,171,0
2020/2021,kuruman,ga-segonyana,john taolo gaetsewe,23.43229,-27.45901,323,3,117,8,2,0,175,131,4,53,81,157,7,7,62,3,25,96,6,18,17,6,0,128,4,25,0,101,16,2,198,0
2021/2022,kuruman,ga-segonyana,john taolo gaetsewe,23.43229,-27.45901,392,2,132,11,2,0,167,119,0,53,90,167,7,7,48,4,17,95,11,27,13,6,1,121,2,32,1,123,24,11,279,0
2022/2023,kuruman,ga-segonyana,john taolo gaetsewe,23.43229,-27.45901,362,0,102,22,4,0,165,103,3,81,88,109,6,3,67,3,22,84,10,32,14,2,0,103,1,37,0,152,34,10,246,0
2023/2024,kuruman,john taolo gaetsewe district,john taolo gaetsewe district,23.43229,-27.45901,0,0,0,0,0,0,0,105,3,0,0,0,0,0,0,0,0,0,0,0,0,14,0,0,0,0,0,0,0,3,140,0
2024/2025,kuruman,john taolo gaetsewe district,john taolo gaetsewe district,23.43229,-27.45901,0,0,0,0,0,0,0,135,3,0,0,0,0,0,0,0,0,0,0,0,0,6,0,0,0,0,0,0,0,5,114,0
2008/2009,kuyasa,umsobomvu,pixley ka seme,25.10707,-30.71908,7,0,50,4,0,0,3,30,0,1,25,5,7,4,8,0,1,13,4,7,0,0,0,0,1,9,0,0,0,0,0,0
2009/2010,kuyasa,umsobomvu,pixley ka seme,25.10707,-30.71908,9,1,54,15,1,0,3,18,0,0,30,5,7,3,7,1,1,11,7,16,0,0,0,0,1,19,0,0,2,0,0,0
2010/2011,kuyasa,umsobomvu,pixley ka seme,25.10707,-30.71908,4,1,86,8,1,0,2,11,0,1,25,1,6,5,13,1,1,8,3,19,2,1,0,4,0,20,0,0,1,1,1,0
2011/2012,kuyasa,umsobomvu,pixley ka seme,25.10707,-30.71908,9,4,91,9,1,0,11,13,0,1,31,1,4,0,4,1,1,10,7,8,3,1,0,5,0,11,0,0,0,0,1,0
2012/2013,kuyasa,umsobomvu,pixley ka seme,25.10707,-30.71908,7,0,88,4,4,0,7,19,0,0,35,2,5,1,9,0,1,18,6,12,0,0,0,0,1,20,0,0,0,2,0,0
2013/2014,kuyasa,umsobomvu,pixley ka seme,25.10707,-30.71908,9,1,82,7,2,0,17,32,0,2,38,3,6,0,9,1,13,16,7,16,2,1,0,5,0,18,0,0,0,2,5,0
2014/2015,kuyasa,umsobomvu,pixley ka seme,25.10707,-30.71908,14,4,68,10,1,0,15,23,0,0,45,3,6,0,7,0,13,10,4,22,0,1,0,2,4,27,0,0,0,1,4,0
2015/2016,kuyasa,umsobomvu,pixley ka seme,25.10707,-30.71908,16,1,63,7,2,0,4,23,0,1,40,2,6,4,8,0,12,15,4,18,1,0,0,2,1,21,0,0,0,1,5,0
2016/2017,kuyasa,umsobomvu,pixley ka seme,25.10707,-30.71908,19,2,113,4,2,0,9,29,0,1,54,11,6,0,9,1,13,19,4,11,1,1,0,7,2,15,0,0,5,0,4,0
2017/2018,kuyasa,umsobomvu,pixley ka seme,25.10707,-30.71908,16,0,96,1,1,0,6,34,0,0,52,11,7,1,20,0,13,18,4,14,4,4,0,10,0,16,0,0,2,0,5,0
2018/2019,kuyasa,umsobomvu,pixley ka seme,25.10707,-30.71908,21,1,92,5,3,0,6,32,0,2,52,6,6,1,15,1,13,15,2,10,0,0,0,1,1,14,0,0,1,1,1,0
2019/2020,kuyasa,umsobomvu,pixley ka seme,25.10707,-30.71908,12,0,78,2,2,0,12,39,0,0,30,5,6,2,7,0,13,12,3,10,0,0,0,0,1,13,0,0,4,1,4,0
2020/2021,kuyasa,umsobomvu,pixley ka seme,25.10707,-30.71908,22,0,59,1,3,0,5,37,0,1,36,9,6,1,7,1,13,18,5,4,0,0,0,2,1,8,0,0,1,0,5,0
2021/2022,kuyasa,umsobomvu,pixley ka seme,25.10707,-30.71908,27,1,61,3,0,0,12,35,0,0,41,2,7,0,1,0,13,23,3,8,0,2,0,4,1,10,0,0,0,0,6,0
2022/2023,kuyasa,umsobomvu,pixley ka seme,25.10707,-30.71908,33,2,102,20,3,0,18,26,0,2,39,3,7,0,10,0,13,19,2,6,3,2,0,5,0,10,0,0,4,0,4,0
2023/2024,kuyasa,pixley ka seme district,pixley ka seme district,25.10707,-30.71908,0,0,0,0,0,0,0,20,0,0,0,0,0,0,0,0,0,0,0,0,0,2,0,0,0,0,0,0,0,0,6,0
2024/2025,kuyasa,pixley ka seme district,pixley ka seme district,25.10707,-30.71908,0,0,0,0,0,0,0,31,0,0,0,0,0,0,0,0,0,0,0,0,0,1,0,0,0,0,0,0,0,0,3,0
2008/2009,kwa thema,ekurhuleni,ekurhuleni,28.39438,-26.27889,447,4,138,14,7,0,154,200,0,118,144,32,12,53,19,2,1,128,2,15,7,3,0,19,3,32,0,221,86,20,148,0
2009/2010,kwa thema,ekurhuleni,ekurhuleni,28.39438,-26.27889,487,4,171,14,2,0,217,159,2,109,174,66,17,43,35,2,1,129,2,25,9,6,0,27,4,40,0,281,69,16,195,0
2010/2011,kwa thema,ekurhuleni,ekurhuleni,28.39438,-26.27889,344,6,179,18,1,0,171,187,1,110,123,52,4,29,33,2,1,101,4,22,5,1,0,22,5,30,0,172,84,8,184,1
2011/2012,kwa thema,ekurhuleni,ekurhuleni,28.39438,-26.27889,452,5,127,6,1,0,200,255,0,110,135,63,7,18,24,3,1,99,5,25,14,11,0,50,2,29,0,128,64,33,253,0
2012/2013,kwa thema,ekurhuleni,ekurhuleni,28.39438,-26.27889,567,4,144,9,3,0,136,223,1,39,119,74,7,27,65,6,1,112,9,36,10,6,0,73,4,44,0,110,74,30,227,1
2013/2014,kwa thema,ekurhuleni,ekurhuleni,28.39438,-26.27889,461,3,164,6,3,0,141,222,6,50,101,94,4,17,34,5,24,116,7,27,17,6,0,87,8,40,1,114,55,25,293,0
2014/2015,kwa thema,ekurhuleni,ekurhuleni,28.39438,-26.27889,434,3,143,10,1,1,140,194,3,53,125,88,6,16,50,3,16,72,12,31,6,11,0,90,5,37,0,131,53,35,305,0
2015/2016,kwa thema,ekurhuleni,ekurhuleni,28.39438,-26.27889,529,10,194,11,5,0,161,197,2,69,91,134,8,27,77,3,38,88,2,28,8,6,0,69,4,41,10,142,42,9,308,0
2016/2017,kwa thema,ekurhuleni,ekurhuleni,28.39438,-26.27889,445,6,169,7,2,0,219,249,2,83,78,139,4,17,106,5,38,103,6,20,20,10,0,95,3,27,33,147,29,14,330,0
2017/2018,kwa thema,ekurhuleni,ekurhuleni,28.39438,-26.27889,352,5,155,10,4,0,120,210,8,30,77,120,4,66,132,7,36,92,5,21,9,16,1,114,2,29,10,159,35,5,206,1
2018/2019,kwa thema,ekurhuleni,ekurhuleni,28.39438,-26.27889,441,5,355,33,0,0,94,346,31,74,558,85,7,112,522,21,38,254,42,67,31,20,0,211,16,84,0,42,1,91,141,1
2019/2020,kwa thema,ekurhuleni,ekurhuleni,28.39438,-26.27889,448,8,291,29,0,0,74,389,47,71,543,101,7,251,563,52,16,240,27,88,48,26,1,254,16,105,0,31,2,56,150,2
2020/2021,kwa thema,ekurhuleni,ekurhuleni,28.39438,-26.27889,352,5,354,35,1,0,76,256,65,82,420,67,6,102,394,11,36,247,28,77,28,29,1,248,11,89,0,33,3,57,99,0
2021/2022,kwa thema,ekurhuleni,ekurhuleni,28.39438,-26.27889,384,5,767,42,2,0,68,216,75,110,326,95,6,90,158,18,4,302,38,75,33,33,0,278,13,90,0,25,1,64,68,0
2022/2023,kwa thema,ekurhuleni,ekurhuleni,28.39438,-26.27889,438,2,566,35,3,0,91,290,65,105,410,62,6,86,208,32,5,263,54,55,17,35,0,301,12,70,1,34,6,44,44,1
2023/2024,kwa thema,ekurhuleni district,ekurhuleni district,28.39438,-26.27889,0,0,0,0,0,0,0,226,35,0,0,0,0,0,0,0,0,0,0,0,0,40,0,0,0,0,0,0,0,43,37,0
2024/2025,kwa thema,ekurhuleni district,ekurhuleni district,28.39438,-26.27889,0,0,0,0,0,0,0,185,50,0,0,0,0,0,0,0,0,0,0,0,0,36,0,0,0,0,0,0,0,29,46,0
2008/2009,kwaaiman,mbhashe,amathole,28.97806,-31.9192,19,8,74,8,1,0,0,41,0,1,49,18,7,0,2,6,1,18,13,12,0,25,0,25,0,14,0,0,72,0,7,0
2009/2010,kwaaiman,mbhashe,amathole,28.97806,-31.9192,31,6,96,9,3,0,1,46,0,1,48,6,8,0,7,15,1,15,10,26,14,26,0,50,0,33,0,0,100,3,4,0
2010/2011,kwaaiman,mbhashe,amathole,28.97806,-31.9192,38,7,122,13,9,0,6,54,1,2,47,4,5,0,13,13,1,15,17,31,8,13,0,40,1,44,0,0,102,3,6,0
2011/2012,kwaaiman,mbhashe,amathole,28.97806,-31.9192,23,7,83,5,3,0,13,35,0,1,23,7,8,2,28,15,1,11,9,29,4,18,0,34,0,36,0,0,71,1,1,0
2012/2013,kwaaiman,mbhashe,amathole,28.97806,-31.9192,36,7,89,14,3,0,20,28,0,0,27,0,8,0,16,11,1,17,21,30,3,16,0,25,0,37,0,2,70,3,1,0
2013/2014,kwaaiman,mbhashe,amathole,28.97806,-31.9192,25,6,73,17,6,0,20,24,1,2,17,4,4,0,26,15,13,15,22,48,18,19,0,50,0,56,0,0,41,3,11,0
2014/2015,kwaaiman,mbhashe,amathole,28.97806,-31.9192,18,1,63,10,1,0,24,13,0,1,8,2,7,3,20,17,21,11,9,33,18,10,0,34,2,37,0,0,23,1,5,0
2015/2016,kwaaiman,mbhashe,amathole,28.97806,-31.9192,31,0,64,6,2,0,13,16,0,0,7,1,7,0,13,9,13,12,17,34,5,6,0,16,2,39,0,0,20,0,6,0
2016/2017,kwaaiman,mbhashe,amathole,28.97806,-31.9192,13,6,47,5,1,0,13,12,0,1,9,0,6,3,8,7,13,12,10,28,4,5,0,15,2,31,0,0,16,3,5,0
2017/2018,kwaaiman,mbhashe,amathole,28.97806,-31.9192,11,6,54,4,0,0,15,6,2,1,7,3,6,0,10,9,12,9,16,19,3,2,0,13,2,21,0,0,5,2,3,0
2018/2019,kwaaiman,mbhashe,amathole,28.97806,-31.9192,15,4,48,8,1,0,15,9,0,3,9,2,6,0,3,1,13,11,17,31,6,4,0,18,4,36,0,0,9,0,10,0
2019/2020,kwaaiman,mbhashe,amathole,28.97806,-31.9192,12,4,39,7,0,0,12,14,0,2,11,2,6,0,2,7,23,16,17,26,11,1,0,21,5,31,0,0,16,0,1,0
2020/2021,kwaaiman,mbhashe,amathole,28.97806,-31.9192,21,0,56,10,0,0,12,13,1,2,5,1,6,0,0,5,13,20,22,32,6,10,0,22,4,36,0,0,26,2,3,0
2021/2022,kwaaiman,mbhashe,amathole,28.97806,-31.9192,21,4,60,16,0,0,24,8,1,2,11,2,6,0,3,26,12,20,24,29,8,3,0,15,2,31,0,0,25,3,2,0
2022/2023,kwaaiman,mbhashe,amathole,28.97806,-31.9192,20,4,55,13,0,0,16,9,2,2,15,4,7,0,7,9,12,18,26,37,5,5,0,19,4,42,0,0,18,3,3,0
2023/2024,kwaaiman,or tambo district,or tambo district,28.97806,-31.9192,0,0,0,0,0,0,0,9,3,0,0,0,0,0,0,0,0,0,0,0,0,4,0,0,0,0,0,0,0,1,1,0
2024/2025,kwaaiman,or tambo district,or tambo district,28.97806,-31.9192,0,0,0,0,0,0,0,20,3,0,0,0,0,0,0,0,0,0,0,0,0,14,0,0,0,0,0,0,0,2,4,0
2023/2024,kwabhaca,alfred nzo district,alfred nzo district,,,0,0,0,0,0,0,0,194,5,0,0,0,0,0,0,0,0,0,0,0,0,7,0,0,0,0,0,0,0,26,69,0
2024/2025,kwabhaca,alfred nzo district,alfred nzo district,,,0,0,0,0,0,0,0,148,12,0,0,0,0,0,0,0,0,0,0,0,0,25,0,0,0,0,0,0,0,7,51,0
2008/2009,kwadabeka,ethekwini,ethekwini,30.89295,-29.77619,413,9,585,86,1,0,87,475,26,11,354,120,32,154,292,59,1,223,77,137,35,75,0,333,12,162,0,0,4,73,42,0
2009/2010,kwadabeka,ethekwini,ethekwini,30.89295,-29.77619,295,4,375,43,8,0,65,482,21,27,228,72,12,180,374,58,1,130,58,90,15,41,0,229,22,127,0,0,0,48,75,1
2010/2011,kwadabeka,ethekwini,ethekwini,30.89295,-29.77619,274,3,286,31,1,0,58,406,15,40,188,33,7,217,451,59,1,115,35,71,13,14,0,152,15,88,0,0,1,27,80,0
2011/2012,kwadabeka,ethekwini,ethekwini,30.89295,-29.77619,254,6,317,29,1,0,63,502,16,53,168,51,7,238,516,70,1,103,41,80,15,16,0,155,16,98,0,1,1,19,61,0
2012/2013,kwadabeka,ethekwini,ethekwini,30.89295,-29.77619,223,1,326,31,1,0,76,521,16,47,174,42,6,269,532,72,1,107,50,89,14,13,1,134,15,105,0,7,1,41,92,0
2013/2014,kwadabeka,ethekwini,ethekwini,30.89295,-29.77619,198,3,346,42,0,0,64,513,21,24,137,41,7,279,572,80,22,70,61,68,9,15,0,143,9,78,0,13,0,36,74,0
2014/2015,kwadabeka,ethekwini,ethekwini,30.89295,-29.77619,173,6,310,54,1,0,62,488,15,34,102,43,7,196,652,70,16,76,59,67,16,21,0,166,5,74,0,15,0,58,139,0
2015/2016,kwadabeka,ethekwini,ethekwini,30.89295,-29.77619,176,6,326,35,0,0,76,396,16,19,110,37,4,56,619,41,26,70,66,73,21,17,0,163,6,81,0,13,2,45,107,0
2016/2017,kwadabeka,ethekwini,ethekwini,30.89295,-29.77619,119,6,242,53,0,0,74,396,20,28,104,18,6,154,417,33,23,73,59,68,10,20,0,141,4,72,0,11,2,71,67,0
2017/2018,kwadabeka,ethekwini,ethekwini,30.89295,-29.77619,139,1,211,49,0,0,62,297,25,42,110,36,6,142,506,59,2,63,62,70,9,27,0,189,8,78,0,1,1,59,73,0
2018/2019,kwadabeka,ethekwini,ethekwini,30.89295,-29.77619,178,1,267,64,2,0,47,317,34,52,160,32,6,157,236,55,2,75,95,59,22,17,0,194,7,68,0,0,0,70,43,1
2019/2020,kwadabeka,ethekwini,ethekwini,30.89295,-29.77619,145,4,251,50,0,0,63,339,35,40,133,29,6,282,96,23,16,67,79,62,36,30,0,243,15,77,0,1,1,43,68,0
2020/2021,kwadabeka,ethekwini,ethekwini,30.89295,-29.77619,167,0,259,50,1,0,70,246,35,60,201,27,5,3,133,20,38,68,57,65,53,50,0,255,7,76,0,5,2,42,49,0
2021/2022,kwadabeka,ethekwini,ethekwini,30.89295,-29.77619,157,2,281,69,2,0,75,223,47,73,239,39,4,4,49,18,5,83,114,71,44,48,0,285,5,80,0,3,3,87,34,0
2022/2023,kwadabeka,ethekwini,ethekwini,30.89295,-29.77619,173,0,280,83,6,0,38,258,113,67,244,39,6,4,76,22,9,103,159,64,49,63,1,416,8,78,0,4,1,47,52,0
2023/2024,kwadabeka,ethekwini district,ethekwini district,30.89295,-29.77619,0,0,0,0,0,0,0,255,92,0,0,0,0,0,0,0,0,0,0,0,0,82,0,0,0,0,0,0,0,38,44,0
2024/2025,kwadabeka,ethekwini district,ethekwini district,30.89295,-29.77619,0,0,0,0,0,0,0,235,71,0,0,0,0,0,0,0,0,0,0,0,0,96,0,0,0,0,0,0,0,28,48,0
2008/2009,kwadukuza,kwadukuza,ilembe,31.2843,-29.34719,862,18,477,112,2,0,113,657,125,263,569,110,45,165,435,122,1,315,82,186,76,168,4,882,15,233,0,227,13,208,179,1
2009/2010,kwadukuza,kwadukuza,ilembe,31.2843,-29.34719,799,26,507,81,3,0,149,751,82,367,680,115,19,169,575,94,1,290,63,212,24,105,6,631,31,260,0,245,10,179,222,2
2010/2011,kwadukuza,kwadukuza,ilembe,31.2843,-29.34719,885,23,499,73,7,0,150,754,48,486,636,94,22,131,698,100,1,320,68,160,26,79,2,499,22,209,0,215,13,131,266,1
2011/2012,kwadukuza,kwadukuza,ilembe,31.2843,-29.34719,1067,14,462,81,10,0,185,732,33,538,766,117,8,234,957,77,1,343,57,164,36,77,0,459,17,195,0,242,4,133,245,0
2012/2013,kwadukuza,kwadukuza,ilembe,31.2843,-29.34719,1034,10,493,71,3,0,176,967,35,323,682,118,17,207,953,70,1,303,47,180,46,88,0,486,27,219,5,251,10,85,250,0
2013/2014,kwadukuza,kwadukuza,ilembe,31.2843,-29.34719,1099,11,457,66,4,0,129,1152,40,292,665,133,12,268,1027,54,28,325,55,175,87,86,1,635,32,218,15,342,15,98,284,0
2014/2015,kwadukuza,kwadukuza,ilembe,31.2843,-29.34719,1025,9,471,92,4,0,143,1044,23,254,491,143,9,189,1168,58,36,396,69,157,56,99,0,538,31,197,6,446,14,148,384,1
2015/2016,kwadukuza,kwadukuza,ilembe,31.2843,-29.34719,877,10,472,92,3,0,195,992,25,214,593,110,7,253,1342,80,4,369,52,142,65,97,1,518,25,171,0,441,8,81,268,0
2016/2017,kwadukuza,kwadukuza,ilembe,31.2843,-29.34719,905,7,451,85,2,0,155,986,38,236,697,115,4,171,1201,64,36,366,78,126,47,138,1,631,31,161,17,288,5,97,274,0
2017/2018,kwadukuza,kwadukuza,ilembe,31.2843,-29.34719,879,11,524,77,6,0,196,832,27,236,616,99,4,111,1413,53,29,354,74,152,65,91,0,567,20,180,4,300,22,105,280,0
2018/2019,kwadukuza,kwadukuza,ilembe,31.2843,-29.34719,891,7,613,100,5,0,246,906,35,344,637,105,5,98,854,53,8,360,65,140,72,137,0,654,18,166,25,287,26,95,246,0
2019/2020,kwadukuza,kwadukuza,ilembe,31.2843,-29.34719,915,10,659,85,3,0,187,805,32,274,631,110,8,89,751,56,39,402,67,142,61,133,0,706,39,188,25,201,12,73,260,1
2020/2021,kwadukuza,kwadukuza,ilembe,31.2843,-29.34719,845,2,577,99,0,0,208,726,31,190,492,76,6,47,230,54,4,345,77,116,68,197,1,767,26,142,0,133,32,65,211,0
2021/2022,kwadukuza,kwadukuza,ilembe,31.2843,-29.34719,908,27,730,138,7,0,260,632,40,188,701,83,8,46,308,47,42,462,115,129,102,293,1,823,36,176,0,145,18,76,197,0
2022/2023,kwadukuza,kwadukuza,ilembe,31.2843,-29.34719,1016,17,732,134,13,0,146,605,26,238,752,104,4,56,235,87,6,419,128,166,69,256,1,830,20,201,2,202,39,58,189,0
2023/2024,kwadukuza,ilembe district,ilembe district,31.2843,-29.34719,0,0,0,0,0,0,0,616,24,0,0,0,0,0,0,0,0,0,0,0,0,166,0,0,0,0,0,0,0,52,140,0
2024/2025,kwadukuza,ilembe district,ilembe district,31.2843,-29.34719,0,0,0,0,0,0,0,645,26,0,0,0,0,0,0,0,0,0,0,0,0,174,0,0,0,0,0,0,0,44,155,0
2008/2009,kwadwesi,nelson mandela bay,nelson mandela bay,25.52347,-33.84109,243,6,164,8,8,0,5,207,13,92,87,34,11,93,38,28,1,108,28,73,6,8,1,60,2,91,0,42,2,28,64,0
2009/2010,kwadwesi,nelson mandela bay,nelson mandela bay,25.52347,-33.84109,238,7,203,19,6,1,8,226,9,21,131,44,8,103,58,10,1,106,26,84,13,32,0,109,8,102,0,43,1,23,79,0
2010/2011,kwadwesi,nelson mandela bay,nelson mandela bay,25.52347,-33.84109,134,5,216,15,7,0,4,152,12,41,119,34,10,131,50,15,1,62,22,75,21,16,0,93,2,90,0,40,0,47,58,1
2011/2012,kwadwesi,nelson mandela bay,nelson mandela bay,25.52347,-33.84109,108,5,202,26,2,0,4,164,18,40,116,30,10,162,40,16,1,86,30,78,26,27,0,130,2,88,0,16,5,37,88,0
2012/2013,kwadwesi,nelson mandela bay,nelson mandela bay,25.52347,-33.84109,104,6,162,17,1,0,16,192,35,20,71,26,8,152,63,21,1,64,33,70,32,28,0,182,10,85,0,24,2,28,64,0
2013/2014,kwadwesi,nelson mandela bay,nelson mandela bay,25.52347,-33.84109,173,7,197,23,3,0,30,237,35,61,134,28,6,181,112,25,25,116,23,79,27,42,0,264,4,86,0,19,4,39,114,0
2014/2015,kwadwesi,nelson mandela bay,nelson mandela bay,25.52347,-33.84109,148,9,210,24,2,0,48,250,31,22,123,22,8,206,140,18,25,112,27,73,10,29,1,229,1,80,0,30,1,39,73,0
2015/2016,kwadwesi,nelson mandela bay,nelson mandela bay,25.52347,-33.84109,160,17,160,17,0,0,24,210,48,40,91,20,7,200,169,20,17,92,42,59,13,48,1,222,3,63,0,33,6,32,59,1
2016/2017,kwadwesi,nelson mandela bay,nelson mandela bay,25.52347,-33.84109,154,5,102,22,4,0,26,237,40,29,105,21,9,187,167,30,12,87,45,46,37,57,0,268,2,57,0,29,5,37,66,3
2017/2018,kwadwesi,nelson mandela bay,nelson mandela bay,25.52347,-33.84109,115,7,136,36,0,0,24,198,52,14,76,11,7,192,200,44,12,88,40,49,21,56,0,212,0,50,1,34,7,46,19,1
2018/2019,kwadwesi,nelson mandela bay,nelson mandela bay,25.52347,-33.84109,156,3,161,24,1,0,36,214,38,31,110,19,4,162,171,26,14,119,46,48,24,55,0,221,9,60,0,49,7,28,50,3
2019/2020,kwadwesi,nelson mandela bay,nelson mandela bay,25.52347,-33.84109,179,7,173,29,3,0,23,166,68,29,142,26,8,98,142,18,23,141,64,59,24,49,1,336,3,69,0,41,9,31,35,6
2020/2021,kwadwesi,nelson mandela bay,nelson mandela bay,25.52347,-33.84109,116,2,130,17,2,0,22,96,43,43,135,15,8,11,76,20,2,119,57,36,9,30,0,193,10,52,0,30,15,27,22,6
2021/2022,kwadwesi,nelson mandela bay,nelson mandela bay,25.52347,-33.84109,120,4,137,18,1,0,24,100,61,39,120,21,4,20,34,5,17,110,73,48,11,26,0,220,9,60,0,35,7,26,22,7
2022/2023,kwadwesi,nelson mandela bay,nelson mandela bay,25.52347,-33.84109,148,8,156,38,4,0,14,79,131,57,138,12,4,32,36,27,24,131,96,71,24,69,0,393,4,81,0,36,3,32,24,10
2023/2024,kwadwesi,nelson mandela district,nelson mandela district,25.52347,-33.84109,0,0,0,0,0,0,0,81,103,0,0,0,0,0,0,0,0,0,0,0,0,81,0,0,0,0,0,0,0,14,32,0
2024/2025,kwadwesi,nelson mandela district,nelson mandela district,25.52347,-33.84109,0,0,0,0,0,0,0,79,93,0,0,0,0,0,0,0,0,0,0,0,0,88,0,0,0,0,0,0,0,14,17,0
2008/2009,kwaggafontein,thembisile,nkangala,28.94768,-25.30942,220,6,377,32,9,0,62,320,9,45,162,107,8,49,26,16,1,162,21,71,11,20,0,106,16,100,0,183,79,23,28,2
2009/2010,kwaggafontein,thembisile,nkangala,28.94768,-25.30942,199,2,318,7,10,0,98,186,11,58,167,62,5,66,38,13,1,98,14,73,9,13,0,74,1,87,0,113,64,30,41,1
2010/2011,kwaggafontein,thembisile,nkangala,28.94768,-25.30942,252,5,313,14,11,0,72,182,5,101,164,47,6,100,33,8,1,69,9,86,23,6,0,61,2,99,0,118,82,9,33,1
2011/2012,kwaggafontein,thembisile,nkangala,28.94768,-25.30942,159,7,257,11,3,0,74,155,5,110,118,41,4,121,35,6,1,90,7,50,28,10,0,58,3,58,1,125,80,27,32,1
2012/2013,kwaggafontein,thembisile,nkangala,28.94768,-25.30942,173,2,170,9,1,0,62,122,8,31,53,25,7,68,38,8,1,52,14,43,15,6,0,43,2,47,0,119,44,25,31,1
2013/2014,kwaggafontein,thembisile,nkangala,28.94768,-25.30942,131,0,119,10,5,0,56,148,5,32,29,11,7,26,88,14,13,40,12,39,8,8,0,33,1,46,0,79,51,12,22,0
2014/2015,kwaggafontein,thembisile,nkangala,28.94768,-25.30942,158,1,159,8,2,0,57,112,5,34,37,21,7,20,176,8,14,57,10,51,20,12,0,50,1,55,0,128,28,32,49,0
2015/2016,kwaggafontein,thembisile,nkangala,28.94768,-25.30942,354,1,201,19,2,0,67,175,23,20,86,22,6,45,180,5,17,73,14,49,27,9,0,83,2,53,0,77,29,34,35,3
2016/2017,kwaggafontein,thembisile,nkangala,28.94768,-25.30942,355,2,278,14,6,0,101,280,19,20,89,27,4,47,232,22,21,69,23,68,33,15,0,99,2,78,0,101,31,25,36,1
2017/2018,kwaggafontein,thembisile,nkangala,28.94768,-25.30942,315,0,232,18,3,0,114,199,15,22,95,18,5,38,348,9,23,61,14,40,46,8,0,113,1,47,0,120,85,28,49,1
2018/2019,kwaggafontein,thembisile,nkangala,28.94768,-25.30942,239,2,185,25,1,0,130,226,16,38,148,20,7,20,283,8,27,65,11,51,36,27,0,111,4,57,0,100,90,22,59,0
2019/2020,kwaggafontein,thembisile,nkangala,28.94768,-25.30942,215,2,205,20,3,0,115,197,23,28,140,13,7,28,93,13,14,74,17,52,41,13,1,124,5,61,0,86,71,28,26,1
2020/2021,kwaggafontein,thembisile,nkangala,28.94768,-25.30942,173,0,125,13,2,0,85,123,12,30,132,20,7,8,35,12,23,88,14,42,33,17,0,96,2,47,0,90,50,27,24,1
2021/2022,kwaggafontein,thembisile,nkangala,28.94768,-25.30942,159,3,184,33,2,0,83,125,33,29,187,25,7,7,10,11,24,70,26,39,36,24,1,134,3,45,0,67,44,12,18,1
2022/2023,kwaggafontein,thembisile,nkangala,28.94768,-25.30942,167,1,190,25,8,0,123,181,13,61,230,23,6,6,8,8,2,95,25,48,30,27,0,116,6,62,0,104,51,19,22,1
2023/2024,kwaggafontein,nkangala district,nkangala district,28.94768,-25.30942,0,0,0,0,0,0,0,136,22,0,0,0,0,0,0,0,0,0,0,0,0,23,0,0,0,0,0,0,0,17,52,0
2024/2025,kwaggafontein,nkangala district,nkangala district,28.94768,-25.30942,0,0,0,0,0,0,0,136,8,0,0,0,0,0,0,0,0,0,0,0,0,34,0,0,0,0,0,0,0,10,23,0
2008/2009,kwamakhutha,ethekwini,ethekwini,30.86804,-30.0253,80,12,235,47,1,0,40,185,43,7,96,33,10,56,91,39,1,93,46,112,3,38,0,147,3,122,0,0,3,45,23,0
2009/2010,kwamakhutha,ethekwini,ethekwini,30.86804,-30.0253,139,15,298,53,2,0,28,297,58,4,129,55,5,12,101,48,1,104,69,138,7,74,0,201,3,146,0,0,10,53,35,0
2010/2011,kwamakhutha,ethekwini,ethekwini,30.86804,-30.0253,125,17,249,49,7,0,60,341,41,7,121,63,8,16,180,54,1,85,54,145,12,62,0,188,4,160,0,0,6,22,56,1
2011/2012,kwamakhutha,ethekwini,ethekwini,30.86804,-30.0253,325,12,275,42,8,0,31,408,19,16,116,53,32,17,187,53,1,92,44,128,8,33,0,115,6,154,1,1,8,25,70,0
2012/2013,kwamakhutha,ethekwini,ethekwini,30.86804,-30.0253,253,19,310,32,5,0,41,555,19,20,157,56,9,18,129,48,1,121,54,118,7,25,0,111,8,136,2,0,23,33,50,0
2013/2014,kwamakhutha,ethekwini,ethekwini,30.86804,-30.0253,209,11,295,25,8,0,30,439,22,19,127,64,8,63,148,34,3,106,54,137,16,40,0,130,4,153,2,2,18,35,40,0
2014/2015,kwamakhutha,ethekwini,ethekwini,30.86804,-30.0253,218,11,356,48,3,0,35,484,23,15,125,56,7,136,101,22,36,119,61,78,22,74,0,183,6,88,0,0,31,25,65,0
2015/2016,kwamakhutha,ethekwini,ethekwini,30.86804,-30.0253,314,16,331,41,8,0,39,557,37,12,97,62,4,95,125,48,26,141,62,108,11,74,0,196,5,123,1,0,24,27,73,1
2016/2017,kwamakhutha,ethekwini,ethekwini,30.86804,-30.0253,309,18,305,39,3,0,39,576,34,31,96,43,4,72,123,27,28,124,43,99,15,67,0,176,9,113,1,0,7,33,50,0
2017/2018,kwamakhutha,ethekwini,ethekwini,30.86804,-30.0253,226,15,357,44,3,0,37,425,67,27,110,38,6,48,266,31,16,121,67,94,13,93,0,251,5,102,0,0,20,44,45,0
2018/2019,kwamakhutha,ethekwini,ethekwini,30.86804,-30.0253,172,9,357,48,4,0,60,478,39,46,141,61,7,7,126,31,27,145,78,99,30,75,0,239,4,108,0,2,20,51,49,0
2019/2020,kwamakhutha,ethekwini,ethekwini,30.86804,-30.0253,164,14,319,34,6,0,63,472,51,41,148,44,6,10,55,27,3,131,66,91,36,108,0,313,6,103,0,4,13,66,61,0
2020/2021,kwamakhutha,ethekwini,ethekwini,30.86804,-30.0253,157,16,249,56,6,0,48,395,38,68,178,36,7,1,100,18,3,158,102,69,38,101,0,258,8,84,0,5,13,49,73,0
2021/2022,kwamakhutha,ethekwini,ethekwini,30.86804,-30.0253,190,17,249,48,2,0,50,362,43,77,153,41,5,4,46,19,4,171,83,96,24,84,0,252,10,111,0,0,30,25,36,0
2022/2023,kwamakhutha,ethekwini,ethekwini,30.86804,-30.0253,184,12,269,37,1,0,33,348,26,93,249,35,7,2,102,27,24,138,90,91,19,86,0,212,28,121,0,1,14,24,33,0
2023/2024,kwamakhutha,ethekwini district,ethekwini district,30.86804,-30.0253,0,0,0,0,0,0,0,345,48,0,0,0,0,0,0,0,0,0,0,0,0,80,0,0,0,0,0,0,0,29,52,0
2024/2025,kwamakhutha,ethekwini district,ethekwini district,30.86804,-30.0253,0,0,0,0,0,0,0,311,42,0,0,0,0,0,0,0,0,0,0,0,0,76,0,0,0,0,0,0,0,25,71,0
2023/2024,kwamaqoma,amathole district,amathole district,,,0,0,0,0,0,0,0,205,2,0,0,0,0,0,0,0,0,0,0,0,0,7,0,0,0,0,0,0,0,7,47,0
2024/2025,kwamaqoma,amathole district,amathole district,,,0,0,0,0,0,0,0,174,0,0,0,0,0,0,0,0,0,0,0,0,0,9,0,0,0,0,0,0,0,7,44,0
2008/2009,kwamashu,,,,,0,0,0,0,0,0,0,0,0,0,0,0,6,0,0,0,1,0,0,0,0,0,0,0,0,0,0,0,0,0,0,0
2009/2010,kwamashu,,,,,0,0,0,0,0,0,0,0,0,0,0,0,6,0,0,0,1,0,0,0,0,0,0,0,0,0,0,0,0,0,0,0
2010/2011,kwamashu,,,,,373,6,384,32,2,0,23,238,33,191,292,112,8,21,146,35,1,142,78,99,13,24,1,270,17,122,0,170,0,25,65,0
2011/2012,kwamashu,,,,,604,10,638,99,5,0,68,394,34,276,532,147,12,144,244,70,1,195,114,193,25,46,1,417,14,219,0,364,0,37,94,0
2012/2013,kwamashu,,,,,686,13,472,124,2,0,100,483,41,374,473,141,10,472,430,118,1,233,120,166,31,30,0,407,8,182,0,439,3,42,111,0
2013/2014,kwamashu,,,,,482,7,448,125,0,0,45,362,62,161,345,82,4,207,502,112,36,220,128,129,26,54,2,403,10,141,2,468,1,38,182,0
2014/2015,kwamashu,,,,,392,7,485,105,1,0,70,363,38,95,305,77,6,165,560,84,44,188,107,106,45,49,0,326,7,114,4,829,0,44,189,0
2015/2016,kwamashu,,,,,486,10,478,94,0,0,58,329,51,120,351,92,7,126,677,81,9,226,128,118,32,37,0,419,18,137,0,802,1,76,194,1
2016/2017,kwamashu,,,,,543,9,504,107,0,0,77,387,62,138,391,111,4,221,810,68,42,261,129,112,27,32,2,472,6,120,0,653,2,65,276,0
2017/2018,kwamashu,,,,,513,9,519,125,0,0,120,444,84,176,451,141,8,365,1015,96,92,261,123,107,36,44,3,564,12,123,0,685,2,103,253,0
2018/2019,kwamashu,,,,,539,6,434,186,1,0,79,396,129,258,439,161,6,393,636,48,32,241,96,136,33,55,1,731,15,152,0,576,1,129,168,1
2019/2020,kwamashu,,,,,543,13,399,116,3,0,84,300,87,223,474,171,4,178,527,68,100,242,115,136,35,58,3,655,24,165,1,499,1,101,143,0
2020/2021,kwamashu,,,,,433,8,297,117,1,0,90,184,93,169,351,112,9,13,338,58,72,191,94,105,47,45,0,559,18,129,1,135,0,71,160,3
2021/2022,kwamashu,,,,,422,11,340,190,3,0,73,191,113,128,325,88,7,2,429,58,101,201,159,121,50,66,1,586,24,149,0,34,1,41,109,0
2022/2023,kwamashu,,,,,366,4,305,216,3,0,35,224,167,126,349,86,8,2,427,93,102,161,191,104,43,109,1,701,11,122,0,2,0,31,60,5
2023/2024,kwamashu e,ethekwini district,ethekwini district,,,0,0,0,0,0,0,0,240,129,0,0,0,0,0,0,0,0,0,0,0,0,79,0,0,0,0,0,0,0,53,115,0
2024/2025,kwamashu e,ethekwini district,ethekwini district,,,0,0,0,0,0,0,0,252,104,0,0,0,0,0,0,0,0,0,0,0,0,94,0,0,0,0,0,0,0,57,122,0
2008/2009,kwambonambi,mfolozi,king cetshwayo,32.0859,-28.5988,334,16,259,55,2,0,79,272,29,4,116,47,11,6,19,27,1,83,45,73,11,77,0,184,12,95,0,5,69,13,41,1
2009/2010,kwambonambi,mfolozi,king cetshwayo,32.0859,-28.5988,299,15,290,51,0,0,100,293,34,5,195,69,17,16,34,47,1,121,45,75,7,71,0,182,23,107,0,2,102,19,51,0
2010/2011,kwambonambi,mfolozi,king cetshwayo,32.0859,-28.5988,405,18,313,35,2,0,131,330,12,9,258,56,12,19,78,48,1,111,30,91,10,62,0,156,18,118,0,10,105,22,36,0
2011/2012,kwambonambi,mfolozi,king cetshwayo,32.0859,-28.5988,394,16,292,23,0,0,114,341,11,5,198,50,6,39,97,51,1,95,22,74,8,53,0,109,5,79,1,11,77,22,31,1
2012/2013,kwambonambi,mfolozi,king cetshwayo,32.0859,-28.5988,280,12,275,27,4,0,126,300,17,18,158,73,6,70,114,18,1,89,28,87,8,54,0,130,14,105,0,11,62,29,42,0
2013/2014,kwambonambi,mfolozi,king cetshwayo,32.0859,-28.5988,388,10,306,40,2,0,131,342,21,14,173,58,4,78,210,44,24,123,31,80,22,45,0,120,8,92,0,3,84,37,51,0
2014/2015,kwambonambi,mfolozi,king cetshwayo,32.0859,-28.5988,384,14,291,23,4,0,135,292,17,8,169,49,6,100,216,45,16,112,24,73,19,53,0,124,10,87,0,8,65,26,75,1
2015/2016,kwambonambi,mfolozi,king cetshwayo,32.0859,-28.5988,440,10,280,38,4,0,125,289,23,8,138,39,6,77,130,25,17,173,29,93,52,61,0,186,3,100,0,6,47,21,138,2
2016/2017,kwambonambi,mfolozi,king cetshwayo,32.0859,-28.5988,372,6,225,29,1,0,130,223,35,13,114,33,6,43,106,23,24,118,24,71,31,58,0,179,5,77,0,7,49,15,51,2
2017/2018,kwambonambi,mfolozi,king cetshwayo,32.0859,-28.5988,270,14,209,31,0,0,104,252,14,15,113,21,6,49,79,48,3,72,32,104,28,69,0,145,6,110,0,7,25,10,37,0
2018/2019,kwambonambi,mfolozi,king cetshwayo,32.0859,-28.5988,390,11,245,41,4,0,106,216,13,17,122,28,6,84,39,30,24,101,31,96,30,70,0,164,20,120,0,1,17,9,29,0
2019/2020,kwambonambi,mfolozi,king cetshwayo,32.0859,-28.5988,420,18,258,52,0,0,127,216,20,29,149,36,7,93,20,35,3,127,33,85,44,70,1,179,18,104,0,5,37,12,38,0
2020/2021,kwambonambi,mfolozi,king cetshwayo,32.0859,-28.5988,457,10,251,42,3,0,101,182,29,38,144,27,7,24,33,38,16,150,31,83,28,64,0,165,6,93,0,4,64,18,29,1
2021/2022,kwambonambi,mfolozi,king cetshwayo,32.0859,-28.5988,434,10,256,62,1,0,82,162,41,36,175,31,6,26,18,46,38,169,37,108,33,63,0,184,9,118,0,4,46,8,34,0
2022/2023,kwambonambi,mfolozi,king cetshwayo,32.0859,-28.5988,297,9,270,50,4,0,75,125,32,43,164,36,6,13,31,44,6,143,37,123,35,70,0,199,9,136,0,4,26,13,42,1
2023/2024,kwambonambi,king cetshwayo district,king cetshwayo district,32.0859,-28.5988,0,0,0,0,0,0,0,143,33,0,0,0,0,0,0,0,0,0,0,0,0,58,0,0,0,0,0,0,0,11,74,0
2024/2025,kwambonambi,king cetshwayo district,king cetshwayo district,32.0859,-28.5988,0,0,0,0,0,0,0,132,6,0,0,0,0,0,0,0,0,0,0,0,0,43,0,0,0,0,0,0,0,6,43,0
2008/2009,kwamhlanga,thembisile,nkangala,28.71577,-25.43404,569,22,609,36,24,0,97,559,31,77,332,143,17,93,50,35,1,241,28,133,10,27,0,215,4,170,0,69,59,29,54,1
2009/2010,kwamhlanga,thembisile,nkangala,28.71577,-25.43404,593,24,520,35,15,0,120,572,11,56,306,142,32,347,52,26,1,236,23,135,20,32,0,183,7,169,0,99,79,48,60,1
2010/2011,kwamhlanga,thembisile,nkangala,28.71577,-25.43404,1020,17,477,44,14,0,121,542,12,31,231,119,11,301,74,19,1,209,36,150,43,33,1,187,4,176,0,100,102,34,46,0
2011/2012,kwamhlanga,thembisile,nkangala,28.71577,-25.43404,825,5,428,23,15,0,169,447,17,47,216,126,12,85,60,27,1,145,27,135,73,29,0,197,5,162,0,74,93,50,52,4
2012/2013,kwamhlanga,thembisile,nkangala,28.71577,-25.43404,829,11,435,26,6,0,190,623,11,100,230,100,6,101,105,21,1,184,18,100,62,31,1,173,1,107,0,150,55,41,56,1
2013/2014,kwamhlanga,thembisile,nkangala,28.71577,-25.43404,537,9,326,34,5,0,152,540,16,59,139,73,7,33,147,42,24,161,25,93,48,26,0,174,3,102,0,134,70,41,80,0
2014/2015,kwamhlanga,thembisile,nkangala,28.71577,-25.43404,481,7,348,24,12,0,160,603,17,66,169,66,6,43,189,18,23,148,26,106,49,32,0,148,4,122,0,159,68,53,59,0
2015/2016,kwamhlanga,thembisile,nkangala,28.71577,-25.43404,440,10,422,42,4,0,163,545,31,71,182,75,7,87,207,13,28,161,37,92,66,44,0,195,5,102,0,146,59,42,71,1
2016/2017,kwamhlanga,thembisile,nkangala,28.71577,-25.43404,402,13,440,34,1,0,171,469,45,92,181,91,4,88,272,26,3,177,46,80,64,46,0,232,3,86,0,138,160,58,95,1
2017/2018,kwamhlanga,thembisile,nkangala,28.71577,-25.43404,362,9,395,31,8,0,173,484,46,91,219,63,5,116,296,22,36,198,41,94,59,52,0,272,7,112,0,145,142,59,94,1
2018/2019,kwamhlanga,thembisile,nkangala,28.71577,-25.43404,343,6,534,41,2,0,229,487,40,119,267,93,4,39,272,36,26,202,41,68,59,59,0,284,10,82,0,138,137,52,116,3
2019/2020,kwamhlanga,thembisile,nkangala,28.71577,-25.43404,314,4,466,26,3,0,209,437,49,116,228,97,4,54,234,36,27,202,44,90,64,62,0,307,13,108,0,144,122,78,76,1
2020/2021,kwamhlanga,thembisile,nkangala,28.71577,-25.43404,275,6,465,33,3,0,195,323,37,122,300,81,10,34,87,2,26,225,41,78,71,60,0,261,19,106,0,117,96,28,49,5
2021/2022,kwamhlanga,thembisile,nkangala,28.71577,-25.43404,280,7,542,52,1,0,122,361,89,173,325,66,5,34,51,13,15,247,38,108,62,77,0,349,16,128,0,146,80,35,59,1
2022/2023,kwamhlanga,thembisile,nkangala,28.71577,-25.43404,327,9,581,56,3,0,158,465,47,184,401,115,6,14,69,12,44,282,75,86,68,68,0,317,21,110,0,163,121,31,111,2
2023/2024,kwamhlanga,nkangala district,nkangala district,28.71577,-25.43404,0,0,0,0,0,0,0,320,44,0,0,0,0,0,0,0,0,0,0,0,0,73,0,0,0,0,0,0,0,45,110,0
2024/2025,kwamhlanga,nkangala district,nkangala district,28.71577,-25.43404,0,0,0,0,0,0,0,283,44,0,0,0,0,0,0,0,0,0,0,0,0,87,0,0,0,0,0,0,0,37,63,0
2008/2009,kwamsane,mtubatuba,umkhanyakude,32.1479,-28.42857,314,17,284,136,5,0,67,341,46,8,207,58,9,20,36,63,1,94,61,101,17,122,0,289,0,111,0,3,85,23,16,1
2009/2010,kwamsane,mtubatuba,umkhanyakude,32.1479,-28.42857,185,18,315,103,10,0,74,273,32,16,108,41,8,33,50,75,1,96,56,105,8,84,1,222,3,122,0,3,107,18,22,0
2010/2011,kwamsane,mtubatuba,umkhanyakude,32.1479,-28.42857,140,23,334,85,0,0,63,220,23,21,168,34,8,39,37,106,1,97,61,129,28,73,0,198,7,140,0,1,111,45,45,1
2011/2012,kwamsane,mtubatuba,umkhanyakude,32.1479,-28.42857,207,15,302,52,8,0,93,234,10,15,217,29,4,44,56,97,1,104,33,103,24,64,0,172,10,123,0,2,160,52,36,0
2012/2013,kwamsane,mtubatuba,umkhanyakude,32.1479,-28.42857,185,10,311,63,12,0,81,244,12,18,163,41,8,54,92,104,1,99,46,110,29,62,0,186,7,133,0,0,104,27,51,0
2013/2014,kwamsane,mtubatuba,umkhanyakude,32.1479,-28.42857,122,14,310,60,8,0,105,270,2,11,102,36,6,68,82,65,17,77,46,110,36,68,0,188,5,123,0,3,50,19,41,0
2014/2015,kwamsane,mtubatuba,umkhanyakude,32.1479,-28.42857,117,14,281,63,5,0,89,276,7,6,106,42,4,101,113,82,2,65,46,104,24,59,0,161,4,115,0,2,51,13,43,0
2015/2016,kwamsane,mtubatuba,umkhanyakude,32.1479,-28.42857,161,15,329,46,1,0,70,198,3,15,124,29,4,130,157,98,37,63,41,69,37,53,0,146,9,81,0,0,41,17,33,0
2016/2017,kwamsane,mtubatuba,umkhanyakude,32.1479,-28.42857,153,16,326,41,2,0,80,273,8,17,146,22,4,122,151,61,2,96,39,74,32,29,0,123,5,83,0,2,53,17,41,1
2017/2018,kwamsane,mtubatuba,umkhanyakude,32.1479,-28.42857,160,11,349,48,2,0,64,276,12,26,143,28,7,143,222,74,37,98,39,91,35,24,0,120,10,104,0,1,28,16,56,0
2018/2019,kwamsane,mtubatuba,umkhanyakude,32.1479,-28.42857,141,12,334,49,5,0,101,294,8,33,123,38,5,172,130,66,27,116,27,101,25,45,0,138,8,117,1,0,28,6,42,1
2019/2020,kwamsane,mtubatuba,umkhanyakude,32.1479,-28.42857,154,15,336,67,3,0,103,212,9,38,118,34,7,184,13,50,3,101,49,86,39,37,1,153,13,103,0,1,27,7,39,1
2020/2021,kwamsane,mtubatuba,umkhanyakude,32.1479,-28.42857,103,2,302,50,0,0,103,217,18,38,111,31,7,136,106,62,4,92,44,105,38,60,1,182,14,120,0,2,61,13,31,2
2021/2022,kwamsane,mtubatuba,umkhanyakude,32.1479,-28.42857,114,14,308,78,0,0,73,187,15,37,131,25,7,104,150,77,39,92,61,129,41,96,1,243,17,147,0,0,73,9,31,1
2022/2023,kwamsane,mtubatuba,umkhanyakude,32.1479,-28.42857,100,11,303,42,3,0,62,158,14,29,136,33,7,46,111,58,39,64,55,124,32,82,0,193,8,136,0,3,62,3,15,0
2023/2024,kwamsane,umkhanyakude district,umkhanyakude district,32.1479,-28.42857,0,0,0,0,0,0,0,187,13,0,0,0,0,0,0,0,0,0,0,0,0,72,0,0,0,0,0,0,0,7,38,0
2024/2025,kwamsane,umkhanyakude district,umkhanyakude district,32.1479,-28.42857,0,0,0,0,0,0,0,171,14,0,0,0,0,0,0,0,0,0,0,0,0,87,0,0,0,0,0,0,0,3,24,0
2008/2009,kwandengane,mbizana,alfred nzo,29.75814,-31.05498,0,0,0,0,0,0,0,0,0,0,0,0,6,0,0,0,1,0,0,0,0,0,0,0,0,0,0,0,0,0,0,0
2009/2010,kwandengane,mbizana,alfred nzo,29.75814,-31.05498,0,0,0,0,0,0,0,0,0,0,0,0,6,0,0,0,1,0,0,0,0,0,0,0,0,0,0,0,0,0,0,0
2010/2011,kwandengane,mbizana,alfred nzo,29.75814,-31.05498,0,0,0,0,0,0,0,0,0,0,0,0,6,0,0,0,1,0,0,0,0,0,0,0,0,0,0,0,0,0,0,0
2011/2012,kwandengane,mbizana,alfred nzo,29.75814,-31.05498,0,0,0,0,0,0,0,0,0,0,0,0,6,0,0,0,1,0,0,0,0,0,0,0,0,0,0,0,0,0,0,0
2012/2013,kwandengane,mbizana,alfred nzo,29.75814,-31.05498,0,0,0,0,0,0,0,0,0,0,0,0,6,0,0,0,1,0,0,0,0,0,0,0,0,0,0,0,0,0,0,0
2013/2014,kwandengane,mbizana,alfred nzo,29.75814,-31.05498,2,3,14,8,0,0,8,1,0,2,5,0,6,0,1,2,13,4,8,6,1,0,0,2,1,7,0,0,14,0,0,0
2014/2015,kwandengane,mbizana,alfred nzo,29.75814,-31.05498,9,7,16,9,0,0,8,8,0,0,6,1,4,0,2,7,13,7,11,9,5,2,0,14,0,11,0,0,8,0,0,0
2015/2016,kwandengane,mbizana,alfred nzo,29.75814,-31.05498,4,6,17,7,0,0,8,4,0,0,2,0,6,0,5,6,12,2,8,16,10,3,0,14,0,16,0,0,12,1,0,0
2016/2017,kwandengane,mbizana,alfred nzo,29.75814,-31.05498,2,3,30,7,1,0,4,15,0,0,7,2,7,0,9,14,12,4,12,9,4,0,0,4,5,16,0,0,20,0,0,0
2017/2018,kwandengane,mbizana,alfred nzo,29.75814,-31.05498,6,1,25,4,0,0,7,6,0,0,2,0,6,1,3,7,13,6,13,5,2,0,0,3,3,8,0,0,10,0,0,0
2018/2019,kwandengane,mbizana,alfred nzo,29.75814,-31.05498,7,4,15,8,0,0,8,6,0,3,5,0,6,0,2,12,12,3,8,8,1,2,0,3,2,10,0,0,20,0,0,0
2019/2020,kwandengane,mbizana,alfred nzo,29.75814,-31.05498,3,6,19,2,0,0,7,3,0,1,3,0,6,0,1,5,21,2,8,16,3,2,0,5,5,21,0,0,25,0,0,0
2020/2021,kwandengane,mbizana,alfred nzo,29.75814,-31.05498,9,1,16,3,0,0,3,4,0,1,5,0,6,0,0,10,23,4,5,12,4,1,0,11,2,14,0,0,20,1,0,0
2021/2022,kwandengane,mbizana,alfred nzo,29.75814,-31.05498,6,2,24,4,0,0,3,4,0,1,4,0,6,0,1,7,12,4,2,20,4,0,0,8,1,21,0,0,14,0,0,0
2022/2023,kwandengane,mbizana,alfred nzo,29.75814,-31.05498,1,1,13,6,1,0,3,3,0,2,1,1,6,0,0,5,12,3,11,16,1,1,0,5,2,19,0,0,34,0,0,0
2023/2024,kwandengane,alfred nzo district,alfred nzo district,29.75814,-31.05498,0,0,0,0,0,0,0,5,1,0,0,0,0,0,0,0,0,0,0,0,0,2,0,0,0,0,0,0,0,0,0,0
2024/2025,kwandengane,alfred nzo district,alfred nzo district,29.75814,-31.05498,0,0,0,0,0,0,0,5,0,0,0,0,0,0,0,0,0,0,0,0,0,1,0,0,0,0,0,0,0,0,0,0
2008/2009,kwandengezi,ethekwini,ethekwini,30.76895,-29.85093,100,2,165,39,6,0,27,189,15,2,144,52,10,24,127,46,1,78,33,45,5,17,0,116,10,67,0,1,4,9,18,1
2009/2010,kwandengezi,ethekwini,ethekwini,30.76895,-29.85093,131,6,158,27,2,0,41,265,19,4,142,41,9,54,293,62,1,55,24,61,7,17,0,106,7,75,0,0,7,8,32,0
2010/2011,kwandengezi,ethekwini,ethekwini,30.76895,-29.85093,191,6,145,25,6,0,24,212,11,14,146,46,6,50,338,40,1,49,30,55,5,11,0,77,3,64,0,2,8,14,23,1
2011/2012,kwandengezi,ethekwini,ethekwini,30.76895,-29.85093,207,12,171,22,2,0,35,249,14,9,167,47,5,62,384,41,1,91,25,56,15,19,0,97,9,70,1,2,7,14,17,0
2012/2013,kwandengezi,ethekwini,ethekwini,30.76895,-29.85093,217,6,179,36,2,0,34,234,5,9,172,44,6,76,391,58,1,86,42,68,9,12,0,62,4,74,1,1,3,20,34,0
2013/2014,kwandengezi,ethekwini,ethekwini,30.76895,-29.85093,240,2,177,30,0,0,30,214,14,5,139,55,4,26,438,47,17,78,27,37,6,14,0,111,3,42,1,0,14,12,42,0
2014/2015,kwandengezi,ethekwini,ethekwini,30.76895,-29.85093,226,1,183,37,2,0,44,310,8,9,168,50,7,21,447,59,3,113,42,44,8,13,0,73,9,56,0,0,24,9,40,0
2015/2016,kwandengezi,ethekwini,ethekwini,30.76895,-29.85093,196,0,158,26,0,0,26,279,11,1,150,34,6,24,360,29,17,86,41,28,9,13,0,76,3,31,1,0,17,18,41,1
2016/2017,kwandengezi,ethekwini,ethekwini,30.76895,-29.85093,109,0,162,18,0,0,21,232,15,1,89,38,7,12,415,19,22,53,30,23,14,4,0,67,7,31,0,0,14,14,32,0
2017/2018,kwandengezi,ethekwini,ethekwini,30.76895,-29.85093,86,0,100,27,0,0,32,202,22,2,87,16,6,29,465,30,13,49,39,25,7,11,0,67,7,32,0,0,15,13,18,0
2018/2019,kwandengezi,ethekwini,ethekwini,30.76895,-29.85093,114,1,96,20,1,0,32,222,42,7,43,12,7,25,271,52,21,35,43,28,21,8,0,96,4,34,0,0,19,10,10,1
2019/2020,kwandengezi,ethekwini,ethekwini,30.76895,-29.85093,130,2,99,37,0,0,29,203,35,9,104,25,6,46,94,28,12,56,41,28,19,15,0,103,5,33,0,0,32,14,13,0
2020/2021,kwandengezi,ethekwini,ethekwini,30.76895,-29.85093,113,3,66,42,0,0,26,128,40,20,92,18,6,1,26,27,26,52,46,26,33,26,0,143,6,32,0,0,15,6,21,0
2021/2022,kwandengezi,ethekwini,ethekwini,30.76895,-29.85093,87,5,85,65,2,0,41,136,37,18,87,19,4,3,41,29,27,79,50,17,13,21,1,131,3,24,0,0,25,5,15,0
2022/2023,kwandengezi,ethekwini,ethekwini,30.76895,-29.85093,97,8,82,45,0,0,38,144,48,25,98,19,7,0,29,16,25,76,94,22,14,54,0,158,3,26,0,0,12,7,11,0
2023/2024,kwandengezi,ethekwini district,ethekwini district,30.76895,-29.85093,0,0,0,0,0,0,0,175,53,0,0,0,0,0,0,0,0,0,0,0,0,46,0,0,0,0,0,0,0,6,20,0
2024/2025,kwandengezi,ethekwini district,ethekwini district,30.76895,-29.85093,0,0,0,0,0,0,0,120,23,0,0,0,0,0,0,0,0,0,0,0,0,92,0,0,0,0,0,0,0,10,15,0
2008/2009,kwanobuhle,nelson mandela bay,nelson mandela bay,25.39782,-33.81395,519,16,895,53,11,0,61,456,38,25,289,148,18,140,455,22,1,283,41,189,9,34,0,338,7,218,0,27,16,42,121,0
2009/2010,kwanobuhle,nelson mandela bay,nelson mandela bay,25.39782,-33.81395,207,21,668,26,9,0,68,408,22,13,171,64,16,89,621,11,1,197,34,160,22,29,0,225,11,190,0,7,14,40,191,0
2010/2011,kwanobuhle,nelson mandela bay,nelson mandela bay,25.39782,-33.81395,349,19,567,27,6,0,88,369,17,26,208,94,10,55,393,16,1,184,35,161,56,47,2,285,18,191,0,30,6,32,96,1
2011/2012,kwanobuhle,nelson mandela bay,nelson mandela bay,25.39782,-33.81395,278,20,535,21,5,0,72,355,26,20,216,81,4,73,395,11,1,155,31,131,47,31,0,274,8,146,1,36,9,25,78,0
2012/2013,kwanobuhle,nelson mandela bay,nelson mandela bay,25.39782,-33.81395,231,19,520,28,9,0,100,316,28,28,255,75,5,75,506,12,1,167,42,133,37,41,0,279,12,157,0,45,14,70,83,0
2013/2014,kwanobuhle,nelson mandela bay,nelson mandela bay,25.39782,-33.81395,176,16,458,28,3,0,92,293,46,35,177,42,7,64,619,10,17,146,25,142,52,67,0,286,11,157,1,65,6,50,62,0
2014/2015,kwanobuhle,nelson mandela bay,nelson mandela bay,25.39782,-33.81395,225,13,435,17,4,0,76,222,46,10,153,32,6,90,687,11,22,186,35,142,34,33,0,240,2,148,0,65,9,52,85,0
2015/2016,kwanobuhle,nelson mandela bay,nelson mandela bay,25.39782,-33.81395,168,7,387,22,4,0,54,240,63,18,151,28,6,98,737,16,24,145,27,105,35,47,0,267,7,116,0,57,18,46,78,0
2016/2017,kwanobuhle,nelson mandela bay,nelson mandela bay,25.39782,-33.81395,188,5,341,18,2,0,58,187,49,21,156,20,8,104,626,22,3,142,26,107,48,43,0,242,10,123,0,58,12,30,81,1
2017/2018,kwanobuhle,nelson mandela bay,nelson mandela bay,25.39782,-33.81395,197,11,362,14,4,0,62,227,38,17,119,15,6,33,405,17,22,137,39,90,32,48,0,199,12,106,0,42,23,14,166,0
2018/2019,kwanobuhle,nelson mandela bay,nelson mandela bay,25.39782,-33.81395,192,11,400,15,1,0,47,253,30,22,150,23,7,16,222,16,14,144,43,97,39,50,0,210,4,103,0,30,10,25,129,0
2019/2020,kwanobuhle,nelson mandela bay,nelson mandela bay,25.39782,-33.81395,179,4,338,26,6,0,62,254,64,16,121,21,6,30,248,8,2,135,44,93,54,76,0,299,7,106,0,44,14,29,114,0
2020/2021,kwanobuhle,nelson mandela bay,nelson mandela bay,25.39782,-33.81395,151,6,285,21,2,0,97,206,56,22,109,8,6,8,135,8,23,112,61,80,32,60,1,220,12,94,0,19,8,14,37,3
2021/2022,kwanobuhle,nelson mandela bay,nelson mandela bay,25.39782,-33.81395,192,11,386,40,0,0,79,226,54,37,191,17,4,11,76,17,2,160,81,85,45,56,0,227,16,103,0,16,8,22,67,3
2022/2023,kwanobuhle,nelson mandela bay,nelson mandela bay,25.39782,-33.81395,216,15,327,72,0,0,60,237,87,63,215,23,6,43,170,22,21,138,146,78,32,66,0,271,14,92,0,25,17,22,52,2
2023/2024,kwanobuhle,nelson mandela district,nelson mandela district,25.39782,-33.81395,0,0,0,0,0,0,0,186,79,0,0,0,0,0,0,0,0,0,0,0,0,64,0,0,0,0,0,0,0,20,24,0
2024/2025,kwanobuhle,nelson mandela district,nelson mandela district,25.39782,-33.81395,0,0,0,0,0,0,0,216,59,0,0,0,0,0,0,0,0,0,0,0,0,131,0,0,0,0,0,0,0,15,31,0
2023/2024,kwanojoli,sarah baartman district,sarah baartman district,,,0,0,0,0,0,0,0,67,0,0,0,0,0,0,0,0,0,0,0,0,0,1,0,0,0,0,0,0,0,4,36,0
2024/2025,kwanojoli,sarah baartman district,sarah baartman district,,,0,0,0,0,0,0,0,77,0,0,0,0,0,0,0,0,0,0,0,0,0,3,0,0,0,0,0,0,0,4,25,0
2008/2009,kwanokuthula,bitou,garden route,23.32062,-34.05359,95,6,130,1,4,0,3,212,0,1,75,8,10,35,74,4,1,51,11,26,6,0,0,11,4,40,0,1,6,1,29,0
2009/2010,kwanokuthula,bitou,garden route,23.32062,-34.05359,88,0,114,2,2,0,14,170,0,3,59,7,8,64,133,3,1,36,10,45,2,1,0,7,7,58,0,0,7,4,19,0
2010/2011,kwanokuthula,bitou,garden route,23.32062,-34.05359,76,4,112,3,2,0,8,202,0,5,77,21,5,67,184,5,1,44,5,29,2,1,0,8,7,41,0,0,1,1,31,0
2011/2012,kwanokuthula,bitou,garden route,23.32062,-34.05359,76,1,122,4,1,0,21,166,0,1,90,20,4,51,138,3,1,44,11,30,8,10,0,24,8,41,0,14,5,3,31,1
2012/2013,kwanokuthula,bitou,garden route,23.32062,-34.05359,96,0,138,2,4,0,29,139,0,2,97,41,6,60,168,7,1,60,8,36,11,1,0,27,5,45,0,29,4,5,55,0
2013/2014,kwanokuthula,bitou,garden route,23.32062,-34.05359,86,3,112,2,1,0,35,192,0,4,128,30,6,42,137,6,13,72,4,32,8,7,0,34,9,42,0,16,2,3,62,0
2014/2015,kwanokuthula,bitou,garden route,23.32062,-34.05359,98,1,117,2,2,0,25,290,1,6,130,38,7,15,126,4,13,87,7,23,12,4,0,32,9,35,0,22,1,9,63,0
2015/2016,kwanokuthula,bitou,garden route,23.32062,-34.05359,99,2,132,3,4,0,45,234,0,8,109,23,5,27,74,3,23,92,7,28,14,9,0,39,7,42,0,6,0,7,77,0
2016/2017,kwanokuthula,bitou,garden route,23.32062,-34.05359,85,1,124,2,6,0,46,189,2,4,123,15,7,14,120,4,21,76,11,21,27,10,0,53,6,34,0,15,4,8,69,1
2017/2018,kwanokuthula,bitou,garden route,23.32062,-34.05359,101,3,145,3,7,0,27,172,1,8,143,26,7,11,142,2,21,78,8,27,8,11,0,47,9,44,0,7,1,3,34,0
2018/2019,kwanokuthula,bitou,garden route,23.32062,-34.05359,107,3,156,0,3,0,31,193,0,10,120,22,6,7,65,4,14,87,9,21,8,17,0,43,12,36,0,6,1,6,47,0
2019/2020,kwanokuthula,bitou,garden route,23.32062,-34.05359,97,6,178,3,0,0,26,169,0,16,84,35,9,19,33,2,23,78,6,30,5,8,0,36,8,43,0,6,2,9,38,0
2020/2021,kwanokuthula,bitou,garden route,23.32062,-34.05359,110,6,131,5,1,0,22,137,0,15,104,11,5,9,43,0,21,80,5,16,9,10,0,46,6,26,0,11,4,3,29,0
2021/2022,kwanokuthula,bitou,garden route,23.32062,-34.05359,110,6,160,2,1,0,23,131,2,28,99,17,6,15,84,2,13,81,5,25,10,2,0,34,5,31,0,10,3,4,23,0
2022/2023,kwanokuthula,bitou,garden route,23.32062,-34.05359,149,8,172,3,2,0,17,189,0,25,95,17,7,23,107,3,14,95,6,29,5,5,0,33,7,39,1,5,4,2,24,0
2023/2024,kwanokuthula,garden route district,garden route district,23.32062,-34.05359,0,0,0,0,0,0,0,93,0,0,0,0,0,0,0,0,0,0,0,0,0,1,0,0,0,0,0,0,0,7,18,0
2024/2025,kwanokuthula,garden route district,garden route district,23.32062,-34.05359,0,0,0,0,0,0,0,132,0,0,0,0,0,0,0,0,0,0,0,0,0,5,0,0,0,0,0,0,0,2,17,0
2008/2009,kwanonqaba,mossel bay,garden route,22.09112,-34.17612,199,3,231,4,5,0,23,272,0,12,190,37,10,186,390,4,1,117,26,54,2,3,0,13,4,69,0,3,7,10,32,0
2009/2010,kwanonqaba,mossel bay,garden route,22.09112,-34.17612,237,3,203,6,4,0,15,279,1,11,285,37,7,199,455,0,1,99,30,70,11,1,0,39,14,89,0,3,20,7,72,0
2010/2011,kwanonqaba,mossel bay,garden route,22.09112,-34.17612,299,5,263,5,2,0,24,313,1,11,338,44,4,152,476,8,1,135,18,49,6,1,0,54,4,57,0,2,18,12,55,0
2011/2012,kwanonqaba,mossel bay,garden route,22.09112,-34.17612,322,6,218,38,0,0,50,330,0,12,283,43,6,189,514,9,1,124,12,44,8,2,0,79,6,50,0,79,10,18,76,0
2012/2013,kwanonqaba,mossel bay,garden route,22.09112,-34.17612,349,6,209,31,3,0,45,438,0,21,276,47,7,170,541,16,1,120,10,35,13,3,0,90,4,43,0,139,15,9,80,0
2013/2014,kwanonqaba,mossel bay,garden route,22.09112,-34.17612,347,7,249,31,3,0,35,345,0,16,335,49,4,135,609,3,17,152,12,51,13,5,0,117,7,63,0,230,9,15,121,0
2014/2015,kwanonqaba,mossel bay,garden route,22.09112,-34.17612,354,14,251,17,0,0,44,351,1,23,363,42,4,116,656,4,23,167,16,38,10,16,0,130,9,49,0,138,7,13,130,0
2015/2016,kwanonqaba,mossel bay,garden route,22.09112,-34.17612,357,2,222,20,1,0,23,301,1,20,386,41,4,116,737,1,23,170,25,36,10,11,0,120,3,42,1,140,5,8,91,0
2016/2017,kwanonqaba,mossel bay,garden route,22.09112,-34.17612,346,9,247,34,2,0,35,319,1,45,357,38,7,80,692,6,17,216,23,35,3,9,0,128,7,45,0,187,8,9,83,0
2017/2018,kwanonqaba,mossel bay,garden route,22.09112,-34.17612,344,9,214,35,1,0,30,319,2,34,396,52,6,118,491,7,23,201,29,32,5,11,0,103,6,39,1,192,13,8,125,0
2018/2019,kwanonqaba,mossel bay,garden route,22.09112,-34.17612,356,15,252,18,2,0,21,332,1,56,395,53,7,95,353,10,2,234,30,47,8,17,0,120,9,59,0,152,6,10,135,0
2019/2020,kwanonqaba,mossel bay,garden route,22.09112,-34.17612,347,6,212,6,4,0,21,288,4,60,342,46,5,98,281,1,14,195,33,39,20,7,0,106,8,54,1,158,5,16,130,0
2020/2021,kwanonqaba,mossel bay,garden route,22.09112,-34.17612,294,8,152,20,2,0,42,329,1,70,365,23,4,62,144,6,14,166,33,30,17,12,0,83,11,45,0,91,13,10,153,1
2021/2022,kwanonqaba,mossel bay,garden route,22.09112,-34.17612,261,8,183,15,5,0,20,195,0,99,412,31,7,54,176,2,14,185,34,32,13,19,0,100,10,48,0,84,7,11,77,0
2022/2023,kwanonqaba,mossel bay,garden route,22.09112,-34.17612,292,10,176,16,2,0,25,290,0,103,451,34,6,132,292,4,14,214,32,33,25,21,0,130,7,42,0,154,20,4,112,0
2023/2024,kwanonqaba,garden route district,garden route district,22.09112,-34.17612,0,0,0,0,0,0,0,256,2,0,0,0,0,0,0,0,0,0,0,0,0,9,0,0,0,0,0,0,0,14,86,0
2024/2025,kwanonqaba,garden route district,garden route district,22.09112,-34.17612,0,0,0,0,0,0,0,245,1,0,0,0,0,0,0,0,0,0,0,0,0,11,0,0,0,0,0,0,0,6,99,0
2008/2009,kwazakele,nelson mandela bay,nelson mandela bay,25.58308,-33.87626,516,30,785,82,17,0,57,547,108,101,707,162,3,252,93,58,1,428,114,196,10,132,3,705,17,243,0,236,1,130,77,1
2009/2010,kwazakele,nelson mandela bay,nelson mandela bay,25.58308,-33.87626,449,24,753,89,13,0,55,522,96,170,696,108,27,398,68,68,1,367,70,191,50,76,1,608,22,251,0,202,0,147,127,5
2010/2011,kwazakele,nelson mandela bay,nelson mandela bay,25.58308,-33.87626,415,34,685,81,8,0,87,445,77,142,630,144,32,345,109,47,1,315,85,181,95,99,0,640,18,219,0,155,1,126,147,1
2011/2012,kwazakele,nelson mandela bay,nelson mandela bay,25.58308,-33.87626,498,30,754,107,5,0,79,449,120,93,643,196,10,369,203,55,1,359,98,206,92,143,0,905,10,227,0,174,2,143,167,0
2012/2013,kwazakele,nelson mandela bay,nelson mandela bay,25.58308,-33.87626,460,20,679,80,6,0,82,510,101,50,463,147,9,377,278,58,1,310,71,213,54,108,0,796,13,237,0,164,5,112,114,0
2013/2014,kwazakele,nelson mandela bay,nelson mandela bay,25.58308,-33.87626,435,22,697,105,9,0,61,451,104,73,400,177,9,420,339,71,26,275,83,204,52,126,1,941,13,231,0,157,2,75,123,1
2014/2015,kwazakele,nelson mandela bay,nelson mandela bay,25.58308,-33.87626,426,18,601,101,7,0,79,428,88,85,377,132,5,432,313,66,30,265,66,194,69,117,0,820,15,219,1,66,0,61,165,2
2015/2016,kwazakele,nelson mandela bay,nelson mandela bay,25.58308,-33.87626,349,20,591,91,4,0,89,407,135,117,328,81,12,323,232,58,3,206,105,132,83,143,0,745,15,158,1,68,1,75,137,2
2016/2017,kwazakele,nelson mandela bay,nelson mandela bay,25.58308,-33.87626,353,8,508,103,1,0,112,458,152,122,287,89,11,269,250,67,38,248,103,117,56,183,1,837,8,134,1,51,2,65,118,1
2017/2018,kwazakele,nelson mandela bay,nelson mandela bay,25.58308,-33.87626,317,8,458,129,4,0,81,377,139,98,353,106,5,254,284,87,4,229,104,123,43,154,0,768,11,141,0,74,4,72,124,9
2018/2019,kwazakele,nelson mandela bay,nelson mandela bay,25.58308,-33.87626,373,11,487,111,3,0,95,330,143,79,396,95,6,242,250,106,3,265,109,102,35,149,1,790,16,121,0,24,6,50,91,11
2019/2020,kwazakele,nelson mandela bay,nelson mandela bay,25.58308,-33.87626,328,12,442,115,5,0,97,356,141,68,390,109,8,200,208,60,41,308,95,110,43,182,1,850,22,141,0,44,5,73,117,15
2020/2021,kwazakele,nelson mandela bay,nelson mandela bay,25.58308,-33.87626,253,2,273,72,6,0,92,171,90,89,291,78,8,9,131,40,6,232,98,106,32,106,0,519,17,133,0,26,3,34,71,11
2021/2022,kwazakele,nelson mandela bay,nelson mandela bay,25.58308,-33.87626,235,11,299,81,1,0,78,189,116,96,302,73,4,18,201,29,65,227,133,118,35,110,0,580,17,138,0,22,2,57,60,3
2022/2023,kwazakele,nelson mandela bay,nelson mandela bay,25.58308,-33.87626,208,2,375,89,2,0,74,166,192,86,266,39,6,36,300,70,7,238,144,102,32,142,0,692,16,120,0,29,5,64,69,2
2023/2024,kwazakele,nelson mandela district,nelson mandela district,25.58308,-33.87626,0,0,0,0,0,0,0,150,195,0,0,0,0,0,0,0,0,0,0,0,0,139,0,0,0,0,0,0,0,35,58,0
2024/2025,kwazakele,nelson mandela district,nelson mandela district,25.58308,-33.87626,0,0,0,0,0,0,0,136,273,0,0,0,0,0,0,0,0,0,0,0,0,266,0,0,0,0,0,0,0,19,36,0
2008/2009,laaiplek,bergrivier,west coast,18.15646,-32.77115,142,0,36,1,1,0,27,75,0,9,90,7,6,25,110,2,1,27,2,12,1,1,0,8,3,16,0,15,1,3,32,0
2009/2010,laaiplek,bergrivier,west coast,18.15646,-32.77115,118,3,42,1,1,0,18,99,0,10,88,4,6,19,108,2,1,26,4,4,0,1,0,3,6,11,0,16,0,6,32,0
2010/2011,laaiplek,bergrivier,west coast,18.15646,-32.77115,120,1,36,1,2,0,18,75,0,17,88,2,6,29,132,1,1,35,1,8,1,2,0,5,6,16,0,23,2,1,19,0
2011/2012,laaiplek,bergrivier,west coast,18.15646,-32.77115,133,0,49,2,0,0,26,95,0,13,79,6,7,28,140,5,1,51,0,3,2,0,0,4,6,10,1,11,3,2,36,0
2012/2013,laaiplek,bergrivier,west coast,18.15646,-32.77115,134,2,48,1,1,0,40,103,0,26,101,1,6,12,139,2,1,30,3,10,5,4,0,12,6,17,0,8,1,1,54,0
2013/2014,laaiplek,bergrivier,west coast,18.15646,-32.77115,120,1,34,1,2,0,37,83,0,19,70,1,6,16,124,4,13,33,3,2,1,0,0,5,6,10,0,3,4,0,33,1
2014/2015,laaiplek,bergrivier,west coast,18.15646,-32.77115,135,2,37,5,1,0,34,110,0,10,67,1,6,21,170,5,13,40,4,7,1,0,0,3,3,11,0,3,0,2,49,0
2015/2016,laaiplek,bergrivier,west coast,18.15646,-32.77115,129,3,35,2,0,0,44,98,0,13,106,8,6,24,129,4,12,31,2,4,3,3,0,12,2,6,0,2,0,1,34,0
2016/2017,laaiplek,bergrivier,west coast,18.15646,-32.77115,111,0,20,1,2,0,47,128,0,21,81,9,6,11,139,7,13,26,2,4,1,2,0,4,5,11,0,2,0,4,21,0
2017/2018,laaiplek,bergrivier,west coast,18.15646,-32.77115,154,1,24,1,0,0,46,150,0,18,116,8,6,10,181,0,13,40,2,5,1,2,0,9,4,9,0,3,3,5,32,0
2018/2019,laaiplek,bergrivier,west coast,18.15646,-32.77115,129,1,21,1,2,0,37,119,0,28,88,7,6,26,131,0,13,25,4,4,1,1,1,3,1,7,0,4,1,5,29,0
2019/2020,laaiplek,bergrivier,west coast,18.15646,-32.77115,144,2,23,0,0,0,38,120,0,28,88,8,7,62,75,3,12,38,1,17,1,3,0,6,7,25,0,3,0,6,41,0
2020/2021,laaiplek,bergrivier,west coast,18.15646,-32.77115,144,2,13,3,1,0,53,115,0,38,91,5,6,11,76,3,12,33,2,5,1,2,0,4,4,10,0,5,1,1,33,0
2021/2022,laaiplek,bergrivier,west coast,18.15646,-32.77115,142,0,13,1,0,0,26,76,0,51,104,10,4,19,54,3,12,51,6,9,3,2,0,6,0,11,0,3,2,4,28,0
2022/2023,laaiplek,bergrivier,west coast,18.15646,-32.77115,152,4,22,4,0,0,9,96,0,81,136,10,6,18,96,4,13,32,2,7,1,0,0,3,3,10,0,1,0,4,11,0
2023/2024,laaiplek,west coast district,west coast district,18.15646,-32.77115,0,0,0,0,0,0,0,119,0,0,0,0,0,0,0,0,0,0,0,0,0,2,0,0,0,0,0,0,0,5,27,0
2024/2025,laaiplek,west coast district,west coast district,18.15646,-32.77115,0,0,0,0,0,0,0,54,0,0,0,0,0,0,0,0,0,0,0,0,0,3,0,0,0,0,0,0,0,3,20,0
2008/2009,ladismith,kannaland,garden route,21.2683,-33.49487,138,0,122,1,1,0,27,84,0,6,167,7,4,45,200,7,1,52,9,22,0,0,0,0,13,38,0,13,11,8,14,0
2009/2010,ladismith,kannaland,garden route,21.2683,-33.49487,111,0,120,1,0,0,23,116,0,6,132,3,7,32,226,2,1,47,7,31,0,0,0,1,9,41,0,19,20,2,9,0
2010/2011,ladismith,kannaland,garden route,21.2683,-33.49487,102,2,130,0,5,0,49,100,0,55,172,6,6,25,220,4,1,68,8,14,0,0,0,4,2,21,0,7,14,3,17,0
2011/2012,ladismith,kannaland,garden route,21.2683,-33.49487,95,0,94,0,0,0,35,94,0,67,174,6,7,37,295,7,1,58,8,23,1,1,0,3,7,31,0,4,8,3,13,0
2012/2013,ladismith,kannaland,garden route,21.2683,-33.49487,108,1,98,0,3,0,28,100,0,146,165,6,7,37,358,6,1,47,9,21,0,1,0,2,9,34,0,4,8,2,20,0
2013/2014,ladismith,kannaland,garden route,21.2683,-33.49487,131,2,94,0,0,0,46,104,0,3,176,7,6,26,295,1,13,54,6,13,0,1,0,2,7,20,0,12,9,1,24,0
2014/2015,ladismith,kannaland,garden route,21.2683,-33.49487,127,3,107,3,2,0,36,91,0,2,143,3,6,29,357,2,13,64,7,17,0,0,0,5,7,26,0,8,4,1,20,0
2015/2016,ladismith,kannaland,garden route,21.2683,-33.49487,91,5,77,2,1,0,30,81,0,6,160,7,6,24,417,2,13,50,10,16,1,0,0,2,3,20,0,4,12,1,20,0
2016/2017,ladismith,kannaland,garden route,21.2683,-33.49487,120,1,84,1,1,0,22,47,0,6,213,9,4,22,394,2,12,59,3,14,1,1,0,2,7,24,0,12,7,2,16,0
2017/2018,ladismith,kannaland,garden route,21.2683,-33.49487,110,0,86,0,4,0,34,79,0,21,158,6,6,38,400,6,13,61,5,21,2,1,0,6,10,35,1,12,16,1,19,0
2018/2019,ladismith,kannaland,garden route,21.2683,-33.49487,115,3,91,2,2,0,45,113,1,8,184,10,6,34,338,4,21,49,6,23,2,3,0,12,10,35,0,4,11,1,17,0
2019/2020,ladismith,kannaland,garden route,21.2683,-33.49487,107,2,65,2,2,0,35,133,0,16,127,14,7,46,348,0,13,38,1,22,2,0,0,5,6,31,0,9,11,3,19,0
2020/2021,ladismith,kannaland,garden route,21.2683,-33.49487,92,2,59,2,0,0,29,84,0,10,177,4,6,49,242,4,13,61,5,19,1,2,0,5,8,27,0,8,21,2,21,0
2021/2022,ladismith,kannaland,garden route,21.2683,-33.49487,135,2,83,3,2,0,38,78,0,13,201,3,4,96,320,5,13,67,2,20,0,0,0,4,10,34,1,8,18,2,30,0
2022/2023,ladismith,kannaland,garden route,21.2683,-33.49487,162,2,82,7,1,0,28,107,0,24,196,10,6,59,285,2,13,81,1,10,2,0,0,3,6,17,0,19,7,2,44,0
2023/2024,ladismith,garden route district,garden route district,21.2683,-33.49487,0,0,0,0,0,0,0,70,0,0,0,0,0,0,0,0,0,0,0,0,0,0,0,0,0,0,0,0,0,1,15,0
2024/2025,ladismith,garden route district,garden route district,21.2683,-33.49487,0,0,0,0,0,0,0,91,0,0,0,0,0,0,0,0,0,0,0,0,0,0,0,0,0,0,0,0,0,0,27,0
2008/2009,lady frere,,,,,51,3,186,9,0,0,11,101,3,16,49,11,10,24,37,3,1,51,29,54,8,3,0,25,6,66,0,8,29,4,8,0
2009/2010,lady frere,,,,,49,3,198,5,2,0,19,112,2,21,100,9,7,45,17,7,1,55,20,52,16,6,0,34,4,59,0,10,29,7,5,0
2010/2011,lady frere,,,,,56,8,185,3,1,0,9,129,0,29,77,19,5,32,26,8,1,36,23,59,13,5,1,28,3,66,0,11,29,5,0,0
2011/2012,lady frere,,,,,52,3,181,5,0,0,22,103,1,18,74,21,6,30,25,7,1,35,29,64,28,4,0,39,10,74,0,6,32,7,7,0
2012/2013,lady frere,,,,,56,7,186,5,3,0,38,87,0,33,82,23,4,39,26,5,1,58,35,69,15,4,0,28,14,88,0,7,44,3,11,0
2013/2014,lady frere,,,,,68,2,170,9,6,0,40,72,1,31,65,7,5,26,45,14,13,58,29,72,17,10,0,43,5,86,1,34,43,16,8,0
2014/2015,lady frere,,,,,91,10,171,2,2,0,65,70,2,29,58,16,7,14,42,9,13,47,45,60,26,15,0,63,11,74,0,15,20,2,14,0
2015/2016,lady frere,,,,,78,3,194,4,0,0,87,98,1,21,61,7,6,42,45,8,12,59,47,65,23,9,0,43,7,72,1,38,28,5,19,0
2016/2017,lady frere,,,,,94,5,178,3,1,0,88,105,1,13,73,12,7,18,114,12,23,66,36,78,17,9,0,38,7,87,0,49,24,2,21,0
2017/2018,lady frere,,,,,92,5,223,11,3,0,81,112,2,16,88,15,6,15,158,13,12,73,40,74,15,4,1,49,8,85,0,30,25,2,51,0
2018/2019,lady frere,,,,,109,2,211,10,5,0,74,118,3,30,90,29,6,7,85,4,12,67,45,84,9,8,0,60,7,96,0,34,49,1,33,0
2019/2020,lady frere,,,,,76,5,244,11,4,0,61,117,3,44,103,33,6,17,49,19,14,74,39,63,19,9,0,73,7,74,0,23,44,5,28,2
2020/2021,lady frere,,,,,66,1,194,3,2,0,55,77,0,62,104,10,7,6,34,4,12,72,39,58,13,12,0,40,5,66,0,10,38,4,27,0
2021/2022,lady frere,,,,,79,4,221,10,5,0,39,92,3,48,108,11,6,5,30,3,21,96,59,65,11,9,0,41,5,75,0,22,40,5,20,0
2022/2023,lady frere,,,,,73,7,229,8,4,0,60,70,3,26,105,17,6,2,38,5,17,88,57,69,6,5,0,28,4,77,0,19,23,1,12,0
2008/2009,lady grey,senqu,joe gqabi,27.20923,-30.71202,43,1,86,2,2,0,9,52,0,5,24,5,5,6,24,0,1,22,1,6,0,0,0,3,1,12,0,9,44,4,13,0
2009/2010,lady grey,senqu,joe gqabi,27.20923,-30.71202,29,1,85,2,1,0,5,41,0,10,13,1,6,11,44,0,1,18,1,12,0,0,0,0,1,14,0,3,24,2,3,0
2010/2011,lady grey,senqu,joe gqabi,27.20923,-30.71202,32,0,60,1,3,0,12,52,0,4,13,6,7,7,39,1,1,19,2,11,1,1,0,3,2,17,0,1,26,1,13,0
2011/2012,lady grey,senqu,joe gqabi,27.20923,-30.71202,24,1,66,0,2,0,11,45,0,3,14,1,6,5,36,0,1,12,1,6,2,0,0,2,3,11,0,2,36,5,7,0
2012/2013,lady grey,senqu,joe gqabi,27.20923,-30.71202,25,0,67,0,0,0,24,55,0,2,13,2,7,3,18,2,1,15,2,7,2,0,0,2,3,11,0,3,26,3,11,0
2013/2014,lady grey,senqu,joe gqabi,27.20923,-30.71202,35,0,97,1,0,0,31,56,0,11,20,2,4,9,24,1,12,14,0,9,2,2,0,5,2,13,0,0,26,0,13,0
2014/2015,lady grey,senqu,joe gqabi,27.20923,-30.71202,31,2,87,0,0,0,20,52,0,7,9,1,6,3,13,0,13,28,4,12,5,1,0,9,0,12,0,1,51,1,5,0
2015/2016,lady grey,senqu,joe gqabi,27.20923,-30.71202,25,2,57,0,0,0,21,64,0,11,10,2,6,3,26,0,12,20,6,23,1,0,0,3,2,25,0,1,45,1,15,0
2016/2017,lady grey,senqu,joe gqabi,27.20923,-30.71202,41,3,66,3,2,0,21,63,0,5,9,6,6,2,29,2,13,12,4,10,2,1,0,4,0,12,0,1,43,1,12,0
2017/2018,lady grey,senqu,joe gqabi,27.20923,-30.71202,25,1,62,0,1,0,28,48,0,6,15,8,80,3,28,1,13,16,2,7,1,1,0,2,1,8,0,0,30,2,6,0
2018/2019,lady grey,senqu,joe gqabi,27.20923,-30.71202,23,0,80,1,0,0,19,38,0,7,14,3,6,10,26,0,23,24,2,10,3,2,0,7,3,13,0,2,42,1,5,0
2019/2020,lady grey,senqu,joe gqabi,27.20923,-30.71202,22,1,49,0,0,0,21,59,1,8,12,0,6,2,4,1,21,15,1,13,0,3,0,6,1,14,0,1,42,0,5,0
2020/2021,lady grey,senqu,joe gqabi,27.20923,-30.71202,25,3,46,0,1,0,17,49,0,6,7,1,6,0,3,1,13,16,3,6,1,1,0,6,6,13,0,0,44,6,7,0
2021/2022,lady grey,senqu,joe gqabi,27.20923,-30.71202,72,1,67,0,0,0,18,69,0,7,15,1,6,3,12,0,12,21,1,11,2,1,0,4,0,11,1,0,44,1,7,0
2022/2023,lady grey,senqu,joe gqabi,27.20923,-30.71202,69,2,111,1,1,0,22,80,0,5,17,4,6,3,8,1,12,23,6,11,3,0,0,4,2,14,0,3,63,3,2,0
2023/2024,lady grey,joe gqabi district,joe gqabi district,27.20923,-30.71202,0,0,0,0,0,0,0,52,0,0,0,0,0,0,0,0,0,0,0,0,0,1,0,0,0,0,0,0,0,4,6,0
2024/2025,lady grey,joe gqabi district,joe gqabi district,27.20923,-30.71202,0,0,0,0,0,0,0,45,1,0,0,0,0,0,0,0,0,0,0,0,0,1,0,0,0,0,0,0,0,0,6,0
2008/2009,ladybrand,mantsopa,thabo mofutsanyane,27.4568,-29.19591,212,7,150,8,4,0,93,197,0,77,265,30,8,5,114,7,1,99,8,31,6,4,0,18,6,45,0,36,73,18,21,0
2009/2010,ladybrand,mantsopa,thabo mofutsanyane,27.4568,-29.19591,193,6,149,5,3,0,72,215,1,55,287,27,16,16,94,6,1,94,6,44,1,10,0,19,5,62,0,39,72,6,43,0
2010/2011,ladybrand,mantsopa,thabo mofutsanyane,27.4568,-29.19591,184,4,127,3,3,0,70,285,1,55,277,33,9,6,115,5,1,107,5,35,9,1,0,18,5,48,0,43,88,3,21,0
2011/2012,ladybrand,mantsopa,thabo mofutsanyane,27.4568,-29.19591,190,9,144,2,9,0,96,259,0,37,256,18,7,17,108,1,1,90,4,44,4,4,0,22,2,56,0,41,86,9,20,0
2012/2013,ladybrand,mantsopa,thabo mofutsanyane,27.4568,-29.19591,206,6,126,5,3,0,119,205,0,221,196,8,6,12,102,6,1,81,10,39,6,4,0,15,6,48,1,30,73,7,21,0
2013/2014,ladybrand,mantsopa,thabo mofutsanyane,27.4568,-29.19591,190,3,130,7,4,0,95,236,0,48,174,24,6,15,158,8,12,97,13,38,6,5,0,15,8,50,0,19,48,11,22,0
2014/2015,ladybrand,mantsopa,thabo mofutsanyane,27.4568,-29.19591,164,5,121,4,3,0,82,191,0,46,148,18,5,28,70,9,13,117,9,25,7,6,0,25,4,35,0,29,42,8,23,0
2015/2016,ladybrand,mantsopa,thabo mofutsanyane,27.4568,-29.19591,149,8,161,2,6,0,66,176,0,45,152,38,6,36,60,12,12,92,7,30,3,6,0,13,7,43,0,37,53,8,34,0
2016/2017,ladybrand,mantsopa,thabo mofutsanyane,27.4568,-29.19591,156,1,156,7,4,0,58,146,2,71,136,18,7,65,146,8,38,71,3,24,3,7,0,17,2,31,1,9,33,0,27,0
2017/2018,ladybrand,mantsopa,thabo mofutsanyane,27.4568,-29.19591,148,6,143,4,4,0,46,193,1,35,116,30,6,69,138,10,13,81,13,34,2,9,0,17,0,38,0,16,73,16,30,0
2018/2019,ladybrand,mantsopa,thabo mofutsanyane,27.4568,-29.19591,176,1,158,5,3,0,57,226,3,29,142,12,6,48,60,8,12,82,12,30,4,7,0,28,7,40,0,15,42,17,27,0
2019/2020,ladybrand,mantsopa,thabo mofutsanyane,27.4568,-29.19591,178,1,155,3,2,0,55,142,0,55,158,19,7,85,31,11,12,65,9,52,7,4,0,20,9,64,0,13,50,12,35,0
2020/2021,ladybrand,mantsopa,thabo mofutsanyane,27.4568,-29.19591,158,1,151,5,3,0,51,133,1,40,142,14,6,38,18,1,14,77,9,32,4,6,0,19,4,39,0,5,51,6,26,0
2021/2022,ladybrand,mantsopa,thabo mofutsanyane,27.4568,-29.19591,168,1,156,5,3,1,44,161,0,72,168,13,6,71,46,5,14,75,7,45,6,2,0,15,2,50,0,17,74,8,24,0
2022/2023,ladybrand,mantsopa,thabo mofutsanyane,27.4568,-29.19591,190,3,166,7,1,0,60,189,3,45,155,18,7,69,63,4,13,70,9,46,8,9,0,24,4,52,0,23,47,4,24,0
2023/2024,ladybrand,thabo mofutsanyana district,thabo mofutsanyana district,27.4568,-29.19591,0,0,0,0,0,0,0,140,1,0,0,0,0,0,0,0,0,0,0,0,0,6,0,0,0,0,0,0,0,4,42,0
2024/2025,ladybrand,thabo mofutsanyana district,thabo mofutsanyana district,27.4568,-29.19591,0,0,0,0,0,0,0,138,0,0,0,0,0,0,0,0,0,0,0,0,0,3,0,0,0,0,0,0,0,4,22,0
2008/2009,ladysmith,alfred duma,uthukela,29.77862,-28.56124,974,18,486,81,15,0,189,686,15,272,537,104,32,443,41,41,1,351,66,119,60,46,0,336,21,167,0,579,160,111,262,8
2009/2010,ladysmith,alfred duma,uthukela,29.77862,-28.56124,986,16,561,73,14,0,150,581,22,252,809,108,32,457,90,88,1,311,54,148,33,35,2,328,27,201,0,691,159,87,229,7
2010/2011,ladysmith,alfred duma,uthukela,29.77862,-28.56124,917,15,517,52,11,0,165,511,11,263,701,123,19,539,119,32,1,293,44,119,33,33,0,326,24,168,0,542,190,80,295,2
2011/2012,ladysmith,alfred duma,uthukela,29.77862,-28.56124,1060,16,537,64,20,0,201,479,11,125,703,117,9,651,158,61,1,268,39,98,18,27,0,300,14,137,1,476,174,82,253,6
2012/2013,ladysmith,alfred duma,uthukela,29.77862,-28.56124,1003,9,485,56,2,0,236,614,16,138,708,130,18,718,73,35,1,261,46,123,24,32,0,266,19,155,1,488,211,104,256,6
2013/2014,ladysmith,alfred duma,uthukela,29.77862,-28.56124,1082,9,433,51,13,0,206,676,11,161,563,104,9,727,100,64,27,238,39,102,32,57,0,369,16,136,1,465,161,74,344,6
2014/2015,ladysmith,alfred duma,uthukela,29.77862,-28.56124,1016,9,427,54,15,0,209,638,7,119,537,109,5,241,57,30,26,224,34,97,23,41,0,267,11,126,4,378,143,64,256,3
2015/2016,ladysmith,alfred duma,uthukela,29.77862,-28.56124,862,8,401,62,6,0,214,439,8,145,511,95,5,315,123,61,24,203,50,86,15,32,0,215,14,109,1,453,117,62,290,4
2016/2017,ladysmith,alfred duma,uthukela,29.77862,-28.56124,959,5,392,58,9,0,168,429,11,149,559,105,8,345,170,64,16,211,42,106,38,56,0,309,14,133,0,334,145,59,236,4
2017/2018,ladysmith,alfred duma,uthukela,29.77862,-28.56124,913,8,359,49,5,0,170,441,12,100,574,85,4,205,130,52,39,184,40,78,36,26,0,235,6,91,1,247,146,35,238,2
2018/2019,ladysmith,alfred duma,uthukela,29.77862,-28.56124,1026,5,400,70,2,0,205,458,8,157,671,120,5,183,91,53,6,274,46,97,34,36,0,287,13,115,1,257,133,35,213,1
2019/2020,ladysmith,alfred duma,uthukela,29.77862,-28.56124,886,9,411,94,5,0,193,541,8,194,662,122,5,245,169,36,51,243,60,108,40,28,0,257,22,138,1,261,146,23,213,2
2020/2021,ladysmith,alfred duma,uthukela,29.77862,-28.56124,602,9,352,57,4,0,198,360,11,249,455,79,6,16,255,31,48,193,54,106,40,39,0,242,18,128,0,220,132,28,102,1
2021/2022,ladysmith,alfred duma,uthukela,29.77862,-28.56124,718,9,405,95,5,0,170,461,16,363,567,128,7,35,207,42,47,274,68,89,49,41,1,330,17,112,1,250,92,21,202,4
2022/2023,ladysmith,alfred duma,uthukela,29.77862,-28.56124,884,7,428,85,5,0,234,489,16,364,586,139,7,141,264,52,62,267,60,109,59,58,0,329,23,138,1,275,119,33,231,0
2023/2024,ladysmith,uthukela district,uthukela district,29.77862,-28.56124,0,0,0,0,0,0,0,477,12,0,0,0,0,0,0,0,0,0,0,0,0,41,0,0,0,0,0,0,0,26,203,0
2024/2025,ladysmith,uthukela district,uthukela district,29.77862,-28.56124,0,0,0,0,0,0,0,394,5,0,0,0,0,0,0,0,0,0,0,0,0,37,0,0,0,0,0,0,0,15,261,0
2008/2009,laersdrift,emakhazeni,nkangala,29.85622,-25.36766,46,0,14,0,3,0,1,24,0,3,6,1,6,3,1,0,1,15,0,7,2,1,0,4,0,10,0,1,18,1,3,0
2009/2010,laersdrift,emakhazeni,nkangala,29.85622,-25.36766,45,0,16,1,0,0,3,37,1,4,9,1,6,3,4,3,1,15,1,5,1,0,0,3,0,5,0,0,18,12,0,0
2010/2011,laersdrift,emakhazeni,nkangala,29.85622,-25.36766,63,1,13,3,1,0,4,34,0,3,9,1,6,3,0,1,1,14,1,1,2,0,0,3,0,2,0,0,25,5,3,0
2011/2012,laersdrift,emakhazeni,nkangala,29.85622,-25.36766,43,0,19,0,1,0,0,30,0,4,8,2,6,2,2,2,1,9,0,8,0,2,0,3,0,9,0,0,24,1,8,0
2012/2013,laersdrift,emakhazeni,nkangala,29.85622,-25.36766,57,1,17,0,0,0,2,24,0,2,5,1,6,1,6,1,1,8,2,1,2,3,0,5,0,1,0,0,33,1,6,0
2013/2014,laersdrift,emakhazeni,nkangala,29.85622,-25.36766,49,0,14,0,0,0,2,19,1,3,4,4,6,0,5,0,13,14,1,1,0,2,0,7,0,1,0,0,26,1,11,1
2014/2015,laersdrift,emakhazeni,nkangala,29.85622,-25.36766,40,1,10,2,0,0,6,36,1,5,6,1,6,0,14,3,13,15,2,0,1,2,0,7,0,0,0,0,24,9,12,1
2015/2016,laersdrift,emakhazeni,nkangala,29.85622,-25.36766,49,1,11,3,0,0,4,18,3,2,5,1,6,2,2,3,13,9,3,3,2,5,1,16,1,4,0,0,27,1,16,0
2016/2017,laersdrift,emakhazeni,nkangala,29.85622,-25.36766,41,0,14,2,0,0,7,28,1,3,8,4,7,2,12,1,13,9,0,4,1,3,0,10,0,5,0,0,36,3,12,2
2017/2018,laersdrift,emakhazeni,nkangala,29.85622,-25.36766,47,0,7,1,2,0,5,32,2,2,7,1,6,2,20,1,13,10,1,1,1,3,0,9,0,3,0,0,46,3,7,0
2018/2019,laersdrift,emakhazeni,nkangala,29.85622,-25.36766,36,0,8,1,0,0,2,21,1,0,9,0,6,1,6,0,13,5,2,5,0,1,0,4,0,5,1,0,20,1,6,2
2019/2020,laersdrift,emakhazeni,nkangala,29.85622,-25.36766,23,1,12,2,1,0,2,14,0,7,9,2,6,3,3,1,12,6,0,0,0,1,0,1,0,1,0,0,17,4,10,0
2020/2021,laersdrift,emakhazeni,nkangala,29.85622,-25.36766,18,0,18,1,2,0,4,9,0,4,10,4,6,7,4,0,21,4,0,4,1,0,0,5,0,6,0,0,5,4,6,1
2021/2022,laersdrift,emakhazeni,nkangala,29.85622,-25.36766,35,0,9,2,0,0,3,7,0,11,7,1,6,5,1,1,12,4,1,7,1,1,0,4,0,7,0,0,11,1,7,0
2022/2023,laersdrift,emakhazeni,nkangala,29.85622,-25.36766,30,0,9,3,0,0,6,7,0,4,8,0,6,3,2,2,13,3,1,3,4,2,0,8,0,3,0,0,5,2,5,0
2023/2024,laersdrift,nkangala district,nkangala district,29.85622,-25.36766,0,0,0,0,0,0,0,8,0,0,0,0,0,0,0,0,0,0,0,0,0,1,0,0,0,0,0,0,0,0,11,0
2024/2025,laersdrift,nkangala district,nkangala district,29.85622,-25.36766,0,0,0,0,0,0,0,2,0,0,0,0,0,0,0,0,0,0,0,0,0,0,0,0,0,0,0,0,0,1,5,0
2008/2009,laingsburg,laingsburg,central karoo,20.85937,-33.19758,54,2,52,0,1,0,9,27,1,5,36,4,6,118,151,0,1,20,3,5,0,1,0,6,3,9,0,5,10,1,38,0
2009/2010,laingsburg,laingsburg,central karoo,20.85937,-33.19758,54,0,54,1,0,0,13,81,0,2,50,6,6,85,173,5,1,35,3,6,0,0,0,4,4,10,0,10,3,1,65,0
2010/2011,laingsburg,laingsburg,central karoo,20.85937,-33.19758,57,2,37,1,0,0,13,24,0,6,63,4,6,95,241,0,1,25,3,7,1,0,0,4,0,7,0,1,12,1,41,0
2011/2012,laingsburg,laingsburg,central karoo,20.85937,-33.19758,61,0,59,0,0,0,15,45,0,6,73,4,7,58,214,1,1,29,4,10,0,1,0,3,2,13,0,1,11,0,39,0
2012/2013,laingsburg,laingsburg,central karoo,20.85937,-33.19758,75,2,67,0,0,0,19,71,0,9,53,7,7,53,203,6,1,40,1,8,2,1,0,7,5,14,0,8,8,0,95,0
2013/2014,laingsburg,laingsburg,central karoo,20.85937,-33.19758,81,0,72,5,1,0,17,58,0,10,52,10,5,39,273,2,21,36,3,4,0,0,0,2,1,9,0,5,7,2,89,0
2014/2015,laingsburg,laingsburg,central karoo,20.85937,-33.19758,87,1,93,1,0,0,16,95,0,10,70,10,7,54,339,3,12,55,1,6,0,2,0,5,1,8,1,4,18,2,108,0
2015/2016,laingsburg,laingsburg,central karoo,20.85937,-33.19758,102,1,95,3,1,0,21,68,1,9,65,9,6,48,363,4,13,46,3,9,0,1,0,7,5,15,0,3,16,1,84,0
2016/2017,laingsburg,laingsburg,central karoo,20.85937,-33.19758,104,3,71,1,0,0,13,53,0,13,44,8,6,37,473,1,13,35,2,6,0,0,0,5,3,9,0,3,17,2,54,0
2017/2018,laingsburg,laingsburg,central karoo,20.85937,-33.19758,85,0,90,1,0,0,44,50,0,19,42,9,6,65,537,7,13,33,2,9,0,1,0,4,1,10,2,3,15,1,43,0
2018/2019,laingsburg,laingsburg,central karoo,20.85937,-33.19758,118,0,110,1,0,0,29,55,0,4,118,12,6,19,338,6,13,38,2,17,0,0,0,3,4,21,0,0,42,1,8,0
2019/2020,laingsburg,laingsburg,central karoo,20.85937,-33.19758,109,1,115,1,0,0,11,33,0,0,115,7,5,11,313,3,13,49,4,6,0,0,0,5,10,19,0,1,45,0,21,0
2020/2021,laingsburg,laingsburg,central karoo,20.85937,-33.19758,124,2,80,23,1,0,19,40,0,3,109,7,6,7,179,0,13,42,4,12,1,1,0,10,3,16,0,0,45,0,18,0
2021/2022,laingsburg,laingsburg,central karoo,20.85937,-33.19758,111,0,131,4,1,0,20,48,0,4,87,1,6,4,119,2,13,42,4,17,1,0,0,5,5,23,0,0,22,0,7,0
2022/2023,laingsburg,laingsburg,central karoo,20.85937,-33.19758,127,3,88,2,0,0,26,71,0,9,111,7,6,3,118,1,12,47,3,12,2,0,0,8,8,20,0,1,29,0,23,0
2023/2024,laingsburg,central karoo district,central karoo district,20.85937,-33.19758,0,0,0,0,0,0,0,37,0,0,0,0,0,0,0,0,0,0,0,0,0,1,0,0,0,0,0,0,0,0,37,0
2024/2025,laingsburg,central karoo district,central karoo district,20.85937,-33.19758,0,0,0,0,0,0,0,36,0,0,0,0,0,0,0,0,0,0,0,0,0,1,0,0,0,0,0,0,0,0,26,0
2008/2009,lambertsbaai,cederberg,west coast,18.30541,-32.09251,77,5,54,1,1,0,36,56,0,3,38,7,4,2,67,4,1,16,1,2,0,0,0,0,5,10,0,12,0,2,14,0
2009/2010,lambertsbaai,cederberg,west coast,18.30541,-32.09251,70,1,48,0,0,0,27,56,0,3,43,1,5,10,70,0,1,23,2,11,0,0,0,1,4,18,0,18,5,2,14,0
2010/2011,lambertsbaai,cederberg,west coast,18.30541,-32.09251,56,1,38,3,0,0,22,54,0,6,35,5,4,12,85,1,1,18,2,11,0,0,0,0,1,14,0,18,6,1,9,0
2011/2012,lambertsbaai,cederberg,west coast,18.30541,-32.09251,64,0,34,0,0,0,20,66,0,2,53,2,5,7,86,1,1,17,2,9,1,0,0,1,5,17,0,15,7,2,16,0
2012/2013,lambertsbaai,cederberg,west coast,18.30541,-32.09251,69,2,37,1,0,0,22,64,0,5,32,2,6,3,77,1,1,26,3,9,1,0,0,1,4,13,0,6,11,2,19,0
2013/2014,lambertsbaai,cederberg,west coast,18.30541,-32.09251,70,1,55,3,1,0,38,63,0,9,51,6,6,8,77,4,12,23,4,6,0,0,0,0,4,11,0,7,4,2,23,0
2014/2015,lambertsbaai,cederberg,west coast,18.30541,-32.09251,88,1,35,1,3,0,23,102,0,4,44,3,6,11,124,8,13,38,3,6,0,1,0,3,3,12,0,5,0,2,40,0
2015/2016,lambertsbaai,cederberg,west coast,18.30541,-32.09251,76,1,34,0,2,0,12,67,0,7,62,10,6,3,129,4,13,35,2,6,1,0,0,2,5,13,0,11,2,1,16,0
2016/2017,lambertsbaai,cederberg,west coast,18.30541,-32.09251,80,1,52,1,1,0,24,58,0,4,68,4,6,5,117,2,12,28,2,4,2,0,0,4,1,6,1,9,9,1,23,0
2017/2018,lambertsbaai,cederberg,west coast,18.30541,-32.09251,74,2,42,0,1,0,13,45,0,4,44,4,6,6,114,1,13,21,0,7,0,0,0,2,0,8,0,9,6,0,21,0
2018/2019,lambertsbaai,cederberg,west coast,18.30541,-32.09251,74,0,39,1,3,0,18,43,0,8,58,4,6,7,118,5,13,24,2,9,2,0,0,4,0,12,0,10,8,0,15,0
2019/2020,lambertsbaai,cederberg,west coast,18.30541,-32.09251,57,1,29,0,1,0,11,59,0,8,68,2,5,5,63,0,13,34,0,4,2,1,0,5,2,10,0,13,4,0,19,0
2020/2021,lambertsbaai,cederberg,west coast,18.30541,-32.09251,64,0,42,0,1,0,18,45,0,6,58,2,6,2,77,2,13,20,1,3,0,0,0,0,0,4,0,8,10,0,12,0
2021/2022,lambertsbaai,cederberg,west coast,18.30541,-32.09251,64,1,53,4,0,0,24,46,0,14,65,5,7,3,70,2,13,43,4,7,0,0,0,0,1,9,0,2,0,1,12,0
2022/2023,lambertsbaai,cederberg,west coast,18.30541,-32.09251,98,1,44,1,4,0,13,61,0,17,103,8,6,5,109,0,13,37,1,3,1,0,0,1,4,11,0,20,3,1,18,0
2023/2024,lambertsbaai,west coast district,west coast district,18.30541,-32.09251,0,0,0,0,0,0,0,32,0,0,0,0,0,0,0,0,0,0,0,0,0,0,0,0,0,0,0,0,0,0,10,0
2024/2025,lambertsbaai,west coast district,west coast district,18.30541,-32.09251,0,0,0,0,0,0,0,31,0,0,0,0,0,0,0,0,0,0,0,0,0,0,0,0,0,0,0,0,0,0,6,0
2008/2009,lamontville,ethekwini,ethekwini,30.93923,-29.94046,105,5,252,18,1,0,2,170,17,3,165,35,4,3,16,2,1,70,22,39,0,17,0,87,3,45,0,0,0,5,16,0
2009/2010,lamontville,ethekwini,ethekwini,30.93923,-29.94046,106,4,191,17,0,0,6,131,20,3,120,17,17,12,80,3,1,63,8,36,1,9,1,83,5,50,0,0,0,4,16,0
2010/2011,lamontville,ethekwini,ethekwini,30.93923,-29.94046,134,4,185,18,1,0,9,128,17,2,129,23,8,11,117,10,1,59,15,36,0,3,0,47,4,45,0,0,0,5,21,0
2011/2012,lamontville,ethekwini,ethekwini,30.93923,-29.94046,105,0,160,11,0,0,9,128,13,5,161,22,10,6,141,17,1,61,8,52,2,1,0,45,7,65,0,1,1,6,26,0
2012/2013,lamontville,ethekwini,ethekwini,30.93923,-29.94046,110,0,156,16,0,0,13,132,6,4,145,27,7,27,214,3,1,34,14,26,4,8,0,51,15,42,1,0,0,9,31,0
2013/2014,lamontville,ethekwini,ethekwini,30.93923,-29.94046,102,1,164,14,0,0,13,138,4,3,112,22,6,27,238,10,17,39,8,27,7,8,0,47,13,40,0,0,0,3,32,0
2014/2015,lamontville,ethekwini,ethekwini,30.93923,-29.94046,78,5,142,12,0,0,16,160,7,126,114,10,6,36,274,12,23,45,13,24,9,9,0,55,7,31,0,0,0,6,12,0
2015/2016,lamontville,ethekwini,ethekwini,30.93923,-29.94046,69,4,165,17,0,0,17,148,9,4,103,10,7,40,138,13,25,53,11,21,7,2,0,58,6,28,0,1,0,7,22,0
2016/2017,lamontville,ethekwini,ethekwini,30.93923,-29.94046,78,3,174,10,0,0,13,108,13,4,60,9,7,54,181,8,23,52,14,24,4,6,0,58,3,28,0,0,0,8,41,0
2017/2018,lamontville,ethekwini,ethekwini,30.93923,-29.94046,75,3,159,12,0,0,6,70,6,8,67,21,6,60,239,11,24,40,10,16,4,4,0,59,4,20,0,0,0,11,17,0
2018/2019,lamontville,ethekwini,ethekwini,30.93923,-29.94046,118,0,110,1,0,0,29,55,0,4,118,12,6,19,338,6,13,38,2,17,0,0,0,3,4,21,0,0,42,1,8,0
2019/2020,lamontville,ethekwini,ethekwini,30.93923,-29.94046,109,1,115,1,0,0,11,33,0,0,115,7,5,11,313,3,13,49,4,6,0,0,0,5,10,19,0,1,45,0,21,0
2020/2021,lamontville,ethekwini,ethekwini,30.93923,-29.94046,124,2,80,23,1,0,19,40,0,3,109,7,6,7,179,0,13,42,4,12,1,1,0,10,3,16,0,0,45,0,18,0
2021/2022,lamontville,ethekwini,ethekwini,30.93923,-29.94046,111,0,131,4,1,0,20,48,0,4,87,1,6,4,119,2,13,42,4,17,1,0,0,5,5,23,0,0,22,0,7,0
2022/2023,lamontville,ethekwini,ethekwini,30.93923,-29.94046,127,3,88,2,0,0,26,71,0,9,111,7,6,3,118,1,12,47,3,12,2,0,0,8,8,20,0,1,29,0,23,0
2023/2024,lamontville,ethekwini district,ethekwini district,30.93923,-29.94046,0,0,0,0,0,0,0,57,14,0,0,0,0,0,0,0,0,0,0,0,0,17,0,0,0,0,0,0,0,9,22,0
2024/2025,lamontville,ethekwini district,ethekwini district,30.93923,-29.94046,0,0,0,0,0,0,0,64,5,0,0,0,0,0,0,0,0,0,0,0,0,11,0,0,0,0,0,0,0,3,21,0
2008/2009,langa,city of cape town,city of cape town,18.52647,-33.94453,291,6,308,41,4,0,37,189,9,69,220,150,5,70,180,18,1,110,53,70,8,9,0,262,1,78,0,37,0,33,42,0
2009/2010,langa,city of cape town,city of cape town,18.52647,-33.94453,344,6,334,34,12,0,38,197,11,59,335,131,11,106,287,24,1,151,46,70,12,21,0,217,17,107,0,31,0,31,41,0
2010/2011,langa,city of cape town,city of cape town,18.52647,-33.94453,299,1,338,40,4,0,42,214,6,49,304,127,4,149,400,26,1,140,65,75,44,27,0,257,10,91,0,27,0,48,55,1
2011/2012,langa,city of cape town,city of cape town,18.52647,-33.94453,320,5,321,57,3,0,53,228,4,58,232,89,8,244,417,24,1,141,36,59,28,20,0,197,10,76,0,36,0,41,89,0
2012/2013,langa,city of cape town,city of cape town,18.52647,-33.94453,377,6,292,45,3,0,76,286,7,49,298,129,4,283,506,47,1,117,28,48,16,15,0,221,7,60,0,15,0,23,94,0
2013/2014,langa,city of cape town,city of cape town,18.52647,-33.94453,420,4,296,30,4,0,47,295,7,34,278,138,7,341,577,17,17,163,38,42,8,41,0,219,9,56,0,3,0,21,84,0
2014/2015,langa,city of cape town,city of cape town,18.52647,-33.94453,398,2,341,46,4,0,45,289,6,42,302,114,4,342,808,17,22,192,43,61,28,26,0,302,8,75,0,4,0,36,96,3
2015/2016,langa,city of cape town,city of cape town,18.52647,-33.94453,414,7,349,29,1,0,44,296,18,43,296,124,5,218,576,17,25,179,44,62,24,40,0,309,6,72,0,40,0,36,81,4
2016/2017,langa,city of cape town,city of cape town,18.52647,-33.94453,375,4,358,37,4,0,73,365,29,44,257,122,7,236,535,15,13,189,57,38,24,21,0,358,10,53,0,58,0,65,90,3
2017/2018,langa,city of cape town,city of cape town,18.52647,-33.94453,339,4,330,51,4,0,63,324,17,45,261,128,7,216,607,7,14,172,52,51,30,33,0,422,10,66,0,40,0,48,91,2
2018/2019,langa,city of cape town,city of cape town,18.52647,-33.94453,349,7,379,36,1,0,35,240,36,47,235,132,4,149,367,8,13,244,50,48,24,54,0,481,7,58,0,31,0,47,110,2
2019/2020,langa,city of cape town,city of cape town,18.52647,-33.94453,253,6,274,33,2,0,35,219,31,38,195,91,6,143,167,12,21,194,54,60,5,42,0,372,15,77,0,47,0,50,111,3
2020/2021,langa,city of cape town,city of cape town,18.52647,-33.94453,175,8,301,41,0,0,15,117,31,95,209,78,8,37,89,10,22,157,52,52,5,26,0,194,15,71,0,35,0,33,64,3
2021/2022,langa,city of cape town,city of cape town,18.52647,-33.94453,191,2,339,44,1,0,18,153,38,85,195,96,7,12,218,4,25,172,80,60,8,42,0,220,5,67,0,12,0,28,59,0
2022/2023,langa,city of cape town,city of cape town,18.52647,-33.94453,219,11,287,18,1,0,15,201,54,74,193,103,7,15,191,5,23,169,65,56,15,23,0,286,11,69,1,37,0,21,55,0
2023/2024,langa,city of cape town district,city of cape town district,18.52647,-33.94453,0,0,0,0,0,0,0,270,31,0,0,0,0,0,0,0,0,0,0,0,0,45,0,0,0,0,0,0,0,31,48,0
2024/2025,langa,city of cape town district,city of cape town district,18.52647,-33.94453,0,0,0,0,0,0,0,254,46,0,0,0,0,0,0,0,0,0,0,0,0,31,0,0,0,0,0,0,0,25,65,0
2008/2009,langebaan,saldanha bay,west coast,18.03349,-33.09287,140,1,25,1,1,0,8,118,0,16,66,1,4,40,121,1,1,49,2,8,0,0,0,2,2,13,0,9,0,6,19,0
2009/2010,langebaan,saldanha bay,west coast,18.03349,-33.09287,181,1,31,0,0,0,10,70,0,23,61,4,6,58,155,1,1,33,4,3,2,2,0,5,6,9,0,6,0,6,29,0
2010/2011,langebaan,saldanha bay,west coast,18.03349,-33.09287,182,1,32,1,1,0,22,92,0,20,88,7,7,30,144,2,1,35,1,6,0,2,0,4,4,12,0,7,1,2,45,0
2011/2012,langebaan,saldanha bay,west coast,18.03349,-33.09287,177,1,50,0,0,0,11,129,0,25,73,1,6,19,111,1,1,38,3,5,0,4,0,8,5,10,0,13,1,3,31,0
2012/2013,langebaan,saldanha bay,west coast,18.03349,-33.09287,155,2,25,0,0,0,10,214,0,33,83,2,6,27,144,0,1,40,0,3,2,8,0,10,6,9,0,15,0,2,49,0
2013/2014,langebaan,saldanha bay,west coast,18.03349,-33.09287,137,0,39,0,0,0,8,99,0,24,94,2,6,9,158,1,12,38,0,5,0,1,0,1,2,7,0,4,2,2,33,0
2014/2015,langebaan,saldanha bay,west coast,18.03349,-33.09287,129,0,36,1,0,0,11,147,0,17,77,4,4,26,138,0,13,29,2,2,0,1,0,5,4,8,0,5,2,4,29,0
2015/2016,langebaan,saldanha bay,west coast,18.03349,-33.09287,161,0,35,0,0,0,7,163,0,42,68,3,7,12,144,2,13,43,2,3,0,2,0,8,1,5,0,13,1,1,45,0
2016/2017,langebaan,saldanha bay,west coast,18.03349,-33.09287,130,1,35,0,0,0,11,149,0,31,57,2,6,14,210,1,13,33,3,4,1,0,0,6,0,4,1,10,0,2,60,0
2017/2018,langebaan,saldanha bay,west coast,18.03349,-33.09287,89,1,25,1,0,0,4,189,0,24,52,10,7,11,227,3,13,23,2,3,1,3,0,6,5,9,0,14,0,5,30,0
2018/2019,langebaan,saldanha bay,west coast,18.03349,-33.09287,81,2,24,0,0,0,4,155,0,35,58,3,7,20,229,0,13,24,1,3,2,2,0,4,4,8,0,5,1,0,33,0
2019/2020,langebaan,saldanha bay,west coast,18.03349,-33.09287,104,2,24,0,0,0,7,175,0,35,66,6,4,25,218,1,12,34,0,1,1,4,0,9,4,7,0,13,0,4,21,0
2020/2021,langebaan,saldanha bay,west coast,18.03349,-33.09287,69,2,25,1,0,0,14,143,0,50,50,7,5,6,252,7,12,28,0,3,0,7,0,10,10,16,0,17,0,3,29,0
2021/2022,langebaan,saldanha bay,west coast,18.03349,-33.09287,127,1,33,2,1,0,14,180,0,67,92,4,6,18,250,12,13,43,1,1,1,0,0,7,1,3,0,23,2,5,39,0
2022/2023,langebaan,saldanha bay,west coast,18.03349,-33.09287,105,0,43,0,0,0,20,184,1,116,89,4,7,42,289,4,13,47,0,5,1,6,0,16,6,12,0,21,3,12,22,0
2023/2024,langebaan,west coast district,west coast district,18.03349,-33.09287,0,0,0,0,0,0,0,151,0,0,0,0,0,0,0,0,0,0,0,0,0,9,0,0,0,0,0,0,0,1,30,0
2024/2025,langebaan,west coast district,west coast district,18.03349,-33.09287,0,0,0,0,0,0,0,89,0,0,0,0,0,0,0,0,0,0,0,0,0,6,0,0,0,0,0,0,0,5,36,0
2008/2009,langlaagte,city of johannesburg,city of johannesburg,27.98447,-26.20815,669,7,296,35,8,1,119,207,43,163,254,82,3,33,47,15,1,200,16,34,55,18,0,295,5,60,0,3,0,189,260,4
2009/2010,langlaagte,city of johannesburg,city of johannesburg,27.98447,-26.20815,479,5,325,23,4,0,116,163,33,258,210,99,11,51,52,16,1,231,13,31,63,14,1,264,5,48,0,2,0,158,173,3
2010/2011,langlaagte,city of johannesburg,city of johannesburg,27.98447,-26.20815,427,3,268,12,3,0,104,165,41,239,239,85,7,77,64,14,1,187,16,26,42,23,2,255,6,36,0,3,0,127,130,2
2011/2012,langlaagte,city of johannesburg,city of johannesburg,27.98447,-26.20815,491,4,229,18,1,0,106,151,87,152,192,85,4,136,137,10,1,183,13,27,40,21,0,266,2,32,0,3,0,112,189,4
2012/2013,langlaagte,city of johannesburg,city of johannesburg,27.98447,-26.20815,482,10,255,15,3,0,101,104,51,117,210,72,6,63,103,8,1,179,10,30,37,11,0,243,6,39,0,2,0,103,152,5
2013/2014,langlaagte,city of johannesburg,city of johannesburg,27.98447,-26.20815,476,16,261,24,1,0,124,153,51,99,205,97,6,54,149,19,22,162,13,20,44,30,0,286,7,28,0,0,0,118,140,6
2014/2015,langlaagte,city of johannesburg,city of johannesburg,27.98447,-26.20815,462,10,277,19,2,2,114,174,47,95,165,82,4,73,200,12,21,177,23,21,52,30,0,312,10,35,0,0,0,91,152,5
2015/2016,langlaagte,city of johannesburg,city of johannesburg,27.98447,-26.20815,405,11,267,22,3,0,100,198,38,81,184,91,4,174,102,9,23,158,18,20,52,30,0,346,6,31,0,3,0,86,115,8
2016/2017,langlaagte,city of johannesburg,city of johannesburg,27.98447,-26.20815,385,4,243,30,2,0,96,125,74,87,142,71,7,88,75,7,25,144,19,23,43,29,0,416,5,31,0,3,0,99,127,5
2017/2018,langlaagte,city of johannesburg,city of johannesburg,27.98447,-26.20815,319,2,272,37,1,0,91,159,58,94,182,70,4,134,73,24,28,152,22,26,47,37,0,314,10,39,1,1,0,90,95,3
2018/2019,langlaagte,city of johannesburg,city of johannesburg,27.98447,-26.20815,350,2,292,42,2,0,94,129,63,99,195,60,5,95,89,20,17,172,15,12,33,33,0,302,10,27,1,1,0,87,116,3
2019/2020,langlaagte,city of johannesburg,city of johannesburg,27.98447,-26.20815,371,2,276,31,0,0,79,113,75,89,181,68,5,82,121,23,12,133,25,27,37,32,1,296,5,35,2,1,0,82,95,5
2020/2021,langlaagte,city of johannesburg,city of johannesburg,27.98447,-26.20815,326,4,276,32,4,0,97,87,29,76,234,54,6,18,72,19,2,135,21,12,43,25,1,247,11,27,0,1,1,65,99,5
2021/2022,langlaagte,city of johannesburg,city of johannesburg,27.98447,-26.20815,330,5,276,52,2,0,78,94,28,103,241,62,6,45,49,29,37,130,38,31,47,41,1,300,7,40,2,4,0,64,70,7
2022/2023,langlaagte,city of johannesburg,city of johannesburg,27.98447,-26.20815,281,4,264,44,2,0,116,79,30,106,213,59,4,66,52,39,9,132,45,22,52,39,1,284,13,39,0,0,0,67,63,13
2023/2024,langlaagte,johannesburg district,johannesburg district,27.98447,-26.20815,0,0,0,0,0,0,0,53,30,0,0,0,0,0,0,0,0,0,0,0,0,20,0,0,0,0,0,0,0,63,46,0
2024/2025,langlaagte,johannesburg district,johannesburg district,27.98447,-26.20815,0,0,0,0,0,0,0,71,24,0,0,0,0,0,0,0,0,0,0,0,0,15,0,0,0,0,0,0,0,39,62,0
2008/2009,lansdowne,city of cape town,city of cape town,18.50523,-33.99054,592,1,78,6,1,0,57,485,14,107,178,62,45,131,238,4,1,136,5,20,22,4,0,115,11,62,0,35,0,189,388,0
2009/2010,lansdowne,city of cape town,city of cape town,18.50523,-33.99054,1129,3,122,8,2,0,155,623,11,97,268,100,37,153,220,7,1,291,2,18,14,14,0,189,12,50,0,18,0,186,781,0
2010/2011,lansdowne,city of cape town,city of cape town,18.50523,-33.99054,1364,2,97,12,3,0,142,745,14,116,237,98,16,141,209,7,1,303,6,18,6,18,2,157,11,42,0,20,0,155,772,1
2011/2012,lansdowne,city of cape town,city of cape town,18.50523,-33.99054,1383,4,78,10,0,0,203,637,5,102,213,119,5,159,315,5,1,243,2,10,9,18,0,154,14,27,0,6,0,137,638,0
2012/2013,lansdowne,city of cape town,city of cape town,18.50523,-33.99054,1175,6,80,15,3,0,162,596,11,115,217,117,7,123,276,13,1,182,1,9,27,13,0,175,13,26,1,18,0,158,654,0
2013/2014,lansdowne,city of cape town,city of cape town,18.50523,-33.99054,1207,3,78,13,1,0,166,610,20,88,206,114,7,148,253,7,24,204,4,12,27,23,1,210,14,28,2,21,0,197,633,0
2014/2015,lansdowne,city of cape town,city of cape town,18.50523,-33.99054,1088,1,63,10,1,0,196,494,29,72,203,115,4,235,284,13,22,226,4,16,39,26,1,240,14,33,1,5,0,183,491,1
2015/2016,lansdowne,city of cape town,city of cape town,18.50523,-33.99054,901,2,95,6,3,0,132,444,26,96,193,98,5,229,345,4,2,191,8,14,21,14,0,212,11,31,1,8,0,174,440,0
2016/2017,lansdowne,city of cape town,city of cape town,18.50523,-33.99054,816,4,74,9,0,0,102,418,20,99,167,96,5,173,451,7,14,190,7,12,20,19,0,237,12,27,0,8,0,128,345,0
2017/2018,lansdowne,city of cape town,city of cape town,18.50523,-33.99054,869,0,51,11,1,0,90,361,13,82,163,92,7,172,346,9,12,142,5,14,21,19,0,228,10,26,2,27,0,105,285,0
2018/2019,lansdowne,city of cape town,city of cape town,18.50523,-33.99054,965,1,58,7,0,0,77,337,22,98,192,90,6,227,366,18,22,177,10,13,22,22,0,210,15,28,0,18,0,89,268,0
2019/2020,lansdowne,city of cape town,city of cape town,18.50523,-33.99054,730,2,51,13,2,0,90,169,25,100,165,78,7,131,312,12,22,140,4,13,27,15,0,219,11,27,0,14,0,69,229,0
2020/2021,lansdowne,city of cape town,city of cape town,18.50523,-33.99054,529,0,36,6,2,0,88,114,13,125,104,28,6,20,433,9,23,111,8,10,20,18,0,118,13,25,0,20,0,83,148,2
2021/2022,lansdowne,city of cape town,city of cape town,18.50523,-33.99054,681,0,35,9,0,0,65,99,12,173,134,36,7,26,509,8,21,137,6,13,9,6,0,116,6,20,0,9,0,66,146,1
2022/2023,lansdowne,city of cape town,city of cape town,18.50523,-33.99054,650,2,49,12,3,0,76,164,13,202,134,71,6,48,511,7,22,150,11,13,19,10,0,128,10,26,0,17,0,63,123,0
2023/2024,lansdowne,city of cape town district,city of cape town district,18.50523,-33.99054,0,0,0,0,0,0,0,159,18,0,0,0,0,0,0,0,0,0,0,0,0,12,0,0,0,0,0,0,0,39,205,0
2024/2025,lansdowne,city of cape town district,city of cape town district,18.50523,-33.99054,0,0,0,0,0,0,0,114,19,0,0,0,0,0,0,0,0,0,0,0,0,13,0,0,0,0,0,0,0,43,157,0
2008/2009,laudium,city of tshwane,city of tshwane,28.09789,-25.78555,267,5,136,5,1,0,15,126,10,33,118,56,5,12,17,5,1,99,6,20,3,22,0,72,1,25,0,4,0,27,134,1
2009/2010,laudium,city of tshwane,city of tshwane,28.09789,-25.78555,225,3,106,8,0,1,8,114,1,30,136,47,5,12,43,1,1,82,2,14,5,15,0,61,3,20,0,3,0,20,216,0
2010/2011,laudium,city of tshwane,city of tshwane,28.09789,-25.78555,179,4,100,6,0,0,13,137,3,30,117,30,7,25,33,4,1,60,2,19,6,11,0,46,3,23,0,1,0,54,105,4
2011/2012,laudium,city of tshwane,city of tshwane,28.09789,-25.78555,276,5,74,4,1,0,13,157,5,28,88,29,7,23,47,3,1,67,2,11,5,7,0,36,6,19,0,0,0,38,131,0
2012/2013,laudium,city of tshwane,city of tshwane,28.09789,-25.78555,200,3,85,4,1,0,13,135,8,30,98,26,6,52,76,5,1,64,5,17,9,21,0,60,4,22,1,2,0,43,101,1
2013/2014,laudium,city of tshwane,city of tshwane,28.09789,-25.78555,201,4,99,5,0,0,14,123,10,32,117,26,7,44,170,6,12,69,5,19,6,25,0,62,5,25,0,2,0,23,94,1
2014/2015,laudium,city of tshwane,city of tshwane,28.09789,-25.78555,337,3,99,8,0,0,33,132,8,19,111,33,4,33,196,6,23,84,7,12,14,14,0,76,2,16,0,2,0,29,125,1
2015/2016,laudium,city of tshwane,city of tshwane,28.09789,-25.78555,237,0,99,11,0,0,18,104,7,22,131,28,4,26,209,2,23,62,3,16,6,11,0,55,1,19,0,5,0,21,126,0
2016/2017,laudium,city of tshwane,city of tshwane,28.09789,-25.78555,150,0,97,8,1,0,21,113,6,22,91,32,7,33,253,4,23,45,9,15,9,23,0,67,2,19,0,2,0,7,79,0
2017/2018,laudium,city of tshwane,city of tshwane,28.09789,-25.78555,141,0,99,4,0,0,8,77,6,33,97,20,6,17,214,5,12,52,8,14,14,8,0,59,4,18,0,0,0,10,73,0
2018/2019,laudium,city of tshwane,city of tshwane,28.09789,-25.78555,158,2,99,5,0,0,13,63,7,14,95,15,7,14,112,2,13,59,12,15,15,10,1,59,5,21,0,6,0,8,107,1
2019/2020,laudium,city of tshwane,city of tshwane,28.09789,-25.78555,137,1,111,8,1,0,22,73,8,32,128,28,6,15,58,1,12,68,14,15,9,8,2,51,2,18,0,6,0,36,112,1
2020/2021,laudium,city of tshwane,city of tshwane,28.09789,-25.78555,107,1,86,10,0,0,20,41,2,48,90,12,7,18,56,3,21,49,8,10,11,8,1,55,2,13,0,3,0,20,74,0
2021/2022,laudium,city of tshwane,city of tshwane,28.09789,-25.78555,119,0,93,30,0,0,29,61,11,53,125,16,7,35,65,8,14,57,13,21,16,17,0,82,7,29,0,1,0,13,53,0
2022/2023,laudium,city of tshwane,city of tshwane,28.09789,-25.78555,181,1,72,15,0,0,24,81,20,41,115,17,7,16,78,13,21,57,22,17,18,36,1,125,0,18,0,2,0,16,30,1
2023/2024,laudium,tshwane district,tshwane district,28.09789,-25.78555,0,0,0,0,0,0,0,88,15,0,0,0,0,0,0,0,0,0,0,0,0,21,0,0,0,0,0,0,0,17,40,0
2024/2025,laudium,tshwane district,tshwane district,28.09789,-25.78555,0,0,0,0,0,0,0,56,9,0,0,0,0,0,0,0,0,0,0,0,0,15,0,0,0,0,0,0,0,22,15,0
2008/2009,leboeng,fetakgomo tubatse,sekhukhune,30.64776,-24.509,32,0,37,1,2,0,27,33,2,1,38,7,6,4,14,4,1,20,1,10,0,0,0,7,0,12,0,0,2,0,5,0
2009/2010,leboeng,fetakgomo tubatse,sekhukhune,30.64776,-24.509,20,1,40,1,1,0,29,22,0,0,35,6,7,3,11,0,1,9,1,14,0,0,0,1,0,16,0,0,3,4,4,0
2010/2011,leboeng,fetakgomo tubatse,sekhukhune,30.64776,-24.509,23,1,47,2,1,0,45,23,0,1,37,6,6,3,4,0,1,10,3,9,0,2,0,4,1,11,0,0,4,3,2,0
2011/2012,leboeng,fetakgomo tubatse,sekhukhune,30.64776,-24.509,31,2,35,2,0,0,18,22,1,1,26,2,7,1,12,2,1,17,3,11,3,2,0,8,5,17,0,0,10,3,1,0
2012/2013,leboeng,fetakgomo tubatse,sekhukhune,30.64776,-24.509,21,1,38,0,1,0,32,28,0,0,31,4,6,6,41,2,1,16,1,6,4,1,0,5,1,8,0,0,2,1,4,0
2013/2014,leboeng,fetakgomo tubatse,sekhukhune,30.64776,-24.509,26,1,29,1,1,0,25,27,3,0,28,3,7,3,55,0,21,17,4,8,2,2,0,7,0,10,0,0,2,2,2,0
2014/2015,leboeng,fetakgomo tubatse,sekhukhune,30.64776,-24.509,20,6,30,2,3,0,28,24,0,2,22,5,6,2,49,0,13,23,0,11,2,1,0,3,0,14,0,0,1,1,6,0
2015/2016,leboeng,fetakgomo tubatse,sekhukhune,30.64776,-24.509,17,3,34,1,0,0,33,26,2,2,21,2,6,1,38,1,12,21,3,11,9,3,0,16,0,11,0,0,0,3,8,0
2016/2017,leboeng,fetakgomo tubatse,sekhukhune,30.64776,-24.509,21,0,31,3,1,0,24,26,0,3,17,3,6,7,51,1,13,12,1,8,3,0,0,8,0,9,0,0,3,4,1,0
2017/2018,leboeng,fetakgomo tubatse,sekhukhune,30.64776,-24.509,12,1,23,1,0,0,26,18,2,2,15,2,6,18,70,0,21,16,0,8,4,0,0,8,2,10,0,0,5,2,3,0
2018/2019,leboeng,fetakgomo tubatse,sekhukhune,30.64776,-24.509,12,2,19,1,0,0,12,22,0,1,16,1,6,31,49,2,13,10,1,11,5,3,0,8,0,11,0,0,5,1,0,0
2019/2020,leboeng,fetakgomo tubatse,sekhukhune,30.64776,-24.509,10,0,21,1,1,0,4,17,0,3,13,1,7,44,3,0,12,8,2,3,1,2,0,4,1,6,0,0,7,1,0,0
2020/2021,leboeng,fetakgomo tubatse,sekhukhune,30.64776,-24.509,23,1,22,0,0,0,7,8,0,3,22,2,6,36,12,0,13,19,3,3,3,1,0,4,1,4,3,0,4,0,1,0
2021/2022,leboeng,fetakgomo tubatse,sekhukhune,30.64776,-24.509,17,1,35,0,0,0,5,25,0,2,16,1,6,2,19,0,13,22,0,2,1,0,0,2,1,3,0,1,1,0,3,0
2022/2023,leboeng,fetakgomo tubatse,sekhukhune,30.64776,-24.509,22,3,26,3,0,0,6,19,0,6,14,3,6,4,10,0,12,14,4,0,2,2,0,6,1,1,5,0,5,0,1,0
2023/2024,leboeng,sekhukhune district,sekhukhune district,30.64776,-24.509,0,0,0,0,0,0,0,21,0,0,0,0,0,0,0,0,0,0,0,0,0,0,0,0,0,0,0,0,0,1,5,0
2024/2025,leboeng,sekhukhune district,sekhukhune district,30.64776,-24.509,0,0,0,0,0,0,0,17,0,0,0,0,0,0,0,0,0,0,0,0,0,1,0,0,0,0,0,0,0,0,2,0
2008/2009,lebowakgomo,lepele-nkumpi,capricorn,29.48187,-24.32098,366,9,405,20,16,0,185,237,23,66,177,128,5,51,155,18,1,194,20,107,18,26,0,107,14,140,0,138,67,43,48,0
2009/2010,lebowakgomo,lepele-nkumpi,capricorn,29.48187,-24.32098,307,6,370,16,3,0,232,250,13,61,159,142,4,87,225,17,1,176,18,95,27,21,1,113,11,111,0,61,76,31,55,0
2010/2011,lebowakgomo,lepele-nkumpi,capricorn,29.48187,-24.32098,307,10,361,21,6,0,187,200,12,97,141,108,7,103,181,16,1,160,15,100,24,29,0,109,13,120,0,61,73,21,46,0
2011/2012,lebowakgomo,lepele-nkumpi,capricorn,29.48187,-24.32098,320,10,343,7,3,0,149,342,6,79,169,91,4,67,191,20,1,180,23,104,31,16,0,86,11,120,0,70,94,26,50,1
2012/2013,lebowakgomo,lepele-nkumpi,capricorn,29.48187,-24.32098,285,12,339,17,2,0,165,242,12,60,155,100,7,37,158,9,1,152,15,101,38,12,0,96,6,110,0,89,88,32,91,0
2013/2014,lebowakgomo,lepele-nkumpi,capricorn,29.48187,-24.32098,443,8,339,18,4,0,178,268,13,75,195,94,4,35,208,8,17,175,32,89,42,14,0,114,10,105,0,74,75,20,68,0
2014/2015,lebowakgomo,lepele-nkumpi,capricorn,29.48187,-24.32098,547,3,353,17,2,0,141,399,13,78,216,111,7,92,269,11,24,226,19,90,62,21,0,168,7,100,7,132,78,19,63,1
2015/2016,lebowakgomo,lepele-nkumpi,capricorn,29.48187,-24.32098,507,10,407,21,7,0,178,468,23,70,195,109,6,176,287,7,25,222,19,72,51,35,0,201,8,87,0,84,59,16,99,0
2016/2017,lebowakgomo,lepele-nkumpi,capricorn,29.48187,-24.32098,433,6,319,19,2,0,167,317,17,76,162,88,6,200,441,2,2,187,21,86,48,24,0,151,11,99,52,100,75,26,93,0
2017/2018,lebowakgomo,lepele-nkumpi,capricorn,29.48187,-24.32098,428,6,330,17,1,0,167,283,14,63,129,67,4,261,653,9,22,160,32,82,42,23,1,180,10,95,53,86,97,26,114,1
2018/2019,lebowakgomo,lepele-nkumpi,capricorn,29.48187,-24.32098,480,9,387,20,1,0,168,391,10,48,139,84,4,267,460,14,2,182,25,58,36,20,0,151,10,71,68,126,128,26,86,0
2019/2020,lebowakgomo,lepele-nkumpi,capricorn,29.48187,-24.32098,476,8,274,21,2,0,167,370,13,70,131,100,6,264,88,7,27,199,27,78,70,18,0,180,15,95,83,127,111,18,71,1
2020/2021,lebowakgomo,lepele-nkumpi,capricorn,29.48187,-24.32098,362,6,290,33,3,0,104,367,15,103,171,113,4,77,159,16,24,227,28,79,57,32,0,216,12,96,31,94,94,20,81,2
2021/2022,lebowakgomo,lepele-nkumpi,capricorn,29.48187,-24.32098,381,7,385,22,1,0,126,234,33,131,224,111,4,91,201,7,27,229,32,91,64,40,0,228,15,109,8,102,93,34,99,0
2022/2023,lebowakgomo,lepele-nkumpi,capricorn,29.48187,-24.32098,370,9,419,35,4,0,147,251,33,191,289,117,6,14,241,24,39,273,35,125,88,49,0,297,18,147,5,169,125,29,90,2
2023/2024,lebowakgomo,capricorn district,capricorn district,29.48187,-24.32098,0,0,0,0,0,0,0,346,21,0,0,0,0,0,0,0,0,0,0,0,0,38,0,0,0,0,0,0,0,39,112,0
2024/2025,lebowakgomo,capricorn district,capricorn district,29.48187,-24.32098,0,0,0,0,0,0,0,299,16,0,0,0,0,0,0,0,0,0,0,0,0,56,0,0,0,0,0,0,0,24,78,0
2008/2009,leeu gamka,beaufort west,central karoo,21.97303,-32.77896,21,0,31,1,0,0,7,21,0,1,71,0,6,10,58,3,1,21,2,9,0,0,0,0,5,14,0,0,20,0,9,0
2009/2010,leeu gamka,beaufort west,central karoo,21.97303,-32.77896,29,0,27,0,0,0,3,13,0,2,48,2,4,17,43,1,1,17,5,8,0,0,0,0,1,11,0,0,18,0,13,0
2010/2011,leeu gamka,beaufort west,central karoo,21.97303,-32.77896,16,0,42,0,0,0,4,8,0,3,66,1,6,16,46,0,1,12,5,9,0,0,0,0,1,10,0,1,8,0,6,0
2011/2012,leeu gamka,beaufort west,central karoo,21.97303,-32.77896,20,1,33,2,0,0,6,9,0,3,48,0,7,12,49,0,1,22,3,18,1,0,0,1,2,21,0,0,25,1,16,0
2012/2013,leeu gamka,beaufort west,central karoo,21.97303,-32.77896,28,0,50,1,1,0,11,13,0,3,52,2,6,10,34,2,1,27,4,10,0,0,0,1,0,11,0,0,12,3,17,0
2013/2014,leeu gamka,beaufort west,central karoo,21.97303,-32.77896,22,0,48,1,0,0,12,34,0,1,61,6,6,8,44,1,13,24,0,8,1,0,0,1,2,10,0,1,14,1,11,0
2014/2015,leeu gamka,beaufort west,central karoo,21.97303,-32.77896,27,0,55,1,0,0,12,30,0,3,61,1,7,7,60,1,13,31,1,10,0,0,0,1,2,13,0,1,43,1,23,0
2015/2016,leeu gamka,beaufort west,central karoo,21.97303,-32.77896,40,1,53,1,0,0,5,25,0,4,60,0,7,7,67,0,13,23,1,9,0,0,0,1,0,10,0,0,35,1,22,0
2016/2017,leeu gamka,beaufort west,central karoo,21.97303,-32.77896,44,1,46,0,0,0,3,24,0,3,55,1,7,7,96,1,13,25,5,5,0,0,0,2,1,7,0,1,32,0,41,0
2017/2018,leeu gamka,beaufort west,central karoo,21.97303,-32.77896,33,0,53,2,0,0,5,54,0,4,54,1,6,4,132,3,13,27,0,8,0,0,0,1,0,8,0,0,46,2,43,0
2018/2019,leeu gamka,beaufort west,central karoo,21.97303,-32.77896,34,0,43,1,0,0,10,42,0,7,48,1,6,5,96,1,13,30,4,8,0,1,0,2,3,11,1,1,50,0,28,0
2019/2020,leeu gamka,beaufort west,central karoo,21.97303,-32.77896,51,0,51,1,1,0,11,39,0,11,81,5,6,8,28,0,13,36,2,4,1,2,0,4,6,11,0,2,53,1,64,0
2020/2021,leeu gamka,beaufort west,central karoo,21.97303,-32.77896,50,0,60,4,1,0,13,53,0,15,53,3,6,0,32,0,13,41,3,4,0,0,0,6,2,7,0,3,23,1,38,0
2021/2022,leeu gamka,beaufort west,central karoo,21.97303,-32.77896,74,0,61,1,0,0,4,39,0,16,70,4,7,2,35,0,13,35,2,6,0,0,0,1,4,11,0,1,13,0,29,0
2022/2023,leeu gamka,beaufort west,central karoo,21.97303,-32.77896,85,0,64,0,0,0,15,40,0,102,69,1,6,22,72,0,13,27,0,3,1,0,0,1,4,7,0,1,5,0,20,0
2023/2024,leeu gamka,central karoo district,central karoo district,21.97303,-32.77896,0,0,0,0,0,0,0,48,1,0,0,0,0,0,0,0,0,0,0,0,0,0,0,0,0,0,0,0,0,0,18,0
2024/2025,leeu gamka,central karoo district,central karoo district,21.97303,-32.77896,0,0,0,0,0,0,0,49,0,0,0,0,0,0,0,0,0,0,0,0,0,0,0,0,0,0,0,0,0,1,15,0
2008/2009,leeudoringstad,maquassi hills,dr kenneth kaunda,26.24131,-27.23507,130,0,91,3,3,0,38,46,0,16,23,8,7,2,18,1,1,15,5,20,2,0,0,9,0,24,0,3,17,10,2,0
2009/2010,leeudoringstad,maquassi hills,dr kenneth kaunda,26.24131,-27.23507,95,0,62,7,1,0,28,50,0,16,15,6,5,3,24,0,1,18,5,26,1,0,0,3,0,30,0,0,33,8,9,0
2010/2011,leeudoringstad,maquassi hills,dr kenneth kaunda,26.24131,-27.23507,63,2,56,5,3,0,21,49,0,13,25,3,6,3,5,1,1,22,9,21,2,1,0,6,0,24,0,0,23,4,4,0
2011/2012,leeudoringstad,maquassi hills,dr kenneth kaunda,26.24131,-27.23507,78,0,97,3,3,0,21,59,0,14,26,5,6,4,16,2,1,20,3,18,1,0,0,10,1,22,0,3,38,2,1,0
2012/2013,leeudoringstad,maquassi hills,dr kenneth kaunda,26.24131,-27.23507,81,0,115,3,6,0,31,59,0,118,17,9,7,5,18,4,1,20,6,30,1,2,0,4,0,37,0,3,33,3,6,0
2013/2014,leeudoringstad,maquassi hills,dr kenneth kaunda,26.24131,-27.23507,89,0,77,5,5,0,19,59,0,7,12,4,6,4,27,0,12,27,4,29,3,1,0,5,1,35,0,0,19,5,6,0
2014/2015,leeudoringstad,maquassi hills,dr kenneth kaunda,26.24131,-27.23507,89,0,81,1,1,0,28,82,0,5,13,7,5,2,32,1,12,19,7,29,9,3,0,20,0,33,1,1,28,6,2,0
2015/2016,leeudoringstad,maquassi hills,dr kenneth kaunda,26.24131,-27.23507,79,0,122,2,1,0,36,99,0,46,15,11,6,0,44,1,12,24,3,24,8,0,0,13,1,26,1,0,28,4,5,0
2016/2017,leeudoringstad,maquassi hills,dr kenneth kaunda,26.24131,-27.23507,90,0,123,5,0,0,29,106,0,6,12,13,6,0,25,2,13,39,3,21,4,1,0,10,1,22,0,2,24,5,5,0
2017/2018,leeudoringstad,maquassi hills,dr kenneth kaunda,26.24131,-27.23507,88,1,105,1,0,0,16,66,0,14,14,10,6,2,20,2,21,22,3,39,5,2,0,18,1,40,1,4,43,7,3,0
2018/2019,leeudoringstad,maquassi hills,dr kenneth kaunda,26.24131,-27.23507,108,3,92,3,2,0,21,105,0,12,30,25,6,0,16,2,13,38,4,21,0,6,0,29,1,24,0,2,59,3,5,0
2019/2020,leeudoringstad,maquassi hills,dr kenneth kaunda,26.24131,-27.23507,58,2,117,3,2,0,23,64,0,14,27,7,7,2,9,1,21,21,8,29,6,1,0,31,0,32,0,3,33,3,7,0
2020/2021,leeudoringstad,maquassi hills,dr kenneth kaunda,26.24131,-27.23507,44,3,88,1,0,0,19,61,0,7,23,4,6,2,19,1,13,20,4,21,4,7,0,32,2,23,0,2,26,3,3,0
2021/2022,leeudoringstad,maquassi hills,dr kenneth kaunda,26.24131,-27.23507,52,2,101,3,4,0,28,113,0,9,28,13,6,0,10,2,23,35,4,18,8,4,0,24,3,25,0,2,26,0,6,0
2022/2023,leeudoringstad,maquassi hills,dr kenneth kaunda,26.24131,-27.23507,58,0,130,7,5,0,24,83,0,18,39,5,7,1,3,5,22,29,6,21,20,1,0,34,4,31,0,0,28,0,4,0
2023/2024,leeudoringstad,dr kenneth kaunda district,dr kenneth kaunda district,26.24131,-27.23507,0,0,0,0,0,0,0,58,0,0,0,0,0,0,0,0,0,0,0,0,0,2,0,0,0,0,0,0,0,0,6,0
2024/2025,leeudoringstad,dr kenneth kaunda district,dr kenneth kaunda district,26.24131,-27.23507,0,0,0,0,0,0,0,63,0,0,0,0,0,0,0,0,0,0,0,0,0,7,0,0,0,0,0,0,0,0,4,0
2008/2009,lehurutshe,ramotshere moiloa,ngaka modiri molema,25.98517,-25.4878,65,6,182,4,4,0,78,99,1,8,102,39,4,3,35,6,1,86,11,61,25,8,0,64,1,68,0,29,40,4,12,0
2009/2010,lehurutshe,ramotshere moiloa,ngaka modiri molema,25.98517,-25.4878,54,4,194,4,6,0,74,128,1,20,93,44,6,17,36,4,1,79,10,50,15,10,0,45,3,59,0,17,64,4,15,0
2010/2011,lehurutshe,ramotshere moiloa,ngaka modiri molema,25.98517,-25.4878,81,9,211,3,14,0,55,114,0,15,109,32,9,11,37,5,1,71,5,43,13,8,0,38,4,66,0,7,64,5,17,2
2011/2012,lehurutshe,ramotshere moiloa,ngaka modiri molema,25.98517,-25.4878,101,11,237,3,10,0,56,144,0,10,92,49,5,25,30,2,1,65,7,48,9,10,0,24,5,66,1,13,72,4,16,0
2012/2013,lehurutshe,ramotshere moiloa,ngaka modiri molema,25.98517,-25.4878,86,4,216,6,11,0,54,144,1,6,110,39,7,23,31,8,1,63,9,71,21,8,0,44,1,84,0,9,52,6,21,0
2013/2014,lehurutshe,ramotshere moiloa,ngaka modiri molema,25.98517,-25.4878,58,4,217,8,8,0,53,125,0,6,88,43,7,12,37,14,21,66,9,55,19,4,0,42,0,64,0,9,45,4,19,0
2014/2015,lehurutshe,ramotshere moiloa,ngaka modiri molema,25.98517,-25.4878,93,7,210,10,6,0,89,157,1,11,120,56,7,8,39,6,14,81,12,35,14,14,0,45,0,42,0,11,51,3,29,0
2015/2016,lehurutshe,ramotshere moiloa,ngaka modiri molema,25.98517,-25.4878,71,4,140,5,2,0,86,190,2,9,86,26,7,5,58,11,17,60,12,72,19,8,0,45,1,76,0,14,39,1,33,0
2016/2017,lehurutshe,ramotshere moiloa,ngaka modiri molema,25.98517,-25.4878,64,7,143,5,1,0,85,176,3,12,90,26,4,18,92,7,14,51,8,61,20,11,0,48,3,67,0,9,43,12,26,0
2017/2018,lehurutshe,ramotshere moiloa,ngaka modiri molema,25.98517,-25.4878,65,7,146,5,3,0,58,129,3,4,73,31,6,12,108,5,14,50,10,47,17,6,0,37,3,53,0,25,49,6,8,0
2018/2019,lehurutshe,ramotshere moiloa,ngaka modiri molema,25.98517,-25.4878,70,2,128,12,3,0,55,109,2,6,85,25,6,35,59,2,12,62,9,42,7,9,0,28,3,48,0,25,72,2,29,0
2019/2020,lehurutshe,ramotshere moiloa,ngaka modiri molema,25.98517,-25.4878,101,2,130,0,1,0,56,133,1,7,90,20,6,27,10,10,23,57,16,33,7,6,0,25,1,35,0,13,65,2,30,0
2020/2021,lehurutshe,ramotshere moiloa,ngaka modiri molema,25.98517,-25.4878,76,0,149,4,4,0,47,113,0,16,88,20,6,18,11,1,12,54,12,35,11,5,0,26,1,40,0,10,47,0,22,0
2021/2022,lehurutshe,ramotshere moiloa,ngaka modiri molema,25.98517,-25.4878,201,2,206,3,5,0,51,96,1,24,82,13,6,13,6,1,28,63,9,52,15,6,0,33,5,62,0,23,48,2,15,0
2022/2023,lehurutshe,ramotshere moiloa,ngaka modiri molema,25.98517,-25.4878,148,2,186,6,2,0,65,112,0,15,117,31,6,13,14,2,25,58,10,49,19,2,0,40,3,54,0,16,48,0,10,0
2023/2024,lehurutshe,ngaka modiri molema district,ngaka modiri molema district,25.98517,-25.4878,0,0,0,0,0,0,0,94,0,0,0,0,0,0,0,0,0,0,0,0,0,8,0,0,0,0,0,0,0,3,12,0
2024/2025,lehurutshe,ngaka modiri molema district,ngaka modiri molema district,25.98517,-25.4878,0,0,0,0,0,0,0,107,1,0,0,0,0,0,0,0,0,0,0,0,0,7,0,0,0,0,0,0,0,1,10,0
2008/2009,lenasia,city of johannesburg,city of johannesburg,27.82496,-26.32228,966,25,561,50,10,0,36,434,76,253,735,334,79,19,90,19,1,403,47,116,83,134,0,593,6,216,0,293,4,289,210,2
2009/2010,lenasia,city of johannesburg,city of johannesburg,27.82496,-26.32228,880,19,498,51,14,2,56,316,74,212,758,310,59,20,135,46,1,414,35,110,82,127,2,562,2,158,0,341,2,257,170,5
2010/2011,lenasia,city of johannesburg,city of johannesburg,27.82496,-26.32228,923,12,499,37,3,0,53,330,49,245,625,245,47,108,140,27,1,351,22,95,56,88,1,403,16,137,0,354,0,137,222,0
2011/2012,lenasia,city of johannesburg,city of johannesburg,27.82496,-26.32228,873,12,444,45,13,0,109,333,29,524,554,199,32,55,149,39,1,362,26,70,61,79,0,340,18,113,2,284,1,167,225,3
2012/2013,lenasia,city of johannesburg,city of johannesburg,27.82496,-26.32228,840,2,402,33,4,0,105,303,47,224,513,208,10,61,161,27,1,289,28,57,44,79,0,355,15,82,2,283,0,181,212,3
2013/2014,lenasia,city of johannesburg,city of johannesburg,27.82496,-26.32228,720,3,380,20,5,0,110,304,48,140,557,185,8,90,520,30,37,264,25,44,46,69,0,332,17,70,4,258,1,278,194,1
2014/2015,lenasia,city of johannesburg,city of johannesburg,27.82496,-26.32228,746,6,409,34,2,0,77,321,58,116,405,228,5,111,546,43,16,305,44,67,45,88,0,390,12,84,4,259,3,206,138,4
2015/2016,lenasia,city of johannesburg,city of johannesburg,27.82496,-26.32228,683,9,422,33,3,0,85,357,54,111,399,208,8,123,518,55,26,336,44,60,68,70,0,375,10,77,0,251,0,240,152,4
2016/2017,lenasia,city of johannesburg,city of johannesburg,27.82496,-26.32228,601,2,393,41,3,0,93,318,60,88,322,132,4,128,573,60,28,307,37,66,56,53,0,304,12,83,2,304,1,222,133,5
2017/2018,lenasia,city of johannesburg,city of johannesburg,27.82496,-26.32228,575,1,418,41,8,0,92,311,60,105,347,147,8,263,656,59,56,286,45,97,33,47,0,267,20,129,0,251,2,243,180,4
2018/2019,lenasia,city of johannesburg,city of johannesburg,27.82496,-26.32228,467,4,425,54,4,0,80,327,59,145,358,144,7,228,468,50,4,269,51,70,66,67,0,361,20,95,0,202,2,250,150,7
2019/2020,lenasia,city of johannesburg,city of johannesburg,27.82496,-26.32228,501,5,446,51,5,0,121,342,76,204,404,133,4,178,301,43,37,269,41,49,71,39,0,360,17,73,1,208,2,150,144,3
2020/2021,lenasia,city of johannesburg,city of johannesburg,27.82496,-26.32228,357,4,362,45,0,0,89,180,85,175,381,121,7,34,148,31,36,241,69,51,57,40,0,365,15,67,0,182,0,120,113,3
2021/2022,lenasia,city of johannesburg,city of johannesburg,27.82496,-26.32228,431,10,374,55,3,1,83,186,120,241,403,121,7,43,166,49,48,289,48,58,86,106,0,511,18,80,0,157,3,172,120,7
2022/2023,lenasia,city of johannesburg,city of johannesburg,27.82496,-26.32228,439,7,424,91,2,0,125,187,121,257,440,142,6,90,240,57,99,262,97,105,91,76,0,548,14,121,0,127,2,144,107,16
2023/2024,lenasia,johannesburg district,johannesburg district,27.82496,-26.32228,0,0,0,0,0,0,0,170,184,0,0,0,0,0,0,0,0,0,0,0,0,75,0,0,0,0,0,0,0,217,100,0
2024/2025,lenasia,johannesburg district,johannesburg district,27.82496,-26.32228,0,0,0,0,0,0,0,163,169,0,0,0,0,0,0,0,0,0,0,0,0,77,0,0,0,0,0,0,0,203,84,0
2008/2009,lenasia south,city of johannesburg,city of johannesburg,27.85891,-26.39441,346,19,253,42,2,0,30,291,27,23,190,105,17,32,25,23,1,196,25,64,32,58,0,322,6,81,0,7,1,92,176,10
2009/2010,lenasia south,city of johannesburg,city of johannesburg,27.85891,-26.39441,299,10,270,49,1,0,19,398,33,24,147,80,19,31,48,23,1,223,19,80,31,103,0,300,5,100,0,3,0,98,168,8
2010/2011,lenasia south,city of johannesburg,city of johannesburg,27.85891,-26.39441,293,11,235,29,1,0,31,320,21,31,110,49,8,53,58,25,1,140,16,58,14,77,0,191,10,73,0,4,0,72,106,4
2011/2012,lenasia south,city of johannesburg,city of johannesburg,27.85891,-26.39441,274,6,178,20,3,0,42,301,23,39,85,56,7,35,45,20,1,126,18,47,20,58,1,152,7,58,2,5,1,53,118,3
2012/2013,lenasia south,city of johannesburg,city of johannesburg,27.85891,-26.39441,329,2,247,20,2,0,45,432,25,37,111,57,10,73,121,24,1,145,15,55,35,61,0,186,5,68,1,15,0,94,150,3
2013/2014,lenasia south,city of johannesburg,city of johannesburg,27.85891,-26.39441,326,3,228,20,3,0,51,446,24,41,119,45,4,264,388,14,16,175,12,35,22,59,0,190,6,46,0,19,1,81,147,2
2014/2015,lenasia south,city of johannesburg,city of johannesburg,27.85891,-26.39441,404,8,257,33,5,0,54,408,33,54,127,53,5,124,372,15,24,206,22,52,46,65,1,254,3,63,0,19,1,80,113,0
2015/2016,lenasia south,city of johannesburg,city of johannesburg,27.85891,-26.39441,404,11,306,46,4,0,49,383,34,64,162,45,9,158,259,16,16,169,29,51,29,68,0,268,9,69,0,24,2,127,106,10
2016/2017,lenasia south,city of johannesburg,city of johannesburg,27.85891,-26.39441,408,2,278,25,1,0,67,362,47,43,158,56,6,162,348,16,26,174,20,71,39,58,0,273,8,80,0,22,2,93,103,5
2017/2018,lenasia south,city of johannesburg,city of johannesburg,27.85891,-26.39441,377,3,259,27,2,0,57,444,61,53,262,46,7,137,322,35,6,188,40,75,34,31,1,236,5,83,0,21,2,83,127,8
2018/2019,lenasia south,city of johannesburg,city of johannesburg,27.85891,-26.39441,313,9,310,48,3,0,82,410,34,58,194,45,7,78,178,20,8,178,57,74,43,76,0,261,9,87,0,28,4,84,84,5
2019/2020,lenasia south,city of johannesburg,city of johannesburg,27.85891,-26.39441,288,5,328,22,3,0,44,325,60,42,183,37,6,63,81,33,43,178,56,72,42,28,0,256,6,81,0,53,3,75,76,6
2020/2021,lenasia south,city of johannesburg,city of johannesburg,27.85891,-26.39441,254,3,228,35,3,0,73,165,69,37,184,24,6,16,47,26,4,131,45,67,52,52,0,256,7,77,1,33,2,63,54,2
2021/2022,lenasia south,city of johannesburg,city of johannesburg,27.85891,-26.39441,280,0,267,48,4,0,41,215,121,69,257,32,6,32,55,19,76,171,65,75,49,80,1,364,6,85,0,22,1,85,52,1
2022/2023,lenasia south,city of johannesburg,city of johannesburg,27.85891,-26.39441,305,4,262,67,5,0,62,224,123,114,256,32,7,57,95,41,98,202,82,71,53,65,0,391,13,90,1,35,2,50,48,9
2023/2024,lenasia south,johannesburg district,johannesburg district,27.85891,-26.39441,0,0,0,0,0,0,0,191,133,0,0,0,0,0,0,0,0,0,0,0,0,73,0,0,0,0,0,0,0,73,38,0
2024/2025,lenasia south,johannesburg district,johannesburg district,27.85891,-26.39441,0,0,0,0,0,0,0,163,135,0,0,0,0,0,0,0,0,0,0,0,0,73,0,0,0,0,0,0,0,48,40,0
2008/2009,lentegeur,city of cape town,city of cape town,18.6107,-34.03613,0,0,0,0,0,0,0,0,0,0,0,0,6,0,0,0,1,0,0,0,0,0,0,0,0,0,0,0,0,0,0,0
2009/2010,lentegeur,city of cape town,city of cape town,18.6107,-34.03613,0,0,0,0,0,0,0,0,0,0,0,0,6,0,0,0,1,0,0,0,0,0,0,0,0,0,0,0,0,0,0,0
2010/2011,lentegeur,city of cape town,city of cape town,18.6107,-34.03613,0,0,0,0,0,0,0,0,0,0,0,0,6,0,0,0,1,0,0,0,0,0,0,0,0,0,0,0,0,0,0,0
2011/2012,lentegeur,city of cape town,city of cape town,18.6107,-34.03613,0,0,0,0,0,0,0,0,0,0,0,0,6,0,0,0,1,0,0,0,0,0,0,0,0,0,0,0,0,0,0,0
2012/2013,lentegeur,city of cape town,city of cape town,18.6107,-34.03613,0,0,0,0,0,0,0,0,0,0,0,0,6,0,0,0,1,0,0,0,0,0,0,0,0,0,0,0,0,0,0,0
2013/2014,lentegeur,city of cape town,city of cape town,18.6107,-34.03613,1300,1,127,37,1,0,14,428,17,48,393,225,6,27,1126,23,22,310,13,34,22,21,0,271,12,47,0,84,0,59,267,0
2014/2015,lentegeur,city of cape town,city of cape town,18.6107,-34.03613,2346,13,235,82,2,0,83,739,66,90,580,296,8,168,1933,91,3,575,40,57,36,41,1,578,18,81,1,158,0,132,480,0
2015/2016,lentegeur,city of cape town,city of cape town,18.6107,-34.03613,1989,4,222,62,1,0,89,653,60,84,575,243,7,85,2050,73,26,524,51,39,27,45,1,517,25,66,1,177,0,140,426,1
2016/2017,lentegeur,city of cape town,city of cape town,18.6107,-34.03613,1620,6,222,38,2,0,74,574,56,66,542,231,4,145,2444,43,24,461,39,48,13,42,0,470,25,77,0,160,0,116,372,1
2017/2018,lentegeur,city of cape town,city of cape town,18.6107,-34.03613,1748,13,166,56,4,0,63,562,60,61,513,181,5,141,2805,82,2,414,38,47,25,38,3,402,28,82,1,165,0,119,289,3
2018/2019,lentegeur,city of cape town,city of cape town,18.6107,-34.03613,1909,5,162,104,3,0,63,437,66,74,578,221,5,94,2064,73,2,480,70,40,25,27,0,459,28,74,0,280,0,118,245,1
2019/2020,lentegeur,city of cape town,city of cape town,18.6107,-34.03613,1698,7,122,54,1,0,77,396,76,77,584,209,7,218,1895,43,22,427,53,48,22,24,0,461,37,87,0,344,1,91,276,0
2020/2021,lentegeur,city of cape town,city of cape town,18.6107,-34.03613,659,12,114,96,4,0,54,239,60,96,545,170,9,73,1159,62,27,364,59,54,5,21,0,302,24,87,0,225,0,75,164,2
2021/2022,lentegeur,city of cape town,city of cape town,18.6107,-34.03613,713,16,175,63,9,0,23,205,50,179,565,147,8,108,2323,35,3,386,49,40,14,38,0,333,35,88,0,194,1,111,147,0
2022/2023,lentegeur,city of cape town,city of cape town,18.6107,-34.03613,743,12,161,54,3,0,35,211,64,154,677,165,5,187,2480,45,24,449,48,69,12,33,0,367,33,108,0,256,0,92,172,0
2023/2024,lentegeur,city of cape town district,city of cape town district,18.6107,-34.03613,0,0,0,0,0,0,0,263,109,0,0,0,0,0,0,0,0,0,0,0,0,30,0,0,0,0,0,0,0,63,182,0
2024/2025,lentegeur,city of cape town district,city of cape town district,18.6107,-34.03613,0,0,0,0,0,0,0,183,90,0,0,0,0,0,0,0,0,0,0,0,0,31,0,0,0,0,0,0,0,63,114,0
2008/2009,lephalale,lephalale,waterberg,27.73479,-23.67856,382,1,145,0,2,0,97,120,0,54,241,57,4,44,22,3,1,130,6,31,1,3,0,6,3,38,0,81,14,14,56,0
2009/2010,lephalale,lephalale,waterberg,27.73479,-23.67856,431,0,196,6,2,0,62,296,1,74,269,61,7,58,38,3,1,137,10,26,5,4,0,21,1,30,0,150,5,23,95,0
2010/2011,lephalale,lephalale,waterberg,27.73479,-23.67856,408,5,174,2,4,0,45,300,0,94,200,67,4,112,51,6,1,141,5,37,3,7,1,26,3,46,0,158,10,13,82,0
2011/2012,lephalale,lephalale,waterberg,27.73479,-23.67856,344,2,205,7,4,0,64,393,0,85,261,84,4,68,65,6,1,120,11,49,14,3,0,25,5,60,11,156,8,22,145,0
2012/2013,lephalale,lephalale,waterberg,27.73479,-23.67856,424,3,205,2,6,0,120,521,1,119,248,99,7,59,55,4,1,167,10,48,11,7,0,30,2,57,33,165,1,33,187,1
2013/2014,lephalale,lephalale,waterberg,27.73479,-23.67856,491,6,204,10,3,0,131,612,1,157,265,96,7,41,128,13,14,160,9,30,7,15,0,34,2,36,41,182,11,20,163,0
2014/2015,lephalale,lephalale,waterberg,27.73479,-23.67856,419,8,199,7,1,0,110,464,3,120,166,81,6,114,183,3,12,122,13,51,3,43,0,60,8,60,72,120,12,32,127,0
2015/2016,lephalale,lephalale,waterberg,27.73479,-23.67856,410,4,140,15,0,0,51,359,2,89,184,66,7,81,183,7,21,136,8,34,5,25,0,37,9,44,60,102,9,21,91,0
2016/2017,lephalale,lephalale,waterberg,27.73479,-23.67856,335,5,183,5,2,0,53,407,0,121,154,39,4,109,240,2,13,113,7,41,6,23,0,45,7,52,25,95,5,38,81,0
2017/2018,lephalale,lephalale,waterberg,27.73479,-23.67856,433,10,129,12,1,0,50,373,2,133,98,50,4,161,325,4,21,78,10,35,7,13,0,33,6,44,50,34,9,22,61,0
2018/2019,lephalale,lephalale,waterberg,27.73479,-23.67856,410,10,126,8,1,0,85,440,4,215,92,28,6,101,229,2,12,129,5,28,4,16,0,45,7,36,74,33,1,23,61,0
2019/2020,lephalale,lephalale,waterberg,27.73479,-23.67856,296,6,79,11,0,0,74,436,2,184,81,26,6,113,17,3,12,112,11,33,7,30,0,54,6,39,85,58,3,15,62,0
2020/2021,lephalale,lephalale,waterberg,27.73479,-23.67856,261,4,84,5,0,0,60,201,0,190,90,27,7,53,43,5,21,78,10,30,0,8,0,19,5,36,101,39,10,5,31,0
2021/2022,lephalale,lephalale,waterberg,27.73479,-23.67856,342,1,120,3,1,0,48,183,2,227,94,30,7,46,56,0,14,116,6,27,6,11,0,30,7,36,71,50,10,13,40,0
2022/2023,lephalale,lephalale,waterberg,27.73479,-23.67856,460,2,90,6,0,0,48,192,1,184,111,34,6,40,130,8,13,96,13,25,4,13,0,27,4,29,0,59,10,9,40,0
2023/2024,lephalale,waterberg district,waterberg district,27.73479,-23.67856,0,0,0,0,0,0,0,155,0,0,0,0,0,0,0,0,0,0,0,0,0,5,0,0,0,0,0,0,0,7,70,0
2024/2025,lephalale,waterberg district,waterberg district,27.73479,-23.67856,0,0,0,0,0,0,0,165,1,0,0,0,0,0,0,0,0,0,0,0,0,11,0,0,0,0,0,0,0,12,63,0
2008/2009,leslie,govan mbeki,gert sibande,28.92186,-26.36964,242,3,216,15,3,0,7,255,24,19,174,106,11,10,3,3,1,102,7,48,13,15,0,118,0,59,0,5,10,22,87,22
2009/2010,leslie,govan mbeki,gert sibande,28.92186,-26.36964,136,5,192,14,8,0,19,262,8,20,132,57,32,12,22,14,1,109,8,39,10,5,0,67,0,59,0,2,31,52,68,13
2010/2011,leslie,govan mbeki,gert sibande,28.92186,-26.36964,121,6,159,10,10,0,12,197,6,15,84,31,9,18,128,9,1,112,10,34,12,11,0,68,1,50,0,4,22,22,52,9
2011/2012,leslie,govan mbeki,gert sibande,28.92186,-26.36964,153,4,140,11,3,0,24,116,3,23,72,38,12,22,150,8,1,72,8,26,12,3,0,33,3,39,0,4,37,26,49,3
2012/2013,leslie,govan mbeki,gert sibande,28.92186,-26.36964,117,1,136,8,3,0,39,141,7,27,67,22,6,14,170,1,1,56,9,26,11,5,0,35,1,30,0,19,28,24,55,2
2013/2014,leslie,govan mbeki,gert sibande,28.92186,-26.36964,173,6,145,9,3,0,37,137,6,26,71,24,4,12,117,10,13,63,15,31,8,6,0,42,0,36,1,19,24,25,78,8
2014/2015,leslie,govan mbeki,gert sibande,28.92186,-26.36964,145,2,141,15,4,0,49,135,12,26,65,36,6,10,135,8,23,65,12,15,12,6,0,46,1,20,0,18,36,18,49,0
2015/2016,leslie,govan mbeki,gert sibande,28.92186,-26.36964,93,3,134,9,1,0,38,155,9,28,55,17,5,30,154,6,12,44,7,32,19,2,0,44,2,38,0,16,35,26,50,1
2016/2017,leslie,govan mbeki,gert sibande,28.92186,-26.36964,132,4,181,11,5,0,52,239,6,29,84,43,6,54,191,6,23,63,8,20,15,7,0,49,0,25,0,5,52,9,52,5
2017/2018,leslie,govan mbeki,gert sibande,28.92186,-26.36964,116,3,154,5,2,0,42,245,18,18,59,25,4,32,250,19,23,59,9,34,16,4,0,47,2,40,0,8,42,21,48,1
2018/2019,leslie,govan mbeki,gert sibande,28.92186,-26.36964,112,1,171,12,4,0,52,175,13,22,55,27,6,6,115,5,23,57,11,28,19,11,0,54,4,36,1,10,74,10,64,2
2019/2020,leslie,govan mbeki,gert sibande,28.92186,-26.36964,109,4,152,7,1,0,34,121,32,38,57,27,4,22,64,7,24,53,10,29,9,4,0,69,2,34,0,3,47,23,38,8
2020/2021,leslie,govan mbeki,gert sibande,28.92186,-26.36964,89,4,134,7,0,0,44,98,15,44,42,23,6,10,41,2,23,43,10,25,19,9,0,55,2,27,0,4,30,14,28,4
2021/2022,leslie,govan mbeki,gert sibande,28.92186,-26.36964,79,2,119,6,3,0,33,89,19,37,37,15,7,7,24,8,14,61,6,26,15,7,0,59,1,31,0,6,33,18,36,4
2022/2023,leslie,govan mbeki,gert sibande,28.92186,-26.36964,95,5,127,6,5,0,34,107,22,30,55,20,6,2,35,7,36,42,8,26,18,5,1,60,2,33,0,8,50,13,44,2
2023/2024,leslie,gert sibande district,gert sibande district,28.92186,-26.36964,0,0,0,0,0,0,0,89,15,0,0,0,0,0,0,0,0,0,0,0,0,0,0,0,0,0,0,0,0,10,36,0
2024/2025,leslie,gert sibande district,gert sibande district,28.92186,-26.36964,0,0,0,0,0,0,0,86,4,0,0,0,0,0,0,0,0,0,0,0,0,2,0,0,0,0,0,0,0,9,26,0
2008/2009,lethabong,rustenburg,bojanala,27.50895,-25.43625,66,8,114,1,3,0,9,98,0,2,23,16,4,5,138,4,1,26,4,39,9,3,0,22,3,47,0,0,16,2,6,0
2009/2010,lethabong,rustenburg,bojanala,27.50895,-25.43625,32,6,93,3,5,0,8,61,0,1,22,15,6,7,133,2,1,16,8,20,10,5,0,21,1,26,0,1,11,7,5,0
2010/2011,lethabong,rustenburg,bojanala,27.50895,-25.43625,33,5,107,3,7,0,14,46,0,1,19,4,4,9,145,2,1,22,0,28,7,0,0,17,2,39,0,1,14,4,5,0
2011/2012,lethabong,rustenburg,bojanala,27.50895,-25.43625,25,1,84,0,2,0,12,44,0,0,24,8,5,5,162,2,1,12,2,24,9,1,0,15,3,32,1,0,8,2,2,0
2012/2013,lethabong,rustenburg,bojanala,27.50895,-25.43625,25,1,102,1,2,0,27,57,0,0,30,6,6,5,182,2,1,15,6,22,3,0,0,5,6,30,0,0,4,0,8,0
2013/2014,lethabong,rustenburg,bojanala,27.50895,-25.43625,21,5,82,1,4,0,21,55,0,4,16,7,6,6,200,1,12,20,4,24,7,0,0,12,5,33,0,0,17,4,8,0
2014/2015,lethabong,rustenburg,bojanala,27.50895,-25.43625,29,1,91,4,2,0,33,69,2,1,30,8,4,3,178,1,21,18,2,24,13,1,0,23,4,32,0,0,7,4,14,1
2015/2016,lethabong,rustenburg,bojanala,27.50895,-25.43625,37,0,113,0,3,0,23,82,0,4,30,18,6,1,210,1,13,36,6,17,7,5,0,19,3,23,0,1,7,9,11,0
2016/2017,lethabong,rustenburg,bojanala,27.50895,-25.43625,55,1,79,1,3,0,28,86,2,0,36,23,7,5,201,2,12,42,2,27,8,4,0,31,1,32,0,1,16,3,27,0
2017/2018,lethabong,rustenburg,bojanala,27.50895,-25.43625,46,2,108,5,5,0,25,74,3,7,47,24,4,2,229,3,14,32,5,19,8,2,0,22,0,26,0,2,29,2,8,0
2018/2019,lethabong,rustenburg,bojanala,27.50895,-25.43625,83,3,114,9,3,0,26,59,2,10,61,18,7,3,110,0,13,38,6,25,11,4,0,39,3,32,0,5,22,0,8,0
2019/2020,lethabong,rustenburg,bojanala,27.50895,-25.43625,76,3,101,3,2,0,22,58,0,2,68,24,6,2,35,4,13,48,4,27,6,1,0,20,0,29,0,8,14,0,6,0
2020/2021,lethabong,rustenburg,bojanala,27.50895,-25.43625,55,1,75,5,0,0,29,48,1,9,61,15,5,1,5,5,13,36,3,21,9,0,0,24,9,33,0,4,4,5,12,0
2021/2022,lethabong,rustenburg,bojanala,27.50895,-25.43625,69,4,128,2,1,0,27,69,1,9,86,21,7,1,25,2,14,40,3,23,22,3,0,44,4,29,0,9,10,4,9,1
2022/2023,lethabong,rustenburg,bojanala,27.50895,-25.43625,76,6,154,12,2,0,29,92,4,9,104,27,6,1,30,2,22,38,1,18,9,12,0,52,4,24,0,15,13,2,14,2
2023/2024,lethabong,bojanala district,bojanala district,27.50895,-25.43625,0,0,0,0,0,0,0,85,2,0,0,0,0,0,0,0,0,0,0,0,0,2,0,0,0,0,0,0,0,1,4,0
2024/2025,lethabong,bojanala district,bojanala district,27.50895,-25.43625,0,0,0,0,0,0,0,70,3,0,0,0,0,0,0,0,0,0,0,0,0,2,0,0,0,0,0,0,0,1,7,0
2008/2009,letlhabile,local municipality of madibeng,bojanala,27.83781,-25.49501,259,16,342,20,2,0,83,285,16,10,100,59,8,41,206,24,1,158,14,93,17,11,0,149,10,109,0,29,11,74,45,0
2009/2010,letlhabile,local municipality of madibeng,bojanala,27.83781,-25.49501,253,11,394,31,4,0,105,413,17,12,166,53,8,36,97,15,1,145,16,162,37,22,0,184,6,176,0,7,33,48,75,0
2010/2011,letlhabile,local municipality of madibeng,bojanala,27.83781,-25.49501,253,13,387,18,1,0,69,421,10,14,133,63,6,33,127,11,1,134,9,115,27,20,0,181,11,127,0,5,16,52,116,0
2011/2012,letlhabile,local municipality of madibeng,bojanala,27.83781,-25.49501,203,16,429,22,2,0,76,406,16,9,143,87,7,40,206,19,1,171,18,97,28,23,0,175,12,112,0,3,10,57,90,0
2012/2013,letlhabile,local municipality of madibeng,bojanala,27.83781,-25.49501,262,13,412,15,3,0,69,299,17,10,154,65,4,35,300,19,1,134,13,125,45,18,0,145,13,143,0,5,25,63,87,0
2013/2014,letlhabile,local municipality of madibeng,bojanala,27.83781,-25.49501,260,9,392,18,8,0,69,431,20,7,130,75,4,37,359,19,43,165,17,112,36,13,0,161,11,133,0,9,27,63,111,2
2014/2015,letlhabile,local municipality of madibeng,bojanala,27.83781,-25.49501,270,6,367,21,9,0,89,429,24,13,142,67,7,30,416,17,2,143,17,89,29,41,0,166,6,105,0,18,17,67,81,0
2015/2016,letlhabile,local municipality of madibeng,bojanala,27.83781,-25.49501,274,5,392,9,6,0,81,381,34,10,159,68,7,29,502,10,25,121,16,78,21,28,0,154,5,90,1,24,23,46,85,2
2016/2017,letlhabile,local municipality of madibeng,bojanala,27.83781,-25.49501,307,3,343,19,8,0,82,467,46,12,156,68,6,48,491,17,17,130,14,80,25,56,0,210,4,92,2,33,33,44,54,2
2017/2018,letlhabile,local municipality of madibeng,bojanala,27.83781,-25.49501,309,11,402,19,4,0,103,437,20,19,188,56,7,38,576,17,27,152,16,72,40,39,0,175,2,79,6,32,15,52,52,1
2018/2019,letlhabile,local municipality of madibeng,bojanala,27.83781,-25.49501,298,6,348,24,8,0,57,404,10,17,201,45,4,87,690,13,23,138,20,59,40,44,1,163,6,75,55,35,37,46,53,2
2019/2020,letlhabile,local municipality of madibeng,bojanala,27.83781,-25.49501,330,6,336,26,5,0,89,398,18,21,271,82,6,115,800,19,22,139,18,45,40,32,0,156,9,59,84,32,40,45,44,0
2020/2021,letlhabile,local municipality of madibeng,bojanala,27.83781,-25.49501,215,10,283,16,2,0,67,271,16,19,154,65,6,58,248,2,23,128,17,48,48,43,0,167,8,58,37,26,18,31,67,0
2021/2022,letlhabile,local municipality of madibeng,bojanala,27.83781,-25.49501,197,6,329,14,5,0,48,232,27,33,213,50,4,139,515,10,26,112,22,83,41,60,1,190,8,98,133,18,27,23,43,1
2022/2023,letlhabile,local municipality of madibeng,bojanala,27.83781,-25.49501,252,4,377,34,4,0,55,296,27,29,241,54,7,114,625,7,42,145,22,106,42,47,1,220,5,116,163,45,22,37,28,0
2023/2024,letlhabile,bojanala district,bojanala district,27.83781,-25.49501,0,0,0,0,0,0,0,294,21,0,0,0,0,0,0,0,0,0,0,0,0,38,0,0,0,0,0,0,0,31,31,0
2024/2025,letlhabile,bojanala district,bojanala district,27.83781,-25.49501,0,0,0,0,0,0,0,267,17,0,0,0,0,0,0,0,0,0,0,0,0,44,0,0,0,0,0,0,0,16,23,0
2008/2009,letsitele,greater tzaneen,mopani,30.39214,-23.89402,375,16,208,15,5,0,156,196,1,51,86,41,8,8,63,9,1,106,11,62,3,9,0,30,3,74,0,2,39,11,44,0
2009/2010,letsitele,greater tzaneen,mopani,30.39214,-23.89402,281,15,171,4,4,0,167,176,2,62,82,39,9,28,68,6,1,93,13,72,10,11,0,49,0,81,0,1,41,12,40,0
2010/2011,letsitele,greater tzaneen,mopani,30.39214,-23.89402,284,19,189,16,1,0,127,218,2,40,91,38,5,44,59,9,1,91,12,89,17,17,0,53,2,95,0,8,43,7,33,0
2011/2012,letsitele,greater tzaneen,mopani,30.39214,-23.89402,340,14,220,15,6,0,132,246,2,54,96,54,7,15,54,6,1,100,12,81,20,15,0,58,3,91,1,5,50,10,55,0
2012/2013,letsitele,greater tzaneen,mopani,30.39214,-23.89402,305,10,242,15,13,0,157,216,3,41,105,55,5,28,99,10,1,116,14,64,19,22,0,58,3,83,2,2,74,6,61,0
2013/2014,letsitele,greater tzaneen,mopani,30.39214,-23.89402,317,12,246,13,6,0,179,251,4,19,126,38,7,16,98,18,13,122,13,83,33,7,0,88,4,94,1,1,64,4,63,0
2014/2015,letsitele,greater tzaneen,mopani,30.39214,-23.89402,278,16,247,20,10,0,122,147,8,13,111,24,6,23,110,9,23,114,11,77,22,6,0,106,0,87,5,5,63,2,73,0
2015/2016,letsitele,greater tzaneen,mopani,30.39214,-23.89402,386,8,257,19,15,0,125,177,2,17,147,32,8,56,84,24,28,131,23,63,28,10,1,99,1,83,3,2,40,15,68,0
2016/2017,letsitele,greater tzaneen,mopani,30.39214,-23.89402,367,10,278,24,8,0,137,201,7,17,118,22,6,96,115,23,14,134,10,81,39,16,2,137,2,91,1,6,53,9,63,0
2017/2018,letsitele,greater tzaneen,mopani,30.39214,-23.89402,285,14,315,23,10,0,98,215,4,29,129,32,6,120,159,13,21,109,8,88,28,14,0,104,2,100,5,5,59,11,41,0
2018/2019,letsitele,greater tzaneen,mopani,30.39214,-23.89402,332,4,323,17,4,0,78,192,7,32,119,50,6,117,61,3,21,125,14,72,14,8,2,114,4,80,2,0,45,3,31,0
2019/2020,letsitele,greater tzaneen,mopani,30.39214,-23.89402,301,6,234,9,5,0,65,172,9,26,92,38,7,113,8,3,23,99,14,76,19,27,0,111,2,84,14,0,49,2,38,0
2020/2021,letsitele,greater tzaneen,mopani,30.39214,-23.89402,286,5,176,13,4,0,71,209,7,32,87,29,5,102,42,6,23,106,15,59,10,8,0,72,1,67,8,2,26,2,43,0
2021/2022,letsitele,greater tzaneen,mopani,30.39214,-23.89402,319,5,205,17,8,0,80,216,8,30,95,33,6,28,14,3,21,99,15,66,26,4,1,90,4,78,5,0,34,4,43,0
2022/2023,letsitele,greater tzaneen,mopani,30.39214,-23.89402,281,3,199,14,10,0,104,195,4,33,79,46,6,21,38,1,21,97,16,70,28,15,0,104,5,85,16,1,31,3,51,0
2023/2024,letsitele,mopani district,mopani district,30.39214,-23.89402,0,0,0,0,0,0,0,144,7,0,0,0,0,0,0,0,0,0,0,0,0,25,0,0,0,0,0,0,0,5,44,0
2024/2025,letsitele,mopani district,mopani district,30.39214,-23.89402,0,0,0,0,0,0,0,121,7,0,0,0,0,0,0,0,0,0,0,0,0,25,0,0,0,0,0,0,0,2,40,0
2008/2009,levubu,makhado,vhembe,30.2754,-23.09234,224,4,205,5,4,0,51,105,0,11,162,40,11,18,156,2,1,92,4,45,0,6,0,15,1,58,0,11,2,0,30,0
2009/2010,levubu,makhado,vhembe,30.2754,-23.09234,208,14,225,5,6,0,49,155,1,6,174,50,8,17,139,0,1,89,2,55,7,1,0,16,0,65,0,17,2,4,16,0
2010/2011,levubu,makhado,vhembe,30.2754,-23.09234,190,5,195,4,8,0,55,154,0,3,191,47,8,14,111,2,1,74,4,35,2,0,1,9,1,48,0,18,9,5,14,0
2011/2012,levubu,makhado,vhembe,30.2754,-23.09234,163,8,194,6,4,0,83,167,0,16,163,31,5,13,110,1,1,74,5,49,9,8,0,30,3,59,3,10,7,1,29,0
2012/2013,levubu,makhado,vhembe,30.2754,-23.09234,152,10,229,3,3,0,95,157,3,7,141,19,5,15,152,7,1,75,4,56,13,17,0,60,2,64,6,6,12,4,38,1
2013/2014,levubu,makhado,vhembe,30.2754,-23.09234,157,16,193,10,8,0,94,188,0,13,143,19,4,6,215,3,21,74,8,52,21,9,0,73,1,63,24,1,7,4,49,0
2014/2015,levubu,makhado,vhembe,30.2754,-23.09234,147,6,167,5,6,0,97,152,2,10,119,33,7,10,252,2,14,68,9,45,17,17,0,81,0,52,39,3,5,3,16,0
2015/2016,levubu,makhado,vhembe,30.2754,-23.09234,135,10,170,4,4,0,118,120,2,7,130,27,6,7,118,7,23,79,10,42,20,12,0,77,4,50,55,5,3,0,24,2
2016/2017,levubu,makhado,vhembe,30.2754,-23.09234,107,20,149,4,5,0,91,167,1,9,122,22,7,19,148,4,12,89,10,38,21,34,0,98,1,45,51,3,9,4,21,0
2017/2018,levubu,makhado,vhembe,30.2754,-23.09234,146,12,154,12,5,0,70,103,3,14,90,23,6,24,205,2,12,78,10,45,20,16,0,82,0,50,0,2,9,3,10,0
2018/2019,levubu,makhado,vhembe,30.2754,-23.09234,148,6,121,2,2,0,81,88,2,8,112,18,6,39,154,1,13,56,7,44,10,12,1,55,0,46,0,4,10,3,9,0
2019/2020,levubu,makhado,vhembe,30.2754,-23.09234,131,5,135,8,4,0,105,91,4,9,121,22,4,53,0,3,23,88,17,35,19,13,1,79,7,48,0,1,3,4,13,0
2020/2021,levubu,makhado,vhembe,30.2754,-23.09234,98,1,118,5,1,0,90,90,7,11,119,22,6,34,2,6,13,80,6,31,17,17,1,65,5,37,0,0,7,2,19,0
2021/2022,levubu,makhado,vhembe,30.2754,-23.09234,143,4,115,19,1,0,97,100,7,12,158,26,6,46,11,0,14,96,11,62,29,16,0,84,7,70,0,1,8,2,30,0
2022/2023,levubu,makhado,vhembe,30.2754,-23.09234,203,6,150,17,2,0,81,102,7,26,205,44,6,11,26,5,28,112,15,45,26,27,1,106,5,52,0,3,3,3,26,0
2023/2024,levubu,vhembe district,vhembe district,30.2754,-23.09234,0,0,0,0,0,0,0,124,7,0,0,0,0,0,0,0,0,0,0,0,0,5,0,0,0,0,0,0,0,3,30,0
2024/2025,levubu,vhembe district,vhembe district,30.2754,-23.09234,0,0,0,0,0,0,0,98,9,0,0,0,0,0,0,0,0,0,0,0,0,7,0,0,0,0,0,0,0,0,11,0
2008/2009,libode,nyandeni,o.r.tambo,29.01552,-31.53967,127,24,261,22,10,0,15,178,13,9,111,40,33,30,37,37,1,75,39,73,11,6,0,89,1,99,0,9,43,20,20,0
2009/2010,libode,nyandeni,o.r.tambo,29.01552,-31.53967,143,29,257,18,6,0,27,237,5,23,74,27,16,34,69,26,1,74,46,70,23,25,0,103,2,88,0,6,104,19,21,0
2010/2011,libode,nyandeni,o.r.tambo,29.01552,-31.53967,140,26,325,30,6,0,38,211,5,32,130,30,32,19,111,34,1,72,50,97,30,26,0,109,0,115,0,7,132,27,27,1
2011/2012,libode,nyandeni,o.r.tambo,29.01552,-31.53967,137,18,309,14,2,0,26,151,7,51,80,34,12,12,122,29,1,55,58,95,30,23,0,92,1,105,0,12,118,19,26,0
2012/2013,libode,nyandeni,o.r.tambo,29.01552,-31.53967,148,13,295,26,1,0,33,153,4,42,85,26,9,14,98,20,1,87,62,105,33,36,0,105,4,115,1,4,114,18,30,0
2013/2014,libode,nyandeni,o.r.tambo,29.01552,-31.53967,141,15,253,23,11,0,83,172,3,58,61,25,8,22,78,48,13,78,88,130,39,24,1,108,9,154,0,47,84,45,160,2
2014/2015,libode,nyandeni,o.r.tambo,29.01552,-31.53967,171,15,185,20,2,0,56,140,4,30,56,22,5,3,174,51,22,84,63,98,59,29,0,142,3,106,1,17,112,13,30,1
2015/2016,libode,nyandeni,o.r.tambo,29.01552,-31.53967,153,7,228,26,3,0,85,164,12,24,71,17,5,2,155,28,23,110,62,118,46,46,0,151,7,131,0,25,95,19,57,0
2016/2017,libode,nyandeni,o.r.tambo,29.01552,-31.53967,157,13,286,32,3,0,77,180,8,18,58,25,4,3,227,42,17,111,79,89,39,27,0,121,6,100,0,26,82,21,35,1
2017/2018,libode,nyandeni,o.r.tambo,29.01552,-31.53967,146,6,284,31,1,0,70,149,13,28,77,27,4,3,250,29,14,99,87,121,32,21,0,112,8,132,0,8,85,21,44,1
2018/2019,libode,nyandeni,o.r.tambo,29.01552,-31.53967,166,11,249,23,2,0,89,139,13,13,78,31,5,4,95,22,2,114,66,102,45,30,1,144,5,112,0,17,114,26,37,1
2019/2020,libode,nyandeni,o.r.tambo,29.01552,-31.53967,164,10,234,34,5,0,60,164,14,28,70,37,8,1,29,17,24,142,98,135,48,23,0,152,5,149,1,22,116,21,35,1
2020/2021,libode,nyandeni,o.r.tambo,29.01552,-31.53967,177,9,256,39,5,0,64,140,19,48,118,36,4,4,34,19,25,119,76,115,47,16,2,131,4,126,0,16,87,17,29,0
2021/2022,libode,nyandeni,o.r.tambo,29.01552,-31.53967,157,7,250,28,2,0,66,117,28,48,153,18,4,55,21,35,24,122,101,129,45,13,1,139,3,136,0,13,116,22,20,1
2022/2023,libode,nyandeni,o.r.tambo,29.01552,-31.53967,170,9,250,46,3,0,51,160,23,37,179,24,6,31,15,14,23,113,104,111,40,14,0,138,7,121,0,7,76,23,19,0
2023/2024,libode,or tambo district,or tambo district,29.01552,-31.53967,0,0,0,0,0,0,0,139,50,0,0,0,0,0,0,0,0,0,0,0,0,29,0,0,0,0,0,0,0,20,14,0
2024/2025,libode,or tambo district,or tambo district,29.01552,-31.53967,0,0,0,0,0,0,0,136,35,0,0,0,0,0,0,0,0,0,0,0,0,30,0,0,0,0,0,0,0,16,31,0
2008/2009,lichtenburg,ditsobotla,ngaka modiri molema,26.15889,-26.15137,606,7,443,10,12,0,159,258,2,79,302,46,10,31,86,11,1,202,22,93,17,9,0,76,9,120,0,44,84,33,113,0
2009/2010,lichtenburg,ditsobotla,ngaka modiri molema,26.15889,-26.15137,497,16,457,11,10,0,163,286,2,64,306,62,4,48,98,4,1,190,18,79,18,9,0,89,8,99,0,56,96,21,80,0
2010/2011,lichtenburg,ditsobotla,ngaka modiri molema,26.15889,-26.15137,462,16,392,20,21,2,143,276,4,133,288,71,11,30,33,10,1,198,16,82,33,18,0,115,7,118,0,51,71,31,93,0
2011/2012,lichtenburg,ditsobotla,ngaka modiri molema,26.15889,-26.15137,608,11,475,17,10,0,153,281,1,150,282,45,4,25,37,11,1,203,16,78,37,21,0,121,12,102,0,71,89,30,143,0
2012/2013,lichtenburg,ditsobotla,ngaka modiri molema,26.15889,-26.15137,567,8,502,14,10,0,157,347,2,198,261,67,8,31,67,18,1,188,14,78,17,13,0,93,8,100,0,55,77,36,130,1
2013/2014,lichtenburg,ditsobotla,ngaka modiri molema,26.15889,-26.15137,453,8,490,19,7,0,135,365,2,710,270,65,5,34,122,5,25,186,17,69,24,15,0,95,4,83,1,46,82,29,156,1
2014/2015,lichtenburg,ditsobotla,ngaka modiri molema,26.15889,-26.15137,489,6,477,43,8,0,147,299,4,97,258,77,5,35,106,4,24,168,15,59,18,18,0,119,5,75,0,70,65,35,187,1
2015/2016,lichtenburg,ditsobotla,ngaka modiri molema,26.15889,-26.15137,423,4,418,9,11,0,152,345,4,104,248,53,5,55,144,7,23,185,22,71,27,13,0,139,8,93,0,59,77,48,156,3
2016/2017,lichtenburg,ditsobotla,ngaka modiri molema,26.15889,-26.15137,469,8,415,10,9,0,208,370,1,116,246,66,8,22,181,9,24,152,18,72,24,19,0,159,7,92,0,65,107,36,140,4
2017/2018,lichtenburg,ditsobotla,ngaka modiri molema,26.15889,-26.15137,346,8,426,18,8,0,206,521,7,107,260,74,8,36,199,7,22,203,25,66,26,20,0,171,3,81,1,69,95,34,146,3
2018/2019,lichtenburg,ditsobotla,ngaka modiri molema,26.15889,-26.15137,419,21,474,17,6,0,153,426,11,165,287,70,12,36,133,15,14,230,15,85,33,27,0,199,16,114,3,75,84,23,160,6
2019/2020,lichtenburg,ditsobotla,ngaka modiri molema,26.15889,-26.15137,471,7,442,13,10,0,144,333,6,146,359,71,8,45,139,19,25,223,20,73,27,24,0,215,8,95,0,63,91,25,133,1
2020/2021,lichtenburg,ditsobotla,ngaka modiri molema,26.15889,-26.15137,368,5,444,15,7,0,151,323,1,160,308,58,6,23,176,17,22,202,13,44,22,18,0,145,9,60,1,52,75,16,184,1
2021/2022,lichtenburg,ditsobotla,ngaka modiri molema,26.15889,-26.15137,391,1,435,16,5,0,163,343,4,158,328,53,16,23,163,16,27,233,19,57,19,11,1,129,11,83,0,58,45,30,160,2
2022/2023,lichtenburg,ditsobotla,ngaka modiri molema,26.15889,-26.15137,438,5,448,17,7,0,176,363,2,186,291,70,6,14,152,16,22,225,24,54,22,26,0,158,7,68,0,33,46,18,135,0
2023/2024,lichtenburg,ngaka modiri molema district,ngaka modiri molema district,26.15889,-26.15137,0,0,0,0,0,0,0,223,5,0,0,0,0,0,0,0,0,0,0,0,0,16,0,0,0,0,0,0,0,9,97,0
2024/2025,lichtenburg,ngaka modiri molema district,ngaka modiri molema district,26.15889,-26.15137,0,0,0,0,0,0,0,203,3,0,0,0,0,0,0,0,0,0,0,0,0,16,0,0,0,0,0,0,0,10,78,0
2008/2009,lime acres,kgatelopele,z f mgcawu,23.52467,-28.35892,30,1,12,1,0,0,9,27,0,8,3,0,6,2,1,0,1,6,0,2,1,0,0,1,0,2,0,8,6,0,2,0
2009/2010,lime acres,kgatelopele,z f mgcawu,23.52467,-28.35892,26,0,14,1,1,0,9,29,0,1,9,2,7,3,7,0,1,9,0,4,0,0,0,0,0,6,0,4,10,0,5,0
2010/2011,lime acres,kgatelopele,z f mgcawu,23.52467,-28.35892,29,0,7,1,0,0,17,39,0,5,5,1,6,4,0,1,1,5,0,2,0,0,0,0,1,3,0,0,12,0,3,0
2011/2012,lime acres,kgatelopele,z f mgcawu,23.52467,-28.35892,19,1,4,1,1,0,11,13,0,3,5,0,6,2,0,0,1,0,1,0,0,0,0,0,0,1,0,1,7,0,0,0
2012/2013,lime acres,kgatelopele,z f mgcawu,23.52467,-28.35892,20,0,11,2,1,0,16,30,0,3,9,2,7,1,0,0,1,1,2,3,0,0,0,1,0,5,0,0,3,2,0,0
2013/2014,lime acres,kgatelopele,z f mgcawu,23.52467,-28.35892,27,2,7,0,0,0,5,29,0,5,12,2,6,3,0,0,13,1,0,4,0,0,0,0,0,4,0,0,6,1,0,0
2014/2015,lime acres,kgatelopele,z f mgcawu,23.52467,-28.35892,16,0,11,1,0,0,17,26,0,5,11,0,6,1,2,1,13,5,1,3,0,0,0,0,0,3,0,1,6,6,3,0
2015/2016,lime acres,kgatelopele,z f mgcawu,23.52467,-28.35892,22,0,8,3,0,0,7,22,1,7,10,0,6,0,0,0,13,3,0,0,0,0,0,2,0,0,0,0,10,0,4,0
2016/2017,lime acres,kgatelopele,z f mgcawu,23.52467,-28.35892,12,1,15,0,1,0,5,54,0,11,10,0,7,0,4,0,13,6,0,2,0,0,0,0,0,4,0,0,8,1,4,0
2017/2018,lime acres,kgatelopele,z f mgcawu,23.52467,-28.35892,16,0,6,1,0,0,5,55,0,11,12,1,6,2,0,0,13,2,1,2,0,0,0,0,0,2,0,0,2,0,1,0
2018/2019,lime acres,kgatelopele,z f mgcawu,23.52467,-28.35892,17,0,17,0,0,0,11,30,0,3,12,1,6,0,0,0,13,2,1,1,0,0,0,0,0,1,0,0,2,1,1,0
2019/2020,lime acres,kgatelopele,z f mgcawu,23.52467,-28.35892,20,0,9,0,0,0,9,24,0,5,22,2,6,2,0,0,13,5,0,2,1,0,0,3,0,2,0,2,8,2,3,0
2020/2021,lime acres,kgatelopele,z f mgcawu,23.52467,-28.35892,8,0,6,1,1,0,9,11,0,5,5,0,6,3,1,0,13,0,0,5,0,0,0,0,2,8,0,0,5,0,0,0
2021/2022,lime acres,kgatelopele,z f mgcawu,23.52467,-28.35892,11,0,5,0,0,0,11,13,0,11,11,1,6,2,3,0,13,3,0,3,0,1,0,1,0,3,0,1,3,1,1,0
2022/2023,lime acres,kgatelopele,z f mgcawu,23.52467,-28.35892,18,0,13,0,0,0,8,23,0,18,12,0,6,0,2,0,13,7,0,4,0,0,0,0,0,4,0,0,4,0,1,0
2023/2024,lime acres,zf mgcawu district,zf mgcawu district,23.52467,-28.35892,0,0,0,0,0,0,0,13,0,0,0,0,0,0,0,0,0,0,0,0,0,1,0,0,0,0,0,0,0,0,5,0
2024/2025,lime acres,zf mgcawu district,zf mgcawu district,23.52467,-28.35892,0,0,0,0,0,0,0,12,0,0,0,0,0,0,0,0,0,0,0,0,0,0,0,0,0,0,0,0,0,0,3,0
2008/2009,linden,city of johannesburg,city of johannesburg,27.9937,-26.11922,1883,3,167,14,2,1,132,969,90,448,270,129,36,40,105,10,1,534,9,22,88,140,1,557,5,45,0,359,0,725,502,0
2009/2010,linden,city of johannesburg,city of johannesburg,27.9937,-26.11922,1754,6,133,19,1,2,117,1163,60,500,285,122,26,75,99,14,1,630,6,17,67,134,0,467,8,47,0,389,0,712,593,2
2010/2011,linden,city of johannesburg,city of johannesburg,27.9937,-26.11922,1586,4,148,16,7,1,88,954,29,437,307,119,33,470,165,15,1,597,11,26,24,104,1,302,9,57,0,309,0,673,522,1
2011/2012,linden,city of johannesburg,city of johannesburg,27.9937,-26.11922,1907,4,138,21,1,0,94,731,35,341,291,96,10,369,143,15,1,402,4,21,45,87,3,311,10,38,3,107,0,440,525,0
2012/2013,linden,city of johannesburg,city of johannesburg,27.9937,-26.11922,1766,4,156,11,4,0,121,883,52,352,230,129,8,128,137,8,1,382,3,26,38,83,0,337,11,45,4,276,0,458,629,0
2013/2014,linden,city of johannesburg,city of johannesburg,27.9937,-26.11922,1590,0,127,13,3,1,109,890,57,308,188,152,11,365,145,9,25,373,4,19,23,96,1,329,6,36,1,266,0,322,606,0
2014/2015,linden,city of johannesburg,city of johannesburg,27.9937,-26.11922,1624,1,127,15,1,0,104,805,52,257,193,140,9,193,114,6,25,363,3,15,23,116,0,421,13,34,0,112,0,445,734,0
2015/2016,linden,city of johannesburg,city of johannesburg,27.9937,-26.11922,1288,2,131,11,0,0,141,812,38,285,186,147,12,375,61,9,25,276,6,29,29,110,0,344,12,48,1,208,0,554,692,0
2016/2017,linden,city of johannesburg,city of johannesburg,27.9937,-26.11922,1292,0,131,7,1,0,113,670,37,290,129,133,4,294,102,8,22,247,5,13,48,99,0,313,12,28,3,177,0,559,694,0
2017/2018,linden,city of johannesburg,city of johannesburg,27.9937,-26.11922,1110,1,111,13,3,0,117,716,67,309,143,114,8,269,133,12,27,157,6,21,28,111,2,425,8,36,0,236,0,577,592,1
2018/2019,linden,city of johannesburg,city of johannesburg,27.9937,-26.11922,971,0,111,9,2,0,104,649,76,346,144,149,4,312,175,10,2,142,7,23,33,109,0,459,12,39,2,161,1,339,573,1
2019/2020,linden,city of johannesburg,city of johannesburg,27.9937,-26.11922,808,0,100,13,1,0,86,618,35,304,188,195,7,349,77,9,3,121,3,24,34,156,0,468,5,31,2,160,0,409,689,0
2020/2021,linden,city of johannesburg,city of johannesburg,27.9937,-26.11922,645,0,67,13,0,0,70,331,39,467,177,185,7,48,23,17,2,98,3,24,19,112,0,285,7,32,1,179,0,237,251,1
2021/2022,linden,city of johannesburg,city of johannesburg,27.9937,-26.11922,675,0,74,17,2,0,77,427,25,404,140,192,6,122,37,10,43,124,6,17,27,162,0,361,16,35,1,154,0,228,302,0
2022/2023,linden,city of johannesburg,city of johannesburg,27.9937,-26.11922,633,0,69,12,4,0,81,319,22,411,161,141,7,303,75,13,8,113,10,34,35,63,2,250,10,49,5,130,0,257,335,0
2023/2024,linden,johannesburg district,johannesburg district,27.9937,-26.11922,0,0,0,0,0,0,0,351,51,0,0,0,0,0,0,0,0,0,0,0,0,96,0,0,0,0,0,0,0,242,261,0
2024/2025,linden,johannesburg district,johannesburg district,27.9937,-26.11922,0,0,0,0,0,0,0,261,17,0,0,0,0,0,0,0,0,0,0,0,0,50,0,0,0,0,0,0,0,178,228,0
2008/2009,lindley,nketoana,thabo mofutsanyane,27.92071,-27.88343,59,1,36,4,0,0,19,33,0,2,38,2,6,7,32,0,1,15,0,10,2,2,0,6,0,10,0,6,22,3,5,1
2009/2010,lindley,nketoana,thabo mofutsanyane,27.92071,-27.88343,38,1,37,1,0,0,14,26,1,9,54,1,6,10,31,1,1,14,1,9,0,0,0,1,1,10,0,5,37,2,4,0
2010/2011,lindley,nketoana,thabo mofutsanyane,27.92071,-27.88343,26,2,33,4,0,0,14,22,0,11,39,1,5,8,28,1,1,11,1,16,0,2,0,6,2,21,0,2,36,1,2,0
2011/2012,lindley,nketoana,thabo mofutsanyane,27.92071,-27.88343,50,1,39,1,1,0,11,25,0,8,34,4,6,4,28,2,1,15,2,12,2,1,0,3,4,17,0,2,38,1,5,0
2012/2013,lindley,nketoana,thabo mofutsanyane,27.92071,-27.88343,41,0,31,0,1,0,13,27,0,4,41,1,6,4,60,2,1,12,2,8,3,2,0,6,3,12,1,4,27,3,6,0
2013/2014,lindley,nketoana,thabo mofutsanyane,27.92071,-27.88343,34,1,36,2,0,0,12,28,0,6,49,1,6,4,77,0,13,9,0,13,0,1,0,1,2,15,0,0,27,3,1,0
2014/2015,lindley,nketoana,thabo mofutsanyane,27.92071,-27.88343,37,0,34,0,0,0,17,35,0,5,44,0,7,3,70,2,13,13,1,9,0,1,0,4,6,16,0,2,28,3,5,0
2015/2016,lindley,nketoana,thabo mofutsanyane,27.92071,-27.88343,22,0,44,0,1,0,16,25,0,7,39,2,6,6,83,0,13,17,3,11,1,2,0,3,2,14,0,3,38,2,2,0
2016/2017,lindley,nketoana,thabo mofutsanyane,27.92071,-27.88343,30,0,44,2,0,0,9,15,0,8,36,1,4,10,72,0,13,7,3,11,3,0,0,3,1,14,0,3,46,3,1,0
2017/2018,lindley,nketoana,thabo mofutsanyane,27.92071,-27.88343,36,1,25,0,2,0,20,21,0,13,41,1,4,21,70,1,13,11,1,13,3,0,0,4,1,18,0,4,29,2,2,0
2018/2019,lindley,nketoana,thabo mofutsanyane,27.92071,-27.88343,23,0,34,2,1,0,18,19,1,8,38,0,6,33,69,2,12,13,0,13,1,0,0,3,2,16,0,2,39,2,1,0
2019/2020,lindley,nketoana,thabo mofutsanyane,27.92071,-27.88343,31,0,37,1,1,0,16,25,0,5,33,2,6,29,7,1,12,4,0,3,0,1,0,2,0,4,0,1,36,2,5,0
2020/2021,lindley,nketoana,thabo mofutsanyane,27.92071,-27.88343,24,1,28,3,0,0,22,30,0,6,32,0,6,17,2,0,12,13,2,7,0,0,0,2,2,9,0,1,24,1,2,0
2021/2022,lindley,nketoana,thabo mofutsanyane,27.92071,-27.88343,20,1,37,2,4,0,17,14,0,9,34,2,6,24,15,0,12,8,2,6,1,0,0,1,2,12,0,0,27,3,4,0
2022/2023,lindley,nketoana,thabo mofutsanyane,27.92071,-27.88343,26,0,45,1,0,0,15,24,0,12,48,2,6,34,21,2,12,19,0,14,1,1,0,3,4,18,3,0,25,1,4,1
2023/2024,lindley,thabo mofutsanyana district,thabo mofutsanyana district,27.92071,-27.88343,0,0,0,0,0,0,0,25,0,0,0,0,0,0,0,0,0,0,0,0,0,0,0,0,0,0,0,0,0,0,2,0
2024/2025,lindley,thabo mofutsanyana district,thabo mofutsanyana district,27.92071,-27.88343,0,0,0,0,0,0,0,23,0,0,0,0,0,0,0,0,0,0,0,0,0,1,0,0,0,0,0,0,0,1,4,0
2008/2009,lingelethu-west,city of cape town,city of cape town,18.66004,-34.04298,290,6,179,43,3,0,43,219,15,163,249,48,12,142,219,49,1,168,43,75,25,33,0,200,2,87,0,201,0,95,57,0
2009/2010,lingelethu-west,city of cape town,city of cape town,18.66004,-34.04298,300,9,210,30,3,0,61,328,23,114,333,71,3,202,228,25,1,190,48,68,10,24,0,192,15,99,0,231,0,109,107,0
2010/2011,lingelethu-west,city of cape town,city of cape town,18.66004,-34.04298,331,9,149,31,7,0,107,275,14,137,283,52,17,264,324,50,1,133,44,75,22,24,0,195,7,98,0,170,0,85,119,3
2011/2012,lingelethu-west,city of cape town,city of cape town,18.66004,-34.04298,405,7,154,31,12,0,87,309,25,113,252,55,12,411,463,58,1,176,45,72,35,52,0,248,13,104,0,174,0,91,166,1
2012/2013,lingelethu-west,city of cape town,city of cape town,18.66004,-34.04298,363,9,145,47,6,0,138,314,26,117,331,86,9,432,471,44,1,172,54,84,49,35,1,314,13,108,0,153,0,71,171,2
2013/2014,lingelethu-west,city of cape town,city of cape town,18.66004,-34.04298,520,8,148,30,3,0,144,327,43,96,368,80,9,489,509,49,38,203,43,53,51,52,0,390,12,73,1,167,0,102,266,5
2014/2015,lingelethu-west,city of cape town,city of cape town,18.66004,-34.04298,586,17,116,38,11,0,142,328,54,91,393,91,5,515,526,46,16,225,39,59,52,51,0,450,6,79,0,228,0,124,214,2
2015/2016,lingelethu-west,city of cape town,city of cape town,18.66004,-34.04298,636,13,140,51,4,0,192,391,68,79,475,79,5,486,613,42,39,285,42,49,51,50,0,427,6,62,0,125,0,81,222,1
2016/2017,lingelethu-west,city of cape town,city of cape town,18.66004,-34.04298,576,21,150,37,2,0,160,375,104,103,455,116,12,488,806,52,16,264,44,56,38,51,0,519,2,67,1,83,0,82,197,0
2017/2018,lingelethu-west,city of cape town,city of cape town,18.66004,-34.04298,340,16,144,36,2,0,111,308,70,122,440,82,9,280,1036,44,37,273,41,55,46,61,0,428,4,66,0,68,0,73,178,1
2018/2019,lingelethu-west,city of cape town,city of cape town,18.66004,-34.04298,337,11,101,39,4,0,76,365,114,125,531,81,9,440,599,27,38,254,62,49,49,114,0,573,8,66,0,47,0,82,162,5
2019/2020,lingelethu-west,city of cape town,city of cape town,18.66004,-34.04298,342,6,114,58,4,0,115,263,136,125,509,95,4,237,252,24,43,278,71,45,55,91,0,577,6,57,0,57,0,86,151,2
2020/2021,lingelethu-west,city of cape town,city of cape town,18.66004,-34.04298,283,9,114,58,3,0,94,165,116,106,454,68,7,44,69,30,27,228,70,77,19,95,1,421,7,88,0,17,0,73,122,0
2021/2022,lingelethu-west,city of cape town,city of cape town,18.66004,-34.04298,306,16,140,54,8,0,68,181,134,173,554,97,5,74,144,14,30,252,100,88,34,114,0,497,15,114,0,158,0,70,69,3
2022/2023,lingelethu-west,city of cape town,city of cape town,18.66004,-34.04298,353,13,188,54,2,0,75,205,164,153,641,105,8,91,286,42,9,306,104,108,46,87,0,648,19,133,1,103,0,61,83,1
2023/2024,lingelethu-west,city of cape town district,city of cape town district,18.66004,-34.04298,0,0,0,0,0,0,0,207,214,0,0,0,0,0,0,0,0,0,0,0,0,101,0,0,0,0,0,0,0,72,98,0
2024/2025,lingelethu-west,city of cape town district,city of cape town district,18.66004,-34.04298,0,0,0,0,0,0,0,196,244,0,0,0,0,0,0,0,0,0,0,0,0,122,0,0,0,0,0,0,0,50,78,0
2008/2009,loate,city of tshwane,city of tshwane,28.07368,-25.4951,478,6,487,58,12,0,32,329,33,80,377,205,32,35,312,95,1,224,45,114,18,42,1,219,11,149,0,428,18,43,66,0
2009/2010,loate,city of tshwane,city of tshwane,28.07368,-25.4951,447,5,561,41,8,0,60,363,29,103,320,161,3,32,339,54,1,193,34,109,13,26,3,191,3,133,0,466,8,56,74,4
2010/2011,loate,city of tshwane,city of tshwane,28.07368,-25.4951,471,8,644,60,5,0,63,418,27,85,312,213,4,28,304,31,1,240,33,120,26,31,6,181,7,134,0,452,5,35,93,0
2011/2012,loate,city of tshwane,city of tshwane,28.07368,-25.4951,448,10,513,53,3,0,54,372,41,90,367,179,10,24,1082,63,1,190,36,131,39,30,0,231,1,141,1,390,6,43,76,2
2012/2013,loate,city of tshwane,city of tshwane,28.07368,-25.4951,471,9,489,36,4,0,67,357,35,109,395,115,6,21,1240,55,1,194,25,121,34,45,0,254,12,137,3,573,5,38,85,0
2013/2014,loate,city of tshwane,city of tshwane,28.07368,-25.4951,651,13,609,58,3,0,71,551,42,109,393,130,7,31,1051,58,4,259,30,121,69,59,0,334,6,131,0,552,12,42,117,9
2014/2015,loate,city of tshwane,city of tshwane,28.07368,-25.4951,352,13,506,66,4,0,77,384,37,81,287,133,7,14,1119,48,2,201,34,100,102,63,0,359,5,110,0,509,8,39,88,2
2015/2016,loate,city of tshwane,city of tshwane,28.07368,-25.4951,273,12,416,54,5,0,88,279,77,52,215,93,7,45,820,63,16,190,44,96,83,71,0,373,6,108,0,469,7,43,52,1
2016/2017,loate,city of tshwane,city of tshwane,28.07368,-25.4951,296,11,430,52,2,0,120,319,56,49,213,91,4,35,852,69,2,198,43,104,70,125,0,415,6,114,0,306,12,50,58,0
2017/2018,loate,city of tshwane,city of tshwane,28.07368,-25.4951,269,5,469,71,2,0,36,277,45,67,259,79,6,43,782,57,36,188,38,102,56,152,1,445,5,109,0,303,11,47,67,2
2018/2019,loate,city of tshwane,city of tshwane,28.07368,-25.4951,327,1,484,53,4,0,81,249,56,56,304,111,16,41,542,26,43,205,32,99,44,159,0,485,14,127,1,299,18,43,50,4
2019/2020,loate,city of tshwane,city of tshwane,28.07368,-25.4951,322,4,488,54,1,0,67,223,53,52,325,129,6,58,499,32,8,182,36,124,51,118,0,478,18,143,0,355,16,38,54,0
2020/2021,loate,city of tshwane,city of tshwane,28.07368,-25.4951,212,2,392,56,6,0,76,126,98,55,305,94,6,22,153,20,43,175,58,106,32,108,0,640,6,118,0,254,4,23,51,2
2021/2022,loate,city of tshwane,city of tshwane,28.07368,-25.4951,251,7,496,52,3,0,74,175,132,55,346,114,7,18,211,36,30,188,45,158,45,89,0,820,19,181,0,231,8,34,41,4
2022/2023,loate,city of tshwane,city of tshwane,28.07368,-25.4951,335,4,521,73,2,0,71,164,136,52,351,98,7,8,210,38,61,204,50,110,25,66,0,1002,11,124,0,208,12,42,52,6
2023/2024,loate,tshwane district,tshwane district,28.07368,-25.4951,0,0,0,0,0,0,0,208,202,0,0,0,0,0,0,0,0,0,0,0,0,93,0,0,0,0,0,0,0,30,36,0
2024/2025,loate,tshwane district,tshwane district,28.07368,-25.4951,0,0,0,0,0,0,0,210,133,0,0,0,0,0,0,0,0,0,0,0,0,156,0,0,0,0,0,0,0,20,30,0
2008/2009,loeriesfontein,hantam,namakwa,19.44893,-30.95563,8,0,9,0,3,0,6,9,0,0,32,2,7,7,10,0,1,2,0,6,0,0,0,0,0,10,0,5,2,1,0,0
2009/2010,loeriesfontein,hantam,namakwa,19.44893,-30.95563,12,0,15,6,0,0,4,12,0,0,32,1,6,6,25,0,1,8,2,3,0,0,0,0,1,4,0,6,3,1,3,0
2010/2011,loeriesfontein,hantam,namakwa,19.44893,-30.95563,22,0,12,4,3,0,7,12,0,2,49,1,6,4,13,0,1,5,1,0,0,0,0,0,0,3,0,2,4,1,2,0
2011/2012,loeriesfontein,hantam,namakwa,19.44893,-30.95563,23,0,17,6,1,0,5,8,0,2,43,0,6,0,17,0,1,9,0,0,0,0,0,0,2,3,0,2,4,0,2,0
2012/2013,loeriesfontein,hantam,namakwa,19.44893,-30.95563,14,0,20,0,0,0,6,9,0,1,53,2,6,2,36,0,1,12,1,3,0,1,0,2,1,4,0,6,4,0,2,0
2013/2014,loeriesfontein,hantam,namakwa,19.44893,-30.95563,20,3,19,1,1,0,8,18,0,3,40,2,7,0,25,1,13,12,3,11,0,1,0,1,2,15,0,4,3,1,3,0
2014/2015,loeriesfontein,hantam,namakwa,19.44893,-30.95563,12,0,23,1,2,0,8,24,0,0,31,0,6,3,22,0,13,7,2,0,1,1,0,2,0,2,0,3,3,1,4,0
2015/2016,loeriesfontein,hantam,namakwa,19.44893,-30.95563,14,0,17,1,0,0,5,14,0,1,19,0,6,2,31,0,12,6,2,3,1,0,0,2,0,3,0,0,1,0,3,0
2016/2017,loeriesfontein,hantam,namakwa,19.44893,-30.95563,13,0,19,3,0,0,5,13,0,0,29,0,6,3,57,0,13,6,0,3,0,1,0,2,0,3,0,8,3,0,2,0
2017/2018,loeriesfontein,hantam,namakwa,19.44893,-30.95563,12,1,17,1,0,0,13,22,0,0,26,2,6,2,17,2,13,11,3,5,0,0,0,0,2,7,0,3,4,1,3,0
2018/2019,loeriesfontein,hantam,namakwa,19.44893,-30.95563,5,1,14,3,0,0,3,14,0,0,28,0,7,2,24,0,13,5,2,2,0,0,0,0,2,5,0,0,2,0,3,0
2019/2020,loeriesfontein,hantam,namakwa,19.44893,-30.95563,11,0,16,0,0,0,3,15,0,0,31,0,6,2,13,1,13,4,2,0,0,0,0,0,2,2,0,2,1,0,0,0
2020/2021,loeriesfontein,hantam,namakwa,19.44893,-30.95563,15,0,8,1,1,0,6,18,0,1,17,1,6,2,6,0,13,7,0,2,0,2,0,2,1,4,0,4,2,0,4,0
2021/2022,loeriesfontein,hantam,namakwa,19.44893,-30.95563,33,1,8,8,0,0,9,29,0,6,37,1,7,0,9,1,13,16,2,2,0,0,0,0,0,3,0,3,3,0,0,0
2022/2023,loeriesfontein,hantam,namakwa,19.44893,-30.95563,15,0,12,2,0,0,6,16,0,3,42,1,6,0,2,0,12,11,1,3,0,0,0,3,2,5,0,1,5,0,0,0
2023/2024,loeriesfontein,namakwa district,namakwa district,19.44893,-30.95563,0,0,0,0,0,0,0,16,0,0,0,0,0,0,0,0,0,0,0,0,0,0,0,0,0,0,0,0,0,0,1,0
2024/2025,loeriesfontein,namakwa district,namakwa district,19.44893,-30.95563,0,0,0,0,0,0,0,4,0,0,0,0,0,0,0,0,0,0,0,0,0,1,0,0,0,0,0,0,0,0,0,0
2008/2009,lomanyaneng,mafikeng,ngaka modiri molema,25.65939,-25.8949,158,4,331,7,17,0,45,158,4,1,82,63,7,13,127,1,1,97,12,69,18,16,0,77,3,90,0,0,51,3,7,1
2009/2010,lomanyaneng,mafikeng,ngaka modiri molema,25.65939,-25.8949,95,2,213,5,15,0,49,130,1,2,70,39,8,11,80,4,1,57,4,53,15,4,0,46,5,77,0,0,53,2,20,0
2010/2011,lomanyaneng,mafikeng,ngaka modiri molema,25.65939,-25.8949,130,1,162,5,12,0,42,142,0,3,83,25,9,9,55,3,1,62,10,57,22,15,0,55,28,102,0,0,47,5,17,0
2011/2012,lomanyaneng,mafikeng,ngaka modiri molema,25.65939,-25.8949,107,8,187,6,7,0,45,153,1,0,52,27,4,6,81,3,1,52,8,54,23,13,0,67,17,80,0,0,56,13,13,0
2012/2013,lomanyaneng,mafikeng,ngaka modiri molema,25.65939,-25.8949,102,4,167,9,12,0,35,170,1,0,50,15,16,11,104,1,1,60,14,87,15,12,0,47,6,115,0,0,66,15,24,0
2013/2014,lomanyaneng,mafikeng,ngaka modiri molema,25.65939,-25.8949,72,1,159,4,13,0,38,167,4,1,31,8,7,12,143,3,21,57,11,54,13,9,0,47,7,75,0,0,59,11,18,0
2014/2015,lomanyaneng,mafikeng,ngaka modiri molema,25.65939,-25.8949,70,1,101,7,10,0,50,150,0,1,19,15,6,12,219,1,12,43,15,88,13,7,0,37,3,101,0,0,46,7,26,0
2015/2016,lomanyaneng,mafikeng,ngaka modiri molema,25.65939,-25.8949,148,0,108,6,9,0,48,181,1,0,21,10,7,16,289,10,13,34,4,55,12,16,0,42,3,68,0,0,32,10,21,0
2016/2017,lomanyaneng,mafikeng,ngaka modiri molema,25.65939,-25.8949,185,3,168,6,7,0,72,210,3,0,31,13,6,6,324,9,13,55,8,58,12,9,0,44,2,67,0,0,61,17,26,1
2017/2018,lomanyaneng,mafikeng,ngaka modiri molema,25.65939,-25.8949,112,6,212,5,5,0,36,231,0,4,34,11,7,14,342,6,21,50,11,64,9,7,0,45,3,73,0,0,74,6,22,0
2018/2019,lomanyaneng,mafikeng,ngaka modiri molema,25.65939,-25.8949,150,4,211,11,9,0,76,246,5,3,46,28,6,4,193,9,21,67,10,78,31,13,1,78,4,91,0,0,58,9,31,0
2019/2020,lomanyaneng,mafikeng,ngaka modiri molema,25.65939,-25.8949,88,2,251,6,8,0,37,216,4,4,45,20,4,14,159,4,23,55,8,59,13,10,0,52,3,72,0,0,97,10,26,0
2020/2021,lomanyaneng,mafikeng,ngaka modiri molema,25.65939,-25.8949,112,1,247,7,13,0,30,186,4,12,51,14,9,8,25,15,24,64,7,67,13,7,0,34,1,86,0,0,107,5,16,1
2021/2022,lomanyaneng,mafikeng,ngaka modiri molema,25.65939,-25.8949,102,3,228,1,6,0,50,180,3,15,91,22,6,9,26,0,26,81,14,81,10,16,0,60,2,89,0,0,89,4,21,2
2022/2023,lomanyaneng,mafikeng,ngaka modiri molema,25.65939,-25.8949,144,3,321,3,3,0,42,160,6,19,101,34,7,8,17,4,26,120,9,59,6,9,0,46,6,69,0,0,83,2,18,1
2023/2024,lomanyaneng,ngaka modiri molema district,ngaka modiri molema district,25.65939,-25.8949,0,0,0,0,0,0,0,124,4,0,0,0,0,0,0,0,0,0,0,0,0,12,0,0,0,0,0,0,0,2,26,0
2024/2025,lomanyaneng,ngaka modiri molema district,ngaka modiri molema district,25.65939,-25.8949,0,0,0,0,0,0,0,160,2,0,0,0,0,0,0,0,0,0,0,0,0,10,0,0,0,0,0,0,0,4,20,0
2008/2009,lothair,msukaligwa,gert sibande,30.44033,-26.39072,62,1,21,7,1,0,11,27,2,3,28,3,6,4,5,3,1,11,3,11,1,0,0,7,0,12,0,1,20,2,11,0
2009/2010,lothair,msukaligwa,gert sibande,30.44033,-26.39072,50,2,39,5,1,0,7,49,0,1,31,15,5,3,7,3,1,18,3,14,2,3,0,8,1,19,0,0,20,4,12,1
2010/2011,lothair,msukaligwa,gert sibande,30.44033,-26.39072,45,0,42,2,1,0,0,38,0,0,16,9,7,19,8,1,1,14,4,7,1,0,0,5,0,9,0,1,22,1,8,0
2011/2012,lothair,msukaligwa,gert sibande,30.44033,-26.39072,19,1,27,3,0,0,2,22,0,2,7,1,6,48,49,5,1,3,2,15,2,1,0,7,0,15,0,0,15,5,1,0
2012/2013,lothair,msukaligwa,gert sibande,30.44033,-26.39072,9,0,16,1,0,0,2,21,0,1,2,0,6,65,40,4,1,9,3,15,0,1,0,2,2,17,0,0,8,2,2,0
2013/2014,lothair,msukaligwa,gert sibande,30.44033,-26.39072,8,0,16,3,0,0,2,17,0,4,3,1,5,54,80,0,13,5,4,9,0,0,0,1,1,13,0,0,10,0,0,0
2014/2015,lothair,msukaligwa,gert sibande,30.44033,-26.39072,15,0,20,1,0,0,5,23,0,1,6,6,6,51,123,1,12,6,3,9,0,1,0,1,1,10,0,0,8,3,2,0
2015/2016,lothair,msukaligwa,gert sibande,30.44033,-26.39072,19,0,28,1,0,0,10,31,0,5,7,4,6,62,141,0,13,8,0,11,1,1,0,5,3,14,0,0,36,3,6,0
2016/2017,lothair,msukaligwa,gert sibande,30.44033,-26.39072,35,0,31,1,0,0,14,42,0,2,13,8,6,64,130,3,13,8,4,11,11,2,0,14,1,12,0,1,33,4,3,0
2017/2018,lothair,msukaligwa,gert sibande,30.44033,-26.39072,19,1,30,1,0,0,20,26,1,4,8,1,6,46,135,1,13,14,3,9,3,11,0,20,0,9,0,0,42,0,9,1
2018/2019,lothair,msukaligwa,gert sibande,30.44033,-26.39072,14,0,32,2,0,0,8,27,0,2,7,6,6,17,27,2,21,14,2,7,0,2,0,4,2,9,0,0,37,0,11,0
2019/2020,lothair,msukaligwa,gert sibande,30.44033,-26.39072,26,1,21,2,0,0,2,37,0,3,15,2,6,26,5,1,12,8,1,8,2,0,0,4,4,12,0,0,65,0,9,0
2020/2021,lothair,msukaligwa,gert sibande,30.44033,-26.39072,27,1,17,2,0,0,12,25,0,4,9,4,6,7,2,1,12,9,3,8,7,2,0,11,3,11,0,0,39,1,4,0
2021/2022,lothair,msukaligwa,gert sibande,30.44033,-26.39072,17,3,26,0,0,0,2,23,0,4,7,2,7,12,1,0,23,9,2,7,3,0,0,6,1,9,0,1,26,0,3,0
2022/2023,lothair,msukaligwa,gert sibande,30.44033,-26.39072,15,1,27,2,0,0,10,26,0,6,9,2,6,5,14,0,21,10,3,11,2,0,0,9,4,15,0,0,30,1,7,0
2023/2024,lothair,gert sibande district,gert sibande district,30.44033,-26.39072,0,0,0,0,0,0,0,33,0,0,0,0,0,0,0,0,0,0,0,0,0,1,0,0,0,0,0,0,0,1,3,0
2024/2025,lothair,gert sibande district,gert sibande district,30.44033,-26.39072,0,0,0,0,0,0,0,44,0,0,0,0,0,0,0,0,0,0,0,0,0,1,0,0,0,0,0,0,0,0,2,0
2008/2009,louwsburg,abaqulusi,zululand,31.28124,-27.58069,42,2,30,1,0,0,4,17,0,1,24,1,6,2,24,0,1,16,3,9,0,1,0,1,0,9,0,4,13,0,2,0
2009/2010,louwsburg,abaqulusi,zululand,31.28124,-27.58069,33,1,49,3,1,0,6,27,0,2,24,2,4,1,20,2,1,15,6,11,0,0,0,1,1,15,0,0,37,1,4,0
2010/2011,louwsburg,abaqulusi,zululand,31.28124,-27.58069,39,1,48,2,0,0,8,43,0,4,17,2,5,5,21,0,1,17,1,13,0,1,0,1,1,17,0,0,24,0,4,0
2011/2012,louwsburg,abaqulusi,zululand,31.28124,-27.58069,35,3,48,1,0,0,7,24,0,3,14,1,6,0,34,3,1,15,1,5,1,0,0,1,1,6,0,0,38,0,4,0
2012/2013,louwsburg,abaqulusi,zululand,31.28124,-27.58069,37,2,55,0,0,0,8,41,1,4,12,5,7,1,48,0,1,9,2,14,1,1,0,3,2,17,0,1,22,1,10,0
2013/2014,louwsburg,abaqulusi,zululand,31.28124,-27.58069,35,4,47,2,1,0,5,37,2,2,18,6,6,3,33,0,21,11,1,7,0,0,0,3,1,9,0,10,19,0,2,0
2014/2015,louwsburg,abaqulusi,zululand,31.28124,-27.58069,36,0,34,2,1,0,1,26,0,2,22,2,6,0,40,2,12,17,2,7,0,1,0,3,0,8,0,1,21,0,9,0
2015/2016,louwsburg,abaqulusi,zululand,31.28124,-27.58069,27,3,39,1,1,0,3,13,1,0,15,6,6,4,7,0,13,14,2,6,0,1,0,2,1,8,0,1,13,3,1,0
2016/2017,louwsburg,abaqulusi,zululand,31.28124,-27.58069,43,1,28,4,0,0,9,16,0,2,14,0,7,28,12,3,13,11,1,8,0,0,0,1,0,9,0,1,15,2,1,0
2017/2018,louwsburg,abaqulusi,zululand,31.28124,-27.58069,42,1,30,2,0,0,15,18,0,3,12,3,7,14,15,0,13,13,1,10,0,1,0,4,2,13,0,0,23,0,3,0
2018/2019,louwsburg,abaqulusi,zululand,31.28124,-27.58069,38,2,40,1,1,0,19,27,0,2,10,2,6,13,34,0,12,9,0,5,1,1,0,2,2,8,0,0,18,1,1,0
2019/2020,louwsburg,abaqulusi,zululand,31.28124,-27.58069,24,0,36,1,0,0,12,10,0,0,13,0,7,103,10,1,13,20,3,2,0,1,0,3,1,4,0,0,16,0,0,0
2020/2021,louwsburg,abaqulusi,zululand,31.28124,-27.58069,19,0,22,0,0,0,8,10,0,1,10,2,6,20,4,2,13,9,2,5,1,0,0,1,0,5,0,0,8,0,2,0
2021/2022,louwsburg,abaqulusi,zululand,31.28124,-27.58069,15,2,20,1,0,0,10,18,0,1,11,2,6,15,10,1,13,12,3,6,0,1,0,2,0,6,0,0,20,2,0,1
2022/2023,louwsburg,abaqulusi,zululand,31.28124,-27.58069,20,0,27,1,0,0,4,24,0,1,6,2,6,5,14,0,13,12,4,7,1,1,0,4,1,8,0,0,12,0,0,0
2023/2024,louwsburg,zululand district,zululand district,31.28124,-27.58069,0,0,0,0,0,0,0,9,0,0,0,0,0,0,0,0,0,0,0,0,0,0,0,0,0,0,0,0,0,2,6,0
2024/2025,louwsburg,zululand district,zululand district,31.28124,-27.58069,0,0,0,0,0,0,0,15,0,0,0,0,0,0,0,0,0,0,0,0,0,0,0,0,0,0,0,0,0,1,1,0
2008/2009,low's creek,nkomazi,ehlanzeni,31.29337,-25.64453,53,7,60,4,2,0,15,27,1,0,31,10,7,1,13,2,1,21,3,8,4,3,0,19,0,11,0,0,0,7,5,0
2009/2010,low's creek,nkomazi,ehlanzeni,31.29337,-25.64453,44,4,74,10,0,0,15,34,1,1,28,7,7,3,4,3,1,23,9,10,4,21,0,50,1,12,0,0,2,5,3,0
2010/2011,low's creek,nkomazi,ehlanzeni,31.29337,-25.64453,69,1,57,5,2,0,8,29,0,0,15,8,6,1,10,2,1,18,2,7,3,7,0,25,0,9,0,0,1,3,2,0
2011/2012,low's creek,nkomazi,ehlanzeni,31.29337,-25.64453,35,0,39,2,0,0,11,13,0,4,20,1,6,10,20,2,1,13,0,3,0,4,0,8,0,3,0,0,1,0,4,0
2012/2013,low's creek,nkomazi,ehlanzeni,31.29337,-25.64453,25,1,19,1,0,0,9,6,0,3,11,1,6,18,54,2,1,5,0,8,0,2,0,3,0,8,0,0,0,2,2,0
2013/2014,low's creek,nkomazi,ehlanzeni,31.29337,-25.64453,16,0,17,0,0,0,5,10,0,0,8,0,6,23,78,1,12,7,1,5,1,0,0,3,0,5,0,0,0,0,2,0
2014/2015,low's creek,nkomazi,ehlanzeni,31.29337,-25.64453,9,1,9,0,0,0,5,7,1,1,4,1,6,26,113,0,13,4,2,0,0,1,0,3,0,0,0,0,1,0,0,0
2015/2016,low's creek,nkomazi,ehlanzeni,31.29337,-25.64453,12,0,12,0,0,0,4,2,0,9,5,1,6,26,122,3,13,4,0,3,2,2,0,4,0,3,0,0,1,0,1,0
2016/2017,low's creek,nkomazi,ehlanzeni,31.29337,-25.64453,17,0,16,1,0,0,6,4,1,0,4,2,6,37,124,9,12,9,2,5,3,0,0,5,1,6,0,0,0,0,2,0
2017/2018,low's creek,nkomazi,ehlanzeni,31.29337,-25.64453,18,0,11,2,0,0,20,7,0,6,3,1,6,47,126,1,13,3,3,5,1,1,0,4,0,5,0,0,6,0,1,0
2018/2019,low's creek,nkomazi,ehlanzeni,31.29337,-25.64453,16,0,19,3,1,0,9,4,0,2,7,2,6,32,94,13,21,7,3,4,2,1,0,7,1,6,0,0,4,0,3,0
2019/2020,low's creek,nkomazi,ehlanzeni,31.29337,-25.64453,15,0,13,2,0,0,11,3,0,1,5,1,6,17,65,6,13,2,2,0,1,1,0,6,0,0,0,0,1,0,0,0
2020/2021,low's creek,nkomazi,ehlanzeni,31.29337,-25.64453,24,0,13,2,1,0,2,2,0,2,11,0,6,3,28,6,13,3,6,2,0,1,0,4,0,3,0,0,2,0,2,0
2021/2022,low's creek,nkomazi,ehlanzeni,31.29337,-25.64453,51,2,19,1,0,0,3,3,1,5,3,2,6,3,22,0,12,8,1,5,1,3,0,5,0,5,0,0,4,0,0,0
2022/2023,low's creek,nkomazi,ehlanzeni,31.29337,-25.64453,31,0,20,1,0,0,12,5,0,2,3,0,6,0,16,6,13,8,1,1,3,2,0,7,1,2,0,0,9,0,7,0
2023/2024,low's creek,ehlanzeni district,ehlanzeni district,31.29337,-25.64453,0,0,0,0,0,0,0,6,0,0,0,0,0,0,0,0,0,0,0,0,0,4,0,0,0,0,0,0,0,0,0,0
2024/2025,low's creek,ehlanzeni district,ehlanzeni district,31.29337,-25.64453,0,0,0,0,0,0,0,1,0,0,0,0,0,0,0,0,0,0,0,0,0,2,0,0,0,0,0,0,0,0,0,0
2008/2009,loxton,ubuntu,pixley ka seme,22.34998,-31.4772,9,0,14,1,0,0,5,8,0,0,6,0,6,1,2,0,1,2,2,3,0,0,0,0,0,3,0,0,11,2,0,0
2009/2010,loxton,ubuntu,pixley ka seme,22.34998,-31.4772,10,0,18,3,0,0,0,7,0,0,7,0,6,1,10,0,1,4,1,0,0,0,0,0,1,1,0,1,9,1,0,0
2010/2011,loxton,ubuntu,pixley ka seme,22.34998,-31.4772,8,0,24,3,0,0,3,9,0,0,7,0,6,0,16,0,1,3,1,4,0,0,0,0,0,4,0,0,11,0,1,0
2011/2012,loxton,ubuntu,pixley ka seme,22.34998,-31.4772,4,0,19,1,0,0,7,6,0,0,9,1,6,1,1,0,1,4,1,3,0,0,0,0,5,8,0,0,10,1,0,0
2012/2013,loxton,ubuntu,pixley ka seme,22.34998,-31.4772,2,0,32,5,0,0,7,7,0,1,10,1,6,1,6,1,1,5,1,6,0,0,0,0,1,7,0,0,6,0,1,0
2013/2014,loxton,ubuntu,pixley ka seme,22.34998,-31.4772,4,1,31,3,0,0,6,10,0,1,15,0,6,0,3,0,13,4,1,5,0,0,0,0,0,5,0,0,12,0,2,0
2014/2015,loxton,ubuntu,pixley ka seme,22.34998,-31.4772,7,0,31,4,0,0,3,13,0,0,14,0,6,1,9,0,13,7,1,3,0,0,0,0,0,3,0,0,9,0,2,0
2015/2016,loxton,ubuntu,pixley ka seme,22.34998,-31.4772,9,0,39,4,0,0,2,12,0,0,11,0,6,0,14,0,13,2,0,1,0,0,0,1,2,3,0,1,10,1,0,0
2016/2017,loxton,ubuntu,pixley ka seme,22.34998,-31.4772,6,2,36,4,1,0,0,4,0,1,8,0,6,0,6,0,13,4,1,1,0,0,0,0,0,2,0,1,3,0,0,0
2017/2018,loxton,ubuntu,pixley ka seme,22.34998,-31.4772,8,0,19,4,0,0,2,9,0,0,13,0,6,0,7,0,13,0,1,0,0,0,0,0,0,0,0,0,7,0,1,0
2018/2019,loxton,ubuntu,pixley ka seme,22.34998,-31.4772,5,1,12,2,0,0,0,4,0,0,13,0,6,0,2,0,13,3,2,5,0,0,0,0,1,6,0,0,10,0,0,0
2019/2020,loxton,ubuntu,pixley ka seme,22.34998,-31.4772,4,0,20,1,1,0,3,11,0,1,6,1,6,0,1,0,13,3,0,2,0,0,0,0,0,3,0,0,9,0,1,0
2020/2021,loxton,ubuntu,pixley ka seme,22.34998,-31.4772,8,0,25,4,0,0,2,10,0,0,8,0,6,0,1,0,13,5,2,0,1,0,0,1,0,0,0,0,9,0,1,0
2021/2022,loxton,ubuntu,pixley ka seme,22.34998,-31.4772,4,0,14,3,0,0,5,10,0,0,7,0,6,0,0,0,13,2,1,3,0,1,0,1,0,3,0,0,7,0,0,0
2022/2023,loxton,ubuntu,pixley ka seme,22.34998,-31.4772,6,1,12,2,0,0,4,8,0,0,10,0,6,0,1,0,13,1,1,0,0,0,0,0,0,0,0,0,5,1,0,0
2023/2024,loxton,pixley ka seme district,pixley ka seme district,22.34998,-31.4772,0,0,0,0,0,0,0,6,0,0,0,0,0,0,0,0,0,0,0,0,0,0,0,0,0,0,0,0,0,3,0,0
2024/2025,loxton,pixley ka seme district,pixley ka seme district,22.34998,-31.4772,0,0,0,0,0,0,0,4,0,0,0,0,0,0,0,0,0,0,0,0,0,0,0,0,0,0,0,0,0,0,0,0
2008/2009,luckhoff,letsemeng,xhariep,24.78995,-29.7515,20,1,66,5,4,0,8,24,0,1,39,4,6,2,4,0,1,8,3,11,0,0,0,0,1,16,0,2,17,1,0,0
2009/2010,luckhoff,letsemeng,xhariep,24.78995,-29.7515,20,0,55,2,4,0,3,29,0,5,43,3,7,0,19,0,1,6,4,14,0,0,0,0,0,19,0,1,15,0,1,0
2010/2011,luckhoff,letsemeng,xhariep,24.78995,-29.7515,16,0,44,6,1,0,5,16,0,1,22,3,7,0,13,0,1,8,0,3,0,0,0,0,0,5,0,1,18,0,5,0
2011/2012,luckhoff,letsemeng,xhariep,24.78995,-29.7515,6,0,46,6,1,0,8,30,0,0,26,1,7,2,9,0,1,15,2,10,3,0,0,3,1,13,0,0,15,1,4,0
2012/2013,luckhoff,letsemeng,xhariep,24.78995,-29.7515,11,0,42,2,1,0,11,20,0,0,25,1,6,1,5,2,1,13,1,7,2,0,0,2,0,8,0,0,18,0,1,0
2013/2014,luckhoff,letsemeng,xhariep,24.78995,-29.7515,17,0,54,1,1,0,7,19,0,0,32,2,7,1,9,0,13,5,5,8,0,0,0,0,1,11,0,1,14,0,0,0
2014/2015,luckhoff,letsemeng,xhariep,24.78995,-29.7515,12,0,41,1,0,0,4,21,0,1,20,1,6,1,14,0,13,8,5,5,0,0,0,0,0,5,0,0,19,2,0,0
2015/2016,luckhoff,letsemeng,xhariep,24.78995,-29.7515,8,0,36,0,0,0,9,12,0,1,13,0,6,2,11,0,13,11,3,11,0,0,0,0,0,11,0,0,22,1,4,0
2016/2017,luckhoff,letsemeng,xhariep,24.78995,-29.7515,5,0,28,1,1,0,10,24,0,0,12,0,6,4,27,0,13,4,0,4,0,1,0,1,0,5,0,0,17,0,0,0
2017/2018,luckhoff,letsemeng,xhariep,24.78995,-29.7515,5,0,15,0,0,0,4,17,0,3,11,0,6,5,21,0,13,3,1,6,0,0,0,0,0,6,0,1,19,0,0,0
2018/2019,luckhoff,letsemeng,xhariep,24.78995,-29.7515,2,1,26,0,0,0,3,10,0,1,7,0,6,2,14,0,13,2,1,4,0,0,0,0,0,4,0,2,18,0,1,0
2019/2020,luckhoff,letsemeng,xhariep,24.78995,-29.7515,3,0,17,0,1,0,1,3,0,1,10,0,6,0,6,0,13,4,2,4,2,0,0,2,0,5,0,0,3,3,2,0
2020/2021,luckhoff,letsemeng,xhariep,24.78995,-29.7515,9,0,8,2,1,0,2,8,0,0,8,0,6,4,8,0,12,5,4,4,0,1,0,1,0,5,0,0,18,0,2,0
2021/2022,luckhoff,letsemeng,xhariep,24.78995,-29.7515,11,0,15,0,0,0,1,2,0,2,7,0,6,2,11,2,13,1,1,2,1,0,0,1,1,3,0,0,6,0,0,0
2022/2023,luckhoff,letsemeng,xhariep,24.78995,-29.7515,6,0,13,0,1,0,1,3,0,4,6,0,6,3,5,0,13,2,3,3,0,1,0,1,1,5,0,0,4,0,0,0
2023/2024,luckhoff,xhariep district,xhariep district,24.78995,-29.7515,0,0,0,0,0,0,0,8,0,0,0,0,0,0,0,0,0,0,0,0,0,1,0,0,0,0,0,0,0,0,2,0
2024/2025,luckhoff,xhariep district,xhariep district,24.78995,-29.7515,0,0,0,0,0,0,0,9,0,0,0,0,0,0,0,0,0,0,0,0,0,0,0,0,0,0,0,0,0,1,4,0
2008/2009,lukholweni,matatiele,alfred nzo,28.85494,-30.64249,5,1,29,0,4,0,1,18,0,0,3,1,6,1,5,3,1,4,3,7,1,1,0,2,0,11,0,0,11,1,0,0
2009/2010,lukholweni,matatiele,alfred nzo,28.85494,-30.64249,17,2,20,3,0,0,0,25,0,0,11,3,6,0,7,2,1,4,3,7,0,1,0,2,1,8,0,0,20,0,2,0
2010/2011,lukholweni,matatiele,alfred nzo,28.85494,-30.64249,4,2,32,1,1,0,1,8,0,0,12,1,6,0,2,1,1,0,1,8,0,0,0,1,0,9,0,0,23,1,0,0
2011/2012,lukholweni,matatiele,alfred nzo,28.85494,-30.64249,9,1,27,0,1,0,3,15,0,0,6,1,6,0,3,0,1,7,4,10,0,1,0,1,0,11,0,0,66,0,2,0
2012/2013,lukholweni,matatiele,alfred nzo,28.85494,-30.64249,11,6,12,0,4,0,3,11,0,0,13,3,6,1,11,4,1,5,6,7,1,2,0,3,1,12,0,0,71,0,0,0
2013/2014,lukholweni,matatiele,alfred nzo,28.85494,-30.64249,15,4,34,1,1,0,2,11,0,0,11,3,7,0,18,1,12,10,5,6,0,2,0,1,1,9,0,0,32,1,2,0
2014/2015,lukholweni,matatiele,alfred nzo,28.85494,-30.64249,4,1,30,2,0,0,0,18,0,0,5,3,6,1,27,0,12,5,2,6,2,1,0,3,1,7,0,0,4,1,0,0
2015/2016,lukholweni,matatiele,alfred nzo,28.85494,-30.64249,3,0,35,1,1,0,3,21,0,0,4,1,6,0,16,0,13,10,7,6,1,1,0,2,0,7,0,0,8,0,2,0
2016/2017,lukholweni,matatiele,alfred nzo,28.85494,-30.64249,9,5,27,0,1,0,4,18,0,0,7,2,6,0,7,1,12,4,4,6,4,3,0,7,1,8,0,0,12,0,2,0
2017/2018,lukholweni,matatiele,alfred nzo,28.85494,-30.64249,4,1,41,2,0,0,10,3,0,1,8,0,4,0,12,0,13,4,3,6,2,2,0,4,0,8,0,0,21,0,0,0
2018/2019,lukholweni,matatiele,alfred nzo,28.85494,-30.64249,3,2,26,1,0,0,3,6,0,0,3,0,6,0,10,0,13,6,5,6,2,2,0,4,5,11,0,0,22,0,0,0
2019/2020,lukholweni,matatiele,alfred nzo,28.85494,-30.64249,5,0,23,1,0,0,5,1,0,2,1,0,6,0,7,2,12,8,7,4,0,0,0,0,4,8,0,0,10,1,0,0
2020/2021,lukholweni,matatiele,alfred nzo,28.85494,-30.64249,3,0,35,1,0,0,4,1,0,0,0,1,6,0,4,0,13,0,6,5,0,1,0,1,0,5,0,0,9,0,0,0
2021/2022,lukholweni,matatiele,alfred nzo,28.85494,-30.64249,0,3,22,0,0,0,4,4,0,1,5,0,6,0,3,0,12,12,3,12,1,0,0,2,1,13,0,0,4,1,0,0
2022/2023,lukholweni,matatiele,alfred nzo,28.85494,-30.64249,1,2,15,2,0,0,9,4,0,1,5,0,6,1,0,0,13,2,9,8,0,1,0,1,3,11,0,0,2,0,0,0
2023/2024,lukholweni,alfred nzo district,alfred nzo district,28.85494,-30.64249,0,0,0,0,0,0,0,0,1,0,0,0,0,0,0,0,0,0,0,0,0,0,0,0,0,0,0,0,0,0,0,0
2024/2025,lukholweni,alfred nzo district,alfred nzo district,28.85494,-30.64249,0,0,0,0,0,0,0,4,0,0,0,0,0,0,0,0,0,0,0,0,0,0,0,0,0,0,0,0,0,0,0,0
2008/2009,lulekani,ba-phalaborwa,mopani,31.08104,-23.86649,141,2,141,7,3,0,41,151,3,10,49,48,5,6,3,9,1,63,6,23,3,5,0,19,1,30,0,1,17,12,11,0
2009/2010,lulekani,ba-phalaborwa,mopani,31.08104,-23.86649,149,7,149,1,6,0,35,154,3,10,57,35,4,15,4,7,1,49,9,38,1,3,1,14,0,46,0,1,19,9,16,0
2010/2011,lulekani,ba-phalaborwa,mopani,31.08104,-23.86649,104,7,135,7,8,0,21,88,0,16,46,31,6,24,2,2,1,41,6,29,10,2,0,17,0,37,0,0,12,7,6,0
2011/2012,lulekani,ba-phalaborwa,mopani,31.08104,-23.86649,123,5,121,11,6,0,52,120,0,22,65,68,9,9,4,1,1,47,3,34,5,5,0,11,0,45,0,1,19,3,8,0
2012/2013,lulekani,ba-phalaborwa,mopani,31.08104,-23.86649,106,10,107,6,3,0,86,164,2,17,52,16,7,28,23,2,1,39,2,39,4,2,0,13,4,47,0,2,18,2,16,0
2013/2014,lulekani,ba-phalaborwa,mopani,31.08104,-23.86649,97,5,88,2,3,0,60,138,4,18,27,6,6,24,30,4,13,45,3,34,14,5,0,33,6,43,0,0,18,6,12,0
2014/2015,lulekani,ba-phalaborwa,mopani,31.08104,-23.86649,85,7,89,2,3,0,58,87,2,7,21,18,6,40,56,5,13,51,3,30,13,2,1,27,0,33,2,12,14,1,12,0
2015/2016,lulekani,ba-phalaborwa,mopani,31.08104,-23.86649,79,4,99,7,2,0,30,114,4,8,29,22,5,50,50,5,13,44,8,20,8,15,0,39,0,25,6,3,20,6,20,0
2016/2017,lulekani,ba-phalaborwa,mopani,31.08104,-23.86649,81,7,72,8,0,0,28,124,2,21,14,16,5,55,56,2,21,37,1,30,10,7,0,34,1,34,1,5,13,2,40,0
2017/2018,lulekani,ba-phalaborwa,mopani,31.08104,-23.86649,87,4,71,5,1,0,20,106,1,17,30,9,6,79,82,10,14,49,2,33,8,9,0,43,1,35,5,4,9,4,25,0
2018/2019,lulekani,ba-phalaborwa,mopani,31.08104,-23.86649,48,1,102,2,5,0,25,199,6,10,16,10,6,93,50,2,23,33,9,34,11,5,0,52,1,40,51,0,5,3,22,0
2019/2020,lulekani,ba-phalaborwa,mopani,31.08104,-23.86649,72,1,58,5,2,0,37,143,5,11,28,10,6,111,18,3,21,38,4,20,11,9,0,44,0,22,72,1,3,4,7,0
2020/2021,lulekani,ba-phalaborwa,mopani,31.08104,-23.86649,60,2,74,6,2,0,65,102,1,19,20,7,7,50,30,2,13,22,5,23,2,2,0,15,2,28,67,5,4,4,5,0
2021/2022,lulekani,ba-phalaborwa,mopani,31.08104,-23.86649,99,1,100,6,1,0,60,142,2,36,25,9,6,28,34,3,21,54,8,23,5,7,0,35,1,25,83,4,9,3,7,0
2022/2023,lulekani,ba-phalaborwa,mopani,31.08104,-23.86649,113,4,109,10,4,0,45,122,2,36,36,18,6,19,61,1,21,44,9,32,4,7,0,25,1,37,120,2,14,1,9,0
2023/2024,lulekani,mopani district,mopani district,31.08104,-23.86649,0,0,0,0,0,0,0,194,4,0,0,0,0,0,0,0,0,0,0,0,0,5,0,0,0,0,0,0,0,1,13,0
2024/2025,lulekani,mopani district,mopani district,31.08104,-23.86649,0,0,0,0,0,0,0,157,2,0,0,0,0,0,0,0,0,0,0,0,0,8,0,0,0,0,0,0,0,1,15,0
2008/2009,lusikisiki,ngquza hill,o.r.tambo,29.57499,-31.36889,272,33,469,51,16,1,7,280,6,63,152,73,5,12,39,54,1,102,80,111,5,39,0,117,2,132,0,22,71,16,27,0
2009/2010,lusikisiki,ngquza hill,o.r.tambo,29.57499,-31.36889,245,41,475,47,13,0,20,293,4,146,192,69,17,6,47,61,1,110,77,123,22,51,2,156,6,151,0,23,82,20,56,0
2010/2011,lusikisiki,ngquza hill,o.r.tambo,29.57499,-31.36889,234,36,396,53,18,0,42,318,7,131,153,38,12,8,28,87,1,111,90,121,28,39,3,152,2,148,0,40,83,13,52,0
2011/2012,lusikisiki,ngquza hill,o.r.tambo,29.57499,-31.36889,238,35,372,38,22,0,84,304,5,153,126,45,10,3,44,51,1,106,80,124,39,41,0,156,2,154,0,68,77,13,71,0
2012/2013,lusikisiki,ngquza hill,o.r.tambo,29.57499,-31.36889,191,39,409,42,14,0,76,196,2,290,184,36,4,9,57,73,1,114,109,127,45,16,0,143,3,146,0,78,74,15,61,0
2013/2014,lusikisiki,ngquza hill,o.r.tambo,29.57499,-31.36889,331,35,482,64,11,1,127,230,12,183,225,50,7,7,76,79,36,146,112,155,54,66,1,217,4,171,1,68,63,20,52,0
2014/2015,lusikisiki,ngquza hill,o.r.tambo,29.57499,-31.36889,234,34,414,49,13,0,101,184,3,106,127,28,4,14,89,88,28,149,102,137,54,42,0,194,3,155,0,91,47,19,67,0
2015/2016,lusikisiki,ngquza hill,o.r.tambo,29.57499,-31.36889,181,20,376,34,2,0,112,221,3,108,79,14,9,11,102,69,17,116,110,138,24,35,2,130,16,161,0,70,23,13,85,0
2016/2017,lusikisiki,ngquza hill,o.r.tambo,29.57499,-31.36889,190,11,323,40,5,0,97,140,1,79,73,10,8,5,112,87,17,117,115,139,54,34,0,143,8,156,0,78,36,15,74,0
2017/2018,lusikisiki,ngquza hill,o.r.tambo,29.57499,-31.36889,180,4,320,26,5,0,135,181,3,103,78,8,5,10,147,83,23,98,97,191,33,41,0,133,11,210,0,48,35,15,89,0
2018/2019,lusikisiki,ngquza hill,o.r.tambo,29.57499,-31.36889,196,7,372,59,2,0,102,263,10,131,149,17,6,11,90,84,16,115,127,280,37,61,0,176,13,295,0,61,74,33,62,1
2019/2020,lusikisiki,ngquza hill,o.r.tambo,29.57499,-31.36889,144,4,393,36,1,0,124,286,10,159,124,17,6,8,56,58,26,107,96,191,29,40,0,143,15,207,0,75,74,20,44,0
2020/2021,lusikisiki,ngquza hill,o.r.tambo,29.57499,-31.36889,171,3,330,40,6,0,137,389,5,173,145,23,4,7,60,74,2,115,116,228,52,80,0,207,16,252,0,55,63,9,48,0
2021/2022,lusikisiki,ngquza hill,o.r.tambo,29.57499,-31.36889,152,9,416,62,6,0,103,237,3,189,146,25,4,9,62,67,16,135,131,328,50,105,1,219,16,352,0,66,49,8,47,0
2022/2023,lusikisiki,ngquza hill,o.r.tambo,29.57499,-31.36889,203,6,489,73,9,0,184,265,13,163,250,22,7,7,114,167,3,126,140,287,93,116,0,306,23,320,0,97,58,8,47,3
2023/2024,lusikisiki,or tambo district,or tambo district,29.57499,-31.36889,0,0,0,0,0,0,0,261,17,0,0,0,0,0,0,0,0,0,0,0,0,58,0,0,0,0,0,0,0,12,43,0
2024/2025,lusikisiki,or tambo district,or tambo district,29.57499,-31.36889,0,0,0,0,0,0,0,233,10,0,0,0,0,0,0,0,0,0,0,0,0,89,0,0,0,0,0,0,0,5,68,0
2008/2009,lutzville,matzikama,west coast,18.34501,-31.55902,115,2,239,1,4,0,45,120,0,4,117,12,7,7,43,4,1,67,5,17,0,1,0,1,2,24,0,24,11,5,10,0
2009/2010,lutzville,matzikama,west coast,18.34501,-31.55902,83,4,166,1,0,0,47,87,0,1,66,14,6,13,73,3,1,67,12,14,0,0,0,1,7,21,0,22,17,1,5,0
2010/2011,lutzville,matzikama,west coast,18.34501,-31.55902,49,1,186,5,0,0,22,67,0,4,52,12,5,7,96,3,1,50,11,19,0,0,0,1,12,34,0,13,15,3,21,0
2011/2012,lutzville,matzikama,west coast,18.34501,-31.55902,78,1,163,0,1,0,17,65,0,5,63,5,6,13,66,0,1,36,7,12,0,1,0,1,7,20,0,22,6,4,14,0
2012/2013,lutzville,matzikama,west coast,18.34501,-31.55902,92,2,210,1,1,0,32,79,0,2,100,16,6,17,90,1,1,61,5,13,0,1,0,6,10,24,0,12,10,1,21,0
2013/2014,lutzville,matzikama,west coast,18.34501,-31.55902,116,1,213,3,4,0,17,90,0,6,124,17,6,15,125,2,13,67,5,27,2,0,0,8,9,40,0,7,9,6,28,0
2014/2015,lutzville,matzikama,west coast,18.34501,-31.55902,128,0,181,6,4,0,28,115,0,9,109,22,6,13,203,3,12,65,12,16,2,1,0,13,9,29,0,12,14,1,43,0
2015/2016,lutzville,matzikama,west coast,18.34501,-31.55902,121,2,202,4,3,0,27,100,0,5,105,20,6,11,153,0,21,82,10,17,2,1,0,16,5,25,0,5,8,2,31,0
2016/2017,lutzville,matzikama,west coast,18.34501,-31.55902,127,2,189,1,4,0,42,139,0,10,82,20,7,8,183,6,13,66,3,13,1,0,0,12,6,24,0,13,10,1,37,0
2017/2018,lutzville,matzikama,west coast,18.34501,-31.55902,140,0,192,1,1,0,28,87,0,14,122,16,6,14,175,0,14,61,3,19,0,0,0,4,7,27,0,13,15,6,36,0
2018/2019,lutzville,matzikama,west coast,18.34501,-31.55902,140,0,183,0,6,0,18,72,0,10,153,5,6,17,84,2,12,77,3,14,2,1,0,8,7,27,0,19,7,1,36,0
2019/2020,lutzville,matzikama,west coast,18.34501,-31.55902,104,0,178,2,2,0,20,92,0,7,141,10,4,25,79,1,13,71,6,15,0,0,0,17,4,23,0,11,15,3,35,0
2020/2021,lutzville,matzikama,west coast,18.34501,-31.55902,172,0,141,2,2,0,38,128,0,7,147,13,7,20,98,0,12,72,5,18,2,4,0,14,7,28,0,11,26,2,22,0
2021/2022,lutzville,matzikama,west coast,18.34501,-31.55902,176,4,159,3,1,0,20,84,0,13,134,9,7,17,126,4,13,63,6,21,2,3,0,11,7,30,0,6,12,4,22,0
2022/2023,lutzville,matzikama,west coast,18.34501,-31.55902,192,2,163,0,0,0,33,106,0,17,150,3,7,32,128,4,12,74,3,12,4,2,0,15,5,18,0,11,14,4,32,0
2023/2024,lutzville,west coast district,west coast district,18.34501,-31.55902,0,0,0,0,0,0,0,149,0,0,0,0,0,0,0,0,0,0,0,0,0,3,0,0,0,0,0,0,0,2,29,0
2024/2025,lutzville,west coast district,west coast district,18.34501,-31.55902,0,0,0,0,0,0,0,116,0,0,0,0,0,0,0,0,0,0,0,0,0,10,0,0,0,0,0,0,0,3,23,0
2008/2009,lwandle,city of cape town,city of cape town,18.86718,-34.11561,56,3,109,10,5,0,9,71,3,5,44,23,7,24,39,12,1,18,29,20,11,8,0,44,1,27,0,1,0,17,4,0
2009/2010,lwandle,city of cape town,city of cape town,18.86718,-34.11561,114,1,134,17,0,0,26,165,3,12,124,17,6,196,115,38,1,63,32,53,31,17,0,100,13,66,0,3,0,15,17,1
2010/2011,lwandle,city of cape town,city of cape town,18.86718,-34.11561,150,1,146,13,2,0,41,193,0,18,117,16,5,231,325,36,1,83,31,58,12,5,0,53,14,77,0,95,0,29,41,0
2011/2012,lwandle,city of cape town,city of cape town,18.86718,-34.11561,275,2,147,14,2,0,31,212,0,32,144,18,8,251,466,33,1,86,48,69,20,8,1,87,8,83,1,66,0,35,32,0
2012/2013,lwandle,city of cape town,city of cape town,18.86718,-34.11561,234,6,204,12,5,0,22,210,1,47,202,27,11,197,590,15,1,101,38,72,16,6,0,102,7,92,1,47,0,24,51,0
2013/2014,lwandle,city of cape town,city of cape town,18.86718,-34.11561,231,7,232,21,2,0,49,221,6,33,344,46,9,198,682,29,14,128,46,51,38,16,0,140,6,64,0,43,0,17,42,0
2014/2015,lwandle,city of cape town,city of cape town,18.86718,-34.11561,377,6,282,18,3,0,51,263,1,54,416,50,7,164,582,18,14,168,38,52,16,20,0,185,7,63,0,34,0,44,72,1
2015/2016,lwandle,city of cape town,city of cape town,18.86718,-34.11561,360,8,293,34,4,0,52,281,15,39,405,64,4,175,518,11,21,165,44,35,36,21,0,228,8,49,0,24,0,48,62,4
2016/2017,lwandle,city of cape town,city of cape town,18.86718,-34.11561,353,8,292,26,5,0,44,319,26,60,371,42,9,157,462,16,12,213,66,59,30,47,0,257,5,74,1,36,0,52,88,1
2017/2018,lwandle,city of cape town,city of cape town,18.86718,-34.11561,446,10,277,23,3,0,67,360,29,54,378,48,5,123,651,13,25,156,58,62,27,57,0,313,12,80,0,57,1,64,91,2
2018/2019,lwandle,city of cape town,city of cape town,18.86718,-34.11561,362,9,299,27,3,0,42,235,39,76,375,50,8,121,453,14,17,191,61,56,27,38,0,272,6,69,0,26,1,68,76,3
2019/2020,lwandle,city of cape town,city of cape town,18.86718,-34.11561,200,14,262,37,3,0,78,217,35,48,293,53,5,122,244,10,14,237,81,85,45,41,0,308,8,99,0,18,0,96,76,1
2020/2021,lwandle,city of cape town,city of cape town,18.86718,-34.11561,138,14,222,38,11,0,51,151,19,41,216,48,9,20,83,14,14,128,61,76,17,37,0,210,12,104,0,7,1,66,56,3
2021/2022,lwandle,city of cape town,city of cape town,18.86718,-34.11561,184,9,284,43,12,0,45,194,31,68,337,41,7,26,135,13,8,151,97,94,21,38,1,230,13,120,0,4,1,64,65,2
2022/2023,lwandle,city of cape town,city of cape town,18.86718,-34.11561,352,9,291,52,12,0,41,197,38,71,412,48,6,38,274,21,25,161,94,90,70,42,1,376,14,116,0,16,1,43,54,0
2023/2024,lwandle,city of cape town district,city of cape town district,18.86718,-34.11561,0,0,0,0,0,0,0,168,35,0,0,0,0,0,0,0,0,0,0,0,0,53,0,0,0,0,0,0,0,72,75,0
2024/2025,lwandle,city of cape town district,city of cape town district,18.86718,-34.11561,0,0,0,0,0,0,0,144,26,0,0,0,0,0,0,0,0,0,0,0,0,45,0,0,0,0,0,0,0,57,59,0
2008/2009,lydenburg,thaba chweu,ehlanzeni,30.45298,-25.0964,670,10,327,21,10,0,39,369,0,95,380,57,17,29,26,4,1,182,7,26,12,10,1,46,2,47,0,117,43,55,71,2
2009/2010,lydenburg,thaba chweu,ehlanzeni,30.45298,-25.0964,455,21,313,24,4,0,53,330,2,90,344,43,18,40,23,8,1,211,8,35,7,9,0,40,7,57,0,159,32,42,85,0
2010/2011,lydenburg,thaba chweu,ehlanzeni,30.45298,-25.0964,355,2,234,11,8,0,38,393,3,88,321,21,11,44,49,4,1,140,10,27,8,4,1,31,6,49,0,133,20,35,93,0
2011/2012,lydenburg,thaba chweu,ehlanzeni,30.45298,-25.0964,351,2,170,7,5,0,40,390,2,63,163,21,5,85,72,4,1,90,5,31,6,6,0,21,4,43,0,58,21,41,68,0
2012/2013,lydenburg,thaba chweu,ehlanzeni,30.45298,-25.0964,298,2,141,7,4,0,52,371,2,81,151,14,4,80,73,10,1,90,6,42,9,3,0,29,7,55,0,68,17,44,91,0
2013/2014,lydenburg,thaba chweu,ehlanzeni,30.45298,-25.0964,308,7,171,10,0,0,72,386,5,76,134,21,7,87,77,14,1,106,11,22,5,8,0,29,10,33,0,114,19,45,95,0
2014/2015,lydenburg,thaba chweu,ehlanzeni,30.45298,-25.0964,297,5,158,7,6,0,95,357,2,66,213,25,7,42,70,8,23,87,7,25,6,9,0,27,7,39,2,97,27,31,121,0
2015/2016,lydenburg,thaba chweu,ehlanzeni,30.45298,-25.0964,292,1,181,6,2,0,102,377,6,73,202,23,6,39,89,8,12,159,8,24,16,7,0,53,6,32,0,101,12,31,92,1
2016/2017,lydenburg,thaba chweu,ehlanzeni,30.45298,-25.0964,364,8,142,11,0,0,120,306,5,75,187,25,8,65,160,6,23,129,6,24,21,15,0,53,6,34,0,135,30,34,91,0
2017/2018,lydenburg,thaba chweu,ehlanzeni,30.45298,-25.0964,330,10,154,18,1,0,106,335,1,98,182,23,7,59,224,18,14,120,10,25,16,16,0,54,10,37,2,88,11,40,117,2
2018/2019,lydenburg,thaba chweu,ehlanzeni,30.45298,-25.0964,335,8,154,9,5,0,101,379,3,134,206,53,6,98,140,17,25,110,5,17,14,3,0,27,3,25,0,75,23,36,137,0
2019/2020,lydenburg,thaba chweu,ehlanzeni,30.45298,-25.0964,423,7,171,14,0,0,127,331,5,106,172,36,7,124,91,7,17,102,8,21,16,9,0,44,8,30,1,88,28,32,122,0
2020/2021,lydenburg,thaba chweu,ehlanzeni,30.45298,-25.0964,271,4,111,12,1,0,99,294,6,112,168,23,4,65,71,1,12,90,6,14,10,8,0,43,11,28,0,47,20,38,65,0
2021/2022,lydenburg,thaba chweu,ehlanzeni,30.45298,-25.0964,260,8,124,10,0,0,84,201,4,88,144,33,6,84,41,4,27,100,8,34,17,4,0,54,10,44,1,41,15,33,68,3
2022/2023,lydenburg,thaba chweu,ehlanzeni,30.45298,-25.0964,295,4,102,16,0,0,109,165,4,78,127,18,6,30,55,4,23,88,16,28,18,19,0,65,6,34,0,48,22,37,64,0
2023/2024,lydenburg,ehlanzeni district,ehlanzeni district,30.45298,-25.0964,0,0,0,0,0,0,0,167,2,0,0,0,0,0,0,0,0,0,0,0,0,4,0,0,0,0,0,0,0,15,55,0
2024/2025,lydenburg,ehlanzeni district,ehlanzeni district,30.45298,-25.0964,0,0,0,0,0,0,0,197,3,0,0,0,0,0,0,0,0,0,0,0,0,13,0,0,0,0,0,0,0,18,55,0
2008/2009,lyttelton,city of tshwane,city of tshwane,28.19868,-25.83904,1781,7,114,39,4,2,306,1481,51,646,555,203,15,54,150,15,1,522,7,41,58,123,1,519,9,71,0,466,2,606,920,13
2009/2010,lyttelton,city of tshwane,city of tshwane,28.19868,-25.83904,1466,4,106,35,1,2,350,1401,63,752,474,153,26,43,80,10,1,534,11,39,52,119,0,496,11,72,0,549,2,521,1046,10
2010/2011,lyttelton,city of tshwane,city of tshwane,28.19868,-25.83904,1478,9,132,25,6,3,270,1350,60,744,385,111,11,113,101,21,1,474,9,37,32,57,0,318,9,60,0,393,2,564,889,8
2011/2012,lyttelton,city of tshwane,city of tshwane,28.19868,-25.83904,1394,3,128,16,4,0,300,1354,39,737,282,94,12,143,140,19,1,443,13,41,24,72,0,285,10,62,0,389,1,564,999,1
2012/2013,lyttelton,city of tshwane,city of tshwane,28.19868,-25.83904,1276,8,116,16,1,0,283,1173,28,602,318,114,8,202,216,19,1,505,10,26,23,71,0,268,15,46,5,389,2,600,1194,3
2013/2014,lyttelton,city of tshwane,city of tshwane,28.19868,-25.83904,1366,8,104,18,4,0,250,1053,34,619,289,137,8,185,239,23,17,428,5,24,25,68,0,351,16,48,1,344,2,570,1088,3
2014/2015,lyttelton,city of tshwane,city of tshwane,28.19868,-25.83904,1285,1,103,14,0,0,249,942,40,745,328,119,4,121,172,16,3,400,5,22,47,65,0,397,15,39,0,280,1,442,1074,10
2015/2016,lyttelton,city of tshwane,city of tshwane,28.19868,-25.83904,1283,5,83,16,0,0,232,781,29,778,318,108,5,85,202,17,24,421,9,12,25,73,0,354,18,33,2,403,3,461,1076,8
2016/2017,lyttelton,city of tshwane,city of tshwane,28.19868,-25.83904,1188,1,58,12,0,1,222,627,42,637,271,124,5,186,311,15,22,357,5,25,32,67,0,367,11,39,2,374,2,572,1102,19
2017/2018,lyttelton,city of tshwane,city of tshwane,28.19868,-25.83904,1233,0,66,10,1,0,319,655,41,714,249,163,8,205,257,3,14,296,14,17,44,40,0,354,9,31,1,226,8,508,1045,20
2018/2019,lyttelton,city of tshwane,city of tshwane,28.19868,-25.83904,1202,2,55,9,1,0,274,716,33,770,316,167,5,191,211,9,17,214,6,23,46,50,0,360,26,53,1,255,2,497,1088,21
2019/2020,lyttelton,city of tshwane,city of tshwane,28.19868,-25.83904,1126,0,58,12,0,0,255,593,51,747,284,146,10,194,136,21,24,177,8,26,50,53,0,347,16,48,0,229,1,539,1088,11
2020/2021,lyttelton,city of tshwane,city of tshwane,28.19868,-25.83904,796,1,50,10,0,0,176,450,64,742,215,128,8,89,112,22,3,133,6,24,46,29,0,338,13,41,0,203,1,376,514,17
2021/2022,lyttelton,city of tshwane,city of tshwane,28.19868,-25.83904,831,1,63,17,2,0,222,542,45,891,284,122,7,80,93,32,4,162,6,32,58,39,0,375,13,48,2,202,0,371,534,31
2022/2023,lyttelton,city of tshwane,city of tshwane,28.19868,-25.83904,1050,1,68,15,4,0,297,568,54,1197,302,105,7,84,127,35,15,158,9,26,41,42,0,341,22,53,5,186,0,314,499,27
2023/2024,lyttelton,tshwane district,tshwane district,28.19868,-25.83904,0,0,0,0,0,0,0,478,55,0,0,0,0,0,0,0,0,0,0,0,0,47,0,0,0,0,0,0,0,382,489,0
2024/2025,lyttelton,tshwane district,tshwane district,28.19868,-25.83904,0,0,0,0,0,0,0,336,35,0,0,0,0,0,0,0,0,0,0,0,0,31,0,0,0,0,0,0,0,376,516,0
2008/2009,maake,maruleng,mopani,30.27092,-23.9731,219,10,289,14,6,0,177,228,6,91,188,87,7,41,62,18,1,132,19,103,18,12,0,57,2,112,0,22,14,15,37,0
2009/2010,maake,maruleng,mopani,30.27092,-23.9731,155,23,317,29,5,0,155,244,4,92,185,82,6,99,71,16,1,134,29,119,11,24,0,53,2,126,0,100,18,17,31,0
2010/2011,maake,maruleng,mopani,30.27092,-23.9731,183,15,338,26,3,0,113,223,3,62,174,72,7,83,53,8,1,120,26,120,23,18,0,62,2,126,0,73,18,15,31,0
2011/2012,maake,maruleng,mopani,30.27092,-23.9731,224,14,353,17,2,0,169,305,2,110,230,69,6,15,107,24,1,142,27,129,32,28,0,79,7,138,0,58,22,17,57,0
2012/2013,maake,maruleng,mopani,30.27092,-23.9731,211,14,321,30,6,0,184,327,7,156,192,93,5,34,155,6,1,186,22,145,40,37,0,107,10,164,0,60,31,17,71,0
2013/2014,maake,maruleng,mopani,30.27092,-23.9731,232,27,295,25,1,0,192,287,12,125,200,67,4,11,189,9,14,141,27,122,54,29,0,161,8,133,0,62,30,16,96,0
2014/2015,maake,maruleng,mopani,30.27092,-23.9731,217,13,297,27,3,0,175,311,22,71,231,75,4,30,224,9,17,165,28,124,61,22,1,187,9,138,0,92,25,11,94,0
2015/2016,maake,maruleng,mopani,30.27092,-23.9731,202,12,375,44,0,0,177,410,22,85,241,98,4,44,177,9,17,168,35,112,77,28,1,233,7,121,0,67,32,12,87,1
2016/2017,maake,maruleng,mopani,30.27092,-23.9731,213,15,345,25,2,0,198,325,19,81,181,78,7,46,217,13,37,178,24,91,57,18,0,171,4,98,0,73,25,16,90,0
2017/2018,maake,maruleng,mopani,30.27092,-23.9731,179,12,318,30,2,0,172,275,22,78,181,75,7,52,212,20,28,165,21,107,68,34,0,195,5,115,0,78,26,18,64,0
2018/2019,maake,maruleng,mopani,30.27092,-23.9731,118,0,110,1,0,0,29,55,0,4,118,12,6,19,338,6,13,38,2,17,0,0,0,3,4,21,0,0,42,1,8,0
2019/2020,maake,maruleng,mopani,30.27092,-23.9731,109,1,115,1,0,0,11,33,0,0,115,7,5,11,313,3,13,49,4,6,0,0,0,5,10,19,0,1,45,0,21,0
2020/2021,maake,maruleng,mopani,30.27092,-23.9731,124,2,80,23,1,0,19,40,0,3,109,7,6,7,179,0,13,42,4,12,1,1,0,10,3,16,0,0,45,0,18,0
2021/2022,maake,maruleng,mopani,30.27092,-23.9731,111,0,131,4,1,0,20,48,0,4,87,1,6,4,119,2,13,42,4,17,1,0,0,5,5,23,0,0,22,0,7,0
2022/2023,maake,maruleng,mopani,30.27092,-23.9731,127,3,88,2,0,0,26,71,0,9,111,7,6,3,118,1,12,47,3,12,2,0,0,8,8,20,0,1,29,0,23,0
2023/2024,maake,mopani district,mopani district,30.27092,-23.9731,0,0,0,0,0,0,0,329,14,0,0,0,0,0,0,0,0,0,0,0,0,42,0,0,0,0,0,0,0,12,40,0
2024/2025,maake,mopani district,mopani district,30.27092,-23.9731,0,0,0,0,0,0,0,317,11,0,0,0,0,0,0,0,0,0,0,0,0,40,0,0,0,0,0,0,0,11,47,0
2008/2009,maartenshoop,thaba chweu,ehlanzeni,30.234,-24.99079,71,0,5,0,1,0,5,17,0,1,13,2,6,0,0,0,1,21,0,0,1,2,0,5,0,1,0,0,21,3,2,0
2009/2010,maartenshoop,thaba chweu,ehlanzeni,30.234,-24.99079,47,1,14,0,0,0,3,21,0,1,6,1,7,1,0,0,1,13,1,0,0,0,0,2,0,1,0,0,21,0,0,0
2010/2011,maartenshoop,thaba chweu,ehlanzeni,30.234,-24.99079,32,1,8,6,0,0,7,2,0,1,8,2,6,2,17,1,1,4,0,2,0,0,0,1,0,2,0,0,16,0,1,0
2011/2012,maartenshoop,thaba chweu,ehlanzeni,30.234,-24.99079,17,0,6,1,0,0,3,7,0,1,4,0,6,2,57,0,1,6,0,0,0,1,0,1,0,0,0,0,12,2,1,0
2012/2013,maartenshoop,thaba chweu,ehlanzeni,30.234,-24.99079,9,1,7,0,0,0,2,9,0,1,2,0,6,1,56,0,1,3,0,0,0,0,0,1,0,0,0,0,12,4,1,0
2013/2014,maartenshoop,thaba chweu,ehlanzeni,30.234,-24.99079,13,0,8,2,0,0,1,7,0,1,6,1,6,0,35,0,13,3,0,0,0,0,0,0,0,0,0,0,10,0,0,0
2014/2015,maartenshoop,thaba chweu,ehlanzeni,30.234,-24.99079,16,0,8,0,0,0,2,7,0,0,6,0,6,0,38,0,13,4,0,0,0,0,0,0,0,0,1,0,19,1,1,0
2015/2016,maartenshoop,thaba chweu,ehlanzeni,30.234,-24.99079,16,5,12,2,0,0,2,9,1,0,8,1,6,0,16,0,12,11,0,0,0,1,0,2,0,0,0,0,34,4,0,0
2016/2017,maartenshoop,thaba chweu,ehlanzeni,30.234,-24.99079,31,1,10,0,4,0,3,14,0,1,10,1,6,1,25,2,13,11,1,1,0,0,0,0,0,5,0,0,27,0,1,0
2017/2018,maartenshoop,thaba chweu,ehlanzeni,30.234,-24.99079,27,0,10,1,1,0,9,10,0,0,17,0,6,0,47,0,13,8,0,1,0,0,0,2,0,2,0,0,24,1,2,0
2018/2019,maartenshoop,thaba chweu,ehlanzeni,30.234,-24.99079,37,0,12,1,0,0,4,20,0,2,14,4,6,2,26,0,12,11,0,1,1,1,0,5,0,1,0,0,33,1,7,0
2019/2020,maartenshoop,thaba chweu,ehlanzeni,30.234,-24.99079,37,1,11,0,0,0,7,19,0,0,12,6,6,4,19,1,13,15,0,1,0,1,0,8,0,1,1,0,23,2,3,1
2020/2021,maartenshoop,thaba chweu,ehlanzeni,30.234,-24.99079,22,1,10,0,0,0,14,19,0,1,9,3,6,2,12,0,13,8,1,2,1,0,0,4,1,3,0,0,30,1,4,0
2021/2022,maartenshoop,thaba chweu,ehlanzeni,30.234,-24.99079,27,1,19,4,0,0,12,21,0,0,19,2,6,4,2,1,12,25,1,3,3,2,0,7,3,6,0,0,19,0,5,0
2022/2023,maartenshoop,thaba chweu,ehlanzeni,30.234,-24.99079,23,2,17,0,0,0,7,16,0,2,14,1,6,1,11,0,13,11,0,5,1,2,0,7,0,5,0,0,24,1,6,0
2023/2024,maartenshoop,ehlanzeni district,ehlanzeni district,30.234,-24.99079,0,0,0,0,0,0,0,4,2,0,0,0,0,0,0,0,0,0,0,0,0,2,0,0,0,0,0,0,0,1,7,0
2024/2025,maartenshoop,ehlanzeni district,ehlanzeni district,30.234,-24.99079,0,0,0,0,0,0,0,9,0,0,0,0,0,0,0,0,0,0,0,0,0,3,0,0,0,0,0,0,0,1,4,0
2023/2024,mabeskraal,bojanala district,bojanala district,,,0,0,0,0,0,0,0,55,0,0,0,0,0,0,0,0,0,0,0,0,0,5,0,0,0,0,0,0,0,2,5,0
2024/2025,mabeskraal,bojanala district,bojanala district,,,0,0,0,0,0,0,0,52,0,0,0,0,0,0,0,0,0,0,0,0,0,2,0,0,0,0,0,0,0,3,3,0
2008/2009,mabopane,city of tshwane,city of tshwane,28.0575,-25.511,435,17,453,37,18,0,63,524,77,55,271,109,17,53,172,26,1,186,34,92,22,49,3,284,4,123,0,113,2,71,139,2
2009/2010,mabopane,city of tshwane,city of tshwane,28.0575,-25.511,477,10,401,34,9,0,65,536,86,64,286,83,16,36,247,29,1,197,15,101,19,22,1,228,5,125,0,106,5,76,197,0
2010/2011,mabopane,city of tshwane,city of tshwane,28.0575,-25.511,505,16,387,34,9,0,74,464,62,94,316,66,12,45,304,38,1,192,16,63,25,22,0,198,1,80,0,97,2,66,177,1
2011/2012,mabopane,city of tshwane,city of tshwane,28.0575,-25.511,537,15,448,29,8,0,86,452,50,90,275,71,5,41,703,30,1,157,15,60,22,27,0,210,3,74,1,77,6,37,192,0
2012/2013,mabopane,city of tshwane,city of tshwane,28.0575,-25.511,531,11,332,28,4,0,64,485,75,144,260,53,5,57,991,22,1,163,16,79,26,33,0,251,10,96,4,76,0,79,205,0
2013/2014,mabopane,city of tshwane,city of tshwane,28.0575,-25.511,630,13,344,33,2,0,63,474,79,115,235,74,4,79,1044,23,2,162,17,61,20,33,1,269,2,67,2,90,1,77,211,0
2014/2015,mabopane,city of tshwane,city of tshwane,28.0575,-25.511,522,12,383,46,5,0,64,541,71,92,286,99,4,32,459,23,27,169,24,90,43,34,0,342,4,101,0,75,4,68,227,0
2015/2016,mabopane,city of tshwane,city of tshwane,28.0575,-25.511,433,5,293,50,0,0,74,530,70,80,238,94,6,91,282,34,27,169,14,68,66,40,0,362,4,72,1,65,1,87,210,0
2016/2017,mabopane,city of tshwane,city of tshwane,28.0575,-25.511,300,7,232,32,2,0,103,539,64,88,176,88,7,43,329,30,14,140,17,69,48,45,0,332,6,78,0,52,4,71,207,0
2017/2018,mabopane,city of tshwane,city of tshwane,28.0575,-25.511,334,2,253,26,5,0,80,468,80,78,248,83,6,48,420,24,26,152,17,74,62,86,1,404,10,89,0,65,5,66,187,0
2018/2019,mabopane,city of tshwane,city of tshwane,28.0575,-25.511,381,1,261,20,0,0,76,485,62,55,324,75,7,77,540,28,3,170,14,66,44,91,0,415,4,71,0,69,3,66,223,0
2019/2020,mabopane,city of tshwane,city of tshwane,28.0575,-25.511,424,0,248,40,2,0,101,436,96,62,322,78,9,67,612,13,37,171,16,76,54,49,0,428,8,91,1,62,8,68,161,0
2020/2021,mabopane,city of tshwane,city of tshwane,28.0575,-25.511,339,5,233,34,3,0,123,230,57,60,273,81,4,30,181,27,3,134,13,57,53,38,1,365,8,70,0,96,4,22,128,0
2021/2022,mabopane,city of tshwane,city of tshwane,28.0575,-25.511,418,3,286,57,0,0,66,329,135,123,440,93,5,48,310,20,97,229,38,83,66,40,0,504,15,101,2,89,1,33,117,1
2022/2023,mabopane,city of tshwane,city of tshwane,28.0575,-25.511,512,0,288,53,1,0,77,349,182,131,516,89,7,91,386,31,73,248,29,61,44,93,3,604,14,77,0,114,8,36,96,13
2023/2024,mabopane,tshwane district,tshwane district,28.0575,-25.511,0,0,0,0,0,0,0,372,127,0,0,0,0,0,0,0,0,0,0,0,0,61,0,0,0,0,0,0,0,22,116,0
2024/2025,mabopane,tshwane district,tshwane district,28.0575,-25.511,0,0,0,0,0,0,0,311,111,0,0,0,0,0,0,0,0,0,0,0,0,117,0,0,0,0,0,0,0,30,116,0
2008/2009,macassar,city of cape town,city of cape town,18.76276,-34.06112,623,5,171,4,3,0,34,278,8,15,272,96,11,52,198,9,1,195,11,28,3,3,0,40,7,46,0,3,2,12,138,0
2009/2010,macassar,city of cape town,city of cape town,18.76276,-34.06112,569,4,200,5,3,0,24,241,3,8,278,104,8,98,227,8,1,182,3,40,2,2,0,47,13,60,0,44,5,15,193,0
2010/2011,macassar,city of cape town,city of cape town,18.76276,-34.06112,494,3,149,4,1,0,28,299,4,14,280,55,4,147,374,12,1,177,5,38,2,1,0,53,11,52,0,65,5,13,165,0
2011/2012,macassar,city of cape town,city of cape town,18.76276,-34.06112,481,3,170,3,2,0,25,286,5,16,220,73,8,165,452,8,1,169,9,22,5,1,0,55,15,43,3,58,2,21,165,0
2012/2013,macassar,city of cape town,city of cape town,18.76276,-34.06112,466,4,154,8,2,0,21,283,0,24,225,68,5,105,457,19,1,196,13,32,9,1,0,76,6,43,0,103,2,13,132,0
2013/2014,macassar,city of cape town,city of cape town,18.76276,-34.06112,487,8,185,10,3,0,26,310,1,14,231,86,7,104,538,6,13,231,9,19,7,7,0,104,10,33,1,71,1,13,152,0
2014/2015,macassar,city of cape town,city of cape town,18.76276,-34.06112,654,4,218,12,0,0,44,292,2,11,281,59,8,111,603,8,21,276,20,22,12,7,0,157,4,30,1,60,3,8,191,1
2015/2016,macassar,city of cape town,city of cape town,18.76276,-34.06112,815,4,302,16,3,0,61,310,12,21,479,61,5,113,761,25,21,320,12,35,13,4,0,147,5,46,1,45,4,11,130,0
2016/2017,macassar,city of cape town,city of cape town,18.76276,-34.06112,589,1,208,22,2,0,51,263,14,15,432,71,5,101,1018,22,21,267,19,17,15,3,0,141,7,29,36,38,2,14,127,0
2017/2018,macassar,city of cape town,city of cape town,18.76276,-34.06112,457,6,204,15,1,0,28,298,6,18,388,51,5,86,1001,23,13,304,26,26,5,6,1,107,14,44,26,26,5,9,112,1
2018/2019,macassar,city of cape town,city of cape town,18.76276,-34.06112,531,3,242,9,0,0,23,314,6,29,363,62,7,84,610,9,21,253,18,19,6,8,0,161,8,28,9,35,3,15,129,0
2019/2020,macassar,city of cape town,city of cape town,18.76276,-34.06112,425,4,261,8,0,0,26,281,6,36,389,68,7,62,151,8,12,235,13,20,15,8,1,117,15,36,1,53,4,8,92,1
2020/2021,macassar,city of cape town,city of cape town,18.76276,-34.06112,307,5,197,13,0,0,26,137,6,40,281,35,4,20,99,11,13,189,13,31,14,7,0,71,16,49,2,26,3,8,51,1
2021/2022,macassar,city of cape town,city of cape town,18.76276,-34.06112,377,7,268,11,1,0,26,189,12,71,314,41,4,31,212,10,2,255,18,27,14,5,0,111,14,44,0,26,0,14,70,2
2022/2023,macassar,city of cape town,city of cape town,18.76276,-34.06112,414,2,292,19,3,0,24,169,16,69,389,78,5,39,214,12,23,298,19,39,17,9,0,133,10,55,2,53,4,16,88,2
2023/2024,macassar,city of cape town district,city of cape town district,18.76276,-34.06112,0,0,0,0,0,0,0,214,14,0,0,0,0,0,0,0,0,0,0,0,0,8,0,0,0,0,0,0,0,8,91,0
2024/2025,macassar,city of cape town district,city of cape town district,18.76276,-34.06112,0,0,0,0,0,0,0,151,16,0,0,0,0,0,0,0,0,0,0,0,0,4,0,0,0,0,0,0,0,19,123,0
2008/2009,machadodorp,emakhazeni,nkangala,30.25328,-25.66843,108,2,63,1,6,0,23,78,1,12,57,14,6,4,4,1,1,37,3,14,1,2,0,8,0,20,0,5,18,3,4,0
2009/2010,machadodorp,emakhazeni,nkangala,30.25328,-25.66843,120,3,73,6,4,0,7,91,0,16,59,6,7,6,7,1,1,51,3,6,1,0,0,4,1,12,0,2,26,8,9,0
2010/2011,machadodorp,emakhazeni,nkangala,30.25328,-25.66843,71,0,42,4,1,0,7,77,0,17,38,10,4,19,19,0,1,27,0,11,3,0,0,7,2,16,0,7,17,11,9,0
2011/2012,machadodorp,emakhazeni,nkangala,30.25328,-25.66843,45,0,22,0,0,0,9,54,1,12,10,2,7,31,27,3,1,14,0,10,4,1,0,7,1,12,1,0,30,11,8,0
2012/2013,machadodorp,emakhazeni,nkangala,30.25328,-25.66843,41,0,27,1,3,0,5,62,2,15,19,3,6,50,44,9,1,11,2,6,2,2,0,8,1,10,0,0,22,6,9,0
2013/2014,machadodorp,emakhazeni,nkangala,30.25328,-25.66843,39,1,14,2,2,0,15,66,0,11,13,3,6,53,61,10,13,11,1,7,2,3,0,7,1,10,0,2,13,2,11,0
2014/2015,machadodorp,emakhazeni,nkangala,30.25328,-25.66843,61,0,18,2,0,0,19,42,1,19,19,2,6,23,72,10,12,16,0,6,2,1,1,7,1,7,0,1,19,10,15,1
2015/2016,machadodorp,emakhazeni,nkangala,30.25328,-25.66843,69,2,26,2,0,0,23,66,0,17,26,1,6,27,47,4,13,15,1,1,4,2,0,8,2,3,0,0,13,11,18,1
2016/2017,machadodorp,emakhazeni,nkangala,30.25328,-25.66843,58,3,42,4,1,0,40,82,0,18,31,4,6,17,50,4,12,19,2,4,3,5,0,27,0,5,0,0,28,5,14,0
2017/2018,machadodorp,emakhazeni,nkangala,30.25328,-25.66843,48,0,26,1,0,0,29,45,1,14,26,5,6,28,66,1,12,17,3,1,1,2,0,8,0,1,0,0,27,5,13,2
2018/2019,machadodorp,emakhazeni,nkangala,30.25328,-25.66843,59,4,32,1,0,0,28,61,0,7,16,2,6,23,29,2,13,13,3,3,5,1,0,8,1,4,0,1,31,6,21,0
2019/2020,machadodorp,emakhazeni,nkangala,30.25328,-25.66843,37,0,37,0,0,0,40,49,0,9,20,2,6,40,11,3,13,21,4,3,6,3,0,11,3,6,0,0,13,15,33,0
2020/2021,machadodorp,emakhazeni,nkangala,30.25328,-25.66843,25,0,27,6,0,0,25,45,1,13,26,4,6,7,9,6,12,16,5,6,7,4,0,16,1,7,0,1,27,3,10,0
2021/2022,machadodorp,emakhazeni,nkangala,30.25328,-25.66843,35,2,30,3,0,0,22,33,1,16,29,3,6,6,8,4,17,21,1,6,1,3,1,10,1,7,0,0,22,6,10,0
2022/2023,machadodorp,emakhazeni,nkangala,30.25328,-25.66843,23,4,34,2,0,0,27,47,2,25,34,6,6,1,12,2,12,11,2,3,1,0,0,9,1,4,0,1,33,2,18,1
2023/2024,machadodorp,nkangala district,nkangala district,30.25328,-25.66843,0,0,0,0,0,0,0,54,0,0,0,0,0,0,0,0,0,0,0,0,0,0,0,0,0,0,0,0,0,2,24,0
2024/2025,machadodorp,nkangala district,nkangala district,30.25328,-25.66843,0,0,0,0,0,0,0,43,1,0,0,0,0,0,0,0,0,0,0,0,0,3,0,0,0,0,0,0,0,3,12,0
2008/2009,macleantown,buffalo city,buffalo city,27.74466,-32.78686,43,4,59,5,3,0,0,30,0,0,17,4,4,3,10,1,1,20,14,17,3,5,0,13,1,23,0,0,20,0,1,0
2009/2010,macleantown,buffalo city,buffalo city,27.74466,-32.78686,30,2,50,6,1,0,1,52,0,1,18,0,7,8,7,0,1,15,7,14,1,2,0,5,0,16,0,0,25,0,4,0
2010/2011,macleantown,buffalo city,buffalo city,27.74466,-32.78686,27,0,41,3,2,0,3,54,0,1,13,6,6,0,11,2,1,18,7,7,0,1,0,5,0,9,0,0,23,1,4,0
2011/2012,macleantown,buffalo city,buffalo city,27.74466,-32.78686,40,1,43,1,3,0,1,52,0,0,8,4,6,3,8,1,1,14,12,13,1,0,0,9,1,17,0,0,14,1,3,0
2012/2013,macleantown,buffalo city,buffalo city,27.74466,-32.78686,14,0,34,2,1,0,7,21,0,0,4,3,6,0,11,1,1,7,5,14,1,2,0,8,1,16,0,0,13,2,5,0
2013/2014,macleantown,buffalo city,buffalo city,27.74466,-32.78686,14,6,28,2,0,0,5,23,1,0,5,2,6,3,19,1,13,9,8,16,2,2,0,8,0,16,0,0,15,4,2,0
2014/2015,macleantown,buffalo city,buffalo city,27.74466,-32.78686,19,4,31,6,0,0,18,15,1,0,5,0,6,0,12,0,13,8,9,20,5,3,0,18,1,21,0,0,15,1,2,0
2015/2016,macleantown,buffalo city,buffalo city,27.74466,-32.78686,14,0,46,6,2,0,6,28,2,0,11,4,6,3,16,0,21,21,12,17,2,0,1,13,2,21,0,0,20,0,0,0
2016/2017,macleantown,buffalo city,buffalo city,27.74466,-32.78686,20,0,30,3,0,0,6,25,1,1,7,0,6,5,17,0,13,12,7,5,3,5,0,14,3,8,0,0,20,0,2,0
2017/2018,macleantown,buffalo city,buffalo city,27.74466,-32.78686,27,0,30,2,2,0,5,20,2,0,9,1,6,2,18,0,13,19,10,17,6,3,0,18,3,22,0,0,27,2,4,0
2018/2019,macleantown,buffalo city,buffalo city,27.74466,-32.78686,17,0,41,3,3,0,5,34,0,2,7,0,6,2,7,0,13,22,7,17,4,3,0,17,0,20,0,0,39,1,4,2
2019/2020,macleantown,buffalo city,buffalo city,27.74466,-32.78686,28,3,47,6,3,0,5,32,1,3,8,2,6,1,3,1,13,10,7,13,4,1,0,17,1,17,0,0,31,1,4,0
2020/2021,macleantown,buffalo city,buffalo city,27.74466,-32.78686,28,1,39,5,3,0,7,34,2,5,12,1,7,1,1,1,13,33,6,15,0,5,0,13,0,19,0,0,35,1,1,0
2021/2022,macleantown,buffalo city,buffalo city,27.74466,-32.78686,48,0,33,5,0,0,3,39,2,2,7,0,6,2,2,0,13,22,5,7,1,2,0,13,1,8,0,0,13,0,2,0
2022/2023,macleantown,buffalo city,buffalo city,27.74466,-32.78686,61,0,33,3,0,0,8,37,0,4,11,2,6,0,2,0,13,22,6,6,12,2,0,22,0,6,0,0,16,0,2,0
2023/2024,macleantown,buffalo city district,buffalo city district,27.74466,-32.78686,0,0,0,0,0,0,0,32,0,0,0,0,0,0,0,0,0,0,0,0,0,1,0,0,0,0,0,0,0,0,4,0
2024/2025,macleantown,buffalo city district,buffalo city district,27.74466,-32.78686,0,0,0,0,0,0,0,46,2,0,0,0,0,0,0,0,0,0,0,0,0,3,0,0,0,0,0,0,0,1,1,0
2008/2009,maclear,,,,,48,0,60,3,3,0,18,62,0,7,29,9,7,4,11,3,1,20,7,8,7,1,1,20,1,13,0,46,24,4,5,0
2009/2010,maclear,,,,,84,2,91,8,3,0,20,94,1,9,38,10,8,11,16,4,1,22,18,24,5,6,0,24,4,35,0,49,47,5,4,0
2010/2011,maclear,,,,,98,1,101,4,0,0,23,121,0,4,34,16,7,31,17,8,1,40,17,20,5,8,0,21,6,27,0,51,55,17,6,0
2011/2012,maclear,,,,,98,3,151,11,1,0,13,108,3,11,45,24,7,12,8,6,1,31,19,31,9,7,0,41,4,37,0,40,53,10,16,1
2012/2013,maclear,,,,,83,2,108,2,3,0,27,102,0,7,35,11,7,43,21,11,1,18,22,31,20,6,0,40,3,38,0,13,71,10,15,0
2013/2014,maclear,,,,,72,3,107,2,1,0,31,93,1,13,39,10,4,10,14,13,21,28,18,28,17,14,0,42,3,34,1,37,60,3,20,0
2014/2015,maclear,,,,,73,1,103,9,1,0,37,119,0,12,25,12,6,16,18,6,23,33,17,33,14,10,0,40,0,34,0,25,76,15,28,0
2015/2016,maclear,,,,,52,2,133,4,1,0,45,86,0,21,22,13,4,8,16,6,23,44,23,45,23,6,0,52,2,50,1,19,71,4,24,0
2016/2017,maclear,,,,,67,13,127,6,2,0,46,65,0,22,33,15,7,2,30,7,13,52,21,40,24,7,0,60,1,44,0,13,68,10,23,1
2017/2018,maclear,,,,,83,3,126,9,0,0,44,95,2,25,32,15,7,6,34,8,13,48,26,42,21,9,0,50,1,44,0,11,70,7,16,0
2018/2019,maclear,,,,,71,0,123,16,1,0,54,103,2,11,24,13,7,12,42,11,23,34,22,34,22,11,1,54,7,43,0,10,92,5,11,0
2019/2020,maclear,,,,,75,1,93,15,2,0,33,120,0,11,30,3,6,16,31,10,12,29,18,34,10,10,0,29,4,40,0,16,90,2,17,0
2020/2021,maclear,,,,,67,1,119,14,1,0,22,102,2,9,38,9,6,13,34,4,21,30,17,39,7,4,1,21,3,43,0,6,65,7,11,0
2021/2022,maclear,,,,,67,0,127,12,1,0,24,129,1,8,54,9,6,22,36,10,12,39,25,32,5,10,0,30,5,38,0,13,87,7,12,0
2022/2023,maclear,,,,,82,0,108,8,1,0,33,91,9,13,65,10,6,33,37,7,14,44,24,28,5,12,2,42,4,33,0,5,112,7,20,0
2008/2009,madadeni,newcastle,amajuba,30.02664,-27.762,191,9,425,27,4,0,83,402,10,79,208,84,5,126,149,29,1,150,30,106,11,21,0,114,21,134,0,137,31,58,82,0
2009/2010,madadeni,newcastle,amajuba,30.02664,-27.762,236,10,440,25,5,0,104,476,13,44,289,90,9,250,233,33,1,154,24,109,16,32,2,176,19,138,0,96,25,52,84,0
2010/2011,madadeni,newcastle,amajuba,30.02664,-27.762,241,11,438,14,1,0,118,436,10,51,294,84,7,266,291,19,1,141,31,121,23,26,0,173,15,138,0,112,31,42,99,0
2011/2012,madadeni,newcastle,amajuba,30.02664,-27.762,308,13,498,14,5,0,104,434,13,45,400,105,4,309,349,24,1,151,32,128,20,19,0,213,18,153,0,112,30,27,168,0
2012/2013,madadeni,newcastle,amajuba,30.02664,-27.762,318,9,521,11,3,0,71,565,7,57,508,128,9,243,370,14,1,190,35,134,24,25,0,225,9,151,1,187,46,38,127,0
2013/2014,madadeni,newcastle,amajuba,30.02664,-27.762,449,9,612,22,6,0,92,709,10,87,539,136,8,80,234,12,22,205,41,124,31,38,0,313,17,151,1,236,34,45,146,0
2014/2015,madadeni,newcastle,amajuba,30.02664,-27.762,453,11,677,25,7,0,103,662,12,122,622,185,7,98,249,21,37,239,52,119,79,50,0,479,12,139,0,239,46,61,195,0
2015/2016,madadeni,newcastle,amajuba,30.02664,-27.762,395,13,671,41,7,0,79,621,13,127,600,188,5,123,298,14,36,237,60,106,48,38,0,507,18,134,0,273,53,51,126,0
2016/2017,madadeni,newcastle,amajuba,30.02664,-27.762,377,14,619,29,7,0,124,597,9,156,519,166,6,356,444,29,26,236,62,122,52,34,0,363,10,139,0,210,51,40,89,0
2017/2018,madadeni,newcastle,amajuba,30.02664,-27.762,408,9,661,17,6,0,80,519,10,167,606,146,7,433,436,25,26,194,53,106,25,21,3,317,10,123,0,181,60,61,82,2
2018/2019,madadeni,newcastle,amajuba,30.02664,-27.762,390,10,676,21,1,0,80,667,8,186,582,124,4,374,302,9,36,251,39,98,11,36,0,243,16,117,0,230,70,51,84,0
2019/2020,madadeni,newcastle,amajuba,30.02664,-27.762,464,9,708,24,0,0,91,705,8,203,608,137,6,325,249,13,27,220,44,130,26,32,0,288,19,149,0,268,66,40,70,0
2020/2021,madadeni,newcastle,amajuba,30.02664,-27.762,433,11,637,34,0,0,88,544,6,208,690,104,7,100,213,13,38,236,50,108,11,45,0,241,10,119,0,132,64,25,76,0
2021/2022,madadeni,newcastle,amajuba,30.02664,-27.762,452,16,727,22,0,0,209,480,8,180,708,113,5,212,194,36,44,318,59,146,16,40,0,260,18,167,0,134,68,37,51,0
2022/2023,madadeni,newcastle,amajuba,30.02664,-27.762,458,6,709,29,0,0,48,444,7,200,725,102,6,57,305,36,18,250,70,130,15,37,0,248,18,148,0,192,45,25,54,0
2023/2024,madadeni,amajuba district,amajuba district,30.02664,-27.762,0,0,0,0,0,0,0,362,3,0,0,0,0,0,0,0,0,0,0,0,0,19,0,0,0,0,0,0,0,14,66,0
2024/2025,madadeni,amajuba district,amajuba district,30.02664,-27.762,0,0,0,0,0,0,0,332,3,0,0,0,0,0,0,0,0,0,0,0,0,42,0,0,0,0,0,0,0,22,70,0
2008/2009,madeira,king sabata dalindyebo,o.r.tambo,28.78971,-31.58703,0,0,0,0,0,0,0,0,0,0,0,0,6,0,0,0,1,0,0,0,0,0,0,0,0,0,0,0,0,0,0,0
2009/2010,madeira,king sabata dalindyebo,o.r.tambo,28.78971,-31.58703,0,0,0,0,0,0,0,0,0,0,0,0,6,0,0,0,1,0,0,0,0,0,0,0,0,0,0,0,0,0,0,0
2010/2011,madeira,king sabata dalindyebo,o.r.tambo,28.78971,-31.58703,0,0,0,0,0,0,0,0,0,0,0,0,6,0,0,0,1,0,0,0,0,0,0,0,0,0,0,0,0,0,0,0
2011/2012,madeira,king sabata dalindyebo,o.r.tambo,28.78971,-31.58703,0,0,0,0,0,0,0,0,0,0,0,0,6,0,0,0,1,0,0,0,0,0,0,0,0,0,0,0,0,0,0,0
2012/2013,madeira,king sabata dalindyebo,o.r.tambo,28.78971,-31.58703,0,0,0,0,0,0,0,0,0,0,0,0,6,0,0,0,1,0,0,0,0,0,0,0,0,0,0,0,0,0,0,0
2013/2014,madeira,king sabata dalindyebo,o.r.tambo,28.78971,-31.58703,175,19,227,44,8,0,52,171,3,17,86,23,9,9,92,57,17,106,53,119,36,28,0,126,3,135,1,3,74,15,30,2
2014/2015,madeira,king sabata dalindyebo,o.r.tambo,28.78971,-31.58703,588,3,153,31,3,0,203,107,26,460,134,88,5,14,165,26,43,180,39,56,24,8,0,354,3,65,0,333,5,87,580,2
2015/2016,madeira,king sabata dalindyebo,o.r.tambo,28.78971,-31.58703,316,3,158,27,1,0,148,83,28,373,182,53,6,99,210,42,24,93,37,41,38,10,0,237,4,46,0,303,1,86,360,1
2016/2017,madeira,king sabata dalindyebo,o.r.tambo,28.78971,-31.58703,405,4,157,23,1,0,128,145,29,456,149,75,7,56,263,57,22,168,49,51,48,9,0,268,1,54,0,268,8,89,510,1
2017/2018,madeira,king sabata dalindyebo,o.r.tambo,28.78971,-31.58703,434,8,183,21,1,0,165,145,30,454,152,66,7,25,337,34,22,144,55,32,76,14,0,343,3,37,2,278,2,109,505,3
2018/2019,madeira,king sabata dalindyebo,o.r.tambo,28.78971,-31.58703,400,10,203,28,0,0,183,154,37,529,178,147,7,24,174,49,28,228,50,43,128,15,13,391,3,47,0,226,2,99,722,1
2019/2020,madeira,king sabata dalindyebo,o.r.tambo,28.78971,-31.58703,410,5,155,25,2,0,117,146,37,446,147,91,6,47,135,33,43,148,53,52,135,12,2,493,5,59,2,192,3,77,483,2
2020/2021,madeira,king sabata dalindyebo,o.r.tambo,28.78971,-31.58703,313,5,132,18,0,0,70,143,26,370,133,75,7,60,198,43,22,83,38,39,90,10,1,395,8,48,0,124,1,57,381,0
2021/2022,madeira,king sabata dalindyebo,o.r.tambo,28.78971,-31.58703,344,5,123,24,3,0,79,110,51,485,197,81,6,209,132,31,37,113,47,66,107,9,0,519,8,77,2,110,0,98,392,2
2022/2023,madeira,king sabata dalindyebo,o.r.tambo,28.78971,-31.58703,341,1,148,35,1,0,78,118,56,531,197,107,6,36,106,41,30,108,55,49,109,16,3,548,7,57,0,141,0,94,384,2
2023/2024,madeira,or tambo district,or tambo district,28.78971,-31.58703,0,0,0,0,0,0,0,96,50,0,0,0,0,0,0,0,0,0,0,0,0,18,0,0,0,0,0,0,0,64,278,0
2024/2025,madeira,or tambo district,or tambo district,28.78971,-31.58703,0,0,0,0,0,0,0,60,52,0,0,0,0,0,0,0,0,0,0,0,0,7,0,0,0,0,0,0,0,52,233,0
2008/2009,madibogo,ratlou,ngaka modiri molema,25.1507,-26.42189,33,2,109,2,5,0,13,48,0,3,24,15,6,4,22,2,1,22,2,32,2,1,0,12,1,38,0,0,32,1,6,0
2009/2010,madibogo,ratlou,ngaka modiri molema,25.1507,-26.42189,19,4,119,3,9,0,42,47,0,5,25,17,4,0,26,3,1,22,4,28,6,1,0,13,2,41,0,0,38,1,4,0
2010/2011,madibogo,ratlou,ngaka modiri molema,25.1507,-26.42189,31,5,117,3,2,0,32,53,0,5,27,12,4,0,10,3,1,18,2,27,6,2,0,10,4,35,0,0,21,1,3,0
2011/2012,madibogo,ratlou,ngaka modiri molema,25.1507,-26.42189,28,3,145,2,3,0,36,48,0,7,26,17,4,2,18,2,1,34,7,33,15,1,0,27,8,46,0,0,25,2,6,0
2012/2013,madibogo,ratlou,ngaka modiri molema,25.1507,-26.42189,26,4,175,7,2,0,34,37,0,2,34,9,4,1,14,4,1,31,6,44,15,4,0,28,7,55,0,0,23,2,9,0
2013/2014,madibogo,ratlou,ngaka modiri molema,25.1507,-26.42189,43,0,173,1,6,0,37,48,0,1,36,8,6,0,9,3,21,28,4,30,18,2,0,28,1,37,0,0,21,0,5,0
2014/2015,madibogo,ratlou,ngaka modiri molema,25.1507,-26.42189,35,5,184,3,5,0,39,57,0,2,34,14,7,0,8,1,12,32,5,47,10,2,0,20,2,55,0,0,20,2,8,0
2015/2016,madibogo,ratlou,ngaka modiri molema,25.1507,-26.42189,40,6,210,1,3,0,49,51,0,10,25,7,6,0,3,3,12,26,8,47,16,1,0,21,1,51,0,1,19,8,1,0
2016/2017,madibogo,ratlou,ngaka modiri molema,25.1507,-26.42189,56,4,239,3,2,0,43,53,1,32,35,11,8,0,11,5,12,43,12,47,21,2,0,42,2,55,0,0,30,0,6,0
2017/2018,madibogo,ratlou,ngaka modiri molema,25.1507,-26.42189,39,6,204,1,2,0,31,61,0,4,36,19,5,1,20,1,21,32,7,34,14,4,0,34,4,43,0,1,50,1,9,0
2018/2019,madibogo,ratlou,ngaka modiri molema,25.1507,-26.42189,41,1,168,4,0,0,40,69,0,1,30,19,6,2,14,3,12,28,8,35,9,4,0,25,4,39,0,0,49,0,5,0
2019/2020,madibogo,ratlou,ngaka modiri molema,25.1507,-26.42189,25,2,137,2,1,0,41,51,0,1,44,21,6,0,2,3,13,30,3,49,22,11,0,46,4,54,0,1,44,4,8,0
2020/2021,madibogo,ratlou,ngaka modiri molema,25.1507,-26.42189,36,1,117,5,2,0,37,48,0,1,39,10,6,0,2,0,12,32,3,37,18,4,0,25,4,43,0,0,41,3,2,0
2021/2022,madibogo,ratlou,ngaka modiri molema,25.1507,-26.42189,41,0,179,5,1,0,29,59,1,7,48,14,6,1,0,0,12,37,7,42,11,4,0,22,4,47,0,0,36,2,2,0
2022/2023,madibogo,ratlou,ngaka modiri molema,25.1507,-26.42189,48,1,178,2,3,0,38,59,2,7,46,7,7,0,0,0,14,37,9,32,27,4,0,38,4,40,0,1,52,2,6,1
2023/2024,madibogo,ngaka modiri molema district,ngaka modiri molema district,25.1507,-26.42189,0,0,0,0,0,0,0,51,4,0,0,0,0,0,0,0,0,0,0,0,0,6,0,0,0,0,0,0,0,2,4,0
2024/2025,madibogo,ngaka modiri molema district,ngaka modiri molema district,25.1507,-26.42189,0,0,0,0,0,0,0,38,2,0,0,0,0,0,0,0,0,0,0,0,0,2,0,0,0,0,0,0,0,2,4,0
2008/2009,madikwe,moses kotane,bojanala,26.52447,-25.35177,118,5,163,5,0,0,62,68,0,7,82,24,4,2,89,16,1,51,10,48,11,5,0,27,10,60,0,0,96,6,1,0
2009/2010,madikwe,moses kotane,bojanala,26.52447,-25.35177,83,3,144,6,3,0,38,96,1,13,32,22,5,3,98,5,1,49,2,34,13,4,0,21,10,50,0,1,101,6,5,0
2010/2011,madikwe,moses kotane,bojanala,26.52447,-25.35177,96,10,147,9,3,0,44,89,3,8,40,6,5,3,104,2,1,35,10,50,19,6,0,31,6,62,0,2,90,5,8,0
2011/2012,madikwe,moses kotane,bojanala,26.52447,-25.35177,136,13,134,8,1,0,43,103,1,1,55,13,7,1,61,4,1,70,15,38,23,14,0,43,12,52,0,0,79,4,9,0
2012/2013,madikwe,moses kotane,bojanala,26.52447,-25.35177,177,5,134,6,3,0,62,68,0,3,44,22,4,2,79,17,1,34,7,48,21,11,0,40,7,60,0,0,75,9,10,0
2013/2014,madikwe,moses kotane,bojanala,26.52447,-25.35177,496,4,143,11,1,0,67,67,0,4,42,10,6,8,54,8,21,49,8,39,16,11,0,32,5,45,0,0,110,1,5,0
2014/2015,madikwe,moses kotane,bojanala,26.52447,-25.35177,100,1,140,3,2,0,60,82,1,5,41,13,6,14,52,11,12,50,4,42,18,6,0,26,5,49,0,0,82,7,5,0
2015/2016,madikwe,moses kotane,bojanala,26.52447,-25.35177,95,4,130,2,1,0,70,97,0,4,37,11,6,71,45,16,14,60,5,37,12,5,0,22,1,39,0,0,78,10,21,0
2016/2017,madikwe,moses kotane,bojanala,26.52447,-25.35177,93,5,126,6,3,0,62,65,0,24,31,3,7,82,45,11,12,39,9,38,11,2,0,14,3,45,0,0,106,2,5,0
2017/2018,madikwe,moses kotane,bojanala,26.52447,-25.35177,51,3,141,1,1,0,63,88,2,8,29,11,6,23,47,9,21,49,6,28,20,4,0,37,2,31,0,0,93,6,6,0
2018/2019,madikwe,moses kotane,bojanala,26.52447,-25.35177,46,1,108,5,2,0,49,76,0,7,51,6,7,30,32,13,23,35,6,26,10,6,0,20,5,34,0,0,57,1,8,0
2019/2020,madikwe,moses kotane,bojanala,26.52447,-25.35177,63,4,109,3,6,0,43,76,0,12,71,6,6,25,4,7,12,43,4,36,10,7,0,19,3,45,0,1,90,3,4,0
2020/2021,madikwe,moses kotane,bojanala,26.52447,-25.35177,45,3,118,2,2,0,40,81,0,6,51,5,6,12,6,2,12,39,3,26,21,9,0,35,4,32,0,1,53,3,3,0
2021/2022,madikwe,moses kotane,bojanala,26.52447,-25.35177,95,1,112,3,7,0,37,81,1,10,91,13,5,11,4,0,21,51,9,51,23,3,0,36,9,70,0,1,90,3,2,1
2022/2023,madikwe,moses kotane,bojanala,26.52447,-25.35177,75,4,159,6,6,0,39,114,0,14,123,15,6,20,14,5,14,77,7,39,21,8,0,35,5,50,0,2,118,1,3,0
2023/2024,madikwe,bojanala district,bojanala district,26.52447,-25.35177,0,0,0,0,0,0,0,92,0,0,0,0,0,0,0,0,0,0,0,0,0,2,0,0,0,0,0,0,0,1,5,0
2024/2025,madikwe,bojanala district,bojanala district,26.52447,-25.35177,0,0,0,0,0,0,0,65,0,0,0,0,0,0,0,0,0,0,0,0,0,4,0,0,0,0,0,0,0,3,2,0
2008/2009,mafube,mafube,fezile dabi,28.50321,-27.26838,201,3,109,3,1,0,53,105,0,20,120,34,5,13,31,4,1,58,3,21,4,3,0,9,5,30,0,17,89,9,25,0
2009/2010,mafube,mafube,fezile dabi,28.50321,-27.26838,179,2,118,2,1,0,49,94,1,18,162,38,6,20,15,2,1,61,5,30,5,2,0,16,5,36,0,15,86,7,13,0
2010/2011,mafube,mafube,fezile dabi,28.50321,-27.26838,169,4,111,2,3,0,46,108,2,16,189,26,4,15,58,6,1,64,6,31,7,2,0,15,9,45,0,13,80,28,12,0
2011/2012,mafube,mafube,fezile dabi,28.50321,-27.26838,154,7,88,6,1,0,50,117,1,1204,164,34,7,17,47,4,1,74,3,18,12,3,0,21,3,23,1,5,109,9,20,0
2012/2013,mafube,mafube,fezile dabi,28.50321,-27.26838,145,2,74,0,3,0,78,112,2,12,136,10,6,15,59,0,1,62,6,15,21,3,0,27,3,21,0,3,74,13,20,0
2013/2014,mafube,mafube,fezile dabi,28.50321,-27.26838,150,0,69,7,0,0,52,109,0,21,133,5,7,14,51,5,13,67,6,17,7,6,0,18,6,24,0,7,74,10,16,0
2014/2015,mafube,mafube,fezile dabi,28.50321,-27.26838,130,0,76,7,0,0,49,147,0,12,133,11,6,19,78,0,21,53,6,19,11,2,0,15,6,25,0,13,68,2,30,0
2015/2016,mafube,mafube,fezile dabi,28.50321,-27.26838,144,1,64,8,2,0,49,135,0,19,138,9,7,20,98,2,14,61,4,16,6,4,0,18,6,25,0,12,60,13,23,0
2016/2017,mafube,mafube,fezile dabi,28.50321,-27.26838,150,3,74,2,3,0,80,155,1,17,136,11,6,26,119,4,12,54,4,13,11,4,0,21,4,20,0,17,69,11,12,0
2017/2018,mafube,mafube,fezile dabi,28.50321,-27.26838,163,1,77,4,3,0,79,92,2,11,115,12,6,21,95,0,13,42,9,16,11,5,0,28,1,20,0,6,55,15,21,0
2018/2019,mafube,mafube,fezile dabi,28.50321,-27.26838,155,2,72,8,1,0,52,134,0,26,162,12,6,24,83,2,13,53,11,14,11,6,0,24,2,17,0,11,58,8,26,0
2019/2020,mafube,mafube,fezile dabi,28.50321,-27.26838,151,0,69,11,2,0,58,134,2,24,159,8,7,25,35,4,12,50,9,23,18,9,0,33,2,28,0,8,49,11,45,0
2020/2021,mafube,mafube,fezile dabi,28.50321,-27.26838,163,0,108,8,4,0,72,146,0,37,178,16,6,10,28,3,12,51,7,16,8,4,0,24,4,24,0,9,45,6,34,0
2021/2022,mafube,mafube,fezile dabi,28.50321,-27.26838,169,1,91,2,3,0,72,157,2,47,224,15,7,30,37,5,21,72,12,23,3,5,0,29,8,35,0,8,57,5,26,0
2022/2023,mafube,mafube,fezile dabi,28.50321,-27.26838,165,7,97,10,1,0,55,150,1,45,230,18,7,18,52,4,22,83,6,21,5,7,0,27,4,27,0,9,70,4,34,0
2023/2024,mafube,fezile dabi district,fezile dabi district,28.50321,-27.26838,0,0,0,0,0,0,0,137,0,0,0,0,0,0,0,0,0,0,0,0,0,6,0,0,0,0,0,0,0,7,24,0
2024/2025,mafube,fezile dabi district,fezile dabi district,28.50321,-27.26838,0,0,0,0,0,0,0,140,1,0,0,0,0,0,0,0,0,0,0,0,0,9,0,0,0,0,0,0,0,11,25,0
2008/2009,magaliesburg,mogale city,west rand,27.53867,-25.99744,156,1,75,2,1,0,36,72,6,9,44,13,7,6,4,2,1,33,1,16,3,7,0,43,1,19,0,13,10,9,19,11
2009/2010,magaliesburg,mogale city,west rand,27.53867,-25.99744,159,4,81,4,2,0,39,78,7,17,53,10,8,7,10,5,1,50,1,15,7,1,0,35,1,22,0,9,19,4,20,14
2010/2011,magaliesburg,mogale city,west rand,27.53867,-25.99744,164,0,60,3,0,0,19,73,6,13,54,22,6,4,7,4,1,59,4,16,7,6,0,37,1,17,0,7,9,8,17,8
2011/2012,magaliesburg,mogale city,west rand,27.53867,-25.99744,166,1,69,3,0,0,32,55,4,7,59,16,7,8,9,4,1,36,3,9,4,9,0,30,4,14,0,6,7,8,14,1
2012/2013,magaliesburg,mogale city,west rand,27.53867,-25.99744,117,4,54,2,0,0,29,79,3,9,51,5,6,13,26,14,1,45,1,11,0,4,0,12,3,14,0,3,10,2,35,1
2013/2014,magaliesburg,mogale city,west rand,27.53867,-25.99744,126,6,52,5,0,0,52,79,0,10,49,5,6,11,42,2,12,34,3,14,7,8,0,25,4,18,0,11,5,4,37,3
2014/2015,magaliesburg,mogale city,west rand,27.53867,-25.99744,163,3,74,1,1,0,25,112,3,13,53,19,6,10,69,9,13,77,6,15,7,3,0,22,1,17,0,23,6,6,19,3
2015/2016,magaliesburg,mogale city,west rand,27.53867,-25.99744,149,1,52,1,0,0,33,115,3,15,71,15,7,10,77,9,13,49,3,8,6,5,0,26,1,10,0,10,16,6,23,3
2016/2017,magaliesburg,mogale city,west rand,27.53867,-25.99744,118,3,48,5,0,0,40,125,11,15,70,20,6,12,67,5,12,36,0,9,4,11,0,42,1,10,0,6,23,10,31,3
2017/2018,magaliesburg,mogale city,west rand,27.53867,-25.99744,107,3,67,4,1,0,37,114,7,8,66,18,7,17,60,21,23,41,6,8,8,11,0,36,1,11,0,8,29,17,20,1
2018/2019,magaliesburg,mogale city,west rand,27.53867,-25.99744,118,0,110,1,0,0,29,55,0,4,118,12,6,19,338,6,13,38,2,17,0,0,0,3,4,21,0,0,42,1,8,0
2019/2020,magaliesburg,mogale city,west rand,27.53867,-25.99744,109,1,115,1,0,0,11,33,0,0,115,7,5,11,313,3,13,49,4,6,0,0,0,5,10,19,0,1,45,0,21,0
2020/2021,magaliesburg,mogale city,west rand,27.53867,-25.99744,124,2,80,23,1,0,19,40,0,3,109,7,6,7,179,0,13,42,4,12,1,1,0,10,3,16,0,0,45,0,18,0
2021/2022,magaliesburg,mogale city,west rand,27.53867,-25.99744,111,0,131,4,1,0,20,48,0,4,87,1,6,4,119,2,13,42,4,17,1,0,0,5,5,23,0,0,22,0,7,0
2022/2023,magaliesburg,mogale city,west rand,27.53867,-25.99744,127,3,88,2,0,0,26,71,0,9,111,7,6,3,118,1,12,47,3,12,2,0,0,8,8,20,0,1,29,0,23,0
2023/2024,magaliesburg,west rand district,west rand district,27.53867,-25.99744,0,0,0,0,0,0,0,69,0,0,0,0,0,0,0,0,0,0,0,0,0,8,0,0,0,0,0,0,0,5,10,0
2024/2025,magaliesburg,west rand district,west rand district,27.53867,-25.99744,0,0,0,0,0,0,0,49,4,0,0,0,0,0,0,0,0,0,0,0,0,6,0,0,0,0,0,0,0,5,9,0
2008/2009,magatle,lepele-nkumpi,capricorn,29.41087,-24.45995,63,3,146,8,4,0,58,101,6,2,52,18,5,10,41,10,1,60,9,43,18,10,0,60,2,52,0,0,28,5,9,0
2009/2010,magatle,lepele-nkumpi,capricorn,29.41087,-24.45995,81,4,192,7,3,0,71,144,2,3,63,26,4,8,59,1,1,68,13,36,8,8,0,22,0,41,0,0,38,6,15,0
2010/2011,magatle,lepele-nkumpi,capricorn,29.41087,-24.45995,60,2,138,5,3,0,50,129,0,3,42,27,7,31,147,5,1,52,9,44,17,3,0,37,1,49,0,0,50,10,14,0
2011/2012,magatle,lepele-nkumpi,capricorn,29.41087,-24.45995,102,1,145,7,3,0,52,127,3,8,38,25,6,22,160,4,1,71,13,59,24,19,1,49,2,64,0,0,57,10,11,0
2012/2013,magatle,lepele-nkumpi,capricorn,29.41087,-24.45995,84,5,118,8,1,0,50,71,3,5,29,17,6,26,166,1,1,53,14,43,17,11,0,35,3,47,0,0,48,11,5,0
2013/2014,magatle,lepele-nkumpi,capricorn,29.41087,-24.45995,87,2,95,6,1,0,77,55,3,5,26,15,7,24,159,1,13,39,8,38,17,6,0,37,3,43,0,0,46,2,8,0
2014/2015,magatle,lepele-nkumpi,capricorn,29.41087,-24.45995,148,6,105,3,1,0,68,99,1,6,38,17,7,35,205,5,12,59,11,36,35,18,0,70,2,40,0,33,44,5,14,0
2015/2016,magatle,lepele-nkumpi,capricorn,29.41087,-24.45995,156,7,160,8,2,0,96,101,3,7,39,19,6,31,182,3,14,56,13,48,47,13,0,84,2,52,1,43,36,6,6,0
2016/2017,magatle,lepele-nkumpi,capricorn,29.41087,-24.45995,134,1,102,9,3,0,44,111,2,20,24,12,6,63,250,5,21,50,16,27,24,10,0,47,1,31,0,26,44,8,17,0
2017/2018,magatle,lepele-nkumpi,capricorn,29.41087,-24.45995,147,1,107,8,2,0,41,103,3,6,34,18,7,85,346,4,13,52,12,46,24,3,0,42,5,54,0,32,58,5,9,0
2018/2019,magatle,lepele-nkumpi,capricorn,29.41087,-24.45995,89,4,94,7,0,0,66,86,2,9,35,17,7,98,229,0,14,55,15,24,26,13,0,56,3,28,0,30,45,5,8,0
2019/2020,magatle,lepele-nkumpi,capricorn,29.41087,-24.45995,55,1,77,3,1,0,42,46,2,3,22,4,7,111,18,9,14,30,9,34,28,6,0,40,1,37,0,0,76,6,6,0
2020/2021,magatle,lepele-nkumpi,capricorn,29.41087,-24.45995,37,1,68,5,3,0,29,64,0,4,26,6,6,39,24,3,13,42,7,21,22,11,0,39,3,27,0,0,42,4,6,0
2021/2022,magatle,lepele-nkumpi,capricorn,29.41087,-24.45995,41,0,76,7,2,0,32,58,5,10,27,12,6,54,37,2,12,28,4,36,27,7,0,45,1,39,0,0,79,2,0,0
2022/2023,magatle,lepele-nkumpi,capricorn,29.41087,-24.45995,33,1,90,1,2,0,46,45,7,9,29,8,6,8,40,3,21,40,15,50,9,16,0,45,4,56,0,0,53,5,5,0
2023/2024,magatle,capricorn district,capricorn district,29.41087,-24.45995,0,0,0,0,0,0,0,43,5,0,0,0,0,0,0,0,0,0,0,0,0,9,0,0,0,0,0,0,0,2,2,0
2024/2025,magatle,capricorn district,capricorn district,29.41087,-24.45995,0,0,0,0,0,0,0,47,2,0,0,0,0,0,0,0,0,0,0,0,0,6,0,0,0,0,0,0,0,4,5,0
2008/2009,magudu,uphongolo,zululand,31.64838,-27.54544,34,1,43,2,0,0,2,13,0,1,14,1,7,1,53,1,1,5,1,4,0,0,0,3,1,6,0,0,4,0,0,0
2009/2010,magudu,uphongolo,zululand,31.64838,-27.54544,56,1,28,0,2,0,4,19,0,0,23,0,7,5,52,1,1,10,3,2,0,0,0,2,1,6,0,0,8,2,4,0
2010/2011,magudu,uphongolo,zululand,31.64838,-27.54544,31,0,32,0,0,0,1,8,0,1,9,0,7,3,61,3,1,3,4,5,1,1,0,2,2,8,0,0,4,3,2,0
2011/2012,magudu,uphongolo,zululand,31.64838,-27.54544,42,0,31,1,0,0,3,12,0,0,5,0,6,1,53,4,1,4,0,5,1,1,0,3,1,6,0,0,6,3,0,0
2012/2013,magudu,uphongolo,zululand,31.64838,-27.54544,24,0,19,1,1,0,3,5,0,0,14,1,6,2,34,1,1,2,2,5,0,5,0,5,0,6,0,0,9,1,0,0
2013/2014,magudu,uphongolo,zululand,31.64838,-27.54544,27,1,23,1,0,0,1,9,1,0,15,0,6,9,38,1,13,1,1,0,0,0,0,1,2,2,0,0,12,3,1,0
2014/2015,magudu,uphongolo,zululand,31.64838,-27.54544,27,4,39,0,0,0,8,16,0,0,13,1,6,9,39,1,13,8,2,7,0,2,0,7,0,7,0,0,10,8,4,0
2015/2016,magudu,uphongolo,zululand,31.64838,-27.54544,25,0,22,1,0,0,13,11,1,0,10,1,6,5,47,7,13,8,5,1,2,0,0,4,0,1,0,0,1,8,0,0
2016/2017,magudu,uphongolo,zululand,31.64838,-27.54544,15,3,21,3,0,0,4,8,1,0,13,0,6,2,49,11,21,4,2,6,0,0,0,3,1,7,0,0,6,1,0,0
2017/2018,magudu,uphongolo,zululand,31.64838,-27.54544,27,0,24,2,2,0,6,12,1,0,2,3,7,2,68,3,12,4,5,8,1,1,0,4,0,11,0,0,3,1,1,0
2018/2019,magudu,uphongolo,zululand,31.64838,-27.54544,28,0,21,1,0,0,5,5,0,2,6,1,6,1,63,10,13,4,2,2,0,1,0,2,2,4,0,0,6,0,0,0
2019/2020,magudu,uphongolo,zululand,31.64838,-27.54544,22,0,22,0,0,0,4,10,0,1,6,1,6,9,60,4,13,4,1,7,0,0,0,0,0,7,0,0,2,1,0,0
2020/2021,magudu,uphongolo,zululand,31.64838,-27.54544,18,0,12,1,0,0,4,1,0,3,8,1,6,0,56,3,13,7,0,1,0,1,0,1,2,3,0,0,4,2,0,0
2021/2022,magudu,uphongolo,zululand,31.64838,-27.54544,13,0,19,1,0,0,6,3,0,0,5,0,7,0,71,1,13,6,2,2,0,0,0,0,1,4,0,0,3,0,0,0
2022/2023,magudu,uphongolo,zululand,31.64838,-27.54544,8,0,26,1,0,0,3,5,0,4,8,1,6,1,70,3,13,3,1,7,0,0,0,1,1,8,0,0,3,0,3,0
2023/2024,magudu,zululand district,zululand district,31.64838,-27.54544,0,0,0,0,0,0,0,4,0,0,0,0,0,0,0,0,0,0,0,0,0,1,0,0,0,0,0,0,0,1,1,0
2024/2025,magudu,zululand district,zululand district,31.64838,-27.54544,0,0,0,0,0,0,0,9,1,0,0,0,0,0,0,0,0,0,0,0,0,0,0,0,0,0,0,0,0,0,4,0
2008/2009,mahamba,mkhondo,gert sibande,31.0679,-27.10484,7,2,16,0,0,0,1,6,1,2,8,4,6,0,22,0,1,8,1,1,0,0,0,1,0,1,0,0,25,2,2,0
2009/2010,mahamba,mkhondo,gert sibande,31.0679,-27.10484,17,0,16,0,0,0,0,9,0,5,6,0,6,0,14,4,1,6,0,1,2,2,0,5,0,1,0,0,22,6,1,0
2010/2011,mahamba,mkhondo,gert sibande,31.0679,-27.10484,32,1,13,0,0,0,2,7,0,3,4,2,7,1,18,1,1,7,1,2,1,0,0,3,1,4,0,0,4,5,1,0
2011/2012,mahamba,mkhondo,gert sibande,31.0679,-27.10484,29,0,10,2,0,0,0,13,3,5,6,0,7,1,26,1,1,10,0,0,0,4,0,7,0,1,0,0,7,2,1,0
2012/2013,mahamba,mkhondo,gert sibande,31.0679,-27.10484,21,0,8,1,0,0,3,11,2,9,10,2,6,0,36,1,1,10,1,3,0,3,0,9,1,4,0,0,11,3,3,0
2013/2014,mahamba,mkhondo,gert sibande,31.0679,-27.10484,21,2,9,3,0,0,5,8,1,4,4,1,6,2,85,2,12,5,0,5,0,1,0,2,1,6,0,0,17,1,2,0
2014/2015,mahamba,mkhondo,gert sibande,31.0679,-27.10484,13,0,10,2,0,0,7,3,0,2,10,0,6,0,63,2,13,5,0,6,2,1,0,4,0,6,0,0,6,1,0,0
2015/2016,mahamba,mkhondo,gert sibande,31.0679,-27.10484,7,1,10,2,0,0,7,6,0,10,4,0,7,0,84,2,13,4,1,1,2,1,0,5,0,2,0,0,9,0,0,0
2016/2017,mahamba,mkhondo,gert sibande,31.0679,-27.10484,25,1,10,3,1,0,4,3,0,4,5,1,6,0,144,1,21,6,2,1,1,0,0,5,1,3,0,0,2,2,3,0
2017/2018,mahamba,mkhondo,gert sibande,31.0679,-27.10484,17,0,13,0,0,0,4,6,2,1,3,0,7,2,139,0,13,6,0,5,0,1,0,3,1,7,0,0,13,0,1,0
2018/2019,mahamba,mkhondo,gert sibande,31.0679,-27.10484,19,0,6,2,1,0,5,4,0,5,2,0,6,0,97,2,13,8,0,6,1,0,0,2,0,7,1,0,10,0,6,0
2019/2020,mahamba,mkhondo,gert sibande,31.0679,-27.10484,15,1,8,0,0,0,7,8,0,6,5,0,6,0,114,1,13,1,1,5,0,1,0,4,0,5,0,0,12,1,3,0
2020/2021,mahamba,mkhondo,gert sibande,31.0679,-27.10484,25,0,18,2,0,0,5,5,1,1,7,1,6,2,129,0,13,4,3,9,0,0,0,4,2,11,0,0,16,1,1,0
2021/2022,mahamba,mkhondo,gert sibande,31.0679,-27.10484,13,0,13,1,0,0,2,3,1,3,6,2,7,3,94,2,13,7,2,6,0,0,0,3,0,7,0,0,11,2,4,0
2022/2023,mahamba,mkhondo,gert sibande,31.0679,-27.10484,14,2,13,1,0,0,1,0,0,3,7,0,6,1,86,0,12,4,1,10,0,0,0,1,0,10,0,0,13,0,2,0
2023/2024,mahamba,gert sibande district,gert sibande district,31.0679,-27.10484,0,0,0,0,0,0,0,11,0,0,0,0,0,0,0,0,0,0,0,0,0,0,0,0,0,0,0,0,0,0,1,0
2024/2025,mahamba,gert sibande district,gert sibande district,31.0679,-27.10484,0,0,0,0,0,0,0,11,0,0,0,0,0,0,0,0,0,0,0,0,0,1,0,0,0,0,0,0,0,1,0,0
2008/2009,mahikeng,mafikeng,ngaka modiri molema,25.64055,-25.86314,663,13,382,13,4,0,169,229,4,175,271,129,5,66,75,5,1,179,14,99,14,12,1,169,18,124,0,230,32,51,164,0
2009/2010,mahikeng,mafikeng,ngaka modiri molema,25.64055,-25.86314,514,9,346,8,8,0,221,290,3,276,279,153,8,117,59,11,1,215,6,76,22,14,1,162,15,103,0,255,21,45,188,1
2010/2011,mahikeng,mafikeng,ngaka modiri molema,25.64055,-25.86314,505,11,315,4,14,0,234,343,5,226,220,199,17,54,47,8,1,210,7,77,28,16,1,180,3,103,0,241,37,38,231,0
2011/2012,mahikeng,mafikeng,ngaka modiri molema,25.64055,-25.86314,505,21,403,18,18,0,246,405,7,202,330,173,11,45,97,13,1,202,17,169,31,27,1,198,5,200,1,193,30,54,271,0
2012/2013,mahikeng,mafikeng,ngaka modiri molema,25.64055,-25.86314,480,9,429,13,20,0,312,385,9,260,303,162,6,92,111,8,1,255,18,140,32,24,0,204,3,163,0,202,38,49,385,0
2013/2014,mahikeng,mafikeng,ngaka modiri molema,25.64055,-25.86314,457,8,401,23,12,0,212,414,10,328,283,133,7,167,223,8,27,169,15,89,48,35,0,234,3,105,0,233,37,32,503,1
2014/2015,mahikeng,mafikeng,ngaka modiri molema,25.64055,-25.86314,455,11,353,20,17,0,268,410,5,215,246,114,7,146,278,15,3,156,16,97,50,34,3,236,5,120,0,240,64,50,554,2
2015/2016,mahikeng,mafikeng,ngaka modiri molema,25.64055,-25.86314,404,4,316,20,8,0,292,397,14,240,243,113,6,190,255,18,3,175,13,110,44,46,0,255,9,127,2,274,48,60,455,0
2016/2017,mahikeng,mafikeng,ngaka modiri molema,25.64055,-25.86314,461,4,388,23,11,0,292,398,14,265,227,122,5,168,332,16,3,250,18,126,48,34,0,281,7,147,15,277,44,99,486,2
2017/2018,mahikeng,mafikeng,ngaka modiri molema,25.64055,-25.86314,591,3,374,11,7,0,239,407,24,175,312,126,5,130,390,10,27,225,15,88,45,24,1,288,8,106,8,273,39,75,456,2
2018/2019,mahikeng,mafikeng,ngaka modiri molema,25.64055,-25.86314,666,8,449,13,19,0,454,470,22,152,324,149,4,107,284,31,29,266,23,120,36,24,0,275,5,146,4,256,40,51,541,2
2019/2020,mahikeng,mafikeng,ngaka modiri molema,25.64055,-25.86314,688,9,411,20,11,0,304,457,13,114,355,136,12,102,227,8,25,217,17,92,41,34,0,231,11,121,4,273,41,48,434,0
2020/2021,mahikeng,mafikeng,ngaka modiri molema,25.64055,-25.86314,640,4,311,12,5,0,334,284,4,109,257,103,4,59,163,11,36,165,11,88,17,13,0,146,5,100,1,234,40,19,307,0
2021/2022,mahikeng,mafikeng,ngaka modiri molema,25.64055,-25.86314,630,5,406,13,6,0,237,360,11,103,327,88,8,138,143,5,28,208,27,112,25,24,0,171,10,132,1,233,60,44,402,0
2022/2023,mahikeng,mafikeng,ngaka modiri molema,25.64055,-25.86314,954,3,459,10,10,0,256,398,9,81,459,119,7,78,190,12,15,215,19,109,27,32,0,209,6,126,3,224,91,40,401,0
2023/2024,mahikeng,ngaka modiri molema district,ngaka modiri molema district,25.64055,-25.86314,0,0,0,0,0,0,0,369,17,0,0,0,0,0,0,0,0,0,0,0,0,24,0,0,0,0,0,0,0,35,346,0
2024/2025,mahikeng,ngaka modiri molema district,ngaka modiri molema district,25.64055,-25.86314,0,0,0,0,0,0,0,298,10,0,0,0,0,0,0,0,0,0,0,0,0,23,0,0,0,0,0,0,0,25,252,0
2008/2009,mahlabathini,ulundi,zululand,31.46908,-28.2339,41,8,86,19,5,0,6,27,5,5,13,2,7,15,83,71,1,21,21,30,3,6,0,46,0,36,0,0,44,1,5,0
2009/2010,mahlabathini,ulundi,zululand,31.46908,-28.2339,21,4,80,10,2,0,10,27,2,4,25,3,7,7,122,96,1,19,24,37,0,10,0,31,2,42,0,0,31,2,6,0
2010/2011,mahlabathini,ulundi,zululand,31.46908,-28.2339,34,5,98,7,2,0,22,41,0,4,37,7,7,12,53,71,1,26,14,35,0,6,0,17,10,48,0,0,35,2,2,0
2011/2012,mahlabathini,ulundi,zululand,31.46908,-28.2339,37,4,87,11,1,0,26,40,4,3,14,6,4,4,61,50,1,25,7,36,3,10,0,24,7,46,0,0,42,3,7,0
2012/2013,mahlabathini,ulundi,zululand,31.46908,-28.2339,32,4,102,12,0,0,17,26,0,2,23,3,7,5,52,29,1,30,13,30,2,3,0,11,13,44,0,0,24,1,6,1
2013/2014,mahlabathini,ulundi,zululand,31.46908,-28.2339,40,0,84,13,0,0,25,34,0,4,14,7,7,9,69,68,12,22,13,27,2,2,0,12,4,32,0,0,50,4,3,0
2014/2015,mahlabathini,ulundi,zululand,31.46908,-28.2339,33,2,63,21,0,0,32,20,2,2,11,4,4,6,76,47,13,27,13,25,6,4,0,22,4,31,0,0,43,1,7,0
2015/2016,mahlabathini,ulundi,zululand,31.46908,-28.2339,29,2,71,8,0,0,26,25,3,0,26,6,7,30,68,36,21,35,14,25,6,5,0,18,7,33,0,0,40,0,6,0
2016/2017,mahlabathini,ulundi,zululand,31.46908,-28.2339,36,1,54,18,0,0,21,16,0,4,5,4,7,60,74,49,21,14,13,28,1,1,0,12,3,32,0,0,23,1,4,0
2017/2018,mahlabathini,ulundi,zululand,31.46908,-28.2339,40,1,71,10,0,0,18,14,3,5,6,2,6,87,98,54,23,20,9,29,2,1,0,12,8,37,0,0,25,0,3,2
2018/2019,mahlabathini,ulundi,zululand,31.46908,-28.2339,28,4,68,6,1,0,23,18,5,17,10,3,6,93,70,33,21,22,7,30,3,1,0,15,7,38,0,0,31,1,5,0
2019/2020,mahlabathini,ulundi,zululand,31.46908,-28.2339,22,2,79,8,1,0,13,11,1,15,9,0,6,182,25,62,21,24,22,30,3,2,0,10,11,42,0,0,25,1,1,0
2020/2021,mahlabathini,ulundi,zululand,31.46908,-28.2339,15,3,90,10,0,0,13,9,2,9,4,3,7,16,12,60,14,13,11,33,3,2,0,15,6,40,0,0,17,0,2,0
2021/2022,mahlabathini,ulundi,zululand,31.46908,-28.2339,40,3,84,8,0,0,21,11,2,8,7,3,6,58,21,29,2,20,14,35,1,4,0,14,9,44,0,0,27,1,0,0
2022/2023,mahlabathini,ulundi,zululand,31.46908,-28.2339,50,3,105,32,1,0,13,12,2,10,9,2,5,9,33,35,21,36,23,33,5,3,0,19,7,44,0,0,8,2,4,0
2023/2024,mahlabathini,zululand district,zululand district,31.46908,-28.2339,0,0,0,0,0,0,0,20,2,0,0,0,0,0,0,0,0,0,0,0,0,3,0,0,0,0,0,0,0,3,6,0
2024/2025,mahlabathini,zululand district,zululand district,31.46908,-28.2339,0,0,0,0,0,0,0,24,3,0,0,0,0,0,0,0,0,0,0,0,0,3,0,0,0,0,0,0,0,2,2,0
2008/2009,mahwelereng,mogalakwena,waterberg,28.98329,-24.15543,453,4,358,7,3,0,182,445,12,8,127,86,5,24,123,18,1,152,25,157,42,25,0,130,2,165,0,3,21,23,79,0
2009/2010,mahwelereng,mogalakwena,waterberg,28.98329,-24.15543,315,7,400,17,2,0,129,389,14,34,169,79,5,9,232,16,1,150,28,167,42,12,0,131,2,174,0,4,29,21,80,0
2010/2011,mahwelereng,mogalakwena,waterberg,28.98329,-24.15543,451,10,441,10,0,0,87,386,9,30,198,90,11,16,355,10,1,189,20,126,52,17,0,153,9,143,0,3,18,25,97,0
2011/2012,mahwelereng,mogalakwena,waterberg,28.98329,-24.15543,513,8,438,17,1,0,121,416,13,9,198,99,6,19,356,9,1,165,24,123,58,11,0,137,7,131,0,8,29,19,76,3
2012/2013,mahwelereng,mogalakwena,waterberg,28.98329,-24.15543,402,15,443,12,1,0,118,359,17,20,189,96,7,36,416,13,1,212,31,133,44,9,0,111,12,147,1,5,33,17,89,0
2013/2014,mahwelereng,mogalakwena,waterberg,28.98329,-24.15543,466,9,457,9,5,0,126,460,10,16,209,114,7,15,365,9,14,237,27,132,59,11,0,117,6,144,1,31,29,13,82,0
2014/2015,mahwelereng,mogalakwena,waterberg,28.98329,-24.15543,510,15,546,21,0,0,123,487,15,25,264,147,6,46,323,10,23,229,21,158,73,13,0,158,0,158,3,42,44,21,87,0
2015/2016,mahwelereng,mogalakwena,waterberg,28.98329,-24.15543,629,20,527,20,7,0,114,513,16,33,335,155,7,47,340,9,25,305,32,133,63,8,0,164,6,147,0,60,58,25,80,0
2016/2017,mahwelereng,mogalakwena,waterberg,28.98329,-24.15543,819,19,560,26,0,0,134,557,9,22,234,147,5,29,436,22,2,241,34,100,47,9,0,153,5,108,0,68,64,33,116,0
2017/2018,mahwelereng,mogalakwena,waterberg,28.98329,-24.15543,658,13,427,24,1,0,127,470,16,44,155,94,4,43,597,13,17,232,30,108,46,24,0,161,15,126,0,31,66,26,91,0
2018/2019,mahwelereng,mogalakwena,waterberg,28.98329,-24.15543,569,17,471,33,2,0,119,459,12,48,253,141,6,42,561,19,2,297,28,96,38,28,0,149,4,102,0,32,75,19,97,0
2019/2020,mahwelereng,mogalakwena,waterberg,28.98329,-24.15543,475,18,481,28,0,0,106,417,7,56,227,148,4,118,639,7,23,338,30,95,55,19,0,170,8,105,0,55,79,24,89,0
2020/2021,mahwelereng,mogalakwena,waterberg,28.98329,-24.15543,412,7,330,30,1,0,61,303,11,63,198,92,6,54,443,13,23,262,26,83,47,16,0,130,15,99,1,30,48,25,96,1
2021/2022,mahwelereng,mogalakwena,waterberg,28.98329,-24.15543,555,14,396,31,1,0,84,362,10,88,237,92,6,43,271,12,25,243,24,121,47,11,0,167,5,127,5,29,68,15,83,0
2022/2023,mahwelereng,mogalakwena,waterberg,28.98329,-24.15543,683,5,571,30,6,0,79,443,9,98,530,163,5,50,324,12,24,305,27,119,64,28,0,231,14,142,5,61,75,25,79,0
2023/2024,mahwelereng,waterberg district,waterberg district,28.98329,-24.15543,0,0,0,0,0,0,0,317,9,0,0,0,0,0,0,0,0,0,0,0,0,24,0,0,0,0,0,0,0,34,110,0
2024/2025,mahwelereng,waterberg district,waterberg district,28.98329,-24.15543,0,0,0,0,0,0,0,241,3,0,0,0,0,0,0,0,0,0,0,0,0,12,0,0,0,0,0,0,0,22,99,0
2008/2009,maitland,city of cape town,city of cape town,18.48325,-33.92367,934,2,80,8,2,0,250,119,3,114,178,54,78,40,185,5,1,184,2,17,22,4,0,124,5,277,0,110,0,89,248,0
2009/2010,maitland,city of cape town,city of cape town,18.48325,-33.92367,839,5,77,6,1,0,229,149,4,95,205,68,10,60,220,6,1,145,3,15,11,3,1,110,13,35,0,54,0,86,309,0
2010/2011,maitland,city of cape town,city of cape town,18.48325,-33.92367,760,2,63,4,2,0,167,118,1,81,171,61,4,80,247,1,1,136,7,13,11,2,1,76,5,22,0,39,0,82,223,0
2011/2012,maitland,city of cape town,city of cape town,18.48325,-33.92367,749,5,77,6,1,0,149,116,2,108,163,75,7,71,311,3,1,153,3,10,9,2,0,70,6,18,1,81,0,72,299,0
2012/2013,maitland,city of cape town,city of cape town,18.48325,-33.92367,596,0,54,4,0,0,117,116,8,103,119,65,7,62,390,13,1,126,6,10,19,6,0,77,1,12,0,67,0,72,287,0
2013/2014,maitland,city of cape town,city of cape town,18.48325,-33.92367,631,1,56,6,1,0,148,160,10,94,111,74,4,77,340,6,17,116,5,6,25,6,0,93,6,15,0,73,0,99,261,0
2014/2015,maitland,city of cape town,city of cape town,18.48325,-33.92367,642,5,38,2,0,0,211,120,7,69,118,93,4,94,235,9,23,135,6,7,23,6,0,108,4,13,0,17,0,86,277,0
2015/2016,maitland,city of cape town,city of cape town,18.48325,-33.92367,551,4,67,5,0,0,163,131,7,78,124,83,7,78,204,2,22,115,5,5,20,3,1,108,5,11,2,22,0,68,327,0
2016/2017,maitland,city of cape town,city of cape town,18.48325,-33.92367,578,3,74,6,1,0,165,162,19,100,142,94,6,133,138,3,21,133,8,10,22,12,0,189,5,16,1,31,0,81,277,0
2017/2018,maitland,city of cape town,city of cape town,18.48325,-33.92367,665,2,67,2,1,0,206,164,19,90,120,94,7,132,150,2,23,166,5,15,11,11,0,201,11,28,0,26,0,77,258,0
2018/2019,maitland,city of cape town,city of cape town,18.48325,-33.92367,118,0,110,1,0,0,29,55,0,4,118,12,6,19,338,6,13,38,2,17,0,0,0,3,4,21,0,0,42,1,8,0
2019/2020,maitland,city of cape town,city of cape town,18.48325,-33.92367,109,1,115,1,0,0,11,33,0,0,115,7,5,11,313,3,13,49,4,6,0,0,0,5,10,19,0,1,45,0,21,0
2020/2021,maitland,city of cape town,city of cape town,18.48325,-33.92367,124,2,80,23,1,0,19,40,0,3,109,7,6,7,179,0,13,42,4,12,1,1,0,10,3,16,0,0,45,0,18,0
2021/2022,maitland,city of cape town,city of cape town,18.48325,-33.92367,111,0,131,4,1,0,20,48,0,4,87,1,6,4,119,2,13,42,4,17,1,0,0,5,5,23,0,0,22,0,7,0
2022/2023,maitland,city of cape town,city of cape town,18.48325,-33.92367,127,3,88,2,0,0,26,71,0,9,111,7,6,3,118,1,12,47,3,12,2,0,0,8,8,20,0,1,29,0,23,0
2023/2024,maitland,city of cape town district,city of cape town district,18.48325,-33.92367,0,0,0,0,0,0,0,76,37,0,0,0,0,0,0,0,0,0,0,0,0,11,0,0,0,0,0,0,0,79,369,0
2024/2025,maitland,city of cape town district,city of cape town district,18.48325,-33.92367,0,0,0,0,0,0,0,51,19,0,0,0,0,0,0,0,0,0,0,0,0,10,0,0,0,0,0,0,0,51,336,0
2023/2024,majola,or tambo district,or tambo district,,,0,0,0,0,0,0,0,0,0,0,0,0,0,0,0,0,0,0,0,0,0,0,0,0,0,0,0,0,0,0,0,0
2024/2025,majola,or tambo district,or tambo district,,,0,0,0,0,0,0,0,0,0,0,0,0,0,0,0,0,0,0,0,0,0,0,0,0,0,0,0,0,0,0,0,0
2008/2009,makapanstad,moretele,bojanala,28.12209,-25.23604,567,8,161,11,10,0,59,234,5,4,67,43,6,7,185,24,1,77,7,61,3,21,1,88,0,71,0,1,60,8,19,0
2009/2010,makapanstad,moretele,bojanala,28.12209,-25.23604,610,2,147,10,9,0,41,238,4,7,95,41,4,10,140,11,1,67,9,53,9,17,0,94,2,66,0,1,87,13,37,0
2010/2011,makapanstad,moretele,bojanala,28.12209,-25.23604,681,5,148,3,4,0,47,244,5,3,70,53,9,7,157,13,1,64,5,45,10,7,0,56,0,54,0,0,39,3,30,0
2011/2012,makapanstad,moretele,bojanala,28.12209,-25.23604,551,12,152,12,6,0,71,284,12,4,77,28,7,11,161,10,1,80,7,44,14,12,0,65,2,53,0,1,48,2,38,0
2012/2013,makapanstad,moretele,bojanala,28.12209,-25.23604,394,4,151,5,10,0,57,222,6,6,79,24,7,14,229,5,1,77,9,38,9,14,0,48,2,51,1,2,43,4,23,0
2013/2014,makapanstad,moretele,bojanala,28.12209,-25.23604,416,5,141,6,2,0,66,259,4,5,75,41,7,12,154,3,12,86,7,42,21,15,0,66,2,47,0,1,42,27,26,0
2014/2015,makapanstad,moretele,bojanala,28.12209,-25.23604,263,0,161,8,5,0,50,296,8,4,74,29,6,10,103,6,23,56,10,47,29,26,0,114,4,56,0,0,51,23,30,0
2015/2016,makapanstad,moretele,bojanala,28.12209,-25.23604,181,1,193,17,2,0,75,237,13,2,67,28,4,23,111,7,23,61,6,46,31,19,0,108,1,51,0,0,72,26,42,0
2016/2017,makapanstad,moretele,bojanala,28.12209,-25.23604,138,4,100,23,3,0,58,172,15,11,72,22,4,15,117,7,14,53,9,43,28,25,0,114,1,49,0,0,61,26,23,0
2017/2018,makapanstad,moretele,bojanala,28.12209,-25.23604,112,3,145,16,3,0,54,203,18,9,88,22,7,34,181,4,23,55,11,54,14,26,1,104,4,62,0,0,48,12,21,1
2018/2019,makapanstad,moretele,bojanala,28.12209,-25.23604,96,1,150,12,2,0,50,174,17,7,90,32,6,41,99,11,14,68,15,42,19,22,1,101,0,44,0,0,53,17,30,1
2019/2020,makapanstad,moretele,bojanala,28.12209,-25.23604,123,2,162,6,4,0,67,198,10,12,85,14,7,37,117,12,17,77,5,44,14,8,0,62,1,50,3,5,35,17,20,0
2020/2021,makapanstad,moretele,bojanala,28.12209,-25.23604,110,0,109,17,0,0,48,106,11,19,73,20,6,3,45,2,24,47,8,35,14,9,1,66,5,40,0,5,31,5,11,1
2021/2022,makapanstad,moretele,bojanala,28.12209,-25.23604,114,2,155,8,0,0,40,113,7,21,114,22,6,20,120,7,24,89,3,40,10,11,1,65,5,45,35,7,42,5,6,1
2022/2023,makapanstad,moretele,bojanala,28.12209,-25.23604,134,1,166,9,2,0,41,96,5,17,104,20,6,40,203,11,16,56,7,34,13,13,0,60,3,39,45,4,27,5,18,1
2023/2024,makapanstad,bojanala district,bojanala district,28.12209,-25.23604,0,0,0,0,0,0,0,160,17,0,0,0,0,0,0,0,0,0,0,0,0,28,0,0,0,0,0,0,0,17,16,0
2024/2025,makapanstad,bojanala district,bojanala district,28.12209,-25.23604,0,0,0,0,0,0,0,246,11,0,0,0,0,0,0,0,0,0,0,0,0,53,0,0,0,0,0,0,0,12,22,0
2008/2009,makgobistad,ratlou,ngaka modiri molema,25.10729,-25.75024,20,1,71,1,3,0,17,22,0,0,5,6,4,0,4,1,1,16,3,16,15,6,0,24,0,21,0,0,33,0,1,0
2009/2010,makgobistad,ratlou,ngaka modiri molema,25.10729,-25.75024,16,1,83,0,0,0,17,29,0,0,8,2,6,1,5,0,1,9,3,10,6,4,0,11,0,10,0,0,13,0,0,0
2010/2011,makgobistad,ratlou,ngaka modiri molema,25.10729,-25.75024,13,0,59,2,4,0,25,34,0,0,3,6,5,1,14,0,1,16,0,10,4,4,0,10,7,24,0,0,18,0,3,0
2011/2012,makgobistad,ratlou,ngaka modiri molema,25.10729,-25.75024,26,0,65,2,0,0,24,11,0,1,8,3,4,1,17,2,1,19,2,10,5,2,0,10,7,19,0,0,21,0,0,0
2012/2013,makgobistad,ratlou,ngaka modiri molema,25.10729,-25.75024,10,1,38,2,4,0,17,23,1,0,14,2,4,0,28,1,1,14,1,17,9,2,0,13,9,32,0,0,24,1,0,0
2013/2014,makgobistad,ratlou,ngaka modiri molema,25.10729,-25.75024,22,2,45,2,2,0,16,13,0,0,14,5,6,5,33,3,13,12,2,19,7,2,0,10,1,22,0,1,15,1,0,0
2014/2015,makgobistad,ratlou,ngaka modiri molema,25.10729,-25.75024,18,0,50,3,0,0,10,9,1,1,7,3,6,0,15,2,13,9,2,15,5,3,0,11,0,15,0,0,34,0,0,0
2015/2016,makgobistad,ratlou,ngaka modiri molema,25.10729,-25.75024,21,1,67,1,0,0,14,9,1,1,8,6,6,2,16,0,12,8,1,16,6,2,0,10,1,17,0,0,12,0,3,0
2016/2017,makgobistad,ratlou,ngaka modiri molema,25.10729,-25.75024,9,0,62,2,0,0,16,10,0,2,7,0,4,1,31,2,13,10,0,15,4,2,0,9,1,18,2,0,28,0,0,0
2017/2018,makgobistad,ratlou,ngaka modiri molema,25.10729,-25.75024,16,0,77,5,0,0,7,15,1,1,17,3,7,2,40,3,13,21,1,11,0,4,1,9,1,13,0,0,19,1,0,0
2018/2019,makgobistad,ratlou,ngaka modiri molema,25.10729,-25.75024,9,0,63,3,0,0,9,9,0,1,15,1,6,1,28,0,13,8,2,9,3,1,0,4,0,9,0,0,37,0,0,0
2019/2020,makgobistad,ratlou,ngaka modiri molema,25.10729,-25.75024,10,0,37,0,1,0,21,15,0,0,2,2,6,2,2,0,13,11,4,11,2,2,0,5,2,14,0,0,35,0,0,0
2020/2021,makgobistad,ratlou,ngaka modiri molema,25.10729,-25.75024,12,3,42,3,0,0,19,9,0,1,10,0,6,1,20,1,13,10,1,7,0,2,0,3,1,8,0,0,22,0,1,0
2021/2022,makgobistad,ratlou,ngaka modiri molema,25.10729,-25.75024,22,2,31,3,0,0,14,16,0,3,16,1,6,0,16,0,12,8,4,14,3,2,0,6,1,15,0,0,22,3,3,0
2022/2023,makgobistad,ratlou,ngaka modiri molema,25.10729,-25.75024,15,0,51,7,0,0,13,25,0,3,11,4,6,0,11,0,25,14,4,11,0,1,0,4,0,11,0,0,40,0,1,0
2023/2024,makgobistad,ngaka modiri molema district,ngaka modiri molema district,25.10729,-25.75024,0,0,0,0,0,0,0,14,0,0,0,0,0,0,0,0,0,0,0,0,0,1,0,0,0,0,0,0,0,0,3,0
2024/2025,makgobistad,ngaka modiri molema district,ngaka modiri molema district,25.10729,-25.75024,0,0,0,0,0,0,0,12,0,0,0,0,0,0,0,0,0,0,0,0,0,2,0,0,0,0,0,0,0,0,3,0
2008/2009,makhado,makhado,vhembe,29.90773,-23.03789,409,5,165,8,2,0,129,154,4,80,107,62,5,32,63,3,1,104,10,40,4,9,3,32,1,46,0,276,9,17,74,0
2009/2010,makhado,makhado,vhembe,29.90773,-23.03789,365,8,166,6,2,0,118,204,8,94,106,42,7,33,44,2,1,93,2,26,12,11,3,39,4,33,0,219,22,26,110,0
2010/2011,makhado,makhado,vhembe,29.90773,-23.03789,343,4,158,5,6,0,113,191,2,74,112,59,5,33,66,4,1,69,3,30,8,7,1,39,1,40,0,192,22,30,99,3
2011/2012,makhado,makhado,vhembe,29.90773,-23.03789,433,5,203,14,5,0,169,232,3,84,189,47,5,46,106,7,1,112,5,29,8,13,0,65,4,41,103,263,36,27,178,1
2012/2013,makhado,makhado,vhembe,29.90773,-23.03789,482,4,211,10,7,0,167,307,0,94,192,59,12,92,136,12,1,113,12,35,15,5,2,68,7,56,7,209,25,20,152,0
2013/2014,makhado,makhado,vhembe,29.90773,-23.03789,428,6,203,16,7,0,173,282,1,117,140,77,4,113,136,7,21,100,5,31,26,23,3,160,2,42,63,169,43,29,200,0
2014/2015,makhado,makhado,vhembe,29.90773,-23.03789,408,10,213,16,5,0,205,316,9,135,163,53,6,207,229,30,2,93,9,28,17,38,1,147,5,38,62,110,40,27,188,0
2015/2016,makhado,makhado,vhembe,29.90773,-23.03789,429,10,190,22,5,0,240,454,11,158,155,56,7,342,277,22,22,121,13,25,38,53,0,192,3,34,9,163,32,35,215,0
2016/2017,makhado,makhado,vhembe,29.90773,-23.03789,450,5,173,16,0,0,208,352,7,196,119,37,6,174,376,11,23,151,8,24,34,22,0,150,3,27,3,144,23,36,196,0
2017/2018,makhado,makhado,vhembe,29.90773,-23.03789,378,8,155,15,3,0,190,269,7,155,77,48,5,188,356,21,21,128,6,19,24,37,1,123,6,31,6,133,22,34,140,1
2018/2019,makhado,makhado,vhembe,29.90773,-23.03789,312,0,119,9,3,0,106,229,4,106,87,50,6,194,252,27,12,88,11,19,20,22,0,133,2,24,36,112,15,24,106,1
2019/2020,makhado,makhado,vhembe,29.90773,-23.03789,330,2,104,18,2,0,92,302,5,108,108,26,7,238,20,24,13,69,5,24,20,23,1,139,1,28,41,147,18,21,89,0
2020/2021,makhado,makhado,vhembe,29.90773,-23.03789,326,1,84,10,1,0,152,211,7,100,70,25,6,143,41,9,17,73,7,17,15,17,0,102,3,21,33,137,17,16,76,0
2021/2022,makhado,makhado,vhembe,29.90773,-23.03789,338,1,119,24,1,0,146,182,10,116,102,27,4,144,38,28,2,102,6,25,18,37,2,124,4,32,47,113,19,21,74,0
2022/2023,makhado,makhado,vhembe,29.90773,-23.03789,413,2,93,20,3,0,118,154,3,158,126,23,6,15,65,7,27,87,6,19,21,25,1,105,1,23,62,115,18,20,62,4
2023/2024,makhado,vhembe district,vhembe district,29.90773,-23.03789,0,0,0,0,0,0,0,147,10,0,0,0,0,0,0,0,0,0,0,0,0,23,0,0,0,0,0,0,0,11,59,0
2024/2025,makhado,vhembe district,vhembe district,29.90773,-23.03789,0,0,0,0,0,0,0,100,9,0,0,0,0,0,0,0,0,0,0,0,0,21,0,0,0,0,0,0,0,18,56,0
2023/2024,makhanda,sarah baartman district,sarah baartman district,,,0,0,0,0,0,0,0,288,0,0,0,0,0,0,0,0,0,0,0,0,0,9,0,0,0,0,0,0,0,7,170,0
2024/2025,makhanda,sarah baartman district,sarah baartman district,,,0,0,0,0,0,0,0,216,2,0,0,0,0,0,0,0,0,0,0,0,0,4,0,0,0,0,0,0,0,3,146,0
2023/2024,makhaza,city of cape town district,city of cape town district,,,0,0,0,0,0,0,0,0,0,0,0,0,0,0,0,0,0,0,0,0,0,0,0,0,0,0,0,0,0,0,0,0
2024/2025,makhaza,city of cape town district,city of cape town district,,,0,0,0,0,0,0,0,129,124,0,0,0,0,0,0,0,0,0,0,0,0,78,0,0,0,0,0,0,0,31,31,0
2008/2009,makuya,thulamela,vhembe,30.82752,-22.65248,40,8,49,4,0,0,6,7,0,1,46,2,7,1,1,1,1,14,2,7,0,0,0,0,0,8,0,0,5,0,0,0
2009/2010,makuya,thulamela,vhembe,30.82752,-22.65248,37,9,37,0,1,0,18,15,0,1,48,5,6,0,8,1,1,10,0,2,0,1,0,2,0,3,0,0,5,0,1,0
2010/2011,makuya,thulamela,vhembe,30.82752,-22.65248,16,1,36,0,1,0,5,12,0,1,44,1,7,0,8,0,1,13,2,6,0,0,0,0,0,8,0,0,3,0,2,0
2011/2012,makuya,thulamela,vhembe,30.82752,-22.65248,10,3,39,1,1,0,12,36,0,5,45,4,6,0,3,1,1,8,0,6,2,0,0,2,0,7,0,0,1,0,4,0
2012/2013,makuya,thulamela,vhembe,30.82752,-22.65248,27,8,25,1,1,0,8,19,0,3,48,5,6,3,17,0,1,11,1,8,2,3,0,7,0,9,0,0,1,0,0,0
2013/2014,makuya,thulamela,vhembe,30.82752,-22.65248,18,1,27,5,0,0,10,12,0,0,33,1,6,0,38,1,13,9,0,6,1,0,0,2,0,6,0,0,3,0,1,0
2014/2015,makuya,thulamela,vhembe,30.82752,-22.65248,23,5,24,2,1,0,24,20,0,0,26,1,7,2,49,0,13,9,2,7,5,1,0,8,0,9,15,0,3,0,1,0
2015/2016,makuya,thulamela,vhembe,30.82752,-22.65248,24,5,39,1,1,0,21,18,0,1,57,4,6,1,60,0,13,12,0,3,6,0,0,6,0,4,27,0,4,0,2,0
2016/2017,makuya,thulamela,vhembe,30.82752,-22.65248,24,11,38,0,0,0,26,20,0,1,62,1,6,13,81,0,13,12,0,5,2,1,0,4,0,5,19,0,0,2,2,0
2017/2018,makuya,thulamela,vhembe,30.82752,-22.65248,45,3,41,0,1,0,37,16,0,4,43,0,6,17,99,2,13,14,2,4,4,2,0,7,0,5,13,0,3,0,2,0
2018/2019,makuya,thulamela,vhembe,30.82752,-22.65248,31,2,21,0,0,0,6,15,0,1,15,0,6,17,30,0,12,5,0,6,2,0,0,2,0,6,11,0,3,0,0,0
2019/2020,makuya,thulamela,vhembe,30.82752,-22.65248,25,2,18,0,3,0,21,4,0,0,10,0,6,21,0,0,13,7,1,6,4,0,0,4,0,9,2,0,0,0,3,0
2020/2021,makuya,thulamela,vhembe,30.82752,-22.65248,5,3,19,0,1,0,18,11,0,1,11,0,6,13,1,3,13,3,0,4,4,1,0,6,0,5,9,0,1,0,4,0
2021/2022,makuya,thulamela,vhembe,30.82752,-22.65248,27,1,27,3,1,0,15,16,0,0,21,1,6,7,0,0,13,14,1,9,1,0,0,2,0,10,8,0,11,0,3,0
2022/2023,makuya,thulamela,vhembe,30.82752,-22.65248,26,3,40,1,0,0,18,28,0,2,39,1,6,2,10,3,12,18,1,6,8,1,0,9,0,6,16,0,6,1,0,0
2023/2024,makuya,vhembe district,vhembe district,30.82752,-22.65248,0,0,0,0,0,0,0,7,1,0,0,0,0,0,0,0,0,0,0,0,0,2,0,0,0,0,0,0,0,0,7,0
2024/2025,makuya,vhembe district,vhembe district,30.82752,-22.65248,0,0,0,0,0,0,0,12,3,0,0,0,0,0,0,0,0,0,0,0,0,5,0,0,0,0,0,0,0,0,7,0
2008/2009,makwane,maluti a phofung,thabo mofutsanyane,28.88045,-28.53211,171,5,282,14,5,0,29,393,1,1,237,62,4,6,102,6,1,131,13,74,11,9,0,53,4,85,0,0,122,10,42,0
2009/2010,makwane,maluti a phofung,thabo mofutsanyane,28.88045,-28.53211,118,3,231,12,3,0,36,287,7,3,146,72,5,16,82,6,1,79,8,70,12,5,0,48,6,82,0,0,100,11,33,0
2010/2011,makwane,maluti a phofung,thabo mofutsanyane,28.88045,-28.53211,72,4,180,5,1,0,26,244,2,2,107,30,6,1,50,6,1,85,13,45,7,14,0,63,4,50,0,0,58,14,32,0
2011/2012,makwane,maluti a phofung,thabo mofutsanyane,28.88045,-28.53211,80,9,202,7,3,0,23,269,1,3,128,43,7,8,58,1,1,100,11,59,10,25,0,71,5,68,0,1,75,10,23,0
2012/2013,makwane,maluti a phofung,thabo mofutsanyane,28.88045,-28.53211,72,1,189,7,1,0,22,215,1,3,101,26,4,5,65,4,1,94,18,60,7,26,0,69,5,68,0,0,52,5,9,0
2013/2014,makwane,maluti a phofung,thabo mofutsanyane,28.88045,-28.53211,83,1,200,7,1,0,32,202,1,1,126,22,7,2,70,7,21,86,11,39,24,11,0,57,6,47,0,0,69,7,16,0
2014/2015,makwane,maluti a phofung,thabo mofutsanyane,28.88045,-28.53211,68,2,180,5,1,0,43,224,1,1,116,18,6,7,98,5,21,104,17,39,12,9,0,51,8,48,0,0,70,8,32,0
2015/2016,makwane,maluti a phofung,thabo mofutsanyane,28.88045,-28.53211,83,5,236,10,4,0,22,276,1,2,138,16,6,12,203,8,16,106,14,43,7,14,0,52,5,52,1,0,64,9,29,0
2016/2017,makwane,maluti a phofung,thabo mofutsanyane,28.88045,-28.53211,71,2,201,9,3,0,21,238,1,5,134,17,7,20,192,10,22,119,29,49,12,9,0,54,4,57,0,0,63,10,20,0
2017/2018,makwane,maluti a phofung,thabo mofutsanyane,28.88045,-28.53211,67,1,146,12,0,0,25,204,4,0,131,16,5,36,206,4,2,100,24,50,5,16,0,56,6,59,0,0,66,9,12,0
2018/2019,makwane,maluti a phofung,thabo mofutsanyane,28.88045,-28.53211,83,0,208,8,0,0,27,224,1,5,115,11,4,19,62,6,22,96,18,33,10,13,0,56,2,37,1,0,64,11,17,0
2019/2020,makwane,maluti a phofung,thabo mofutsanyane,28.88045,-28.53211,75,1,167,8,2,0,28,164,3,1,109,22,7,22,6,2,24,87,20,56,4,9,0,47,2,61,0,0,65,3,18,0
2020/2021,makwane,maluti a phofung,thabo mofutsanyane,28.88045,-28.53211,86,0,187,4,1,0,28,169,2,7,139,18,6,42,7,1,2,90,11,46,4,9,0,39,7,54,0,0,74,9,7,0
2021/2022,makwane,maluti a phofung,thabo mofutsanyane,28.88045,-28.53211,87,0,184,6,3,0,20,111,0,11,148,16,4,47,8,1,23,92,19,45,5,5,0,44,2,52,0,0,68,0,19,0
2022/2023,makwane,maluti a phofung,thabo mofutsanyane,28.88045,-28.53211,58,0,168,8,2,0,20,97,1,9,124,19,6,42,32,2,14,66,22,50,3,7,0,29,3,55,0,0,44,3,6,0
2023/2024,makwane,thabo mofutsanyana district,thabo mofutsanyana district,28.88045,-28.53211,0,0,0,0,0,0,0,124,0,0,0,0,0,0,0,0,0,0,0,0,0,15,0,0,0,0,0,0,0,3,8,0
2024/2025,makwane,thabo mofutsanyana district,thabo mofutsanyana district,28.88045,-28.53211,0,0,0,0,0,0,0,104,1,0,0,0,0,0,0,0,0,0,0,0,0,15,0,0,0,0,0,0,0,4,11,0
2008/2009,makwassie,maquassi hills,dr kenneth kaunda,25.9933,-27.31268,159,3,90,3,2,0,39,93,0,5,70,18,6,12,67,2,1,28,3,20,1,4,0,18,2,24,0,1,35,1,5,0
2009/2010,makwassie,maquassi hills,dr kenneth kaunda,25.9933,-27.31268,158,3,74,5,2,0,35,97,0,7,65,20,4,9,61,1,1,30,2,19,16,3,0,25,4,27,0,2,48,1,9,0
2010/2011,makwassie,maquassi hills,dr kenneth kaunda,25.9933,-27.31268,108,0,70,2,5,0,25,90,0,6,49,8,8,7,33,2,1,33,1,20,5,3,0,15,9,38,0,2,52,2,10,0
2011/2012,makwassie,maquassi hills,dr kenneth kaunda,25.9933,-27.31268,90,3,60,4,2,0,20,61,0,6,40,9,7,9,39,3,1,25,8,18,9,0,0,16,8,29,0,1,42,2,5,0
2012/2013,makwassie,maquassi hills,dr kenneth kaunda,25.9933,-27.31268,95,4,81,1,1,0,24,75,0,3,35,18,6,3,35,1,1,31,4,35,5,2,0,18,3,39,0,0,56,2,10,0
2013/2014,makwassie,maquassi hills,dr kenneth kaunda,25.9933,-27.31268,114,2,63,4,1,0,34,43,0,1,39,11,6,6,23,1,13,24,1,22,10,6,0,27,2,25,0,2,47,0,11,0
2014/2015,makwassie,maquassi hills,dr kenneth kaunda,25.9933,-27.31268,122,6,74,1,0,0,28,72,0,1,32,12,4,0,17,5,13,30,2,34,3,2,0,15,1,37,1,0,38,3,12,0
2015/2016,makwassie,maquassi hills,dr kenneth kaunda,25.9933,-27.31268,112,2,92,2,3,0,26,70,0,2,37,13,6,1,32,3,12,31,6,27,6,4,0,25,0,30,0,1,53,3,14,0
2016/2017,makwassie,maquassi hills,dr kenneth kaunda,25.9933,-27.31268,112,2,130,7,3,0,53,78,0,3,51,21,6,2,30,8,14,45,6,18,21,5,0,71,2,23,0,0,60,6,10,0
2017/2018,makwassie,maquassi hills,dr kenneth kaunda,25.9933,-27.31268,86,0,111,8,1,0,32,78,0,3,33,29,6,3,41,8,14,24,8,30,8,7,0,71,1,32,0,0,96,6,11,0
2018/2019,makwassie,maquassi hills,dr kenneth kaunda,25.9933,-27.31268,69,1,120,3,1,0,28,124,1,5,56,39,6,1,16,2,22,36,2,21,11,9,0,108,3,25,0,0,75,0,16,0
2019/2020,makwassie,maquassi hills,dr kenneth kaunda,25.9933,-27.31268,69,0,99,6,2,0,19,81,0,3,68,34,6,1,11,2,12,34,1,21,17,4,0,77,4,27,0,0,41,1,9,0
2020/2021,makwassie,maquassi hills,dr kenneth kaunda,25.9933,-27.31268,68,0,81,3,0,0,19,96,0,3,43,26,6,4,8,0,13,36,2,15,7,3,0,74,1,16,0,0,46,0,14,0
2021/2022,makwassie,maquassi hills,dr kenneth kaunda,25.9933,-27.31268,87,5,115,4,2,0,25,94,0,7,72,21,6,3,15,5,21,42,4,14,8,2,0,51,1,17,0,1,50,0,13,0
2022/2023,makwassie,maquassi hills,dr kenneth kaunda,25.9933,-27.31268,79,3,134,3,1,0,12,66,0,10,71,15,7,0,7,0,12,39,3,19,5,8,0,28,2,23,0,0,30,1,15,0
2023/2024,makwassie,dr kenneth kaunda district,dr kenneth kaunda district,25.9933,-27.31268,0,0,0,0,0,0,0,104,1,0,0,0,0,0,0,0,0,0,0,0,0,3,0,0,0,0,0,0,0,0,12,0
2024/2025,makwassie,dr kenneth kaunda district,dr kenneth kaunda district,25.9933,-27.31268,0,0,0,0,0,0,0,49,1,0,0,0,0,0,0,0,0,0,0,0,0,2,0,0,0,0,0,0,0,0,19,0
2008/2009,malamulele,collins chabane,vhembe,30.68665,-23.00452,286,25,195,5,1,0,110,132,0,13,154,43,26,9,17,3,1,106,6,25,9,7,0,26,5,52,0,8,16,3,15,0
2009/2010,malamulele,collins chabane,vhembe,30.68665,-23.00452,240,25,224,4,1,0,130,129,3,21,176,28,12,5,35,5,1,87,14,51,18,2,0,35,2,61,0,33,20,11,26,0
2010/2011,malamulele,collins chabane,vhembe,30.68665,-23.00452,192,17,241,9,1,0,150,172,4,23,168,31,15,3,15,3,1,100,10,58,10,4,1,24,4,80,0,54,19,9,28,0
2011/2012,malamulele,collins chabane,vhembe,30.68665,-23.00452,251,24,234,13,1,0,96,240,0,23,167,60,33,20,48,7,1,100,12,62,22,26,0,58,3,81,2,31,22,9,47,0
2012/2013,malamulele,collins chabane,vhembe,30.68665,-23.00452,252,17,201,7,7,0,106,170,1,55,143,33,15,43,83,8,1,84,8,82,17,10,0,34,4,110,0,60,3,3,20,0
2013/2014,malamulele,collins chabane,vhembe,30.68665,-23.00452,184,21,135,9,7,0,112,210,1,111,113,21,4,17,94,6,21,116,11,58,22,7,0,40,5,72,0,32,8,11,41,0
2014/2015,malamulele,collins chabane,vhembe,30.68665,-23.00452,175,24,137,9,2,0,140,237,2,25,110,20,6,11,110,10,12,116,11,63,27,24,0,79,3,68,9,38,4,9,36,0
2015/2016,malamulele,collins chabane,vhembe,30.68665,-23.00452,210,19,187,11,4,0,144,189,3,41,116,21,6,37,95,3,23,117,15,81,48,29,0,104,3,88,0,35,12,3,21,0
2016/2017,malamulele,collins chabane,vhembe,30.68665,-23.00452,177,8,161,11,5,0,161,235,11,40,81,21,6,38,138,12,14,102,4,63,48,30,0,121,3,71,0,48,17,3,22,0
2017/2018,malamulele,collins chabane,vhembe,30.68665,-23.00452,146,11,178,10,6,0,113,175,11,37,89,8,6,58,199,11,14,102,15,81,55,46,0,157,4,91,64,32,18,10,34,0
2018/2019,malamulele,collins chabane,vhembe,30.68665,-23.00452,118,0,110,1,0,0,29,55,0,4,118,12,6,19,338,6,13,38,2,17,0,0,0,3,4,21,0,0,42,1,8,0
2019/2020,malamulele,collins chabane,vhembe,30.68665,-23.00452,109,1,115,1,0,0,11,33,0,0,115,7,5,11,313,3,13,49,4,6,0,0,0,5,10,19,0,1,45,0,21,0
2020/2021,malamulele,collins chabane,vhembe,30.68665,-23.00452,124,2,80,23,1,0,19,40,0,3,109,7,6,7,179,0,13,42,4,12,1,1,0,10,3,16,0,0,45,0,18,0
2021/2022,malamulele,collins chabane,vhembe,30.68665,-23.00452,111,0,131,4,1,0,20,48,0,4,87,1,6,4,119,2,13,42,4,17,1,0,0,5,5,23,0,0,22,0,7,0
2022/2023,malamulele,collins chabane,vhembe,30.68665,-23.00452,127,3,88,2,0,0,26,71,0,9,111,7,6,3,118,1,12,47,3,12,2,0,0,8,8,20,0,1,29,0,23,0
2023/2024,malamulele,vhembe district,vhembe district,30.68665,-23.00452,0,0,0,0,0,0,0,143,12,0,0,0,0,0,0,0,0,0,0,0,0,8,0,0,0,0,0,0,0,5,23,0
2024/2025,malamulele,vhembe district,vhembe district,30.68665,-23.00452,0,0,0,0,0,0,0,217,23,0,0,0,0,0,0,0,0,0,0,0,0,28,0,0,0,0,0,0,0,6,25,0
2008/2009,maleboho,blouberg,capricorn,28.83183,-22.89844,45,4,98,2,3,0,10,103,0,3,57,9,6,0,6,1,1,36,1,21,3,1,0,5,0,24,0,0,8,1,2,0
2009/2010,maleboho,blouberg,capricorn,28.83183,-22.89844,40,2,114,3,4,0,36,57,0,2,41,1,4,1,4,4,1,30,3,18,8,7,0,21,0,24,0,0,10,1,2,0
2010/2011,maleboho,blouberg,capricorn,28.83183,-22.89844,38,3,79,1,4,1,62,54,0,1,51,12,4,5,2,3,1,26,2,18,7,6,0,20,0,24,0,0,18,2,4,0
2011/2012,maleboho,blouberg,capricorn,28.83183,-22.89844,38,3,96,2,8,0,37,47,0,2,39,3,7,0,7,3,1,26,4,30,7,5,0,14,0,39,1,0,24,5,1,0
2012/2013,maleboho,blouberg,capricorn,28.83183,-22.89844,24,3,74,2,0,0,15,36,0,3,28,5,7,6,16,2,1,28,3,18,8,9,0,19,2,21,0,0,22,0,2,0
2013/2014,maleboho,blouberg,capricorn,28.83183,-22.89844,20,0,50,3,2,0,29,26,0,1,10,0,6,4,64,1,13,10,1,22,6,7,0,13,0,24,0,0,18,1,0,0
2014/2015,maleboho,blouberg,capricorn,28.83183,-22.89844,12,1,52,2,0,0,29,33,0,13,8,3,6,12,88,0,13,14,4,12,8,3,0,11,1,13,0,0,6,2,0,0
2015/2016,maleboho,blouberg,capricorn,28.83183,-22.89844,24,8,57,2,2,0,37,25,2,3,12,7,6,0,86,4,13,30,5,25,5,1,0,9,1,28,0,0,12,2,1,0
2016/2017,maleboho,blouberg,capricorn,28.83183,-22.89844,34,1,51,2,1,0,43,38,0,1,7,5,4,2,52,4,12,20,4,25,1,2,0,4,1,29,0,0,14,1,1,0
2017/2018,maleboho,blouberg,capricorn,28.83183,-22.89844,76,0,87,7,0,0,43,21,0,2,26,7,6,3,58,2,12,43,7,24,12,2,0,15,0,24,0,0,33,0,1,0
2018/2019,maleboho,blouberg,capricorn,28.83183,-22.89844,35,0,71,5,2,0,29,16,1,0,24,5,6,3,16,9,14,31,5,19,14,2,0,18,4,25,0,0,34,0,1,0
2019/2020,maleboho,blouberg,capricorn,28.83183,-22.89844,25,2,91,2,3,0,49,23,1,2,34,5,7,3,4,4,13,35,1,23,12,3,0,21,0,27,0,0,17,0,6,0
2020/2021,maleboho,blouberg,capricorn,28.83183,-22.89844,32,1,76,1,1,0,37,9,0,5,17,8,6,3,18,6,13,27,1,18,13,1,0,18,0,19,0,0,33,1,2,0
2021/2022,maleboho,blouberg,capricorn,28.83183,-22.89844,28,3,76,3,0,0,38,19,0,8,31,6,6,1,7,2,21,27,6,29,13,2,0,20,2,31,0,0,40,2,3,0
2022/2023,maleboho,blouberg,capricorn,28.83183,-22.89844,21,0,82,2,2,0,15,21,0,12,21,11,6,0,16,1,21,33,3,32,7,2,0,13,1,35,0,0,41,0,2,0
2023/2024,maleboho,capricorn district,capricorn district,28.83183,-22.89844,0,0,0,0,0,0,0,21,0,0,0,0,0,0,0,0,0,0,0,0,0,1,0,0,0,0,0,0,0,0,1,0
2024/2025,maleboho,capricorn district,capricorn district,28.83183,-22.89844,0,0,0,0,0,0,0,23,1,0,0,0,0,0,0,0,0,0,0,0,0,1,0,0,0,0,0,0,0,0,2,0
2008/2009,malelane,nkomazi,ehlanzeni,31.51072,-25.49436,389,1,83,4,4,0,41,84,4,50,51,28,4,7,19,3,1,48,2,11,9,3,0,36,2,19,0,152,0,10,36,1
2009/2010,malelane,nkomazi,ehlanzeni,31.51072,-25.49436,272,5,67,8,0,0,35,79,1,35,60,21,6,3,21,0,1,41,2,8,6,7,1,21,0,8,0,130,0,4,39,0
2010/2011,malelane,nkomazi,ehlanzeni,31.51072,-25.49436,267,2,73,1,1,0,35,65,2,40,38,8,4,4,32,3,1,17,1,9,0,6,0,24,0,12,0,98,0,3,34,0
2011/2012,malelane,nkomazi,ehlanzeni,31.51072,-25.49436,178,2,45,2,0,0,39,59,0,36,22,5,7,5,69,3,1,15,2,6,3,2,0,12,0,7,0,86,0,14,55,1
2012/2013,malelane,nkomazi,ehlanzeni,31.51072,-25.49436,205,0,32,1,2,0,32,47,0,32,22,7,7,8,71,3,1,12,1,6,6,20,0,33,0,9,0,80,1,8,34,0
2013/2014,malelane,nkomazi,ehlanzeni,31.51072,-25.49436,179,1,22,3,0,0,46,49,0,50,13,1,6,7,83,11,12,9,2,4,6,16,0,24,1,5,0,51,2,7,58,0
2014/2015,malelane,nkomazi,ehlanzeni,31.51072,-25.49436,188,0,27,3,0,0,22,27,1,26,13,7,7,5,67,8,13,13,3,3,2,2,0,7,0,4,0,33,1,0,33,0
2015/2016,malelane,nkomazi,ehlanzeni,31.51072,-25.49436,201,0,29,3,0,0,37,26,0,17,9,6,7,5,60,5,12,20,0,4,3,2,1,13,0,5,1,43,2,5,52,0
2016/2017,malelane,nkomazi,ehlanzeni,31.51072,-25.49436,242,0,27,2,0,0,50,26,0,41,11,4,6,5,89,2,14,14,0,6,3,1,0,5,0,6,1,34,1,9,67,0
2017/2018,malelane,nkomazi,ehlanzeni,31.51072,-25.49436,201,0,27,3,0,0,56,43,0,29,2,7,6,12,105,2,13,5,2,8,4,2,0,10,1,9,0,36,1,4,38,1
2018/2019,malelane,nkomazi,ehlanzeni,31.51072,-25.49436,148,0,30,3,0,0,38,25,1,32,6,6,6,8,122,3,13,3,0,2,3,0,0,7,0,2,0,44,0,4,22,0
2019/2020,malelane,nkomazi,ehlanzeni,31.51072,-25.49436,124,1,12,0,0,0,49,15,0,30,9,1,7,4,125,7,13,5,2,5,4,0,0,5,0,6,0,47,1,4,14,0
2020/2021,malelane,nkomazi,ehlanzeni,31.51072,-25.49436,103,1,17,1,0,0,32,13,1,26,8,3,6,2,35,2,13,5,0,2,5,0,0,9,0,2,0,27,0,0,18,0
2021/2022,malelane,nkomazi,ehlanzeni,31.51072,-25.49436,142,0,30,0,0,0,39,27,0,30,17,8,6,3,86,0,12,5,1,4,5,0,0,10,0,4,0,49,0,3,21,0
2022/2023,malelane,nkomazi,ehlanzeni,31.51072,-25.49436,148,3,34,6,0,0,43,23,2,25,12,5,6,3,100,2,23,11,0,3,6,1,0,20,0,3,0,60,0,3,48,0
2023/2024,malelane,ehlanzeni district,ehlanzeni district,31.51072,-25.49436,0,0,0,0,0,0,0,16,2,0,0,0,0,0,0,0,0,0,0,0,0,3,0,0,0,0,0,0,0,4,57,0
2024/2025,malelane,ehlanzeni district,ehlanzeni district,31.51072,-25.49436,0,0,0,0,0,0,0,13,4,0,0,0,0,0,0,0,0,0,0,0,0,4,0,0,0,0,0,0,0,0,33,0
2008/2009,maletswai,walter sisulu,joe gqabi,26.69165,-30.69442,25,1,97,2,4,0,1,65,0,1,30,12,4,4,55,3,1,11,6,16,4,2,0,11,3,25,0,0,0,2,4,0
2009/2010,maletswai,walter sisulu,joe gqabi,26.69165,-30.69442,27,1,122,3,4,0,5,80,0,2,19,6,7,4,47,3,1,16,5,27,8,1,0,14,0,32,0,0,3,1,5,0
2010/2011,maletswai,walter sisulu,joe gqabi,26.69165,-30.69442,39,6,113,1,3,0,6,87,0,2,33,12,5,10,50,0,1,20,4,26,6,1,0,9,7,39,0,0,1,3,5,0
2011/2012,maletswai,walter sisulu,joe gqabi,26.69165,-30.69442,32,3,120,5,7,0,13,63,0,2,37,9,6,20,147,3,1,23,4,33,5,0,0,8,1,41,1,0,4,2,9,0
2012/2013,maletswai,walter sisulu,joe gqabi,26.69165,-30.69442,30,5,125,0,8,0,9,62,0,0,23,5,7,15,168,1,1,28,6,29,6,2,0,13,2,40,0,0,3,3,5,0
2013/2014,maletswai,walter sisulu,joe gqabi,26.69165,-30.69442,27,4,112,6,2,0,5,79,0,0,35,6,7,11,140,0,12,16,3,21,6,0,0,8,1,25,0,0,8,2,4,0
2014/2015,maletswai,walter sisulu,joe gqabi,26.69165,-30.69442,29,2,88,5,1,0,14,89,0,2,19,10,7,12,125,0,13,16,5,24,10,0,0,12,3,29,0,0,4,4,20,0
2015/2016,maletswai,walter sisulu,joe gqabi,26.69165,-30.69442,26,4,90,2,2,0,21,65,0,0,16,8,6,5,73,2,12,19,4,41,1,1,0,9,7,50,0,0,3,2,8,0
2016/2017,maletswai,walter sisulu,joe gqabi,26.69165,-30.69442,28,2,118,4,6,0,13,95,1,3,17,14,6,14,101,2,13,12,3,17,2,0,0,9,3,26,1,0,2,1,8,0
2017/2018,maletswai,walter sisulu,joe gqabi,26.69165,-30.69442,21,2,119,1,0,0,14,100,0,1,13,11,6,4,113,0,14,25,4,34,2,1,0,14,4,38,0,0,8,1,4,0
2018/2019,maletswai,walter sisulu,joe gqabi,26.69165,-30.69442,30,1,111,3,2,0,14,75,0,2,17,16,6,3,39,0,12,16,5,25,3,0,0,12,5,32,0,0,12,1,12,0
2019/2020,maletswai,walter sisulu,joe gqabi,26.69165,-30.69442,28,2,102,3,6,0,10,81,0,3,19,9,6,3,20,0,13,24,2,11,3,2,0,18,2,19,0,0,4,1,6,0
2020/2021,maletswai,walter sisulu,joe gqabi,26.69165,-30.69442,20,1,72,2,1,0,6,53,1,8,22,7,7,4,17,0,12,21,6,16,0,0,0,5,1,19,0,0,8,0,12,0
2021/2022,maletswai,walter sisulu,joe gqabi,26.69165,-30.69442,45,2,104,3,1,0,7,59,0,11,28,10,6,5,10,0,21,28,1,9,1,0,0,11,3,13,0,0,4,2,12,0
2022/2023,maletswai,walter sisulu,joe gqabi,26.69165,-30.69442,40,4,129,3,1,0,17,52,0,9,35,11,6,2,20,3,12,39,4,17,2,2,0,12,2,20,0,0,4,2,19,0
2023/2024,maletswai,joe gqabi district,joe gqabi district,26.69165,-30.69442,0,0,0,0,0,0,0,68,1,0,0,0,0,0,0,0,0,0,0,0,0,0,0,0,0,0,0,0,0,1,27,0
2024/2025,maletswai,joe gqabi district,joe gqabi district,26.69165,-30.69442,0,0,0,0,0,0,0,89,0,0,0,0,0,0,0,0,0,0,0,0,0,0,0,0,0,0,0,0,0,1,20,0
2008/2009,malipsdrift,lepele-nkumpi,capricorn,29.82122,-24.23447,16,0,61,1,0,0,12,18,1,3,33,5,4,2,3,1,1,12,1,10,0,0,0,2,0,12,0,0,8,0,3,0
2009/2010,malipsdrift,lepele-nkumpi,capricorn,29.82122,-24.23447,24,2,67,2,1,0,16,19,1,0,28,0,6,5,0,0,1,18,2,7,0,0,1,3,1,9,0,0,8,0,1,0
2010/2011,malipsdrift,lepele-nkumpi,capricorn,29.82122,-24.23447,26,1,55,3,0,0,17,11,0,5,22,12,6,3,10,2,1,12,2,7,2,0,0,5,1,8,0,0,3,0,5,0
2011/2012,malipsdrift,lepele-nkumpi,capricorn,29.82122,-24.23447,20,0,56,6,1,0,14,6,0,0,34,9,6,5,7,2,1,13,2,8,0,3,0,5,0,9,0,0,3,0,1,0
2012/2013,malipsdrift,lepele-nkumpi,capricorn,29.82122,-24.23447,16,2,32,1,1,0,10,9,0,2,16,7,6,6,33,2,1,19,2,10,3,0,0,4,1,12,0,0,5,0,8,0
2013/2014,malipsdrift,lepele-nkumpi,capricorn,29.82122,-24.23447,16,1,25,1,0,0,18,15,0,0,14,4,6,3,44,1,13,10,1,7,2,0,0,3,0,7,0,0,6,2,3,0
2014/2015,malipsdrift,lepele-nkumpi,capricorn,29.82122,-24.23447,15,2,22,3,1,0,16,14,0,0,11,3,6,19,58,1,13,12,0,7,1,0,0,3,0,8,1,0,2,0,1,0
2015/2016,malipsdrift,lepele-nkumpi,capricorn,29.82122,-24.23447,15,0,31,0,0,0,15,12,0,3,14,2,6,49,26,2,12,11,2,5,2,1,0,7,1,6,0,0,1,1,2,0
2016/2017,malipsdrift,lepele-nkumpi,capricorn,29.82122,-24.23447,34,0,37,2,1,0,14,14,1,2,26,5,6,59,44,4,13,6,1,11,7,0,0,8,0,12,0,0,4,0,4,0
2017/2018,malipsdrift,lepele-nkumpi,capricorn,29.82122,-24.23447,25,1,30,0,1,0,18,8,0,2,20,7,6,66,64,4,13,20,4,6,5,1,0,7,3,10,0,0,7,0,3,0
2018/2019,malipsdrift,lepele-nkumpi,capricorn,29.82122,-24.23447,118,0,110,1,0,0,29,55,0,4,118,12,6,19,338,6,13,38,2,17,0,0,0,3,4,21,0,0,42,1,8,0
2019/2020,malipsdrift,lepele-nkumpi,capricorn,29.82122,-24.23447,109,1,115,1,0,0,11,33,0,0,115,7,5,11,313,3,13,49,4,6,0,0,0,5,10,19,0,1,45,0,21,0
2020/2021,malipsdrift,lepele-nkumpi,capricorn,29.82122,-24.23447,124,2,80,23,1,0,19,40,0,3,109,7,6,7,179,0,13,42,4,12,1,1,0,10,3,16,0,0,45,0,18,0
2021/2022,malipsdrift,lepele-nkumpi,capricorn,29.82122,-24.23447,111,0,131,4,1,0,20,48,0,4,87,1,6,4,119,2,13,42,4,17,1,0,0,5,5,23,0,0,22,0,7,0
2022/2023,malipsdrift,lepele-nkumpi,capricorn,29.82122,-24.23447,127,3,88,2,0,0,26,71,0,9,111,7,6,3,118,1,12,47,3,12,2,0,0,8,8,20,0,1,29,0,23,0
2023/2024,malipsdrift,capricorn district,capricorn district,29.82122,-24.23447,0,0,0,0,0,0,0,18,0,0,0,0,0,0,0,0,0,0,0,0,0,2,0,0,0,0,0,0,0,0,4,0
2024/2025,malipsdrift,capricorn district,capricorn district,29.82122,-24.23447,0,0,0,0,0,0,0,14,0,0,0,0,0,0,0,0,0,0,0,0,0,0,0,0,0,0,0,0,0,1,3,0
2008/2009,malmesbury,swartland,west coast,18.72971,-33.45354,449,7,223,8,3,0,39,245,0,39,245,25,4,82,343,8,1,140,9,45,0,2,2,15,17,67,0,77,33,11,114,0
2009/2010,malmesbury,swartland,west coast,18.72971,-33.45354,474,3,226,5,3,0,65,265,0,48,288,30,8,89,416,10,1,146,15,73,8,3,1,32,18,98,0,88,17,22,121,0
2010/2011,malmesbury,swartland,west coast,18.72971,-33.45354,456,7,231,4,7,0,68,205,0,43,335,38,19,158,481,14,1,171,12,70,5,1,0,35,15,106,0,64,26,22,127,0
2011/2012,malmesbury,swartland,west coast,18.72971,-33.45354,487,10,240,18,14,0,66,284,0,45,388,51,11,131,706,4,1,181,17,60,10,2,0,40,24,106,1,67,22,27,105,0
2012/2013,malmesbury,swartland,west coast,18.72971,-33.45354,572,4,262,9,13,0,107,339,0,73,403,73,3,70,774,9,1,221,17,73,23,1,2,83,28,127,0,51,24,34,224,0
2013/2014,malmesbury,swartland,west coast,18.72971,-33.45354,664,10,232,25,11,0,127,367,2,76,409,51,4,46,923,11,22,250,12,75,25,7,0,90,28,116,1,71,28,24,229,1
2014/2015,malmesbury,swartland,west coast,18.72971,-33.45354,735,9,226,29,10,0,162,440,1,76,441,50,4,50,830,9,14,215,18,56,12,2,0,50,31,99,1,52,34,31,201,1
2015/2016,malmesbury,swartland,west coast,18.72971,-33.45354,682,9,258,19,5,0,183,403,4,67,503,47,9,28,814,5,25,211,17,59,17,7,0,64,16,85,2,37,29,29,183,0
2016/2017,malmesbury,swartland,west coast,18.72971,-33.45354,645,4,221,18,12,0,170,387,1,74,459,48,8,58,903,11,21,244,13,53,18,11,1,72,24,93,5,58,20,22,183,0
2017/2018,malmesbury,swartland,west coast,18.72971,-33.45354,497,7,239,21,8,0,106,434,1,93,442,49,10,48,866,15,17,256,16,56,29,4,1,91,15,85,1,77,23,19,169,1
2018/2019,malmesbury,swartland,west coast,18.72971,-33.45354,514,6,239,21,4,0,113,354,0,95,501,41,8,60,439,8,23,279,19,65,20,3,1,87,19,92,2,65,38,24,158,1
2019/2020,malmesbury,swartland,west coast,18.72971,-33.45354,482,8,220,16,3,0,90,326,1,98,501,48,4,58,440,10,23,232,21,66,12,12,0,84,15,86,0,71,33,37,134,1
2020/2021,malmesbury,swartland,west coast,18.72971,-33.45354,376,6,205,14,2,0,88,226,1,117,371,28,7,29,490,11,17,174,19,49,19,10,0,60,11,63,1,43,19,27,116,2
2021/2022,malmesbury,swartland,west coast,18.72971,-33.45354,448,3,214,22,5,0,69,248,2,146,383,31,4,42,565,17,17,297,22,49,18,6,0,60,23,79,0,43,34,25,113,0
2022/2023,malmesbury,swartland,west coast,18.72971,-33.45354,381,7,201,51,6,0,76,206,2,165,386,26,7,66,457,23,21,226,27,61,13,8,0,65,19,87,1,70,27,21,115,0
2023/2024,malmesbury,west coast district,west coast district,18.72971,-33.45354,0,0,0,0,0,0,0,272,3,0,0,0,0,0,0,0,0,0,0,0,0,20,0,0,0,0,0,0,0,17,147,0
2024/2025,malmesbury,west coast district,west coast district,18.72971,-33.45354,0,0,0,0,0,0,0,237,1,0,0,0,0,0,0,0,0,0,0,0,0,8,0,0,0,0,0,0,0,17,112,0
2023/2024,maloti,alfred nzo district,alfred nzo district,,,0,0,0,0,0,0,0,98,0,0,0,0,0,0,0,0,0,0,0,0,0,12,0,0,0,0,0,0,0,1,19,0
2024/2025,maloti,alfred nzo district,alfred nzo district,,,0,0,0,0,0,0,0,64,0,0,0,0,0,0,0,0,0,0,0,0,0,6,0,0,0,0,0,0,0,3,16,0
2008/2009,maluti,,,,,112,8,300,12,12,0,15,228,2,18,61,32,5,37,90,26,1,54,36,58,8,4,0,35,1,74,0,1,226,8,12,0
2009/2010,maluti,,,,,129,22,406,13,17,0,8,295,1,17,70,41,16,17,127,16,1,76,50,85,5,14,0,29,0,112,0,1,226,5,16,0
2010/2011,maluti,,,,,89,11,320,11,20,0,3,221,1,15,59,31,5,58,65,24,1,81,41,74,5,6,0,22,1,98,0,0,239,12,10,0
2011/2012,maluti,,,,,108,14,282,6,13,0,35,206,0,18,53,35,6,44,59,7,1,71,40,80,20,4,0,55,0,93,3,0,216,6,19,0
2012/2013,maluti,,,,,103,11,268,7,11,0,37,177,2,11,33,19,5,78,51,7,1,70,40,86,19,6,0,48,0,100,1,0,192,5,16,0
2013/2014,maluti,,,,,100,13,226,11,5,0,23,191,1,3,32,24,7,27,84,15,25,43,40,82,19,4,0,49,1,89,0,0,212,5,11,0
2014/2015,maluti,,,,,117,10,220,8,14,0,22,225,3,4,23,12,7,29,41,23,23,65,42,96,23,10,0,54,0,111,1,0,240,3,16,0
2015/2016,maluti,,,,,134,12,249,17,15,0,27,229,0,11,24,12,6,13,55,17,21,65,39,92,16,3,0,37,1,108,0,0,191,0,19,0
2016/2017,maluti,,,,,141,16,177,23,17,0,51,239,0,11,17,17,6,16,68,11,21,52,42,81,35,9,0,74,1,99,0,0,183,2,11,0
2017/2018,maluti,,,,,81,8,211,15,12,0,33,237,1,22,28,13,6,17,83,30,23,65,65,86,14,18,0,54,6,104,0,0,258,5,7,0
2018/2019,maluti,,,,,94,3,211,8,10,0,44,225,3,14,33,5,7,11,89,18,23,70,47,104,10,26,0,59,2,117,0,1,228,3,12,0
2019/2020,maluti,,,,,91,9,227,17,6,0,54,241,0,14,23,8,7,34,84,17,23,89,45,85,8,25,0,48,4,96,0,1,199,6,8,0
2020/2021,maluti,,,,,95,5,189,24,8,0,53,185,1,11,47,16,4,14,53,20,2,90,42,92,11,56,1,87,6,108,0,1,211,3,13,0
2021/2022,maluti,,,,,94,3,258,24,10,0,47,177,0,35,71,25,6,15,39,28,17,85,65,85,15,50,0,86,7,102,0,3,129,1,15,0
2022/2023,maluti,,,,,71,3,299,16,5,0,48,125,0,35,83,7,7,56,27,24,22,95,43,104,12,35,0,60,10,120,0,4,93,8,21,0
2008/2009,malvern,ethekwini,ethekwini,30.91017,-29.87456,159,0,30,10,0,0,30,222,17,66,118,19,12,83,62,21,1,34,9,13,7,15,0,73,6,26,0,40,0,95,54,0
2009/2010,malvern,ethekwini,ethekwini,30.91017,-29.87456,152,4,38,15,0,0,36,302,34,82,126,18,9,72,128,13,1,32,8,15,13,20,0,100,2,22,0,30,0,156,62,1
2010/2011,malvern,ethekwini,ethekwini,30.91017,-29.87456,142,2,21,16,0,0,27,247,21,136,109,8,10,51,129,15,1,34,7,11,16,14,0,75,5,22,0,33,1,129,65,0
2011/2012,malvern,ethekwini,ethekwini,30.91017,-29.87456,174,2,26,12,0,0,16,320,37,64,152,13,10,95,141,9,1,40,6,13,5,21,0,88,9,28,6,34,0,137,71,0
2012/2013,malvern,ethekwini,ethekwini,30.91017,-29.87456,157,4,27,6,0,0,53,525,48,49,121,15,5,63,158,5,1,34,5,10,1,39,0,115,4,17,4,47,0,125,62,0
2013/2014,malvern,ethekwini,ethekwini,30.91017,-29.87456,163,2,26,12,0,0,46,275,28,55,90,9,7,164,181,20,13,30,3,15,14,40,0,116,7,23,3,66,1,129,78,0
2014/2015,malvern,ethekwini,ethekwini,30.91017,-29.87456,128,0,30,5,0,0,46,297,21,45,77,12,4,136,213,4,14,35,5,6,5,24,0,86,3,11,35,59,0,137,82,0
2015/2016,malvern,ethekwini,ethekwini,30.91017,-29.87456,139,2,20,11,0,0,55,340,19,56,67,8,4,112,225,26,21,22,4,4,5,20,0,71,3,9,10,53,2,120,45,2
2016/2017,malvern,ethekwini,ethekwini,30.91017,-29.87456,103,0,20,19,0,0,83,239,13,35,70,8,6,143,231,10,12,31,4,6,14,24,0,86,4,10,3,76,1,96,39,0
2017/2018,malvern,ethekwini,ethekwini,30.91017,-29.87456,135,0,21,15,1,0,99,319,15,52,71,7,6,131,202,4,12,21,5,7,10,41,0,114,2,10,3,92,0,68,57,0
2018/2019,malvern,ethekwini,ethekwini,30.91017,-29.87456,152,4,25,12,0,0,61,295,11,61,76,14,6,151,94,4,21,48,6,10,6,28,0,72,1,11,3,75,0,105,105,0
2019/2020,malvern,ethekwini,ethekwini,30.91017,-29.87456,166,1,19,7,0,0,59,266,16,71,105,10,6,167,55,2,12,35,4,5,11,47,0,112,4,9,0,63,0,116,52,0
2020/2021,malvern,ethekwini,ethekwini,30.91017,-29.87456,131,0,19,11,0,0,62,163,10,86,79,9,6,6,42,6,12,42,3,11,11,53,0,111,4,15,0,65,0,93,37,0
2021/2022,malvern,ethekwini,ethekwini,30.91017,-29.87456,163,0,24,11,0,0,74,136,10,116,62,11,6,10,41,4,17,30,9,3,12,31,0,77,1,4,0,44,0,81,21,1
2022/2023,malvern,ethekwini,ethekwini,30.91017,-29.87456,173,2,18,13,0,0,50,147,21,95,73,2,5,12,47,5,2,28,9,8,6,27,0,88,1,12,1,37,0,106,23,1
2023/2024,malvern,ethekwini district,ethekwini district,30.91017,-29.87456,0,0,0,0,0,0,0,99,20,0,0,0,0,0,0,0,0,0,0,0,0,31,0,0,0,0,0,0,0,64,11,0
2024/2025,malvern,ethekwini district,ethekwini district,30.91017,-29.87456,0,0,0,0,0,0,0,124,14,0,0,0,0,0,0,0,0,0,0,0,0,18,0,0,0,0,0,0,0,56,47,0
2008/2009,mamelodi,city of tshwane,city of tshwane,28.34826,-25.71422,665,11,382,39,1,0,69,401,32,47,766,166,15,21,97,39,1,252,22,87,3,9,0,305,4,109,0,453,0,75,124,1
2009/2010,mamelodi,city of tshwane,city of tshwane,28.34826,-25.71422,636,13,373,56,4,0,80,378,30,74,728,137,36,15,119,44,1,294,14,71,8,16,0,214,5,96,0,479,1,90,198,2
2010/2011,mamelodi,city of tshwane,city of tshwane,28.34826,-25.71422,560,6,369,28,6,0,63,332,20,110,560,125,10,10,123,29,1,208,24,76,31,11,1,171,5,93,0,369,0,53,142,0
2011/2012,mamelodi,city of tshwane,city of tshwane,28.34826,-25.71422,536,6,360,33,7,0,83,376,16,86,460,124,5,23,156,26,1,191,16,52,28,11,0,164,7,69,1,361,0,46,151,0
2012/2013,mamelodi,city of tshwane,city of tshwane,28.34826,-25.71422,503,8,332,34,2,0,78,341,11,129,423,94,6,24,355,33,1,213,16,56,20,18,0,159,7,65,0,356,0,35,164,0
2013/2014,mamelodi,city of tshwane,city of tshwane,28.34826,-25.71422,462,7,362,27,0,0,58,369,19,115,409,85,8,36,615,18,37,184,13,49,36,19,1,187,7,60,0,401,0,33,144,2
2014/2015,mamelodi,city of tshwane,city of tshwane,28.34826,-25.71422,421,1,340,26,0,0,59,332,27,66,376,84,7,77,560,13,27,203,16,33,28,16,0,193,6,40,0,370,1,37,133,2
2015/2016,mamelodi,city of tshwane,city of tshwane,28.34826,-25.71422,431,3,313,18,0,0,80,296,32,73,346,115,5,113,289,12,28,183,14,31,35,8,0,202,2,36,1,432,0,36,150,2
2016/2017,mamelodi,city of tshwane,city of tshwane,28.34826,-25.71422,427,0,189,26,0,0,89,213,39,60,329,107,7,55,311,13,36,140,19,34,41,13,0,234,7,42,0,338,0,38,125,0
2017/2018,mamelodi,city of tshwane,city of tshwane,28.34826,-25.71422,436,0,212,13,0,0,125,228,28,86,345,94,7,77,246,18,2,142,13,25,26,10,1,193,5,31,0,360,0,48,128,2
2018/2019,mamelodi,city of tshwane,city of tshwane,28.34826,-25.71422,422,2,188,13,0,0,78,252,37,82,361,112,7,76,173,26,28,123,17,35,40,18,1,208,6,42,0,352,0,25,131,2
2019/2020,mamelodi,city of tshwane,city of tshwane,28.34826,-25.71422,425,3,141,12,0,0,77,160,39,68,376,113,6,87,217,9,26,141,12,31,30,7,1,230,5,36,0,272,0,52,97,2
2020/2021,mamelodi,city of tshwane,city of tshwane,28.34826,-25.71422,289,2,146,12,0,0,86,129,72,81,426,82,6,28,116,5,16,156,17,40,28,8,0,228,3,43,0,174,2,52,68,2
2021/2022,mamelodi,city of tshwane,city of tshwane,28.34826,-25.71422,393,3,186,30,0,0,74,154,100,103,631,88,6,67,150,17,26,230,30,64,52,12,0,341,9,73,1,149,0,46,135,2
2022/2023,mamelodi,city of tshwane,city of tshwane,28.34826,-25.71422,580,4,183,21,0,0,115,170,65,104,732,109,4,86,173,30,66,241,24,46,36,15,0,302,15,63,0,274,5,44,95,3
2023/2024,mamelodi,tshwane district,tshwane district,28.34826,-25.71422,0,0,0,0,0,0,0,166,70,0,0,0,0,0,0,0,0,0,0,0,0,33,0,0,0,0,0,0,0,39,104,0
2024/2025,mamelodi,tshwane district,tshwane district,28.34826,-25.71422,0,0,0,0,0,0,0,128,72,0,0,0,0,0,0,0,0,0,0,0,0,19,0,0,0,0,0,0,0,32,85,0
2008/2009,mamelodi east,city of tshwane,city of tshwane,28.39609,-25.71357,1277,36,774,75,14,0,80,347,11,25,597,113,33,37,188,53,1,545,77,222,24,59,2,285,7,258,0,66,0,174,218,0
2009/2010,mamelodi east,city of tshwane,city of tshwane,28.39609,-25.71357,1169,35,797,78,5,0,81,495,21,44,541,87,14,43,176,64,1,441,40,199,32,45,0,256,20,251,0,45,0,148,177,4
2010/2011,mamelodi east,city of tshwane,city of tshwane,28.39609,-25.71357,921,33,588,52,1,0,96,368,18,31,446,87,18,70,209,68,1,358,53,150,30,20,0,210,6,168,0,44,0,173,215,0
2011/2012,mamelodi east,city of tshwane,city of tshwane,28.39609,-25.71357,848,30,645,58,1,0,80,398,33,48,518,63,8,91,285,61,1,362,50,139,30,31,1,215,16,160,1,37,0,136,191,0
2012/2013,mamelodi east,city of tshwane,city of tshwane,28.39609,-25.71357,759,37,650,48,4,0,54,549,30,69,520,108,11,147,411,57,1,373,54,147,35,38,0,253,10,169,0,27,0,169,195,1
2013/2014,mamelodi east,city of tshwane,city of tshwane,28.39609,-25.71357,694,28,664,81,0,0,69,540,62,45,504,106,8,77,578,72,36,375,54,107,89,44,1,378,11,122,3,41,0,156,248,4
2014/2015,mamelodi east,city of tshwane,city of tshwane,28.39609,-25.71357,848,31,766,76,0,0,120,718,79,76,554,130,5,103,722,58,8,427,80,103,87,31,0,450,7,113,0,59,0,129,231,1
2015/2016,mamelodi east,city of tshwane,city of tshwane,28.39609,-25.71357,673,20,732,73,1,0,93,556,112,70,598,148,8,153,527,88,67,365,55,115,73,32,0,473,8,128,2,51,0,137,246,2
2016/2017,mamelodi east,city of tshwane,city of tshwane,28.39609,-25.71357,659,14,691,72,0,0,133,605,122,107,694,150,8,144,674,111,7,443,53,115,60,60,0,578,17,136,2,71,0,184,322,6
2017/2018,mamelodi east,city of tshwane,city of tshwane,28.39609,-25.71357,845,14,758,66,1,0,171,581,123,124,755,166,5,212,816,97,60,533,75,148,84,65,0,630,15,167,0,47,0,180,265,4
2018/2019,mamelodi east,city of tshwane,city of tshwane,28.39609,-25.71357,887,26,835,53,0,0,183,518,137,132,872,166,7,141,648,86,76,611,75,175,81,56,0,704,24,200,1,130,0,188,288,7
2019/2020,mamelodi east,city of tshwane,city of tshwane,28.39609,-25.71357,812,21,852,65,1,0,136,548,230,186,992,194,12,336,654,67,56,598,79,164,86,62,1,815,26,198,1,155,0,143,223,4
2020/2021,mamelodi east,city of tshwane,city of tshwane,28.39609,-25.71357,610,14,755,43,1,0,103,355,174,203,896,126,8,207,571,66,5,453,69,183,76,52,2,621,22,210,0,201,1,94,130,1
2021/2022,mamelodi east,city of tshwane,city of tshwane,28.39609,-25.71357,643,16,733,108,1,0,51,409,248,213,1111,130,10,243,636,31,68,533,76,158,105,66,1,748,22,187,2,135,3,96,141,8
2022/2023,mamelodi east,city of tshwane,city of tshwane,28.39609,-25.71357,785,6,657,92,0,0,92,448,164,239,1124,129,5,165,708,58,77,543,77,167,65,67,1,674,24,194,4,183,1,101,142,4
2023/2024,mamelodi east,tshwane district,tshwane district,28.39609,-25.71357,0,0,0,0,0,0,0,318,195,0,0,0,0,0,0,0,0,0,0,0,0,90,0,0,0,0,0,0,0,100,123,0
2024/2025,mamelodi east,tshwane district,tshwane district,28.39609,-25.71357,0,0,0,0,0,0,0,312,237,0,0,0,0,0,0,0,0,0,0,0,0,134,0,0,0,0,0,0,0,69,80,0
2008/2009,mandeni,mandeni,ilembe,31.41142,-29.15479,77,2,36,20,2,0,21,96,16,40,23,6,4,20,61,3,1,15,6,26,3,17,0,73,2,32,0,58,5,7,27,1
2009/2010,mandeni,mandeni,ilembe,31.41142,-29.15479,80,2,42,8,1,0,32,87,7,47,39,3,8,30,73,4,1,27,10,9,1,17,1,43,2,16,0,37,9,9,41,0
2010/2011,mandeni,mandeni,ilembe,31.41142,-29.15479,109,2,49,17,0,0,18,115,7,39,26,13,6,12,75,15,1,29,2,15,3,35,0,68,10,25,0,36,6,9,31,0
2011/2012,mandeni,mandeni,ilembe,31.41142,-29.15479,82,2,34,7,1,0,18,115,3,38,29,5,6,32,163,7,1,30,4,21,7,9,1,37,1,23,0,14,11,6,33,0
2012/2013,mandeni,mandeni,ilembe,31.41142,-29.15479,105,2,41,7,0,0,19,119,2,49,31,2,6,63,211,8,1,15,4,24,4,14,0,30,1,25,0,29,11,10,55,0
2013/2014,mandeni,mandeni,ilembe,31.41142,-29.15479,84,0,59,4,0,0,13,88,0,68,25,6,6,56,273,7,21,22,7,12,8,8,1,34,2,14,0,18,10,6,25,0
2014/2015,mandeni,mandeni,ilembe,31.41142,-29.15479,82,2,48,8,0,0,31,55,1,58,24,6,6,45,270,9,21,27,7,13,3,8,3,36,0,13,0,30,13,5,24,0
2015/2016,mandeni,mandeni,ilembe,31.41142,-29.15479,96,0,41,4,1,0,12,77,3,60,25,9,7,61,292,18,21,19,3,17,9,7,0,45,1,20,0,24,8,5,32,0
2016/2017,mandeni,mandeni,ilembe,31.41142,-29.15479,91,2,45,4,0,0,19,94,1,56,18,13,6,26,236,6,12,15,5,20,9,19,0,40,0,20,0,12,2,4,34,0
2017/2018,mandeni,mandeni,ilembe,31.41142,-29.15479,72,1,55,3,2,0,24,62,1,47,27,8,6,40,311,11,13,17,2,15,8,6,0,34,2,19,0,16,6,3,15,0
2018/2019,mandeni,mandeni,ilembe,31.41142,-29.15479,118,0,110,1,0,0,29,55,0,4,118,12,6,19,338,6,13,38,2,17,0,0,0,3,4,21,0,0,42,1,8,0
2019/2020,mandeni,mandeni,ilembe,31.41142,-29.15479,109,1,115,1,0,0,11,33,0,0,115,7,5,11,313,3,13,49,4,6,0,0,0,5,10,19,0,1,45,0,21,0
2020/2021,mandeni,mandeni,ilembe,31.41142,-29.15479,124,2,80,23,1,0,19,40,0,3,109,7,6,7,179,0,13,42,4,12,1,1,0,10,3,16,0,0,45,0,18,0
2021/2022,mandeni,mandeni,ilembe,31.41142,-29.15479,111,0,131,4,1,0,20,48,0,4,87,1,6,4,119,2,13,42,4,17,1,0,0,5,5,23,0,0,22,0,7,0
2022/2023,mandeni,mandeni,ilembe,31.41142,-29.15479,127,3,88,2,0,0,26,71,0,9,111,7,6,3,118,1,12,47,3,12,2,0,0,8,8,20,0,1,29,0,23,0
2023/2024,mandeni,ilembe district,ilembe district,31.41142,-29.15479,0,0,0,0,0,0,0,93,4,0,0,0,0,0,0,0,0,0,0,0,0,27,0,0,0,0,0,0,0,11,30,0
2024/2025,mandeni,ilembe district,ilembe district,31.41142,-29.15479,0,0,0,0,0,0,0,78,2,0,0,0,0,0,0,0,0,0,0,0,0,28,0,0,0,0,0,0,0,2,18,0
2008/2009,manenberg,city of cape town,city of cape town,18.55608,-33.97186,843,9,278,45,4,0,111,424,13,29,323,166,19,222,1150,74,1,253,29,57,17,9,0,195,27,102,0,234,0,124,262,1
2009/2010,manenberg,city of cape town,city of cape town,18.55608,-33.97186,826,7,330,60,4,0,119,527,10,46,462,184,32,283,1556,65,1,311,23,101,5,10,1,173,41,158,0,292,0,93,344,1
2010/2011,manenberg,city of cape town,city of cape town,18.55608,-33.97186,768,11,273,69,3,0,99,408,5,42,416,135,11,447,2353,69,1,354,33,78,15,4,0,158,33,122,0,270,0,83,301,0
2011/2012,manenberg,city of cape town,city of cape town,18.55608,-33.97186,880,10,252,44,7,0,177,436,3,39,504,149,11,390,3672,59,1,381,29,73,15,11,1,145,56,144,2,145,0,61,315,0
2012/2013,manenberg,city of cape town,city of cape town,18.55608,-33.97186,1211,12,275,136,3,0,175,472,9,42,593,160,4,222,3983,147,1,461,35,90,34,10,1,254,51,146,0,111,0,90,376,0
2013/2014,manenberg,city of cape town,city of cape town,18.55608,-33.97186,1367,13,292,165,7,0,157,451,15,41,543,142,8,168,3766,178,2,420,41,72,22,4,1,271,50,133,1,95,0,114,315,0
2014/2015,manenberg,city of cape town,city of cape town,18.55608,-33.97186,1698,10,282,161,6,0,147,431,15,46,597,150,8,258,3191,125,3,537,63,45,30,15,0,303,34,89,0,172,0,84,312,0
2015/2016,manenberg,city of cape town,city of cape town,18.55608,-33.97186,1171,7,275,130,9,0,107,408,20,42,649,143,11,215,2508,144,14,484,60,49,22,13,0,288,43,109,0,131,0,106,252,0
2016/2017,manenberg,city of cape town,city of cape town,18.55608,-33.97186,1124,11,258,114,11,0,109,406,24,34,573,148,8,292,2399,99,2,559,55,66,26,18,0,315,52,133,1,79,0,82,244,0
2017/2018,manenberg,city of cape town,city of cape town,18.55608,-33.97186,1098,10,246,125,1,0,108,389,27,34,562,121,4,274,2232,128,28,502,61,65,20,11,0,280,44,112,1,79,0,98,218,2
2018/2019,manenberg,city of cape town,city of cape town,18.55608,-33.97186,1116,11,238,111,5,0,107,273,33,42,598,101,10,222,1173,108,16,549,57,66,17,8,1,260,45,122,1,33,0,57,194,4
2019/2020,manenberg,city of cape town,city of cape town,18.55608,-33.97186,931,12,216,121,3,0,100,283,54,43,578,125,5,216,906,101,36,558,60,55,24,20,1,314,50,111,2,28,0,85,187,1
2020/2021,manenberg,city of cape town,city of cape town,18.55608,-33.97186,718,11,222,159,4,0,77,245,27,57,516,82,5,30,710,99,3,435,93,55,13,10,0,241,30,92,1,16,1,72,176,4
2021/2022,manenberg,city of cape town,city of cape town,18.55608,-33.97186,765,9,192,137,6,0,64,235,24,97,592,70,16,68,1351,107,26,521,87,62,18,15,0,237,48,126,1,45,0,78,142,1
2022/2023,manenberg,city of cape town,city of cape town,18.55608,-33.97186,839,10,244,122,5,0,62,313,15,64,704,80,4,132,1847,125,22,497,80,73,17,21,0,223,40,120,0,25,0,49,182,1
2023/2024,manenberg,city of cape town district,city of cape town district,18.55608,-33.97186,0,0,0,0,0,0,0,265,38,0,0,0,0,0,0,0,0,0,0,0,0,15,0,0,0,0,0,0,0,47,142,0
2024/2025,manenberg,city of cape town district,city of cape town district,18.55608,-33.97186,0,0,0,0,0,0,0,195,29,0,0,0,0,0,0,0,0,0,0,0,0,6,0,0,0,0,0,0,0,19,101,0
2008/2009,mangaung,mangaung,mangaung,26.24956,-29.15674,617,17,379,51,10,0,150,506,28,42,562,146,16,29,122,13,1,298,27,87,56,35,0,279,21,128,0,24,4,64,175,3
2009/2010,mangaung,mangaung,mangaung,26.24956,-29.15674,574,9,390,43,7,0,153,501,40,101,522,94,18,39,109,5,1,289,25,72,26,26,0,230,18,108,0,40,2,62,178,1
2010/2011,mangaung,mangaung,mangaung,26.24956,-29.15674,469,10,386,46,9,0,146,444,16,111,548,86,16,42,76,7,1,277,33,89,26,29,0,188,17,125,0,20,1,41,150,0
2011/2012,mangaung,mangaung,mangaung,26.24956,-29.15674,487,13,388,44,6,0,123,342,28,90,561,98,4,51,137,6,1,282,21,69,34,16,1,192,15,92,1,30,0,68,166,1
2012/2013,mangaung,mangaung,mangaung,26.24956,-29.15674,441,11,321,29,4,0,144,468,21,103,497,77,10,56,244,12,1,253,24,69,35,19,0,193,10,89,1,25,1,66,189,0
2013/2014,mangaung,mangaung,mangaung,26.24956,-29.15674,403,2,281,29,0,0,99,390,18,124,444,81,11,117,305,13,17,179,19,64,16,18,0,160,11,83,0,34,2,47,160,0
2014/2015,mangaung,mangaung,mangaung,26.24956,-29.15674,371,2,244,13,6,0,96,306,26,93,377,50,4,103,215,10,22,196,24,53,10,15,1,134,17,78,3,43,0,39,228,0
2015/2016,mangaung,mangaung,mangaung,26.24956,-29.15674,302,4,219,18,5,0,116,395,30,91,310,40,7,92,258,13,21,143,22,56,12,12,1,116,7,69,2,36,2,34,158,0
2016/2017,mangaung,mangaung,mangaung,26.24956,-29.15674,315,3,193,5,2,0,80,337,9,98,241,35,6,125,296,11,2,155,20,58,17,8,0,109,6,66,4,33,2,37,151,0
2017/2018,mangaung,mangaung,mangaung,26.24956,-29.15674,282,3,201,12,3,0,46,315,17,77,274,47,7,97,378,20,21,156,23,61,11,5,0,123,9,74,8,41,1,30,137,0
2018/2019,mangaung,mangaung,mangaung,26.24956,-29.15674,335,4,195,15,6,0,65,254,15,82,327,39,7,75,225,21,21,161,15,64,5,11,0,115,9,80,0,32,1,26,162,0
2019/2020,mangaung,mangaung,mangaung,26.24956,-29.15674,269,1,198,11,3,0,101,202,7,78,310,38,8,184,275,7,24,142,25,78,9,12,0,99,14,99,1,42,2,25,135,0
2020/2021,mangaung,mangaung,mangaung,26.24956,-29.15674,275,2,155,6,3,0,100,173,6,116,285,29,9,54,251,10,14,138,12,46,10,10,1,66,5,59,3,56,2,14,108,1
2021/2022,mangaung,mangaung,mangaung,26.24956,-29.15674,302,4,172,14,1,0,66,172,8,92,291,36,5,53,425,17,2,171,20,65,5,11,0,67,15,84,1,40,2,23,101,0
2022/2023,mangaung,mangaung,mangaung,26.24956,-29.15674,330,4,198,14,4,0,85,153,6,91,335,47,6,143,592,33,22,168,17,46,4,5,0,67,14,64,1,37,2,21,123,0
2023/2024,mangaung,mangaung district,mangaung district,26.24956,-29.15674,0,0,0,0,0,0,0,159,14,0,0,0,0,0,0,0,0,0,0,0,0,8,0,0,0,0,0,0,0,25,127,0
2024/2025,mangaung,mangaung district,mangaung district,26.24956,-29.15674,0,0,0,0,0,0,0,175,6,0,0,0,0,0,0,0,0,0,0,0,0,7,0,0,0,0,0,0,0,15,120,0
2008/2009,mankweng,polokwane,capricorn,29.72669,-23.88506,282,13,431,13,20,0,158,491,7,39,228,175,10,110,395,21,1,153,27,221,1,6,0,63,6,253,0,91,18,25,39,0
2009/2010,mankweng,polokwane,capricorn,29.72669,-23.88506,265,18,458,13,21,0,181,692,16,46,260,238,18,78,490,28,1,150,40,262,4,19,1,95,1,295,0,97,26,19,75,0
2010/2011,mankweng,polokwane,capricorn,29.72669,-23.88506,262,17,327,15,13,0,136,484,13,60,150,142,10,65,245,18,1,128,41,253,7,13,0,80,3,275,0,67,22,22,52,0
2011/2012,mankweng,polokwane,capricorn,29.72669,-23.88506,556,15,671,20,45,0,148,713,4,63,520,261,10,26,98,16,1,280,44,284,46,42,0,185,9,344,0,77,75,49,80,0
2012/2013,mankweng,polokwane,capricorn,29.72669,-23.88506,560,26,729,26,26,0,207,705,8,64,626,290,4,70,205,18,1,251,27,283,55,34,0,191,2,313,1,60,81,36,87,0
2013/2014,mankweng,polokwane,capricorn,29.72669,-23.88506,505,21,607,32,21,0,240,864,13,69,480,191,4,31,242,21,16,243,35,225,54,63,0,331,14,262,1,107,40,37,140,1
2014/2015,mankweng,polokwane,capricorn,29.72669,-23.88506,746,26,758,53,21,0,179,951,23,101,515,261,5,96,268,18,27,315,33,207,41,104,0,431,5,236,0,55,54,52,191,0
2015/2016,mankweng,polokwane,capricorn,29.72669,-23.88506,994,26,713,25,21,0,172,818,12,118,644,272,10,150,283,14,51,348,27,211,63,75,0,385,11,249,0,0,67,43,133,0
2016/2017,mankweng,polokwane,capricorn,29.72669,-23.88506,979,22,654,28,15,0,219,1004,13,157,506,256,6,204,382,21,38,299,29,200,77,78,0,438,5,220,0,43,71,30,154,0
2017/2018,mankweng,polokwane,capricorn,29.72669,-23.88506,929,16,669,26,18,0,174,914,15,147,436,211,7,249,625,23,36,330,38,166,68,109,1,450,11,196,1,99,80,25,150,0
2018/2019,mankweng,polokwane,capricorn,29.72669,-23.88506,1036,14,589,32,16,0,181,857,17,179,384,182,6,301,498,39,25,324,46,186,82,94,0,438,5,207,0,138,98,44,112,0
2019/2020,mankweng,polokwane,capricorn,29.72669,-23.88506,1012,16,634,23,17,0,254,953,14,251,445,236,6,299,152,20,6,337,53,149,132,106,0,547,10,176,1,175,92,35,164,0
2020/2021,mankweng,polokwane,capricorn,29.72669,-23.88506,646,11,548,12,14,0,165,846,10,288,434,183,5,80,250,22,18,317,34,178,76,49,0,382,11,206,4,108,126,22,124,1
2021/2022,mankweng,polokwane,capricorn,29.72669,-23.88506,534,12,663,29,20,0,144,731,19,362,560,231,5,76,268,14,6,343,52,161,77,99,1,446,29,213,13,89,85,34,106,0
2022/2023,mankweng,polokwane,capricorn,29.72669,-23.88506,578,12,686,23,19,0,195,869,14,358,650,287,9,60,334,11,29,386,55,179,67,98,0,533,19,222,21,116,71,38,95,0
2023/2024,mankweng,capricorn district,capricorn district,29.72669,-23.88506,0,0,0,0,0,0,0,910,10,0,0,0,0,0,0,0,0,0,0,0,0,50,0,0,0,0,0,0,0,23,124,0
2024/2025,mankweng,capricorn district,capricorn district,29.72669,-23.88506,0,0,0,0,0,0,0,869,10,0,0,0,0,0,0,0,0,0,0,0,0,59,0,0,0,0,0,0,0,24,140,0
2008/2009,maokeng,moqhaka,fezile dabi,27.20998,-27.65223,221,4,350,29,4,0,55,307,1,4,556,57,37,18,69,14,1,221,27,80,13,1,0,102,12,114,0,2,17,15,41,0
2009/2010,maokeng,moqhaka,fezile dabi,27.20998,-27.65223,245,0,388,12,12,0,66,255,1,5,526,59,18,16,59,3,1,225,26,92,10,6,0,90,19,134,0,2,32,27,65,0
2010/2011,maokeng,moqhaka,fezile dabi,27.20998,-27.65223,245,3,378,11,7,0,58,278,1,4,467,63,32,13,39,4,1,230,32,93,24,9,0,100,14,126,0,1,12,25,57,0
2011/2012,maokeng,moqhaka,fezile dabi,27.20998,-27.65223,177,3,418,14,9,0,101,218,1,7,468,41,9,16,42,6,1,234,19,91,25,11,0,148,19,124,0,0,18,23,100,0
2012/2013,maokeng,moqhaka,fezile dabi,27.20998,-27.65223,185,4,380,12,7,0,63,236,0,15,434,50,7,26,88,9,1,171,19,116,12,11,0,103,8,132,0,1,14,23,60,0
2013/2014,maokeng,moqhaka,fezile dabi,27.20998,-27.65223,187,6,381,10,4,0,47,288,2,23,409,56,9,28,93,10,12,200,20,80,22,6,0,110,11,100,0,0,26,18,85,0
2014/2015,maokeng,moqhaka,fezile dabi,27.20998,-27.65223,214,6,364,12,1,0,85,230,1,17,349,47,4,29,100,7,14,222,26,83,25,8,0,131,6,92,0,0,15,17,78,0
2015/2016,maokeng,moqhaka,fezile dabi,27.20998,-27.65223,181,2,360,6,4,0,92,273,2,15,344,29,7,46,90,3,22,201,13,76,14,6,0,77,14,95,0,0,8,21,66,0
2016/2017,maokeng,moqhaka,fezile dabi,27.20998,-27.65223,179,2,294,14,5,0,108,344,1,12,341,41,8,75,141,12,13,177,14,61,12,4,0,67,7,77,0,0,14,25,81,0
2017/2018,maokeng,moqhaka,fezile dabi,27.20998,-27.65223,133,2,269,11,2,0,85,284,1,16,259,46,5,35,161,11,13,163,13,51,14,2,0,75,7,63,0,0,19,26,90,0
2018/2019,maokeng,moqhaka,fezile dabi,27.20998,-27.65223,153,2,290,10,1,0,106,239,2,17,288,28,4,32,117,15,22,134,17,47,8,8,0,76,16,66,0,0,28,12,53,1
2019/2020,maokeng,moqhaka,fezile dabi,27.20998,-27.65223,168,3,284,10,1,0,67,268,4,21,306,46,4,44,66,10,12,136,18,61,11,15,0,105,5,69,0,0,22,13,52,0
2020/2021,maokeng,moqhaka,fezile dabi,27.20998,-27.65223,179,5,238,5,4,0,88,228,2,28,300,29,7,24,78,1,22,136,18,38,3,10,0,63,7,50,0,17,15,20,73,0
2021/2022,maokeng,moqhaka,fezile dabi,27.20998,-27.65223,253,1,244,8,0,0,49,223,2,41,467,27,4,28,73,4,14,218,11,52,6,3,0,62,14,68,0,45,10,9,58,0
2022/2023,maokeng,moqhaka,fezile dabi,27.20998,-27.65223,308,3,266,11,3,0,55,170,1,52,533,50,4,29,100,8,2,216,22,40,5,4,0,51,4,49,4,74,16,9,39,1
2023/2024,maokeng,fezile dabi district,fezile dabi district,27.20998,-27.65223,0,0,0,0,0,0,0,179,2,0,0,0,0,0,0,0,0,0,0,0,0,5,0,0,0,0,0,0,0,8,58,0
2024/2025,maokeng,fezile dabi district,fezile dabi district,27.20998,-27.65223,0,0,0,0,0,0,0,219,1,0,0,0,0,0,0,0,0,0,0,0,0,9,0,0,0,0,0,0,0,13,87,0
2008/2009,maphumulo,maphumulo,ilembe,31.06624,-29.15989,96,4,92,28,1,0,15,184,9,6,81,41,16,4,48,29,1,37,24,35,3,43,3,84,8,54,0,5,56,9,17,0
2009/2010,maphumulo,maphumulo,ilembe,31.06624,-29.15989,116,7,109,18,2,0,15,162,4,47,115,33,18,3,31,19,1,54,19,39,6,28,0,53,15,67,0,1,89,12,3,0
2010/2011,maphumulo,maphumulo,ilembe,31.06624,-29.15989,175,8,126,19,0,0,28,159,3,23,136,34,6,4,25,39,1,56,23,42,8,31,1,55,8,50,0,1,105,11,19,0
2011/2012,maphumulo,maphumulo,ilembe,31.06624,-29.15989,238,7,92,11,0,0,20,137,1,35,128,34,6,8,74,16,1,45,17,36,4,23,1,42,6,42,0,3,67,8,15,0
2012/2013,maphumulo,maphumulo,ilembe,31.06624,-29.15989,188,10,172,19,1,0,60,152,3,21,112,44,6,6,110,16,1,67,15,35,8,21,0,48,1,37,0,7,78,11,18,0
2013/2014,maphumulo,maphumulo,ilembe,31.06624,-29.15989,113,4,124,23,1,0,45,170,2,18,120,32,7,11,71,25,21,64,22,36,9,24,0,59,8,46,1,10,53,10,9,0
2014/2015,maphumulo,maphumulo,ilembe,31.06624,-29.15989,133,3,163,54,3,0,61,156,2,9,79,29,6,6,55,24,14,51,25,47,9,18,0,50,8,58,0,5,61,9,17,0
2015/2016,maphumulo,maphumulo,ilembe,31.06624,-29.15989,98,13,159,48,4,0,50,108,2,10,79,28,6,7,80,32,14,39,14,33,8,13,0,41,4,41,0,6,96,6,16,0
2016/2017,maphumulo,maphumulo,ilembe,31.06624,-29.15989,105,4,145,20,0,0,48,149,3,13,66,28,6,7,110,48,22,59,20,30,9,17,0,61,4,34,0,14,72,8,21,0
2017/2018,maphumulo,maphumulo,ilembe,31.06624,-29.15989,104,7,139,16,0,0,52,149,3,15,65,18,7,11,146,62,22,56,27,45,12,14,0,52,4,50,0,0,87,12,23,1
2018/2019,maphumulo,maphumulo,ilembe,31.06624,-29.15989,118,0,110,1,0,0,29,55,0,4,118,12,6,19,338,6,13,38,2,17,0,0,0,3,4,21,0,0,42,1,8,0
2019/2020,maphumulo,maphumulo,ilembe,31.06624,-29.15989,109,1,115,1,0,0,11,33,0,0,115,7,5,11,313,3,13,49,4,6,0,0,0,5,10,19,0,1,45,0,21,0
2020/2021,maphumulo,maphumulo,ilembe,31.06624,-29.15989,124,2,80,23,1,0,19,40,0,3,109,7,6,7,179,0,13,42,4,12,1,1,0,10,3,16,0,0,45,0,18,0
2021/2022,maphumulo,maphumulo,ilembe,31.06624,-29.15989,111,0,131,4,1,0,20,48,0,4,87,1,6,4,119,2,13,42,4,17,1,0,0,5,5,23,0,0,22,0,7,0
2022/2023,maphumulo,maphumulo,ilembe,31.06624,-29.15989,127,3,88,2,0,0,26,71,0,9,111,7,6,3,118,1,12,47,3,12,2,0,0,8,8,20,0,1,29,0,23,0
2023/2024,maphumulo,ilembe district,ilembe district,31.06624,-29.15989,0,0,0,0,0,0,0,78,22,0,0,0,0,0,0,0,0,0,0,0,0,35,0,0,0,0,0,0,0,10,9,0
2024/2025,maphumulo,ilembe district,ilembe district,31.06624,-29.15989,0,0,0,0,0,0,0,110,14,0,0,0,0,0,0,0,0,0,0,0,0,35,0,0,0,0,0,0,0,8,10,0
2008/2009,mara,makhado,vhembe,29.39279,-23.0909,54,1,31,1,0,0,23,39,0,2,21,0,5,0,8,4,1,15,1,9,4,2,0,8,1,13,0,1,11,0,3,0
2009/2010,mara,makhado,vhembe,29.39279,-23.0909,70,2,42,0,0,0,12,54,0,3,18,6,6,1,15,0,1,14,3,6,1,4,0,10,0,6,0,0,7,2,5,0
2010/2011,mara,makhado,vhembe,29.39279,-23.0909,70,0,39,1,0,0,13,42,0,2,23,3,6,1,5,0,1,15,2,4,4,3,0,9,0,4,0,0,15,0,4,0
2011/2012,mara,makhado,vhembe,29.39279,-23.0909,69,1,52,1,0,0,16,25,0,0,24,0,6,0,5,1,1,13,2,4,2,0,0,4,0,4,0,0,10,1,1,0
2012/2013,mara,makhado,vhembe,29.39279,-23.0909,71,1,25,1,0,0,9,25,0,3,16,2,6,0,16,1,1,14,0,12,2,3,0,8,1,13,0,0,8,2,2,0
2013/2014,mara,makhado,vhembe,29.39279,-23.0909,86,0,23,0,0,0,10,35,0,2,10,2,6,2,21,0,13,8,0,5,6,0,0,6,0,5,0,0,6,0,5,0
2014/2015,mara,makhado,vhembe,29.39279,-23.0909,93,1,23,1,0,0,13,38,0,0,8,6,6,0,32,1,13,17,1,9,6,4,0,11,0,9,15,0,14,1,6,0
2015/2016,mara,makhado,vhembe,29.39279,-23.0909,53,2,36,0,0,0,15,33,2,1,7,4,6,4,44,0,12,11,5,8,2,4,0,13,0,8,10,0,3,3,5,0
2016/2017,mara,makhado,vhembe,29.39279,-23.0909,78,0,54,0,1,0,8,29,3,3,11,1,6,2,64,2,12,10,0,4,2,9,0,18,0,5,1,1,8,0,2,0
2017/2018,mara,makhado,vhembe,29.39279,-23.0909,61,1,28,0,0,0,11,29,0,0,10,3,6,4,88,2,13,16,1,5,3,3,0,6,0,5,14,1,6,2,7,0
2018/2019,mara,makhado,vhembe,29.39279,-23.0909,71,0,44,1,0,0,3,37,0,1,8,4,7,0,41,2,13,8,0,9,1,1,0,6,0,10,3,0,3,1,1,0
2019/2020,mara,makhado,vhembe,29.39279,-23.0909,43,0,35,2,0,0,5,33,1,4,9,6,6,0,0,0,13,7,6,5,5,3,0,15,0,5,0,0,9,3,3,0
2020/2021,mara,makhado,vhembe,29.39279,-23.0909,52,2,31,0,0,0,8,24,0,6,12,1,6,0,0,0,13,14,0,7,3,6,0,11,1,8,0,0,20,3,5,0
2021/2022,mara,makhado,vhembe,29.39279,-23.0909,106,0,47,4,0,0,13,24,0,7,14,8,6,0,4,1,12,16,4,6,4,3,0,10,1,7,0,0,3,2,1,0
2022/2023,mara,makhado,vhembe,29.39279,-23.0909,99,1,51,3,1,0,5,23,1,4,16,2,7,1,10,0,21,24,2,7,5,0,0,7,0,9,1,0,6,2,1,1
2023/2024,mara,vhembe district,vhembe district,29.39279,-23.0909,0,0,0,0,0,0,0,27,0,0,0,0,0,0,0,0,0,0,0,0,0,1,0,0,0,0,0,0,0,4,4,0
2024/2025,mara,vhembe district,vhembe district,29.39279,-23.0909,0,0,0,0,0,0,0,30,0,0,0,0,0,0,0,0,0,0,0,0,0,2,0,0,0,0,0,0,0,0,6,0
2008/2009,marble hall,ephraim mogale,sekhukhune,29.29687,-24.96968,342,1,66,9,1,0,39,164,3,19,39,14,11,9,7,6,1,60,3,17,1,7,0,23,2,28,0,54,11,14,8,3
2009/2010,marble hall,ephraim mogale,sekhukhune,29.29687,-24.96968,237,5,63,9,0,0,39,149,1,26,54,30,16,24,5,5,1,38,4,7,6,11,0,24,1,18,0,42,7,27,21,0
2010/2011,marble hall,ephraim mogale,sekhukhune,29.29687,-24.96968,266,3,92,10,0,0,31,131,0,30,56,16,4,11,10,1,1,39,5,14,8,3,1,21,2,18,0,45,10,28,24,0
2011/2012,marble hall,ephraim mogale,sekhukhune,29.29687,-24.96968,421,5,199,12,4,0,86,215,4,50,102,58,6,8,12,4,1,82,15,34,19,13,1,67,3,41,2,50,47,34,40,2
2012/2013,marble hall,ephraim mogale,sekhukhune,29.29687,-24.96968,411,6,178,12,4,0,101,218,4,38,73,36,6,14,39,3,1,87,5,49,16,11,0,51,3,56,0,57,41,50,55,0
2013/2014,marble hall,ephraim mogale,sekhukhune,29.29687,-24.96968,403,5,158,6,6,0,83,296,3,43,91,60,6,9,34,4,21,89,14,52,21,11,0,82,6,64,0,12,29,51,61,0
2014/2015,marble hall,ephraim mogale,sekhukhune,29.29687,-24.96968,357,8,168,12,4,0,88,229,6,40,88,37,6,4,48,3,24,96,12,36,20,23,0,77,7,47,0,20,47,35,103,1
2015/2016,marble hall,ephraim mogale,sekhukhune,29.29687,-24.96968,320,7,178,4,4,0,103,196,10,31,102,55,6,66,31,6,12,105,5,44,18,20,0,69,6,54,0,27,50,17,84,0
2016/2017,marble hall,ephraim mogale,sekhukhune,29.29687,-24.96968,283,8,150,5,4,0,59,195,9,41,96,38,6,89,74,1,17,62,8,38,28,17,0,86,7,49,2,25,35,21,61,2
2017/2018,marble hall,ephraim mogale,sekhukhune,29.29687,-24.96968,188,1,56,6,2,0,24,76,6,43,37,24,6,62,104,7,14,33,3,15,13,9,0,56,3,20,19,42,17,11,55,1
2018/2019,marble hall,ephraim mogale,sekhukhune,29.29687,-24.96968,186,6,50,5,1,0,43,81,6,55,46,32,5,30,72,8,14,20,8,14,10,9,0,44,4,22,24,40,19,11,53,0
2019/2020,marble hall,ephraim mogale,sekhukhune,29.29687,-24.96968,178,0,55,7,3,0,53,58,5,57,25,27,7,31,70,10,21,7,8,8,14,17,0,54,0,12,101,39,30,3,31,1
2020/2021,marble hall,ephraim mogale,sekhukhune,29.29687,-24.96968,164,2,77,8,2,0,32,76,0,41,40,14,4,8,41,3,13,36,5,8,12,12,0,49,2,14,22,26,16,8,26,0
2021/2022,marble hall,ephraim mogale,sekhukhune,29.29687,-24.96968,177,2,51,7,2,0,34,80,2,52,49,16,6,8,43,4,12,34,4,7,13,8,0,38,0,9,10,29,30,7,33,0
2022/2023,marble hall,ephraim mogale,sekhukhune,29.29687,-24.96968,160,3,61,6,0,0,50,86,5,62,29,20,6,5,49,7,21,38,9,14,17,8,0,43,1,15,3,33,12,5,30,0
2023/2024,marble hall,sekhukhune district,sekhukhune district,29.29687,-24.96968,0,0,0,0,0,0,0,79,6,0,0,0,0,0,0,0,0,0,0,0,0,13,0,0,0,0,0,0,0,4,36,0
2024/2025,marble hall,sekhukhune district,sekhukhune district,29.29687,-24.96968,0,0,0,0,0,0,0,77,4,0,0,0,0,0,0,0,0,0,0,0,0,6,0,0,0,0,0,0,0,4,19,0
2008/2009,mareetsane,ratlou,ngaka modiri molema,25.47306,-26.20334,0,0,0,0,0,0,0,0,0,0,0,0,6,0,0,0,1,0,0,0,0,0,0,0,0,0,0,0,0,0,0,0
2009/2010,mareetsane,ratlou,ngaka modiri molema,25.47306,-26.20334,0,0,0,0,0,0,0,0,0,0,0,0,6,0,0,0,1,0,0,0,0,0,0,0,0,0,0,0,0,0,0,0
2010/2011,mareetsane,ratlou,ngaka modiri molema,25.47306,-26.20334,0,0,0,0,0,0,0,0,0,0,0,0,6,0,0,0,1,0,0,0,0,0,0,0,0,0,0,0,0,0,0,0
2011/2012,mareetsane,ratlou,ngaka modiri molema,25.47306,-26.20334,0,0,0,0,0,0,0,0,0,0,0,0,6,0,0,0,1,0,0,0,0,0,0,0,0,0,0,0,0,0,0,0
2012/2013,mareetsane,ratlou,ngaka modiri molema,25.47306,-26.20334,0,0,0,0,0,0,0,0,0,0,0,0,6,0,0,0,1,0,0,0,0,0,0,0,0,0,0,0,0,0,0,0
2013/2014,mareetsane,ratlou,ngaka modiri molema,25.47306,-26.20334,0,0,0,0,0,0,0,0,0,0,0,0,6,0,0,0,13,0,0,0,0,0,0,0,0,0,0,0,0,0,0,0
2014/2015,mareetsane,ratlou,ngaka modiri molema,25.47306,-26.20334,0,0,0,0,0,0,0,0,0,0,0,0,6,0,0,0,13,0,0,0,0,0,0,0,0,0,0,0,0,0,0,0
2015/2016,mareetsane,ratlou,ngaka modiri molema,25.47306,-26.20334,0,0,0,0,0,0,0,0,0,0,0,0,6,0,0,0,13,0,0,0,0,0,0,0,0,0,0,0,0,0,0,0
2016/2017,mareetsane,ratlou,ngaka modiri molema,25.47306,-26.20334,0,0,0,0,0,0,0,0,0,0,0,0,6,0,0,0,13,0,0,0,0,0,0,0,0,0,0,0,0,0,0,0
2017/2018,mareetsane,ratlou,ngaka modiri molema,25.47306,-26.20334,1,0,19,0,1,0,1,2,0,1,13,1,6,0,4,0,21,6,1,4,0,0,0,0,0,5,0,0,6,0,0,0
2018/2019,mareetsane,ratlou,ngaka modiri molema,25.47306,-26.20334,118,0,110,1,0,0,29,55,0,4,118,12,6,19,338,6,13,38,2,17,0,0,0,3,4,21,0,0,42,1,8,0
2019/2020,mareetsane,ratlou,ngaka modiri molema,25.47306,-26.20334,109,1,115,1,0,0,11,33,0,0,115,7,5,11,313,3,13,49,4,6,0,0,0,5,10,19,0,1,45,0,21,0
2020/2021,mareetsane,ratlou,ngaka modiri molema,25.47306,-26.20334,124,2,80,23,1,0,19,40,0,3,109,7,6,7,179,0,13,42,4,12,1,1,0,10,3,16,0,0,45,0,18,0
2021/2022,mareetsane,ratlou,ngaka modiri molema,25.47306,-26.20334,111,0,131,4,1,0,20,48,0,4,87,1,6,4,119,2,13,42,4,17,1,0,0,5,5,23,0,0,22,0,7,0
2022/2023,mareetsane,ratlou,ngaka modiri molema,25.47306,-26.20334,127,3,88,2,0,0,26,71,0,9,111,7,6,3,118,1,12,47,3,12,2,0,0,8,8,20,0,1,29,0,23,0
2023/2024,mareetsane,ngaka modiri molema district,ngaka modiri molema district,25.47306,-26.20334,0,0,0,0,0,0,0,30,1,0,0,0,0,0,0,0,0,0,0,0,0,1,0,0,0,0,0,0,0,0,3,0
2024/2025,mareetsane,ngaka modiri molema district,ngaka modiri molema district,25.47306,-26.20334,0,0,0,0,0,0,0,21,1,0,0,0,0,0,0,0,0,0,0,0,0,1,0,0,0,0,0,0,0,0,1,0
2008/2009,margate,ray nkonyeni,ugu,30.36415,-30.86359,678,4,367,14,9,0,103,948,1,108,308,81,77,493,321,17,1,201,16,53,3,32,0,141,10,368,0,159,10,34,169,0
2009/2010,margate,ray nkonyeni,ugu,30.36415,-30.86359,615,11,309,23,7,0,119,889,6,145,283,80,11,523,345,12,1,167,25,61,14,36,0,151,10,86,0,241,8,36,146,0
2010/2011,margate,ray nkonyeni,ugu,30.36415,-30.86359,615,5,302,18,5,0,119,1008,3,152,247,57,14,331,380,32,1,173,30,55,13,44,0,130,8,95,0,126,3,26,124,0
2011/2012,margate,ray nkonyeni,ugu,30.36415,-30.86359,681,1,228,16,3,0,107,1057,2,98,231,61,5,105,481,25,1,139,21,59,25,43,0,171,12,77,17,159,8,33,129,0
2012/2013,margate,ray nkonyeni,ugu,30.36415,-30.86359,578,1,207,19,6,0,113,1056,1,92,205,65,4,25,557,16,1,119,24,63,14,47,0,177,9,80,3,223,2,54,140,0
2013/2014,margate,ray nkonyeni,ugu,30.36415,-30.86359,698,3,245,14,5,0,142,1191,0,109,226,91,4,37,597,25,2,112,22,46,4,27,0,165,11,64,1,221,10,31,138,0
2014/2015,margate,ray nkonyeni,ugu,30.36415,-30.86359,741,1,270,20,3,0,110,1468,0,133,207,104,7,39,677,6,21,138,24,47,15,49,0,210,8,59,0,181,12,32,215,0
2015/2016,margate,ray nkonyeni,ugu,30.36415,-30.86359,600,6,261,22,4,0,125,1364,3,158,194,98,6,45,766,27,2,109,30,38,18,44,0,187,2,44,0,189,8,27,128,1
2016/2017,margate,ray nkonyeni,ugu,30.36415,-30.86359,552,3,278,14,1,0,116,1107,2,197,220,81,4,74,771,17,28,126,27,76,17,50,0,188,14,93,536,197,21,31,184,0
2017/2018,margate,ray nkonyeni,ugu,30.36415,-30.86359,493,0,292,14,6,0,80,1101,4,171,226,84,8,132,850,27,28,91,39,53,18,38,0,162,15,78,848,162,14,24,146,0
2018/2019,margate,ray nkonyeni,ugu,30.36415,-30.86359,555,1,297,23,3,0,77,828,2,228,246,71,5,196,263,24,23,113,33,49,10,33,0,130,10,65,942,168,4,20,140,0
2019/2020,margate,ray nkonyeni,ugu,30.36415,-30.86359,543,4,302,15,8,0,99,880,1,222,281,74,4,457,283,25,24,106,27,85,22,29,0,159,17,112,683,170,7,21,124,0
2020/2021,margate,ray nkonyeni,ugu,30.36415,-30.86359,390,3,242,14,4,0,94,700,2,215,258,50,5,74,364,22,3,100,23,63,13,41,0,117,9,79,120,128,2,15,65,0
2021/2022,margate,ray nkonyeni,ugu,30.36415,-30.86359,428,1,265,36,7,0,76,582,1,283,359,68,5,211,312,11,5,133,22,60,10,38,0,119,14,84,532,130,2,17,90,0
2022/2023,margate,ray nkonyeni,ugu,30.36415,-30.86359,571,3,287,73,8,0,82,607,4,297,284,96,4,31,477,19,30,122,30,77,10,34,0,127,14,101,894,137,6,27,159,0
2023/2024,margate,ugu district,ugu district,30.36415,-30.86359,0,0,0,0,0,0,0,608,6,0,0,0,0,0,0,0,0,0,0,0,0,31,0,0,0,0,0,0,0,34,126,0
2024/2025,margate,ugu district,ugu district,30.36415,-30.86359,0,0,0,0,0,0,0,426,3,0,0,0,0,0,0,0,0,0,0,0,0,22,0,0,0,0,0,0,0,20,77,0
2008/2009,mariannhill,ethekwini,ethekwini,30.8353,-29.86286,337,20,496,81,1,0,74,453,72,48,321,110,14,73,157,59,1,166,69,128,23,84,1,309,33,189,0,11,2,45,50,14
2009/2010,mariannhill,ethekwini,ethekwini,30.8353,-29.86286,241,11,477,79,3,0,66,620,83,70,267,87,36,87,290,51,1,178,65,107,16,70,1,293,22,148,0,11,3,45,106,6
2010/2011,mariannhill,ethekwini,ethekwini,30.8353,-29.86286,249,9,436,100,7,0,64,532,50,60,283,73,32,94,449,70,1,154,80,127,23,69,0,272,11,157,0,11,7,64,97,0
2011/2012,mariannhill,ethekwini,ethekwini,30.8353,-29.86286,334,13,361,57,5,0,48,624,47,79,365,80,33,162,489,37,1,210,61,140,19,59,0,229,21,181,1,3,3,75,146,1
2012/2013,mariannhill,ethekwini,ethekwini,30.8353,-29.86286,509,10,401,47,0,0,77,765,33,67,438,97,5,153,624,60,1,247,47,144,24,48,1,232,24,171,2,10,5,59,165,1
2013/2014,mariannhill,ethekwini,ethekwini,30.8353,-29.86286,501,11,386,50,0,0,63,767,46,33,352,125,7,80,941,41,43,249,45,131,25,49,0,272,16,148,0,13,4,46,146,0
2014/2015,mariannhill,ethekwini,ethekwini,30.8353,-29.86286,565,5,480,61,1,0,55,676,69,37,355,122,6,48,1140,52,38,227,64,89,26,47,0,288,12,102,1,25,6,45,115,0
2015/2016,mariannhill,ethekwini,ethekwini,30.8353,-29.86286,507,17,423,105,0,0,75,755,47,61,335,95,6,44,612,37,30,246,60,70,28,54,0,290,23,93,0,21,0,58,181,1
2016/2017,mariannhill,ethekwini,ethekwini,30.8353,-29.86286,358,5,280,91,0,0,68,608,52,42,347,80,4,77,766,38,37,194,64,68,31,40,0,270,12,82,0,17,3,56,128,3
2017/2018,mariannhill,ethekwini,ethekwini,30.8353,-29.86286,324,6,263,99,1,0,82,654,80,64,322,65,6,77,958,50,65,189,96,80,26,62,1,332,18,99,0,21,11,58,134,1
2018/2019,mariannhill,ethekwini,ethekwini,30.8353,-29.86286,296,8,256,124,0,0,57,531,134,72,226,61,6,94,524,37,43,181,96,78,44,79,0,393,14,92,0,13,8,61,76,0
2019/2020,mariannhill,ethekwini,ethekwini,30.8353,-29.86286,341,7,227,140,1,0,53,444,116,92,312,81,6,61,286,40,6,194,100,81,47,98,0,393,15,97,0,9,13,74,92,0
2020/2021,mariannhill,ethekwini,ethekwini,30.8353,-29.86286,272,4,166,124,1,0,82,336,132,115,280,62,6,10,148,52,48,186,102,63,53,109,0,438,11,75,0,24,22,32,92,1
2021/2022,mariannhill,ethekwini,ethekwini,30.8353,-29.86286,281,20,209,154,1,0,90,364,132,119,382,79,7,14,143,52,70,232,133,75,51,82,0,465,15,92,1,60,30,80,65,0
2022/2023,mariannhill,ethekwini,ethekwini,30.8353,-29.86286,171,8,156,158,1,0,39,233,178,107,236,39,7,1,185,64,55,131,203,76,61,151,0,553,9,87,0,26,13,59,54,0
2023/2024,mariannhill,ethekwini district,ethekwini district,30.8353,-29.86286,0,0,0,0,0,0,0,241,149,0,0,0,0,0,0,0,0,0,0,0,0,167,0,0,0,0,0,0,0,67,34,0
2024/2025,mariannhill,ethekwini district,ethekwini district,30.8353,-29.86286,0,0,0,0,0,0,0,202,116,0,0,0,0,0,0,0,0,0,0,0,0,123,0,0,0,0,0,0,0,42,60,0
2008/2009,marikana,rustenburg,bojanala,27.48645,-25.70513,395,12,240,34,7,2,137,123,8,51,136,49,7,42,123,13,1,107,32,45,33,15,0,113,0,53,0,5,8,67,19,0
2009/2010,marikana,rustenburg,bojanala,27.48645,-25.70513,423,9,201,26,1,2,111,133,10,170,78,26,6,22,67,11,1,75,29,50,23,9,0,91,1,52,0,4,8,78,48,4
2010/2011,marikana,rustenburg,bojanala,27.48645,-25.70513,411,5,163,22,4,1,83,100,8,182,74,20,5,26,82,18,1,58,31,51,40,12,0,101,4,62,0,14,14,61,38,0
2011/2012,marikana,rustenburg,bojanala,27.48645,-25.70513,356,5,153,10,6,0,103,141,8,124,66,16,4,32,117,12,1,83,35,32,13,10,0,73,1,41,0,5,4,80,28,0
2012/2013,marikana,rustenburg,bojanala,27.48645,-25.70513,417,7,155,47,2,0,85,202,9,143,53,20,6,17,109,26,1,74,95,43,25,14,0,91,5,50,0,8,11,28,32,1
2013/2014,marikana,rustenburg,bojanala,27.48645,-25.70513,447,3,125,31,1,0,66,166,6,81,55,10,5,31,119,24,17,67,42,50,16,14,0,63,4,58,0,14,7,28,37,0
2014/2015,marikana,rustenburg,bojanala,27.48645,-25.70513,380,10,127,16,1,0,76,121,11,43,63,19,7,18,69,48,17,67,23,27,18,7,0,63,3,32,0,30,9,38,30,1
2015/2016,marikana,rustenburg,bojanala,27.48645,-25.70513,285,2,117,21,3,0,40,86,6,38,59,7,4,22,82,44,23,58,40,37,24,8,0,69,3,45,0,32,7,55,32,0
2016/2017,marikana,rustenburg,bojanala,27.48645,-25.70513,317,6,128,29,2,0,46,117,11,76,40,12,7,34,119,45,22,81,34,49,26,5,0,76,6,58,2,13,16,57,36,1
2017/2018,marikana,rustenburg,bojanala,27.48645,-25.70513,244,5,135,22,2,1,52,118,6,109,57,16,6,42,197,19,22,72,34,54,16,8,0,61,5,61,5,24,23,92,31,0
2018/2019,marikana,rustenburg,bojanala,27.48645,-25.70513,187,4,115,28,3,0,78,116,12,59,52,7,7,22,73,28,14,58,31,55,26,16,1,94,3,62,0,34,29,81,46,0
2019/2020,marikana,rustenburg,bojanala,27.48645,-25.70513,239,10,102,30,1,0,84,95,12,64,62,15,7,25,32,56,25,66,48,41,32,10,0,96,4,47,0,16,21,47,22,2
2020/2021,marikana,rustenburg,bojanala,27.48645,-25.70513,199,4,102,26,4,0,66,105,15,61,66,9,6,21,24,43,2,80,34,42,32,20,0,101,2,48,1,21,21,36,27,1
2021/2022,marikana,rustenburg,bojanala,27.48645,-25.70513,211,4,168,39,1,0,62,75,14,52,77,12,6,68,27,26,2,110,58,31,36,41,0,135,5,37,0,16,21,58,23,0
2022/2023,marikana,rustenburg,bojanala,27.48645,-25.70513,231,12,118,69,0,0,56,74,15,66,96,14,6,54,53,16,28,106,58,33,33,23,1,122,4,37,0,26,18,75,33,2
2023/2024,marikana,bojanala district,bojanala district,27.48645,-25.70513,0,0,0,0,0,0,0,70,27,0,0,0,0,0,0,0,0,0,0,0,0,40,0,0,0,0,0,0,0,74,39,0
2024/2025,marikana,bojanala district,bojanala district,27.48645,-25.70513,0,0,0,0,0,0,0,70,9,0,0,0,0,0,0,0,0,0,0,0,0,35,0,0,0,0,0,0,0,52,32,0
2008/2009,marquard,setsoto,thabo mofutsanyane,27.4259,-28.66536,40,1,53,1,0,0,23,65,0,7,38,3,6,2,23,2,1,19,3,23,0,3,0,4,0,23,0,0,24,5,3,1
2009/2010,marquard,setsoto,thabo mofutsanyane,27.4259,-28.66536,48,1,53,2,0,0,25,48,0,7,44,7,38,2,36,0,1,15,3,12,0,0,0,1,1,37,0,5,29,2,1,0
2010/2011,marquard,setsoto,thabo mofutsanyane,27.4259,-28.66536,27,0,51,1,2,0,11,42,0,6,42,2,70,2,21,0,1,22,4,11,0,0,0,2,1,42,0,1,29,1,1,0
2011/2012,marquard,setsoto,thabo mofutsanyane,27.4259,-28.66536,41,2,47,2,1,0,22,55,0,17,27,6,5,1,16,1,1,14,0,6,2,1,0,4,5,15,2,2,47,4,5,0
2012/2013,marquard,setsoto,thabo mofutsanyane,27.4259,-28.66536,30,0,56,0,0,0,30,54,0,16,25,5,6,0,22,2,1,27,4,8,2,1,0,3,0,8,0,2,35,11,2,0
2013/2014,marquard,setsoto,thabo mofutsanyane,27.4259,-28.66536,41,1,33,3,2,0,26,50,1,10,22,7,6,3,35,2,12,18,1,11,2,0,0,3,4,17,3,2,18,7,2,0
2014/2015,marquard,setsoto,thabo mofutsanyane,27.4259,-28.66536,29,0,47,2,0,0,13,31,1,13,18,2,5,8,39,1,12,16,3,25,1,2,0,7,2,30,6,4,24,7,1,1
2015/2016,marquard,setsoto,thabo mofutsanyane,27.4259,-28.66536,40,0,50,1,1,0,24,50,0,9,12,3,4,9,34,0,12,14,2,18,1,1,0,3,4,25,10,2,41,0,4,0
2016/2017,marquard,setsoto,thabo mofutsanyane,27.4259,-28.66536,19,0,24,0,0,0,11,14,0,9,7,1,6,24,54,0,13,7,4,18,2,1,0,4,0,18,8,3,24,0,1,0
2017/2018,marquard,setsoto,thabo mofutsanyane,27.4259,-28.66536,23,1,37,1,0,0,15,27,0,5,8,3,6,30,51,3,13,7,4,3,1,0,0,3,0,3,1,2,28,2,2,0
2018/2019,marquard,setsoto,thabo mofutsanyane,27.4259,-28.66536,26,0,50,1,0,0,15,47,0,6,27,5,6,16,32,3,13,7,1,12,2,1,0,5,0,12,1,3,30,3,10,0
2019/2020,marquard,setsoto,thabo mofutsanyane,27.4259,-28.66536,32,3,44,3,2,0,15,57,2,11,40,5,6,18,6,5,21,18,6,14,3,1,0,10,2,18,0,2,40,2,6,0
2020/2021,marquard,setsoto,thabo mofutsanyane,27.4259,-28.66536,25,0,50,1,3,0,14,63,0,16,54,3,6,19,7,4,13,15,3,11,0,2,0,3,0,14,0,0,18,2,4,0
2021/2022,marquard,setsoto,thabo mofutsanyane,27.4259,-28.66536,35,1,46,0,0,0,17,52,0,15,48,0,4,20,13,3,13,15,4,11,3,1,0,4,2,15,1,0,8,1,5,0
2022/2023,marquard,setsoto,thabo mofutsanyane,27.4259,-28.66536,37,0,62,0,0,0,7,57,0,5,40,1,6,18,15,2,13,16,1,11,1,4,0,5,2,13,10,1,14,1,8,0
2023/2024,marquard,thabo mofutsanyana district,thabo mofutsanyana district,27.4259,-28.66536,0,0,0,0,0,0,0,48,0,0,0,0,0,0,0,0,0,0,0,0,0,3,0,0,0,0,0,0,0,1,1,0
2024/2025,marquard,thabo mofutsanyana district,thabo mofutsanyana district,27.4259,-28.66536,0,0,0,0,0,0,0,17,0,0,0,0,0,0,0,0,0,0,0,0,0,1,0,0,0,0,0,0,0,2,4,0
2008/2009,marydale,siyathemba,pixley ka seme,22.10618,-29.40618,19,0,32,3,1,0,5,10,0,0,13,0,7,0,2,0,1,2,0,7,0,0,0,0,1,10,0,0,3,0,0,0
2009/2010,marydale,siyathemba,pixley ka seme,22.10618,-29.40618,14,0,37,2,1,0,10,12,0,1,21,0,6,2,22,1,1,3,0,11,0,0,0,0,1,13,0,1,7,0,1,0
2010/2011,marydale,siyathemba,pixley ka seme,22.10618,-29.40618,14,1,41,6,1,0,2,8,0,2,25,0,6,2,23,0,1,6,0,5,0,0,0,0,5,11,0,0,10,0,1,0
2011/2012,marydale,siyathemba,pixley ka seme,22.10618,-29.40618,13,2,52,2,0,0,3,9,0,2,17,3,6,0,8,0,1,12,1,5,1,0,0,3,0,5,0,0,9,0,0,0
2012/2013,marydale,siyathemba,pixley ka seme,22.10618,-29.40618,10,0,50,3,2,0,7,12,0,2,22,1,6,2,13,0,1,13,1,4,1,0,0,2,6,12,0,0,10,0,0,0
2013/2014,marydale,siyathemba,pixley ka seme,22.10618,-29.40618,25,1,58,3,2,0,11,13,0,0,48,2,4,2,11,0,13,18,4,1,0,1,0,1,4,9,0,0,9,0,1,0
2014/2015,marydale,siyathemba,pixley ka seme,22.10618,-29.40618,19,0,67,4,0,0,5,3,0,0,30,1,7,1,9,0,13,9,1,4,0,0,0,0,4,9,0,1,7,0,3,0
2015/2016,marydale,siyathemba,pixley ka seme,22.10618,-29.40618,10,0,71,10,0,0,9,12,0,0,52,1,6,1,17,0,13,14,0,10,1,0,0,1,1,11,0,1,1,0,3,0
2016/2017,marydale,siyathemba,pixley ka seme,22.10618,-29.40618,8,0,45,2,0,0,16,13,0,0,47,2,6,1,24,2,13,16,0,4,0,0,0,2,0,4,1,1,9,0,0,0
2017/2018,marydale,siyathemba,pixley ka seme,22.10618,-29.40618,14,2,47,4,1,0,8,12,0,0,37,3,6,1,29,1,13,13,4,6,2,0,0,3,4,11,0,0,13,0,1,0
2018/2019,marydale,siyathemba,pixley ka seme,22.10618,-29.40618,8,2,61,2,1,0,8,13,0,1,44,2,6,0,11,0,13,13,1,5,0,0,0,0,1,7,0,0,14,0,0,0
2019/2020,marydale,siyathemba,pixley ka seme,22.10618,-29.40618,9,1,43,6,0,0,1,5,0,2,39,2,6,2,15,0,13,9,1,4,0,0,0,0,2,6,0,0,4,0,1,0
2020/2021,marydale,siyathemba,pixley ka seme,22.10618,-29.40618,14,0,40,2,0,0,5,10,0,1,34,1,6,1,5,0,13,12,0,3,1,0,0,2,0,3,0,1,14,0,0,0
2021/2022,marydale,siyathemba,pixley ka seme,22.10618,-29.40618,15,1,36,2,0,0,5,14,0,2,52,0,6,2,6,0,13,10,1,1,0,0,0,1,0,1,0,1,9,0,2,0
2022/2023,marydale,siyathemba,pixley ka seme,22.10618,-29.40618,13,0,21,7,0,0,12,9,0,0,32,1,6,0,55,0,13,4,0,4,0,0,0,0,0,4,0,1,7,0,2,0
2023/2024,marydale,pixley ka seme district,pixley ka seme district,22.10618,-29.40618,0,0,0,0,0,0,0,5,0,0,0,0,0,0,0,0,0,0,0,0,0,1,0,0,0,0,0,0,0,0,0,0
2024/2025,marydale,pixley ka seme district,pixley ka seme district,22.10618,-29.40618,0,0,0,0,0,0,0,13,0,0,0,0,0,0,0,0,0,0,0,0,0,0,0,0,0,0,0,0,0,0,2,0
2008/2009,masemola,makhuduthamaga,sekhukhune,29.66673,-24.56753,0,0,0,0,0,0,0,0,0,0,0,0,6,0,0,0,1,0,0,0,0,0,0,0,0,0,0,0,0,0,0,0
2009/2010,masemola,makhuduthamaga,sekhukhune,29.66673,-24.56753,0,0,0,0,0,0,0,0,0,0,0,0,6,0,0,0,1,0,0,0,0,0,0,0,0,0,0,0,0,0,0,0
2010/2011,masemola,makhuduthamaga,sekhukhune,29.66673,-24.56753,0,0,0,0,0,0,0,0,0,0,0,0,6,0,0,0,1,0,0,0,0,0,0,0,0,0,0,0,0,0,0,0
2011/2012,masemola,makhuduthamaga,sekhukhune,29.66673,-24.56753,12,0,28,4,1,0,11,6,0,1,9,5,6,1,5,2,1,15,4,16,2,1,0,4,5,22,0,0,7,1,3,0
2012/2013,masemola,makhuduthamaga,sekhukhune,29.66673,-24.56753,38,4,65,3,1,0,46,32,2,2,17,9,6,4,30,11,1,22,6,30,9,2,0,20,4,35,0,0,10,6,8,0
2013/2014,masemola,makhuduthamaga,sekhukhune,29.66673,-24.56753,59,0,64,4,3,0,33,44,1,0,20,12,7,6,54,9,1,27,5,24,16,6,0,31,0,28,0,0,32,3,7,0
2014/2015,masemola,makhuduthamaga,sekhukhune,29.66673,-24.56753,47,1,68,5,0,0,25,49,2,1,27,8,7,13,79,11,1,28,7,10,6,8,0,24,2,13,6,1,30,3,8,1
2015/2016,masemola,makhuduthamaga,sekhukhune,29.66673,-24.56753,62,3,60,15,3,0,65,57,3,4,30,23,6,31,74,14,1,43,8,14,26,4,1,49,3,20,0,0,39,4,7,0
2016/2017,masemola,makhuduthamaga,sekhukhune,29.66673,-24.56753,61,2,54,10,1,0,36,74,5,6,55,13,6,61,97,9,1,38,3,23,13,2,0,32,2,26,0,1,35,12,8,1
2017/2018,masemola,makhuduthamaga,sekhukhune,29.66673,-24.56753,61,1,70,7,1,0,43,43,2,4,40,14,6,54,144,8,1,35,13,15,7,7,0,30,1,17,0,0,40,8,4,2
2018/2019,masemola,makhuduthamaga,sekhukhune,29.66673,-24.56753,60,2,65,8,0,0,55,25,2,1,34,10,6,65,115,16,13,43,9,11,13,8,0,32,3,14,0,0,48,4,6,1
2019/2020,masemola,makhuduthamaga,sekhukhune,29.66673,-24.56753,47,0,78,9,2,0,60,27,1,5,30,10,6,70,5,20,12,49,6,14,17,6,0,41,1,17,0,0,18,1,9,0
2020/2021,masemola,makhuduthamaga,sekhukhune,29.66673,-24.56753,68,2,82,12,4,0,45,65,7,9,61,18,7,38,15,9,23,48,6,18,18,11,0,47,3,26,1,1,42,1,7,0
2021/2022,masemola,makhuduthamaga,sekhukhune,29.66673,-24.56753,53,3,108,14,0,0,55,70,5,17,61,21,6,53,8,7,21,50,9,14,10,5,1,39,1,15,1,4,38,6,2,1
2022/2023,masemola,makhuduthamaga,sekhukhune,29.66673,-24.56753,76,3,113,18,2,0,48,30,6,22,53,17,6,9,9,9,17,49,10,24,15,13,0,68,3,29,0,6,41,3,8,2
2023/2024,masemola,sekhukhune district,sekhukhune district,29.66673,-24.56753,0,0,0,0,0,0,0,27,3,0,0,0,0,0,0,0,0,0,0,0,0,9,0,0,0,0,0,0,0,2,9,0
2024/2025,masemola,sekhukhune district,sekhukhune district,29.66673,-24.56753,0,0,0,0,0,0,0,34,1,0,0,0,0,0,0,0,0,0,0,0,0,7,0,0,0,0,0,0,0,1,2,0
2008/2009,mashashane,polokwane,capricorn,29.13432,-23.89639,0,0,0,0,0,0,0,0,0,0,0,0,6,0,0,0,1,0,0,0,0,0,0,0,0,0,0,0,0,0,0,0
2009/2010,mashashane,polokwane,capricorn,29.13432,-23.89639,0,0,0,0,0,0,0,0,0,0,0,0,6,0,0,0,1,0,0,0,0,0,0,0,0,0,0,0,0,0,0,0
2010/2011,mashashane,polokwane,capricorn,29.13432,-23.89639,0,0,0,0,0,0,0,0,0,0,0,0,6,0,0,0,1,0,0,0,0,0,0,0,0,0,0,0,0,0,0,0
2011/2012,mashashane,polokwane,capricorn,29.13432,-23.89639,0,0,0,0,0,0,0,0,0,0,0,0,6,0,0,0,1,0,0,0,0,0,0,0,0,0,0,0,0,0,0,0
2012/2013,mashashane,polokwane,capricorn,29.13432,-23.89639,19,0,24,1,3,0,13,24,0,1,22,7,6,1,5,1,1,12,0,14,2,4,0,6,1,18,0,0,2,0,1,0
2013/2014,mashashane,polokwane,capricorn,29.13432,-23.89639,73,3,76,4,6,0,55,94,0,4,39,25,6,8,21,4,13,30,10,25,9,5,0,17,4,35,0,0,4,5,3,0
2014/2015,mashashane,polokwane,capricorn,29.13432,-23.89639,104,2,87,1,5,0,26,80,0,3,42,20,7,31,30,1,14,35,6,28,5,0,0,12,0,34,0,0,18,2,9,0
2015/2016,mashashane,polokwane,capricorn,29.13432,-23.89639,112,5,73,3,3,0,49,92,0,1,45,20,7,44,45,1,12,40,6,25,7,2,0,18,0,29,0,0,16,0,8,0
2016/2017,mashashane,polokwane,capricorn,29.13432,-23.89639,101,2,85,2,2,0,34,81,3,1,31,7,6,46,65,3,13,21,1,24,8,7,0,27,1,27,0,1,23,0,8,0
2017/2018,mashashane,polokwane,capricorn,29.13432,-23.89639,87,0,90,0,1,0,39,131,5,3,26,17,6,67,95,2,12,29,10,21,6,1,0,17,1,23,0,0,26,2,4,0
2018/2019,mashashane,polokwane,capricorn,29.13432,-23.89639,92,2,80,3,0,0,51,101,1,2,16,8,7,87,92,1,13,24,11,16,13,5,1,22,1,18,2,0,32,1,6,0
2019/2020,mashashane,polokwane,capricorn,29.13432,-23.89639,50,1,95,2,0,0,25,97,3,4,47,13,6,89,8,2,13,14,6,25,10,7,0,24,2,27,27,0,34,0,8,0
2020/2021,mashashane,polokwane,capricorn,29.13432,-23.89639,47,3,82,3,0,0,22,68,1,7,41,13,8,1,6,6,14,33,4,23,11,1,0,15,3,30,0,0,24,1,4,0
2021/2022,mashashane,polokwane,capricorn,29.13432,-23.89639,44,4,90,3,3,0,30,48,0,5,43,12,7,15,23,2,21,26,3,17,16,3,0,27,4,25,0,0,18,6,8,0
2022/2023,mashashane,polokwane,capricorn,29.13432,-23.89639,52,2,95,4,1,0,26,81,4,8,55,17,6,21,35,4,12,35,6,31,15,5,0,30,2,34,4,1,50,1,6,0
2023/2024,mashashane,capricorn district,capricorn district,29.13432,-23.89639,0,0,0,0,0,0,0,40,0,0,0,0,0,0,0,0,0,0,0,0,0,2,0,0,0,0,0,0,0,0,2,0
2024/2025,mashashane,capricorn district,capricorn district,29.13432,-23.89639,0,0,0,0,0,0,0,95,1,0,0,0,0,0,0,0,0,0,0,0,0,2,0,0,0,0,0,0,0,1,10,0
2008/2009,masisi,collins chabane,vhembe,30.86261,-22.42221,15,2,37,1,0,0,11,9,0,3,31,3,7,0,4,0,1,13,1,7,0,1,0,1,1,9,0,0,7,0,1,0
2009/2010,masisi,collins chabane,vhembe,30.86261,-22.42221,18,1,55,1,1,0,18,18,1,2,27,1,7,0,2,1,1,15,0,10,0,0,0,1,0,12,0,0,14,1,1,0
2010/2011,masisi,collins chabane,vhembe,30.86261,-22.42221,14,1,41,1,3,0,14,6,0,0,37,0,7,0,6,1,1,20,2,10,3,2,0,5,0,14,0,0,7,1,1,0
2011/2012,masisi,collins chabane,vhembe,30.86261,-22.42221,24,4,72,1,4,0,15,9,0,4,55,4,4,0,5,0,1,16,0,8,2,1,0,4,0,14,0,0,18,1,1,0
2012/2013,masisi,collins chabane,vhembe,30.86261,-22.42221,33,2,52,2,2,0,33,12,0,1,28,0,4,3,20,5,1,18,1,4,4,0,0,6,0,8,0,0,6,0,1,0
2013/2014,masisi,collins chabane,vhembe,30.86261,-22.42221,23,1,52,4,1,0,19,10,1,2,33,2,6,3,36,6,13,17,1,15,6,1,0,9,0,16,0,0,4,0,4,0
2014/2015,masisi,collins chabane,vhembe,30.86261,-22.42221,25,5,67,2,2,0,21,13,0,5,37,5,6,21,52,0,13,22,2,6,3,0,0,4,2,10,0,0,6,1,1,0
2015/2016,masisi,collins chabane,vhembe,30.86261,-22.42221,24,4,66,3,1,0,23,19,0,1,58,6,7,15,48,2,21,30,1,8,4,5,0,10,1,11,0,0,8,0,3,0
2016/2017,masisi,collins chabane,vhembe,30.86261,-22.42221,32,3,53,4,1,0,25,12,0,5,51,2,7,9,76,1,12,29,0,8,3,5,0,10,2,12,12,0,8,0,3,0
2017/2018,masisi,collins chabane,vhembe,30.86261,-22.42221,17,3,51,3,1,0,32,12,0,1,43,1,7,7,110,4,13,14,2,5,5,2,0,8,0,7,11,0,9,0,3,0
2018/2019,masisi,collins chabane,vhembe,30.86261,-22.42221,11,3,47,2,1,0,29,9,0,1,37,1,6,17,84,0,13,26,2,2,4,0,0,6,0,3,23,0,7,0,4,0
2019/2020,masisi,collins chabane,vhembe,30.86261,-22.42221,16,1,33,1,0,0,12,9,0,0,26,1,6,29,0,1,13,25,3,3,2,1,0,8,0,3,20,0,3,0,2,0
2020/2021,masisi,collins chabane,vhembe,30.86261,-22.42221,23,3,36,3,1,0,11,13,1,4,36,7,7,14,6,4,13,27,4,9,1,2,0,6,0,11,18,0,2,0,3,0
2021/2022,masisi,collins chabane,vhembe,30.86261,-22.42221,24,1,58,0,0,0,13,7,1,0,59,6,6,20,20,1,13,27,2,9,4,0,0,5,0,9,28,0,5,0,3,0
2022/2023,masisi,collins chabane,vhembe,30.86261,-22.42221,38,13,64,1,0,0,14,18,0,2,59,4,6,9,35,4,12,30,6,11,3,3,0,11,0,11,35,0,0,0,5,0
2023/2024,masisi,vhembe district,vhembe district,30.86261,-22.42221,0,0,0,0,0,0,0,12,2,0,0,0,0,0,0,0,0,0,0,0,0,0,0,0,0,0,0,0,0,0,2,0
2024/2025,masisi,vhembe district,vhembe district,30.86261,-22.42221,0,0,0,0,0,0,0,6,3,0,0,0,0,0,0,0,0,0,0,0,0,1,0,0,0,0,0,0,0,0,3,0
2008/2009,masoyi,city of mbombela,ehlanzeni,31.11541,-25.16354,108,12,368,33,1,0,117,438,41,3,184,55,10,6,25,18,1,159,23,140,13,50,0,208,14,161,0,0,7,12,39,0
2009/2010,masoyi,city of mbombela,ehlanzeni,31.11541,-25.16354,95,12,286,30,0,0,114,328,33,5,97,19,4,3,6,20,1,85,23,104,16,34,0,146,11,117,0,0,3,14,26,0
2010/2011,masoyi,city of mbombela,ehlanzeni,31.11541,-25.16354,316,13,374,40,0,0,92,333,13,10,172,33,9,17,24,20,1,121,13,115,39,33,1,147,8,128,0,1,13,19,38,0
2011/2012,masoyi,city of mbombela,ehlanzeni,31.11541,-25.16354,401,4,352,35,3,0,103,366,14,9,139,36,4,40,21,34,1,173,24,130,43,54,0,182,6,141,1,0,7,9,62,0
2012/2013,masoyi,city of mbombela,ehlanzeni,31.11541,-25.16354,152,5,202,32,1,0,66,346,7,5,118,41,6,25,24,26,1,108,24,169,43,30,1,135,7,177,0,0,5,32,61,0
2013/2014,masoyi,city of mbombela,ehlanzeni,31.11541,-25.16354,132,7,273,37,1,0,95,331,23,2,113,37,7,20,39,29,13,138,19,150,28,40,0,153,8,160,0,0,5,24,39,1
2014/2015,masoyi,city of mbombela,ehlanzeni,31.11541,-25.16354,129,5,220,40,2,0,78,308,34,7,72,25,7,22,43,46,12,129,20,138,60,53,0,235,3,144,0,48,2,32,48,0
2015/2016,masoyi,city of mbombela,ehlanzeni,31.11541,-25.16354,138,8,231,41,2,0,85,258,38,10,105,25,7,19,55,43,3,124,30,111,56,57,1,232,6,120,1,60,8,30,49,0
2016/2017,masoyi,city of mbombela,ehlanzeni,31.11541,-25.16354,132,10,217,62,2,0,100,301,31,15,107,51,5,25,57,57,17,143,27,110,55,53,0,220,9,124,0,45,11,38,54,0
2017/2018,masoyi,city of mbombela,ehlanzeni,31.11541,-25.16354,182,11,242,75,1,0,98,366,59,16,172,53,4,42,67,60,14,169,13,112,82,88,1,370,6,121,0,37,8,43,40,4
2018/2019,masoyi,city of mbombela,ehlanzeni,31.11541,-25.16354,123,4,247,59,0,0,84,235,29,13,194,55,7,12,34,31,27,190,42,129,74,59,0,290,5,135,0,35,19,13,27,7
2019/2020,masoyi,city of mbombela,ehlanzeni,31.11541,-25.16354,177,7,257,54,0,0,75,267,28,24,236,53,6,6,30,16,36,197,32,123,49,48,0,237,7,130,0,22,5,26,49,4
2020/2021,masoyi,city of mbombela,ehlanzeni,31.11541,-25.16354,141,6,228,46,2,0,91,230,27,24,188,34,6,19,18,13,26,171,32,118,30,63,1,219,8,128,0,19,18,38,34,0
2021/2022,masoyi,city of mbombela,ehlanzeni,31.11541,-25.16354,135,6,255,92,0,0,80,229,91,37,198,37,6,28,26,14,38,170,42,119,61,74,3,388,4,123,0,34,11,17,34,7
2022/2023,masoyi,city of mbombela,ehlanzeni,31.11541,-25.16354,157,4,308,45,3,0,79,259,67,25,241,52,6,4,65,30,17,152,48,105,62,77,1,380,7,115,0,39,18,22,16,3
2023/2024,masoyi,ehlanzeni district,ehlanzeni district,31.11541,-25.16354,0,0,0,0,0,0,0,191,72,0,0,0,0,0,0,0,0,0,0,0,0,91,0,0,0,0,0,0,0,32,24,0
2024/2025,masoyi,ehlanzeni district,ehlanzeni district,31.11541,-25.16354,0,0,0,0,0,0,0,166,30,0,0,0,0,0,0,0,0,0,0,0,0,65,0,0,0,0,0,0,0,10,18,0
2008/2009,matatiele,matatiele,alfred nzo,28.80508,-30.34362,94,2,80,5,1,0,64,139,2,52,82,32,4,21,46,7,1,55,12,10,4,3,0,26,10,23,0,179,31,19,23,0
2009/2010,matatiele,matatiele,alfred nzo,28.80508,-30.34362,130,1,78,3,0,0,45,109,1,56,70,71,7,19,58,5,1,59,10,16,1,0,0,9,3,20,0,176,18,6,31,0
2010/2011,matatiele,matatiele,alfred nzo,28.80508,-30.34362,127,1,82,4,4,0,34,45,0,115,95,43,7,35,40,3,1,42,10,12,2,0,0,9,4,21,0,110,16,18,24,0
2011/2012,matatiele,matatiele,alfred nzo,28.80508,-30.34362,134,0,90,5,2,0,37,94,0,174,113,38,6,52,72,10,1,38,9,18,6,5,0,27,3,23,1,145,23,13,45,0
2012/2013,matatiele,matatiele,alfred nzo,28.80508,-30.34362,110,1,74,3,1,0,29,57,0,182,73,36,6,52,68,5,1,37,5,17,7,3,0,28,2,20,2,102,25,6,31,0
2013/2014,matatiele,matatiele,alfred nzo,28.80508,-30.34362,107,6,90,4,3,0,31,48,0,119,57,39,5,29,80,2,23,28,13,23,1,0,0,17,3,32,0,99,17,14,40,0
2014/2015,matatiele,matatiele,alfred nzo,28.80508,-30.34362,126,0,98,9,3,0,41,98,0,109,67,17,6,32,65,6,23,38,7,34,3,2,0,37,2,39,0,120,30,10,72,0
2015/2016,matatiele,matatiele,alfred nzo,28.80508,-30.34362,86,2,66,2,0,0,44,58,0,140,49,18,6,34,86,4,23,22,11,19,7,3,0,23,2,21,0,72,26,6,57,0
2016/2017,matatiele,matatiele,alfred nzo,28.80508,-30.34362,105,4,67,7,0,0,28,74,0,116,38,7,6,32,138,14,12,32,8,18,4,4,0,22,1,19,0,110,20,4,50,0
2017/2018,matatiele,matatiele,alfred nzo,28.80508,-30.34362,105,2,59,0,0,0,50,105,0,164,34,8,6,88,218,11,21,29,14,16,8,3,0,21,6,22,0,102,17,1,34,0
2018/2019,matatiele,matatiele,alfred nzo,28.80508,-30.34362,96,1,60,3,2,0,41,80,0,148,38,6,6,64,222,13,13,34,9,14,8,1,0,19,3,19,1,65,10,5,32,0
2019/2020,matatiele,matatiele,alfred nzo,28.80508,-30.34362,104,1,35,3,1,0,38,85,0,151,43,10,6,97,91,12,12,32,23,25,10,1,0,25,6,32,1,60,6,12,27,0
2020/2021,matatiele,matatiele,alfred nzo,28.80508,-30.34362,91,4,46,3,1,0,33,52,0,145,45,7,6,25,147,2,12,26,10,13,3,1,0,20,3,17,0,42,14,8,31,0
2021/2022,matatiele,matatiele,alfred nzo,28.80508,-30.34362,76,2,39,8,0,0,36,97,0,191,55,12,6,33,61,6,12,23,10,26,6,2,0,19,1,27,0,45,14,11,24,0
2022/2023,matatiele,matatiele,alfred nzo,28.80508,-30.34362,68,1,63,5,2,0,25,54,0,169,60,13,7,82,36,5,14,27,10,20,1,3,0,15,4,27,0,63,5,6,24,0
2023/2024,matatiele,alfred nzo district,alfred nzo district,28.80508,-30.34362,0,0,0,0,0,0,0,56,0,0,0,0,0,0,0,0,0,0,0,0,0,2,0,0,0,0,0,0,0,5,26,0
2024/2025,matatiele,alfred nzo district,alfred nzo district,28.80508,-30.34362,0,0,0,0,0,0,0,38,0,0,0,0,0,0,0,0,0,0,0,0,0,2,0,0,0,0,0,0,0,6,18,0
2008/2009,matlala,polokwane,capricorn,29.0315,-23.67413,129,5,133,5,4,0,88,58,2,8,73,34,7,3,16,7,1,82,11,33,8,4,0,28,2,40,0,0,43,7,8,0
2009/2010,matlala,polokwane,capricorn,29.0315,-23.67413,107,4,150,14,7,1,147,79,4,3,63,49,5,30,53,7,1,87,10,55,22,8,0,48,0,65,0,0,38,6,5,0
2010/2011,matlala,polokwane,capricorn,29.0315,-23.67413,102,4,173,5,4,0,90,83,1,2,79,45,4,67,25,3,1,79,10,57,9,5,0,24,0,63,0,0,28,3,6,0
2011/2012,matlala,polokwane,capricorn,29.0315,-23.67413,128,5,206,6,12,0,130,89,3,6,63,36,7,91,30,3,1,82,15,54,27,8,0,44,2,69,0,0,47,3,13,0
2012/2013,matlala,polokwane,capricorn,29.0315,-23.67413,138,5,149,9,5,0,104,55,4,8,85,35,6,103,53,5,1,83,13,46,31,2,0,45,2,53,0,0,55,5,4,0
2013/2014,matlala,polokwane,capricorn,29.0315,-23.67413,167,4,163,7,11,0,122,122,1,7,89,31,7,98,62,3,13,113,11,53,14,15,0,34,1,66,0,0,67,2,14,0
2014/2015,matlala,polokwane,capricorn,29.0315,-23.67413,210,5,196,4,3,0,110,97,0,6,87,38,7,124,69,2,14,92,6,47,25,6,0,42,2,53,0,0,62,14,5,0
2015/2016,matlala,polokwane,capricorn,29.0315,-23.67413,385,7,181,9,1,0,114,126,2,34,70,44,7,143,80,1,2,105,14,58,13,7,0,37,3,63,0,0,81,3,24,0
2016/2017,matlala,polokwane,capricorn,29.0315,-23.67413,339,7,180,4,3,0,93,78,1,11,80,27,6,100,109,5,14,86,8,39,27,8,0,51,5,47,0,0,127,10,7,0
2017/2018,matlala,polokwane,capricorn,29.0315,-23.67413,304,4,158,6,5,0,57,87,4,9,76,27,6,125,162,3,14,95,17,53,25,11,0,49,4,62,0,0,89,3,8,0
2018/2019,matlala,polokwane,capricorn,29.0315,-23.67413,220,6,189,2,11,0,129,123,2,11,95,29,7,131,124,6,21,105,15,57,40,6,0,68,5,74,1,6,120,3,11,0
2019/2020,matlala,polokwane,capricorn,29.0315,-23.67413,120,6,194,9,2,0,114,150,2,32,85,26,7,144,17,5,25,101,17,46,25,10,0,51,4,53,0,14,114,4,10,0
2020/2021,matlala,polokwane,capricorn,29.0315,-23.67413,85,5,184,3,4,0,111,73,1,27,78,20,4,42,31,0,17,121,14,39,26,3,0,47,3,48,1,16,82,4,14,0
2021/2022,matlala,polokwane,capricorn,29.0315,-23.67413,119,3,201,12,7,0,73,116,3,39,131,31,6,54,43,2,14,115,13,58,23,6,0,56,7,72,0,5,100,1,11,0
2022/2023,matlala,polokwane,capricorn,29.0315,-23.67413,108,9,168,6,2,0,47,139,2,52,153,25,6,14,56,0,17,95,14,58,20,8,0,55,3,63,0,8,111,3,6,0
2023/2024,matlala,capricorn district,capricorn district,29.0315,-23.67413,0,0,0,0,0,0,0,77,3,0,0,0,0,0,0,0,0,0,0,0,0,17,0,0,0,0,0,0,0,1,3,0
2024/2025,matlala,capricorn district,capricorn district,29.0315,-23.67413,0,0,0,0,0,0,0,90,3,0,0,0,0,0,0,0,0,0,0,0,0,4,0,0,0,0,0,0,0,1,12,0
2008/2009,matlelerekeng,ephraim mogale,sekhukhune,29.06405,-24.98544,0,0,0,0,0,0,0,0,0,0,0,0,6,0,0,0,1,0,0,0,0,0,0,0,0,0,0,0,0,0,0,0
2009/2010,matlelerekeng,ephraim mogale,sekhukhune,29.06405,-24.98544,0,0,0,0,0,0,0,0,0,0,0,0,6,0,0,0,1,0,0,0,0,0,0,0,0,0,0,0,0,0,0,0
2010/2011,matlelerekeng,ephraim mogale,sekhukhune,29.06405,-24.98544,0,0,0,0,0,0,0,0,0,0,0,0,6,0,0,0,1,0,0,0,0,0,0,0,0,0,0,0,0,0,0,0
2011/2012,matlelerekeng,ephraim mogale,sekhukhune,29.06405,-24.98544,0,0,0,0,0,0,0,0,0,0,0,0,6,0,0,0,1,0,0,0,0,0,0,0,0,0,0,0,0,0,0,0
2012/2013,matlelerekeng,ephraim mogale,sekhukhune,29.06405,-24.98544,0,0,0,0,0,0,0,0,0,0,0,0,6,0,0,0,1,0,0,0,0,0,0,0,0,0,0,0,0,0,0,0
2013/2014,matlelerekeng,ephraim mogale,sekhukhune,29.06405,-24.98544,0,0,0,0,0,0,0,0,0,0,0,0,6,0,0,0,13,0,0,0,0,0,0,0,0,0,0,0,0,0,0,0
2014/2015,matlelerekeng,ephraim mogale,sekhukhune,29.06405,-24.98544,0,0,0,0,0,0,0,0,0,0,0,0,6,0,0,0,13,0,0,0,0,0,0,0,0,0,0,0,0,0,0,0
2015/2016,matlelerekeng,ephraim mogale,sekhukhune,29.06405,-24.98544,0,0,0,0,0,0,0,0,0,0,0,0,6,0,0,0,13,0,0,0,0,0,0,0,0,0,0,0,0,0,0,0
2016/2017,matlelerekeng,ephraim mogale,sekhukhune,29.06405,-24.98544,0,0,0,0,0,0,0,0,0,0,0,0,6,0,0,0,13,0,0,0,0,0,0,0,0,0,0,0,0,0,0,0
2017/2018,matlelerekeng,ephraim mogale,sekhukhune,29.06405,-24.98544,51,1,46,3,0,0,13,64,3,0,29,4,6,6,40,1,13,18,4,15,26,2,0,40,4,19,0,0,28,5,6,0
2018/2019,matlelerekeng,ephraim mogale,sekhukhune,29.06405,-24.98544,35,2,36,0,3,0,12,51,2,5,15,0,4,8,42,0,13,24,4,21,10,10,0,28,5,31,0,0,37,3,6,0
2019/2020,matlelerekeng,ephraim mogale,sekhukhune,29.06405,-24.98544,32,0,35,3,2,0,23,43,1,5,19,6,4,15,10,9,13,19,4,23,8,5,0,21,2,29,0,0,45,4,6,0
2020/2021,matlelerekeng,ephraim mogale,sekhukhune,29.06405,-24.98544,36,1,44,3,1,0,16,31,3,2,18,3,6,3,27,1,13,14,5,13,12,8,0,33,8,22,0,0,38,2,6,0
2021/2022,matlelerekeng,ephraim mogale,sekhukhune,29.06405,-24.98544,27,1,50,3,0,0,11,45,5,7,25,5,6,0,44,0,13,22,4,16,11,16,0,43,4,20,0,0,30,3,1,1
2022/2023,matlelerekeng,ephraim mogale,sekhukhune,29.06405,-24.98544,49,2,48,2,4,0,26,45,7,5,24,7,6,0,39,1,13,12,7,23,23,17,0,53,3,30,2,0,44,2,7,0
2023/2024,matlelerekeng,sekhukhune district,sekhukhune district,29.06405,-24.98544,0,0,0,0,0,0,0,37,8,0,0,0,0,0,0,0,0,0,0,0,0,13,0,0,0,0,0,0,0,2,4,0
2024/2025,matlelerekeng,sekhukhune district,sekhukhune district,29.06405,-24.98544,0,0,0,0,0,0,0,62,6,0,0,0,0,0,0,0,0,0,0,0,0,10,0,0,0,0,0,0,0,6,1,0
2008/2009,matsulu,city of mbombela,ehlanzeni,31.34609,-25.51513,167,9,212,26,7,0,42,168,12,9,128,47,4,22,4,8,1,85,11,62,3,21,0,88,2,73,0,12,0,8,27,0
2009/2010,matsulu,city of mbombela,ehlanzeni,31.34609,-25.51513,113,5,218,22,2,0,32,158,11,12,123,22,8,9,2,11,1,84,12,72,9,24,0,123,1,79,0,5,1,8,39,0
2010/2011,matsulu,city of mbombela,ehlanzeni,31.34609,-25.51513,136,4,202,11,10,0,35,160,11,5,95,27,7,13,26,4,1,90,6,58,15,18,0,104,0,69,0,8,0,8,49,0
2011/2012,matsulu,city of mbombela,ehlanzeni,31.34609,-25.51513,207,3,239,14,4,0,18,163,3,14,95,23,4,20,23,20,1,88,6,63,15,35,0,115,0,69,0,3,1,7,40,0
2012/2013,matsulu,city of mbombela,ehlanzeni,31.34609,-25.51513,400,4,244,20,5,0,25,248,3,27,118,27,7,18,33,15,1,122,7,55,20,18,0,66,1,62,0,1,0,12,31,0
2013/2014,matsulu,city of mbombela,ehlanzeni,31.34609,-25.51513,393,1,194,17,3,0,36,197,3,11,148,32,5,15,41,9,28,106,6,58,27,19,0,70,2,66,0,1,2,9,20,0
2014/2015,matsulu,city of mbombela,ehlanzeni,31.34609,-25.51513,172,4,186,10,2,0,45,207,3,9,169,22,7,5,60,27,23,114,6,65,21,17,0,79,5,73,1,3,0,10,32,0
2015/2016,matsulu,city of mbombela,ehlanzeni,31.34609,-25.51513,231,4,255,13,5,0,56,240,4,8,178,38,6,7,64,8,17,121,10,55,32,20,0,96,2,62,0,2,1,16,45,0
2016/2017,matsulu,city of mbombela,ehlanzeni,31.34609,-25.51513,206,5,234,15,2,0,52,239,5,12,148,40,6,92,101,10,14,97,13,34,19,51,0,118,4,40,1,1,0,15,49,0
2017/2018,matsulu,city of mbombela,ehlanzeni,31.34609,-25.51513,103,0,166,16,3,0,44,185,5,11,88,32,7,43,151,17,23,84,2,40,13,19,1,81,10,54,0,6,2,16,16,0
2018/2019,matsulu,city of mbombela,ehlanzeni,31.34609,-25.51513,87,2,129,18,0,0,42,187,2,13,86,17,6,76,110,28,21,69,4,42,10,9,0,56,5,47,0,2,0,8,22,0
2019/2020,matsulu,city of mbombela,ehlanzeni,31.34609,-25.51513,78,0,127,6,0,0,44,165,3,21,80,19,4,47,107,16,23,58,5,53,7,21,0,48,3,58,0,9,0,5,15,1
2020/2021,matsulu,city of mbombela,ehlanzeni,31.34609,-25.51513,51,0,105,3,1,0,31,99,8,11,61,8,6,42,60,5,12,49,7,49,17,11,1,56,4,54,1,8,4,5,20,1
2021/2022,matsulu,city of mbombela,ehlanzeni,31.34609,-25.51513,38,0,79,13,2,0,30,107,8,16,75,10,6,13,83,9,12,59,16,53,10,30,1,77,3,58,0,7,1,3,14,0
2022/2023,matsulu,city of mbombela,ehlanzeni,31.34609,-25.51513,46,1,94,6,2,0,38,114,7,13,68,5,6,6,109,11,23,45,10,31,4,24,0,56,3,36,0,17,2,2,9,0
2023/2024,matsulu,ehlanzeni district,ehlanzeni district,31.34609,-25.51513,0,0,0,0,0,0,0,84,7,0,0,0,0,0,0,0,0,0,0,0,0,17,0,0,0,0,0,0,0,2,3,0
2024/2025,matsulu,ehlanzeni district,ehlanzeni district,31.34609,-25.51513,0,0,0,0,0,0,0,70,6,0,0,0,0,0,0,0,0,0,0,0,0,28,0,0,0,0,0,0,0,4,7,0
2023/2024,maxesibeni,alfred nzo district,alfred nzo district,,,0,0,0,0,0,0,0,77,8,0,0,0,0,0,0,0,0,0,0,0,0,7,0,0,0,0,0,0,0,6,49,0
2024/2025,maxesibeni,alfred nzo district,alfred nzo district,,,0,0,0,0,0,0,0,114,5,0,0,0,0,0,0,0,0,0,0,0,0,7,0,0,0,0,0,0,0,3,29,0
2008/2009,maydon wharf,ethekwini,ethekwini,31.00228,-29.8783,330,1,26,2,0,0,21,3,1,36,63,7,19,31,135,2,1,27,1,1,1,0,0,26,1,16,0,0,0,54,84,5
2009/2010,maydon wharf,ethekwini,ethekwini,31.00228,-29.8783,263,0,13,0,0,0,30,0,2,32,46,7,4,18,177,4,1,17,0,3,1,0,0,15,1,6,0,0,0,49,103,2
2010/2011,maydon wharf,ethekwini,ethekwini,31.00228,-29.8783,174,0,13,1,0,0,36,4,1,28,31,6,7,15,124,6,1,23,0,3,0,0,0,15,1,5,0,0,0,29,124,3
2011/2012,maydon wharf,ethekwini,ethekwini,31.00228,-29.8783,196,0,18,1,0,0,12,4,1,27,48,9,6,8,55,4,1,13,0,3,1,0,0,12,0,3,5,0,0,29,117,4
2012/2013,maydon wharf,ethekwini,ethekwini,31.00228,-29.8783,173,0,22,2,0,0,11,5,0,27,34,8,6,20,123,7,1,10,0,1,1,0,0,10,0,1,0,0,0,17,101,0
2013/2014,maydon wharf,ethekwini,ethekwini,31.00228,-29.8783,257,0,1,2,0,0,0,0,0,18,14,1,6,1,9,2,13,9,0,1,0,0,0,0,1,2,0,0,0,2,5,0
2014/2015,maydon wharf,ethekwini,ethekwini,31.00228,-29.8783,152,0,1,0,0,0,2,0,0,12,12,0,7,1,8,2,13,4,0,0,0,0,0,0,3,4,0,1,0,7,7,0
2015/2016,maydon wharf,ethekwini,ethekwini,31.00228,-29.8783,149,0,7,2,0,0,7,1,0,73,26,1,6,14,90,5,17,18,0,1,0,0,0,3,1,2,14,0,0,11,121,2
2016/2017,maydon wharf,ethekwini,ethekwini,31.00228,-29.8783,117,0,14,3,0,0,19,1,0,28,20,1,6,11,46,4,13,13,4,0,1,0,0,12,0,0,0,0,0,18,112,1
2017/2018,maydon wharf,ethekwini,ethekwini,31.00228,-29.8783,152,0,8,2,0,0,32,3,2,43,15,0,6,14,52,5,13,19,0,1,4,0,0,16,3,4,4,0,0,13,132,0
2018/2019,maydon wharf,ethekwini,ethekwini,31.00228,-29.8783,108,0,13,0,0,0,20,0,1,40,29,4,6,11,135,3,21,9,4,4,0,1,0,15,3,7,0,0,0,14,160,3
2019/2020,maydon wharf,ethekwini,ethekwini,31.00228,-29.8783,104,0,13,0,0,0,11,1,1,35,12,6,6,13,68,0,13,8,0,1,3,0,0,15,2,3,0,0,0,13,150,0
2020/2021,maydon wharf,ethekwini,ethekwini,31.00228,-29.8783,75,1,1,4,1,0,5,0,1,28,14,2,6,5,1,10,13,5,1,3,3,0,0,9,1,5,0,0,0,11,66,3
2021/2022,maydon wharf,ethekwini,ethekwini,31.00228,-29.8783,116,0,8,1,0,0,9,1,2,38,9,2,6,9,9,2,12,10,1,1,1,0,0,22,1,2,1,0,0,14,105,2
2022/2023,maydon wharf,ethekwini,ethekwini,31.00228,-29.8783,128,0,12,0,0,0,10,0,1,26,36,4,6,15,36,6,13,19,2,2,4,0,0,23,3,5,0,0,0,12,105,9
2023/2024,maydon wharf,kwazulu-natal: ports of entry: sea,kwazulu-natal: ports of entry: sea,31.00228,-29.8783,0,0,0,0,0,0,0,5,0,0,0,0,0,0,0,0,0,0,0,0,0,0,0,0,0,0,0,0,0,10,105,0
2024/2025,maydon wharf,kwazulu-natal: ports of entry: sea,kwazulu-natal: ports of entry: sea,31.00228,-29.8783,0,0,0,0,0,0,0,1,0,0,0,0,0,0,0,0,0,0,0,0,0,0,0,0,0,0,0,0,0,12,94,0
2008/2009,mayflower,chief albert luthuli,gert sibande,30.77622,-26.30353,99,3,173,8,2,0,0,181,0,2,36,27,4,0,26,8,1,26,10,36,7,15,0,28,3,43,0,0,77,4,7,2
2009/2010,mayflower,chief albert luthuli,gert sibande,30.77622,-26.30353,74,2,155,18,4,0,12,159,0,4,39,35,5,7,23,3,1,47,10,38,3,18,0,38,0,45,0,0,74,3,10,0
2010/2011,mayflower,chief albert luthuli,gert sibande,30.77622,-26.30353,50,1,107,8,4,0,20,97,0,3,32,14,6,3,19,4,1,23,3,34,10,4,0,23,0,38,0,0,37,4,12,0
2011/2012,mayflower,chief albert luthuli,gert sibande,30.77622,-26.30353,44,2,83,4,5,0,31,97,2,8,22,15,7,2,35,4,1,16,10,32,16,6,0,25,1,39,0,1,43,7,12,0
2012/2013,mayflower,chief albert luthuli,gert sibande,30.77622,-26.30353,48,3,101,8,2,0,19,85,1,13,8,10,7,6,65,5,1,32,11,36,16,4,0,26,4,43,0,0,45,9,26,0
2013/2014,mayflower,chief albert luthuli,gert sibande,30.77622,-26.30353,50,1,76,6,2,0,27,84,1,2,11,11,6,5,78,2,14,22,9,33,6,4,0,13,1,36,0,0,82,2,24,0
2014/2015,mayflower,chief albert luthuli,gert sibande,30.77622,-26.30353,35,4,81,7,6,0,27,88,0,6,24,6,6,4,75,7,14,14,9,27,8,3,0,15,5,38,0,0,111,6,18,0
2015/2016,mayflower,chief albert luthuli,gert sibande,30.77622,-26.30353,40,2,62,6,1,0,19,69,1,1,20,8,6,5,55,10,12,19,5,30,12,13,0,33,5,36,0,0,71,8,19,0
2016/2017,mayflower,chief albert luthuli,gert sibande,30.77622,-26.30353,28,1,52,12,2,0,50,101,0,8,13,8,7,4,84,11,12,19,13,27,10,3,0,21,3,33,0,0,77,6,12,0
2017/2018,mayflower,chief albert luthuli,gert sibande,30.77622,-26.30353,39,2,59,4,1,0,38,65,0,7,11,6,6,7,106,11,12,12,16,29,1,9,0,12,5,35,0,0,119,5,12,0
2018/2019,mayflower,chief albert luthuli,gert sibande,30.77622,-26.30353,45,1,58,7,0,0,57,86,0,7,22,23,6,2,94,3,14,22,12,31,3,0,0,8,1,32,0,0,85,6,13,0
2019/2020,mayflower,chief albert luthuli,gert sibande,30.77622,-26.30353,38,1,67,7,0,0,53,82,1,7,18,15,6,13,113,6,28,17,8,40,2,1,0,6,8,48,0,0,50,5,19,0
2020/2021,mayflower,chief albert luthuli,gert sibande,30.77622,-26.30353,57,0,61,16,0,0,61,80,1,11,36,18,4,2,54,3,14,36,7,25,6,4,0,12,4,31,0,0,74,12,22,0
2021/2022,mayflower,chief albert luthuli,gert sibande,30.77622,-26.30353,45,2,69,9,0,0,40,77,1,8,40,13,6,2,66,12,25,30,18,32,12,2,0,27,2,34,0,1,72,2,3,0
2022/2023,mayflower,chief albert luthuli,gert sibande,30.77622,-26.30353,44,3,85,8,0,0,45,92,1,12,31,14,6,1,95,5,12,37,12,28,7,4,0,14,6,34,0,0,47,2,5,0
2023/2024,mayflower,gert sibande district,gert sibande district,30.77622,-26.30353,0,0,0,0,0,0,0,92,0,0,0,0,0,0,0,0,0,0,0,0,0,1,0,0,0,0,0,0,0,2,16,0
2024/2025,mayflower,gert sibande district,gert sibande district,30.77622,-26.30353,0,0,0,0,0,0,0,36,0,0,0,0,0,0,0,0,0,0,0,0,0,0,0,0,0,0,0,0,0,1,3,0
2008/2009,mayville-kzn,ethekwini,ethekwini,30.98406,-29.85207,378,1,81,17,1,0,54,303,52,58,169,65,15,79,83,7,1,134,6,28,26,48,0,275,1,47,0,3,0,300,352,0
2009/2010,mayville-kzn,ethekwini,ethekwini,30.98406,-29.85207,410,2,108,19,1,0,51,361,47,46,167,55,10,85,90,15,1,152,20,20,32,44,0,235,3,30,0,13,0,259,221,1
2010/2011,mayville-kzn,ethekwini,ethekwini,30.98406,-29.85207,396,0,114,18,2,0,74,481,38,55,197,58,5,33,143,10,1,146,9,11,10,37,0,161,5,21,0,9,0,313,223,1
2011/2012,mayville-kzn,ethekwini,ethekwini,30.98406,-29.85207,453,4,76,11,0,0,72,462,43,57,143,46,4,28,144,9,1,107,4,13,12,23,0,174,4,19,4,6,0,281,207,0
2012/2013,mayville-kzn,ethekwini,ethekwini,30.98406,-29.85207,368,3,80,17,0,0,77,454,33,34,122,103,6,45,171,21,1,123,5,28,23,41,0,171,7,35,0,10,0,249,157,0
2013/2014,mayville-kzn,ethekwini,ethekwini,30.98406,-29.85207,353,0,86,19,0,0,68,372,50,25,97,104,4,107,197,16,22,105,8,17,26,44,0,182,8,27,4,6,0,212,135,0
2014/2015,mayville-kzn,ethekwini,ethekwini,30.98406,-29.85207,413,0,73,11,0,0,99,476,34,34,115,107,7,130,214,12,24,103,6,22,26,33,1,174,10,33,2,8,0,227,204,1
2015/2016,mayville-kzn,ethekwini,ethekwini,30.98406,-29.85207,274,1,68,9,0,0,89,415,38,47,109,54,7,134,235,4,23,113,6,21,13,35,1,165,4,26,0,6,0,217,254,0
2016/2017,mayville-kzn,ethekwini,ethekwini,30.98406,-29.85207,267,1,55,18,1,0,85,480,70,40,88,44,7,165,256,4,17,93,2,14,9,36,0,208,4,20,0,6,0,180,317,0
2017/2018,mayville-kzn,ethekwini,ethekwini,30.98406,-29.85207,224,0,65,14,0,0,61,361,34,31,76,51,6,213,333,6,14,76,3,9,23,40,0,179,4,13,0,7,0,162,261,0
2018/2019,mayville-kzn,ethekwini,ethekwini,30.98406,-29.85207,227,9,71,16,0,0,48,260,44,57,124,88,4,191,184,2,25,109,8,10,36,59,0,243,2,14,1,17,0,173,242,0
2019/2020,mayville-kzn,ethekwini,ethekwini,30.98406,-29.85207,251,2,58,13,0,0,65,233,48,63,121,100,7,211,86,4,14,99,9,11,47,60,1,274,8,20,0,14,0,169,128,0
2020/2021,mayville-kzn,ethekwini,ethekwini,30.98406,-29.85207,199,0,51,19,0,0,50,209,27,65,77,44,6,4,40,9,2,101,10,14,38,33,0,166,3,17,0,15,0,129,128,0
2021/2022,mayville-kzn,ethekwini,ethekwini,30.98406,-29.85207,239,7,87,22,0,0,64,182,38,99,94,99,7,14,46,6,37,143,18,11,47,44,0,227,6,18,0,19,0,104,96,0
2022/2023,mayville-kzn,ethekwini,ethekwini,30.98406,-29.85207,249,0,54,36,0,0,50,195,67,101,137,145,6,12,50,6,51,116,21,7,23,45,0,281,5,12,1,17,0,150,129,0
2023/2024,mayville-kzn,ethekwini district,ethekwini district,30.98406,-29.85207,0,0,0,0,0,0,0,137,39,0,0,0,0,0,0,0,0,0,0,0,0,21,0,0,0,0,0,0,0,122,110,0
2024/2025,mayville-kzn,ethekwini district,ethekwini district,30.98406,-29.85207,0,0,0,0,0,0,0,91,23,0,0,0,0,0,0,0,0,0,0,0,0,11,0,0,0,0,0,0,0,120,70,0
2008/2009,mbazwana,umhlabuyalingana,umkhanyakude,32.59923,-27.48081,124,8,130,15,1,1,56,148,1,13,65,24,5,27,9,14,1,32,6,42,5,8,0,44,2,48,0,3,22,6,40,0
2009/2010,mbazwana,umhlabuyalingana,umkhanyakude,32.59923,-27.48081,136,5,87,8,2,0,46,178,2,27,70,22,5,42,18,15,1,27,7,35,21,13,0,58,5,45,0,4,26,3,33,0
2010/2011,mbazwana,umhlabuyalingana,umkhanyakude,32.59923,-27.48081,126,7,139,11,2,0,54,141,3,30,69,13,6,68,15,16,1,59,2,32,14,11,0,57,6,40,0,4,12,13,44,0
2011/2012,mbazwana,umhlabuyalingana,umkhanyakude,32.59923,-27.48081,124,2,97,7,7,0,76,182,4,42,55,19,7,110,35,14,1,36,10,39,19,18,0,58,4,51,0,7,10,11,35,0
2012/2013,mbazwana,umhlabuyalingana,umkhanyakude,32.59923,-27.48081,115,3,111,7,1,0,62,199,5,27,35,16,7,104,24,17,1,34,5,33,8,18,0,58,4,39,0,21,12,6,41,0
2013/2014,mbazwana,umhlabuyalingana,umkhanyakude,32.59923,-27.48081,105,3,130,15,2,0,61,178,5,16,38,44,4,29,25,17,12,32,11,28,13,9,0,42,0,32,0,10,27,8,29,0
2014/2015,mbazwana,umhlabuyalingana,umkhanyakude,32.59923,-27.48081,104,5,73,12,1,0,65,169,6,16,33,24,7,158,11,15,12,21,8,14,12,13,0,48,0,16,0,5,22,8,18,0
2015/2016,mbazwana,umhlabuyalingana,umkhanyakude,32.59923,-27.48081,98,4,95,7,4,0,67,165,3,21,19,31,4,84,37,5,21,19,17,23,15,35,0,87,4,33,0,15,13,9,23,0
2016/2017,mbazwana,umhlabuyalingana,umkhanyakude,32.59923,-27.48081,98,1,97,13,0,0,50,147,3,24,15,22,6,67,18,4,21,20,11,28,8,33,0,58,0,28,1,14,15,1,19,0
2017/2018,mbazwana,umhlabuyalingana,umkhanyakude,32.59923,-27.48081,38,2,70,4,0,0,23,44,3,30,9,6,6,56,5,5,12,10,8,29,2,9,0,23,0,29,0,3,6,2,13,0
2018/2019,mbazwana,umhlabuyalingana,umkhanyakude,32.59923,-27.48081,49,3,86,8,0,0,50,39,1,24,16,9,7,87,9,5,21,25,7,34,3,11,0,20,5,40,0,6,24,1,10,0
2019/2020,mbazwana,umhlabuyalingana,umkhanyakude,32.59923,-27.48081,48,3,89,4,0,0,30,50,0,20,8,3,6,61,14,10,23,11,6,31,3,12,0,22,4,35,0,6,10,1,11,0
2020/2021,mbazwana,umhlabuyalingana,umkhanyakude,32.59923,-27.48081,29,0,45,4,0,0,43,35,1,12,3,7,6,24,14,20,21,9,9,24,6,5,0,15,0,24,0,8,11,0,3,0
2021/2022,mbazwana,umhlabuyalingana,umkhanyakude,32.59923,-27.48081,27,3,50,11,1,0,24,20,3,16,11,0,7,45,16,12,12,16,13,29,4,7,1,28,1,32,0,5,9,3,4,0
2022/2023,mbazwana,umhlabuyalingana,umkhanyakude,32.59923,-27.48081,22,4,28,6,0,0,21,16,6,14,8,2,6,21,24,24,12,12,20,16,10,6,1,30,1,17,0,0,3,1,3,0
2023/2024,mbazwana,umkhanyakude district,umkhanyakude district,32.59923,-27.48081,0,0,0,0,0,0,0,22,4,0,0,0,0,0,0,0,0,0,0,0,0,2,0,0,0,0,0,0,0,0,10,0
2024/2025,mbazwana,umkhanyakude district,umkhanyakude district,32.59923,-27.48081,0,0,0,0,0,0,0,21,1,0,0,0,0,0,0,0,0,0,0,0,0,4,0,0,0,0,0,0,0,2,12,0
2008/2009,mbekweni,drakenstein,cape winelands,18.99789,-33.67287,209,4,341,1,4,0,26,207,0,16,111,46,8,34,78,6,1,117,31,30,1,2,0,59,1,39,0,102,2,8,32,0
2009/2010,mbekweni,drakenstein,cape winelands,18.99789,-33.67287,165,7,324,4,6,0,30,211,1,66,128,59,4,32,106,3,1,149,17,40,9,1,0,65,6,54,0,77,2,12,67,0
2010/2011,mbekweni,drakenstein,cape winelands,18.99789,-33.67287,178,8,323,8,4,0,21,187,1,65,99,66,12,37,104,4,1,95,18,38,12,3,0,89,6,55,0,119,2,9,66,0
2011/2012,mbekweni,drakenstein,cape winelands,18.99789,-33.67287,225,6,291,11,4,0,70,184,2,110,154,67,4,26,102,11,1,118,30,45,11,4,0,65,7,58,0,54,1,9,96,0
2012/2013,mbekweni,drakenstein,cape winelands,18.99789,-33.67287,261,7,304,10,7,0,55,208,2,50,123,99,8,32,121,10,1,105,25,65,19,0,0,84,5,81,0,24,2,15,67,0
2013/2014,mbekweni,drakenstein,cape winelands,18.99789,-33.67287,256,3,252,23,2,0,48,178,2,25,124,87,7,34,151,4,22,141,19,47,11,6,0,108,9,59,0,6,1,9,57,0
2014/2015,mbekweni,drakenstein,cape winelands,18.99789,-33.67287,301,9,294,22,2,0,65,285,9,22,156,66,4,27,171,15,23,196,33,56,18,7,0,159,8,68,0,30,4,14,88,2
2015/2016,mbekweni,drakenstein,cape winelands,18.99789,-33.67287,294,6,281,30,3,0,48,188,6,34,167,82,4,11,218,15,17,190,29,38,14,7,0,125,5,48,1,25,1,9,96,2
2016/2017,mbekweni,drakenstein,cape winelands,18.99789,-33.67287,307,9,284,38,4,0,58,202,14,50,156,81,7,21,240,13,22,255,31,34,11,14,0,163,7,46,1,49,4,15,90,0
2017/2018,mbekweni,drakenstein,cape winelands,18.99789,-33.67287,328,6,339,31,7,0,37,182,12,56,216,103,6,18,351,9,2,232,37,56,18,7,0,167,14,77,1,23,0,34,86,0
2018/2019,mbekweni,drakenstein,cape winelands,18.99789,-33.67287,395,10,342,43,4,0,39,215,7,64,214,76,7,16,281,7,25,223,37,58,16,14,0,239,9,72,1,31,4,30,98,1
2019/2020,mbekweni,drakenstein,cape winelands,18.99789,-33.67287,362,12,324,38,2,0,48,206,23,58,201,76,6,12,150,7,25,242,55,62,11,13,0,203,7,71,0,63,2,13,95,0
2020/2021,mbekweni,drakenstein,cape winelands,18.99789,-33.67287,306,2,249,56,6,0,41,151,8,62,248,51,6,3,95,10,37,187,41,51,8,22,1,106,6,63,1,13,3,12,64,2
2021/2022,mbekweni,drakenstein,cape winelands,18.99789,-33.67287,365,12,268,23,8,0,35,108,6,53,242,54,7,2,82,4,23,222,42,36,3,6,0,70,10,55,0,27,0,14,54,2
2022/2023,mbekweni,drakenstein,cape winelands,18.99789,-33.67287,288,8,261,15,5,0,17,98,4,87,221,48,7,1,53,0,17,193,32,56,5,8,1,63,8,70,0,52,0,15,42,0
2023/2024,mbekweni,cape winelands district,cape winelands district,18.99789,-33.67287,0,0,0,0,0,0,0,109,5,0,0,0,0,0,0,0,0,0,0,0,0,7,0,0,0,0,0,0,0,11,44,0
2024/2025,mbekweni,cape winelands district,cape winelands district,18.99789,-33.67287,0,0,0,0,0,0,0,97,8,0,0,0,0,0,0,0,0,0,0,0,0,15,0,0,0,0,0,0,0,12,40,0
2008/2009,mbizana,mbizana,alfred nzo,29.85939,-30.85428,184,23,216,24,2,0,2,189,3,60,138,47,36,49,26,41,1,61,57,65,3,8,0,30,10,93,0,56,121,9,17,0
2009/2010,mbizana,mbizana,alfred nzo,29.85939,-30.85428,188,26,238,32,7,0,8,208,0,67,141,42,3,62,25,25,1,64,56,19,8,8,0,44,54,93,0,40,101,10,33,1
2010/2011,mbizana,mbizana,alfred nzo,29.85939,-30.85428,156,21,203,29,6,0,25,213,8,124,92,57,10,48,17,11,1,74,56,89,15,8,3,65,11,112,0,48,121,22,34,0
2011/2012,mbizana,mbizana,alfred nzo,29.85939,-30.85428,197,19,235,30,12,0,51,207,8,202,106,60,9,11,38,22,1,69,55,102,12,13,0,59,2,121,3,40,103,12,55,0
2012/2013,mbizana,mbizana,alfred nzo,29.85939,-30.85428,168,18,221,32,2,0,87,193,1,284,82,40,5,9,35,15,1,88,57,91,20,17,0,73,3,99,1,72,84,8,55,0
2013/2014,mbizana,mbizana,alfred nzo,29.85939,-30.85428,183,19,204,30,2,0,81,191,6,180,90,21,8,16,111,42,25,93,67,129,28,15,0,105,2,137,0,94,70,20,58,0
2014/2015,mbizana,mbizana,alfred nzo,29.85939,-30.85428,205,24,160,22,2,0,72,217,2,128,95,21,4,16,34,15,14,73,62,89,30,24,0,107,8,101,0,85,124,11,62,0
2015/2016,mbizana,mbizana,alfred nzo,29.85939,-30.85428,151,14,174,21,2,0,75,165,3,122,59,18,7,78,40,19,25,57,64,99,11,6,0,55,2,104,0,151,82,3,57,0
2016/2017,mbizana,mbizana,alfred nzo,29.85939,-30.85428,151,20,144,21,1,0,60,209,3,162,73,14,7,104,64,8,2,56,41,113,21,14,0,79,4,119,1,119,97,6,53,0
2017/2018,mbizana,mbizana,alfred nzo,29.85939,-30.85428,126,12,191,19,5,0,46,137,10,120,58,10,6,102,58,14,17,58,71,95,12,6,0,60,7,107,0,85,106,8,31,0
2018/2019,mbizana,mbizana,alfred nzo,29.85939,-30.85428,102,12,184,27,0,0,49,87,3,112,58,12,7,79,50,15,25,74,68,127,21,6,0,54,2,130,0,97,132,9,43,0
2019/2020,mbizana,mbizana,alfred nzo,29.85939,-30.85428,100,10,162,20,2,0,59,89,2,136,67,8,5,86,43,14,22,48,49,125,26,9,0,50,6,136,0,56,112,9,31,0
2020/2021,mbizana,mbizana,alfred nzo,29.85939,-30.85428,138,8,150,25,5,0,63,88,4,124,78,15,7,27,23,12,22,71,37,101,19,8,0,57,9,116,0,37,81,18,23,0
2021/2022,mbizana,mbizana,alfred nzo,29.85939,-30.85428,98,11,190,16,8,0,57,113,3,108,83,9,7,35,24,11,22,65,42,156,34,11,2,75,6,171,1,43,77,8,24,0
2022/2023,mbizana,mbizana,alfred nzo,29.85939,-30.85428,94,10,190,24,5,0,51,89,11,127,88,9,5,86,38,26,36,79,60,142,21,7,0,69,7,157,0,75,78,11,19,1
2023/2024,mbizana,alfred nzo district,alfred nzo district,29.85939,-30.85428,0,0,0,0,0,0,0,96,5,0,0,0,0,0,0,0,0,0,0,0,0,22,0,0,0,0,0,0,0,6,22,0
2024/2025,mbizana,alfred nzo district,alfred nzo district,29.85939,-30.85428,0,0,0,0,0,0,0,58,8,0,0,0,0,0,0,0,0,0,0,0,0,33,0,0,0,0,0,0,0,1,20,0
2008/2009,mbizeni,elundini,joe gqabi,28.36188,-30.75569,1,0,3,0,1,0,1,1,0,0,1,0,6,0,2,0,1,0,0,0,0,0,0,0,0,1,0,0,3,0,0,0
2009/2010,mbizeni,elundini,joe gqabi,28.36188,-30.75569,1,0,4,0,1,0,1,1,0,0,3,0,6,0,3,0,1,1,0,0,0,0,0,0,0,1,0,0,1,0,0,0
2010/2011,mbizeni,elundini,joe gqabi,28.36188,-30.75569,0,0,5,0,0,0,0,1,0,0,0,0,6,0,4,0,1,0,0,0,0,0,0,0,0,0,0,0,2,0,0,0
2011/2012,mbizeni,elundini,joe gqabi,28.36188,-30.75569,3,0,1,0,0,0,0,1,0,0,0,0,6,0,0,0,1,0,0,2,0,0,0,0,0,2,0,0,2,0,0,0
2012/2013,mbizeni,elundini,joe gqabi,28.36188,-30.75569,2,0,4,0,1,0,0,2,0,0,0,0,6,0,0,0,1,0,0,1,0,0,0,0,0,2,0,0,2,0,0,0
2013/2014,mbizeni,elundini,joe gqabi,28.36188,-30.75569,0,0,2,0,0,0,1,1,0,0,0,0,6,0,1,0,13,1,1,0,0,0,0,0,2,2,0,0,1,0,0,0
2014/2015,mbizeni,elundini,joe gqabi,28.36188,-30.75569,0,0,1,0,0,0,0,0,0,0,0,0,6,0,2,0,13,0,0,0,0,0,0,0,0,0,0,0,1,0,1,0
2015/2016,mbizeni,elundini,joe gqabi,28.36188,-30.75569,1,0,2,0,0,0,0,0,0,0,0,0,6,0,0,0,13,0,0,0,0,0,0,1,0,0,0,0,1,0,1,0
2016/2017,mbizeni,elundini,joe gqabi,28.36188,-30.75569,0,0,1,0,0,0,0,0,0,0,1,0,6,0,3,0,13,0,0,0,0,1,0,2,0,0,0,0,2,0,0,0
2017/2018,mbizeni,elundini,joe gqabi,28.36188,-30.75569,1,0,1,0,0,0,0,0,0,0,0,0,6,0,3,0,13,1,0,0,0,0,0,0,0,0,0,0,0,0,0,0
2018/2019,mbizeni,elundini,joe gqabi,28.36188,-30.75569,118,0,110,1,0,0,29,55,0,4,118,12,6,19,338,6,13,38,2,17,0,0,0,3,4,21,0,0,42,1,8,0
2019/2020,mbizeni,elundini,joe gqabi,28.36188,-30.75569,109,1,115,1,0,0,11,33,0,0,115,7,5,11,313,3,13,49,4,6,0,0,0,5,10,19,0,1,45,0,21,0
2020/2021,mbizeni,elundini,joe gqabi,28.36188,-30.75569,124,2,80,23,1,0,19,40,0,3,109,7,6,7,179,0,13,42,4,12,1,1,0,10,3,16,0,0,45,0,18,0
2021/2022,mbizeni,elundini,joe gqabi,28.36188,-30.75569,111,0,131,4,1,0,20,48,0,4,87,1,6,4,119,2,13,42,4,17,1,0,0,5,5,23,0,0,22,0,7,0
2022/2023,mbizeni,elundini,joe gqabi,28.36188,-30.75569,127,3,88,2,0,0,26,71,0,9,111,7,6,3,118,1,12,47,3,12,2,0,0,8,8,20,0,1,29,0,23,0
2023/2024,mbizeni,joe gqabi district,joe gqabi district,28.36188,-30.75569,0,0,0,0,0,0,0,0,0,0,0,0,0,0,0,0,0,0,0,0,0,0,0,0,0,0,0,0,0,0,0,0
2024/2025,mbizeni,joe gqabi district,joe gqabi district,28.36188,-30.75569,0,0,0,0,0,0,0,1,0,0,0,0,0,0,0,0,0,0,0,0,0,0,0,0,0,0,0,0,0,0,0,0
2008/2009,mbongolwane,umlalazi,king cetshwayo,31.20316,-28.93937,34,5,46,10,0,0,19,27,1,2,35,8,7,0,24,17,1,11,22,14,1,13,0,28,7,22,0,0,9,4,3,0
2009/2010,mbongolwane,umlalazi,king cetshwayo,31.20316,-28.93937,28,6,63,24,2,0,19,48,1,2,48,8,8,5,28,27,1,11,15,28,7,13,0,33,2,36,0,0,19,3,4,0
2010/2011,mbongolwane,umlalazi,king cetshwayo,31.20316,-28.93937,27,5,53,9,1,0,16,30,1,0,36,5,6,1,17,19,1,15,9,33,6,9,0,20,3,37,0,0,29,1,4,0
2011/2012,mbongolwane,umlalazi,king cetshwayo,31.20316,-28.93937,40,3,60,14,1,0,16,37,0,0,40,8,6,0,28,24,1,13,11,23,5,16,0,23,4,28,0,0,32,1,8,0
2012/2013,mbongolwane,umlalazi,king cetshwayo,31.20316,-28.93937,25,4,56,9,1,0,16,33,2,0,29,10,6,3,96,19,1,17,5,23,0,13,0,17,5,29,0,0,10,3,2,0
2013/2014,mbongolwane,umlalazi,king cetshwayo,31.20316,-28.93937,21,2,48,18,1,0,21,29,0,1,32,7,6,3,131,29,13,18,22,26,2,21,0,28,6,33,0,0,15,0,7,0
2014/2015,mbongolwane,umlalazi,king cetshwayo,31.20316,-28.93937,35,2,42,8,1,0,9,35,2,2,20,3,6,4,84,26,13,17,12,24,4,13,0,23,4,29,0,0,9,0,2,0
2015/2016,mbongolwane,umlalazi,king cetshwayo,31.20316,-28.93937,21,4,55,7,0,0,13,41,0,2,21,5,6,3,73,12,13,23,9,23,2,9,0,15,2,25,0,0,12,2,8,0
2016/2017,mbongolwane,umlalazi,king cetshwayo,31.20316,-28.93937,20,1,53,7,1,0,25,25,1,5,23,7,6,4,111,15,21,15,11,24,4,6,0,17,3,28,0,1,23,4,3,0
2017/2018,mbongolwane,umlalazi,king cetshwayo,31.20316,-28.93937,34,3,84,15,0,0,22,23,0,1,17,4,6,5,147,25,14,13,16,32,4,15,0,20,7,39,0,0,22,5,2,0
2018/2019,mbongolwane,umlalazi,king cetshwayo,31.20316,-28.93937,34,2,82,5,1,0,20,32,0,3,27,15,6,7,73,9,12,25,6,27,5,12,0,18,5,33,0,0,22,1,1,0
2019/2020,mbongolwane,umlalazi,king cetshwayo,31.20316,-28.93937,27,5,90,14,4,0,22,16,0,1,19,10,6,9,31,9,14,28,5,23,4,14,0,23,15,42,0,0,29,2,2,0
2020/2021,mbongolwane,umlalazi,king cetshwayo,31.20316,-28.93937,24,1,59,10,0,0,28,27,1,1,21,7,7,4,11,23,22,16,9,22,5,8,0,18,6,29,0,0,31,2,5,0
2021/2022,mbongolwane,umlalazi,king cetshwayo,31.20316,-28.93937,16,6,70,7,1,0,20,25,0,2,19,5,6,0,0,6,23,22,21,30,7,2,0,14,4,35,0,0,17,4,1,0
2022/2023,mbongolwane,umlalazi,king cetshwayo,31.20316,-28.93937,18,4,76,13,1,0,8,21,1,8,23,6,4,1,0,2,21,25,5,28,3,7,0,16,2,33,0,0,8,2,2,0
2023/2024,mbongolwane,king cetshwayo district,king cetshwayo district,31.20316,-28.93937,0,0,0,0,0,0,0,15,2,0,0,0,0,0,0,0,0,0,0,0,0,8,0,0,0,0,0,0,0,2,5,0
2024/2025,mbongolwane,king cetshwayo district,king cetshwayo district,31.20316,-28.93937,0,0,0,0,0,0,0,17,1,0,0,0,0,0,0,0,0,0,0,0,0,12,0,0,0,0,0,0,0,2,4,0
2008/2009,mbuzini,nkomazi,ehlanzeni,31.89291,-25.82101,23,6,60,5,0,0,13,17,0,1,23,5,5,0,1,1,1,14,1,13,7,2,0,10,0,16,0,0,2,1,2,0
2009/2010,mbuzini,nkomazi,ehlanzeni,31.89291,-25.82101,11,1,43,0,2,0,10,22,0,1,23,1,7,1,0,2,1,8,4,11,2,1,0,6,0,14,0,0,4,1,1,0
2010/2011,mbuzini,nkomazi,ehlanzeni,31.89291,-25.82101,19,2,50,0,0,0,14,10,0,1,15,2,6,1,4,2,1,6,0,7,7,3,0,11,0,7,0,1,0,1,1,0
2011/2012,mbuzini,nkomazi,ehlanzeni,31.89291,-25.82101,14,0,39,0,1,0,10,12,0,0,9,0,6,0,5,4,1,7,3,15,2,7,0,10,0,16,0,0,0,0,1,0
2012/2013,mbuzini,nkomazi,ehlanzeni,31.89291,-25.82101,11,1,39,0,0,0,14,16,0,1,10,2,6,3,10,0,1,12,1,9,6,3,0,12,0,9,0,0,0,3,1,0
2013/2014,mbuzini,nkomazi,ehlanzeni,31.89291,-25.82101,8,0,42,1,0,0,4,14,0,0,16,2,6,0,17,0,13,6,0,7,3,1,0,4,0,7,0,0,0,0,2,0
2014/2015,mbuzini,nkomazi,ehlanzeni,31.89291,-25.82101,20,0,29,1,1,0,9,4,0,1,8,3,6,0,25,0,13,9,1,12,4,0,0,5,0,13,0,0,0,1,0,0
2015/2016,mbuzini,nkomazi,ehlanzeni,31.89291,-25.82101,15,1,47,4,2,0,26,16,0,2,16,0,6,2,17,1,12,9,4,10,6,1,0,11,1,13,0,0,2,0,0,0
2016/2017,mbuzini,nkomazi,ehlanzeni,31.89291,-25.82101,22,5,97,2,1,0,20,26,2,3,16,4,6,4,43,5,12,30,4,16,7,6,0,21,0,17,0,1,4,0,1,0
2017/2018,mbuzini,nkomazi,ehlanzeni,31.89291,-25.82101,19,2,74,0,1,0,25,28,0,3,25,4,7,9,64,2,13,11,1,19,5,1,0,11,1,22,0,0,9,4,4,0
2018/2019,mbuzini,nkomazi,ehlanzeni,31.89291,-25.82101,33,1,79,3,0,0,23,27,0,3,29,4,6,1,25,2,12,36,5,17,4,5,0,12,1,18,0,0,5,3,5,0
2019/2020,mbuzini,nkomazi,ehlanzeni,31.89291,-25.82101,51,1,75,1,1,0,19,33,0,3,18,7,6,2,34,5,13,13,1,12,4,1,0,9,0,13,0,1,1,6,1,0
2020/2021,mbuzini,nkomazi,ehlanzeni,31.89291,-25.82101,41,0,67,2,0,0,23,33,0,2,11,3,6,0,22,2,12,18,3,19,6,0,0,10,0,19,0,1,4,1,1,0
2021/2022,mbuzini,nkomazi,ehlanzeni,31.89291,-25.82101,64,3,63,1,1,0,25,19,0,4,15,3,6,0,38,3,21,17,3,19,9,2,0,20,0,20,0,0,3,4,1,0
2022/2023,mbuzini,nkomazi,ehlanzeni,31.89291,-25.82101,51,1,69,1,1,0,22,11,0,0,25,3,6,1,34,6,12,24,3,20,5,3,0,9,1,22,0,2,7,1,1,0
2023/2024,mbuzini,ehlanzeni district,ehlanzeni district,31.89291,-25.82101,0,0,0,0,0,0,0,13,0,0,0,0,0,0,0,0,0,0,0,0,0,3,0,0,0,0,0,0,0,3,1,0
2024/2025,mbuzini,ehlanzeni district,ehlanzeni district,31.89291,-25.82101,0,0,0,0,0,0,0,12,1,0,0,0,0,0,0,0,0,0,0,0,0,0,0,0,0,0,0,0,0,1,2,0
2008/2009,mcgregor,langeberg,cape winelands,19.82949,-33.9463,17,0,17,0,0,0,5,16,0,1,28,0,7,2,66,0,1,7,0,4,0,0,0,0,0,5,0,1,2,0,0,0
2009/2010,mcgregor,langeberg,cape winelands,19.82949,-33.9463,27,0,22,0,0,0,6,16,0,1,24,0,7,2,59,0,1,10,1,5,0,0,0,0,2,8,0,0,0,0,1,0
2010/2011,mcgregor,langeberg,cape winelands,19.82949,-33.9463,19,2,23,0,0,0,14,24,0,0,32,0,6,5,42,0,1,7,0,6,0,0,0,0,1,7,0,0,0,0,2,0
2011/2012,mcgregor,langeberg,cape winelands,19.82949,-33.9463,22,4,33,1,0,0,9,15,0,0,29,0,6,6,56,2,1,10,1,5,0,0,0,0,3,8,0,0,0,2,3,0
2012/2013,mcgregor,langeberg,cape winelands,19.82949,-33.9463,23,0,42,0,0,0,16,35,0,1,46,1,6,5,84,0,1,16,0,4,0,0,0,0,4,8,0,0,0,4,3,0
2013/2014,mcgregor,langeberg,cape winelands,19.82949,-33.9463,31,0,22,0,0,0,9,30,0,2,52,0,6,1,96,0,13,12,1,6,0,1,0,1,3,9,0,0,1,1,1,0
2014/2015,mcgregor,langeberg,cape winelands,19.82949,-33.9463,17,1,27,0,1,0,2,32,0,0,50,0,7,3,89,1,13,11,0,4,1,0,0,1,2,8,0,0,0,1,3,0
2015/2016,mcgregor,langeberg,cape winelands,19.82949,-33.9463,32,0,28,0,1,0,7,32,0,1,39,3,6,0,63,0,13,8,0,3,0,1,0,1,2,6,0,0,0,2,9,0
2016/2017,mcgregor,langeberg,cape winelands,19.82949,-33.9463,30,0,26,0,0,0,14,44,0,1,37,0,6,2,92,0,13,16,3,4,1,0,0,1,4,8,0,0,0,0,6,0
2017/2018,mcgregor,langeberg,cape winelands,19.82949,-33.9463,56,0,30,0,0,0,11,54,0,4,50,1,6,3,123,1,13,9,3,2,1,1,0,2,3,5,0,0,0,0,11,0
2018/2019,mcgregor,langeberg,cape winelands,19.82949,-33.9463,58,1,47,1,0,0,13,107,0,4,69,2,6,3,70,0,13,27,1,2,1,2,0,5,0,2,0,0,0,4,8,0
2019/2020,mcgregor,langeberg,cape winelands,19.82949,-33.9463,57,1,35,1,0,0,13,88,0,4,54,7,6,5,35,1,13,16,0,1,1,3,0,6,4,5,0,1,1,0,15,0
2020/2021,mcgregor,langeberg,cape winelands,19.82949,-33.9463,46,3,46,1,2,0,21,97,0,4,63,4,6,5,31,0,12,27,0,3,1,3,0,4,3,8,0,0,0,0,14,0
2021/2022,mcgregor,langeberg,cape winelands,19.82949,-33.9463,52,2,68,1,2,0,20,78,0,10,64,2,6,2,34,0,13,21,0,2,0,1,0,5,2,6,0,0,1,0,15,0
2022/2023,mcgregor,langeberg,cape winelands,19.82949,-33.9463,83,1,51,1,0,0,24,96,0,9,84,8,6,1,37,0,13,31,1,3,1,6,0,12,0,3,0,1,1,1,13,0
2023/2024,mcgregor,cape winelands district,cape winelands district,19.82949,-33.9463,0,0,0,0,0,0,0,104,0,0,0,0,0,0,0,0,0,0,0,0,0,3,0,0,0,0,0,0,0,0,18,0
2024/2025,mcgregor,cape winelands district,cape winelands district,19.82949,-33.9463,0,0,0,0,0,0,0,72,1,0,0,0,0,0,0,0,0,0,0,0,0,1,0,0,0,0,0,0,0,0,30,0
2008/2009,mdantsane,buffalo city,buffalo city,27.77583,-32.94867,533,12,591,38,16,0,59,474,6,145,514,231,12,104,155,49,1,309,58,142,7,20,0,226,8,173,0,365,2,61,160,0
2009/2010,mdantsane,buffalo city,buffalo city,27.77583,-32.94867,411,11,636,20,15,0,82,482,9,137,294,167,9,173,254,35,1,247,64,116,9,21,4,233,3,139,0,330,3,58,140,0
2010/2011,mdantsane,buffalo city,buffalo city,27.77583,-32.94867,463,8,559,25,20,0,102,403,11,110,378,167,10,168,234,36,1,284,41,130,24,22,2,232,13,169,0,282,3,35,165,0
2011/2012,mdantsane,buffalo city,buffalo city,27.77583,-32.94867,507,10,570,20,13,0,117,516,10,129,401,147,10,244,334,39,1,263,38,139,24,28,0,331,5,163,1,160,6,30,221,0
2012/2013,mdantsane,buffalo city,buffalo city,27.77583,-32.94867,424,12,502,16,16,0,134,375,10,159,300,167,6,226,297,55,1,236,36,125,17,30,0,319,14,155,0,122,4,34,156,0
2013/2014,mdantsane,buffalo city,buffalo city,27.77583,-32.94867,461,18,469,24,11,0,108,386,7,86,315,147,7,187,218,31,1,275,62,135,30,31,0,365,10,157,0,104,1,29,237,0
2014/2015,mdantsane,buffalo city,buffalo city,27.77583,-32.94867,358,9,412,28,4,0,77,393,7,75,332,120,5,192,225,25,1,222,42,105,20,17,0,274,12,124,2,95,6,28,159,0
2015/2016,mdantsane,buffalo city,buffalo city,27.77583,-32.94867,368,14,381,21,3,0,73,332,11,83,386,78,4,215,242,28,1,220,37,102,24,30,0,248,18,125,0,112,5,23,176,0
2016/2017,mdantsane,buffalo city,buffalo city,27.77583,-32.94867,392,10,433,12,3,0,102,466,6,83,344,99,4,188,227,57,1,219,30,89,24,40,0,261,19,113,0,79,2,29,181,0
2017/2018,mdantsane,buffalo city,buffalo city,27.77583,-32.94867,398,7,361,21,5,0,87,408,9,98,323,109,7,173,231,26,1,213,41,96,36,25,1,241,14,116,0,53,1,21,165,0
2018/2019,mdantsane,buffalo city,buffalo city,27.77583,-32.94867,457,17,453,18,6,0,101,393,9,114,348,120,6,119,229,36,23,245,32,99,25,26,0,270,18,123,0,74,2,31,226,1
2019/2020,mdantsane,buffalo city,buffalo city,27.77583,-32.94867,434,6,429,28,12,0,105,376,15,100,454,92,5,141,283,32,37,237,20,123,17,29,0,210,13,151,0,47,1,24,196,0
2020/2021,mdantsane,buffalo city,buffalo city,27.77583,-32.94867,357,5,354,14,5,0,174,313,19,102,355,80,5,24,197,26,24,248,36,80,23,20,0,200,18,106,0,34,1,23,152,0
2021/2022,mdantsane,buffalo city,buffalo city,27.77583,-32.94867,388,16,478,17,7,0,78,294,22,122,491,55,4,51,212,34,8,282,44,109,36,18,0,171,10,128,0,29,4,20,109,0
2022/2023,mdantsane,buffalo city,buffalo city,27.77583,-32.94867,405,6,480,24,14,0,67,333,21,123,462,59,6,57,332,42,6,239,63,84,23,8,2,141,7,105,0,47,3,26,106,0
2023/2024,mdantsane,buffalo city district,buffalo city district,27.77583,-32.94867,0,0,0,0,0,0,0,306,8,0,0,0,0,0,0,0,0,0,0,0,0,12,0,0,0,0,0,0,0,12,139,0
2024/2025,mdantsane,buffalo city district,buffalo city district,27.77583,-32.94867,0,0,0,0,0,0,0,354,11,0,0,0,0,0,0,0,0,0,0,0,0,13,0,0,0,0,0,0,0,26,150,0
2008/2009,meadowlands,city of johannesburg,city of johannesburg,27.90026,-26.22145,900,17,855,79,15,0,46,635,88,65,1117,253,31,31,80,41,1,519,53,142,23,41,1,486,12,188,0,59,1,88,197,2
2009/2010,meadowlands,city of johannesburg,city of johannesburg,27.90026,-26.22145,667,15,899,55,16,0,68,668,78,108,708,211,10,116,146,35,1,460,48,158,41,32,3,408,5,185,0,116,0,84,272,0
2010/2011,meadowlands,city of johannesburg,city of johannesburg,27.90026,-26.22145,656,19,757,44,13,0,105,651,46,85,634,190,33,156,254,30,1,320,46,130,50,28,1,365,7,165,0,105,2,83,223,2
2011/2012,meadowlands,city of johannesburg,city of johannesburg,27.90026,-26.22145,688,13,755,54,11,0,87,596,45,89,609,165,10,188,274,78,1,390,39,108,54,20,1,334,12,137,3,85,0,79,267,0
2012/2013,meadowlands,city of johannesburg,city of johannesburg,27.90026,-26.22145,637,17,701,48,17,0,86,648,83,98,554,178,8,81,399,44,1,330,47,121,56,24,1,394,10,152,2,100,0,76,237,0
2013/2014,meadowlands,city of johannesburg,city of johannesburg,27.90026,-26.22145,564,14,706,51,6,0,116,649,54,67,623,188,4,200,969,26,8,382,42,109,76,30,0,422,14,131,2,108,0,88,245,1
2014/2015,meadowlands,city of johannesburg,city of johannesburg,27.90026,-26.22145,608,7,724,63,10,0,137,543,52,64,625,184,4,296,1429,34,42,392,47,100,56,26,0,419,11,123,0,181,0,87,205,0
2015/2016,meadowlands,city of johannesburg,city of johannesburg,27.90026,-26.22145,551,9,746,66,11,0,66,559,65,104,659,159,5,339,959,29,38,390,56,95,35,19,0,408,12,121,0,165,0,96,217,0
2016/2017,meadowlands,city of johannesburg,city of johannesburg,27.90026,-26.22145,523,2,556,63,11,0,87,526,61,117,646,145,4,278,1016,36,43,376,51,100,79,29,0,421,13,126,1,116,1,107,206,0
2017/2018,meadowlands,city of johannesburg,city of johannesburg,27.90026,-26.22145,550,0,559,70,7,0,60,484,77,120,634,144,7,277,1141,63,4,348,58,82,47,30,1,481,25,115,0,126,0,94,238,1
2018/2019,meadowlands,city of johannesburg,city of johannesburg,27.90026,-26.22145,510,3,454,59,4,0,78,484,45,136,624,153,6,154,912,35,4,352,66,98,66,34,0,440,14,116,1,111,1,104,182,1
2019/2020,meadowlands,city of johannesburg,city of johannesburg,27.90026,-26.22145,504,0,424,70,3,0,92,374,65,132,611,186,7,316,575,39,15,325,73,84,67,38,0,483,19,107,0,69,0,124,188,1
2020/2021,meadowlands,city of johannesburg,city of johannesburg,27.90026,-26.22145,412,3,404,43,4,0,83,275,58,179,506,116,8,26,690,30,15,319,50,87,20,27,1,337,20,115,1,82,0,73,143,1
2021/2022,meadowlands,city of johannesburg,city of johannesburg,27.90026,-26.22145,364,0,423,38,2,0,59,216,41,193,559,116,7,47,552,26,4,350,66,99,41,25,0,267,9,111,2,76,0,69,111,0
2022/2023,meadowlands,city of johannesburg,city of johannesburg,27.90026,-26.22145,421,7,461,70,3,0,55,276,72,200,698,117,7,58,457,48,76,338,72,75,39,55,1,375,19,98,0,128,3,57,151,4
2023/2024,meadowlands,johannesburg district,johannesburg district,27.90026,-26.22145,0,0,0,0,0,0,0,262,37,0,0,0,0,0,0,0,0,0,0,0,0,48,0,0,0,0,0,0,0,30,128,0
2024/2025,meadowlands,johannesburg district,johannesburg district,27.90026,-26.22145,0,0,0,0,0,0,0,201,67,0,0,0,0,0,0,0,0,0,0,0,0,121,0,0,0,0,0,0,0,43,75,0
2008/2009,mecklenburg,fetakgomo tubatse,sekhukhune,30.07359,-24.38627,256,15,264,18,14,1,94,105,1,6,147,64,9,10,17,3,1,85,21,60,3,3,0,27,4,83,0,0,55,12,12,0
2009/2010,mecklenburg,fetakgomo tubatse,sekhukhune,30.07359,-24.38627,312,6,300,11,7,0,154,134,2,22,121,58,4,14,14,5,1,108,8,64,4,7,0,32,1,74,0,0,45,17,11,0
2010/2011,mecklenburg,fetakgomo tubatse,sekhukhune,30.07359,-24.38627,210,13,290,14,11,0,122,99,2,18,118,50,4,24,17,7,1,82,12,69,10,4,0,32,0,82,0,0,34,21,15,0
2011/2012,mecklenburg,fetakgomo tubatse,sekhukhune,30.07359,-24.38627,220,22,312,11,8,0,165,132,2,20,156,65,8,95,15,6,1,118,12,61,12,12,0,41,1,74,0,0,38,8,28,0
2012/2013,mecklenburg,fetakgomo tubatse,sekhukhune,30.07359,-24.38627,260,7,286,14,9,0,142,158,4,35,188,59,5,81,45,10,1,117,10,64,25,19,0,65,0,76,2,0,28,17,19,0
2013/2014,mecklenburg,fetakgomo tubatse,sekhukhune,30.07359,-24.38627,252,13,242,17,5,0,147,165,7,15,167,38,5,49,50,6,22,129,14,67,29,25,0,92,4,79,1,0,36,13,15,0
2014/2015,mecklenburg,fetakgomo tubatse,sekhukhune,30.07359,-24.38627,205,13,298,11,4,0,148,157,3,12,222,49,5,54,55,3,21,160,17,51,33,15,0,86,1,59,0,0,25,9,27,0
2015/2016,mecklenburg,fetakgomo tubatse,sekhukhune,30.07359,-24.38627,194,15,263,12,3,0,130,143,10,20,251,54,6,63,62,3,17,212,18,60,39,15,1,92,2,65,0,0,12,21,20,0
2016/2017,mecklenburg,fetakgomo tubatse,sekhukhune,30.07359,-24.38627,184,12,275,19,6,0,101,188,7,15,244,49,6,75,84,7,24,178,14,63,22,11,0,62,5,74,0,0,32,18,19,0
2017/2018,mecklenburg,fetakgomo tubatse,sekhukhune,30.07359,-24.38627,154,11,229,16,2,0,60,139,8,13,185,37,6,111,115,3,21,159,17,43,31,15,0,74,1,46,0,2,21,15,18,0
2018/2019,mecklenburg,fetakgomo tubatse,sekhukhune,30.07359,-24.38627,171,6,154,9,2,0,69,111,9,19,114,17,6,122,99,3,14,126,6,42,37,25,0,91,4,48,7,2,28,7,19,0
2019/2020,mecklenburg,fetakgomo tubatse,sekhukhune,30.07359,-24.38627,151,6,112,12,1,0,76,127,4,12,135,22,6,134,2,6,12,108,10,45,32,17,0,74,2,48,15,0,28,9,19,1
2020/2021,mecklenburg,fetakgomo tubatse,sekhukhune,30.07359,-24.38627,133,2,94,6,0,0,35,116,10,33,127,20,6,89,13,3,12,111,5,28,22,13,0,59,10,38,17,0,19,4,12,0
2021/2022,mecklenburg,fetakgomo tubatse,sekhukhune,30.07359,-24.38627,101,4,134,17,1,0,41,96,9,37,111,23,7,60,21,3,21,109,12,35,21,5,0,63,3,40,25,1,23,4,6,0
2022/2023,mecklenburg,fetakgomo tubatse,sekhukhune,30.07359,-24.38627,161,2,145,12,0,0,85,78,8,44,161,34,6,28,39,1,14,128,6,23,25,13,0,64,7,30,49,3,49,8,14,0
2023/2024,mecklenburg,sekhukhune district,sekhukhune district,30.07359,-24.38627,0,0,0,0,0,0,0,108,1,0,0,0,0,0,0,0,0,0,0,0,0,23,0,0,0,0,0,0,0,4,12,0
2024/2025,mecklenburg,sekhukhune district,sekhukhune district,30.07359,-24.38627,0,0,0,0,0,0,0,117,3,0,0,0,0,0,0,0,0,0,0,0,0,6,0,0,0,0,0,0,0,6,10,0
2008/2009,mehlomnyama,umzumbe,ugu,30.32273,-30.58681,43,5,71,17,3,0,22,53,1,1,65,21,6,3,30,7,1,25,19,23,1,7,0,22,3,29,0,0,4,0,1,0
2009/2010,mehlomnyama,umzumbe,ugu,30.32273,-30.58681,36,9,64,7,7,0,19,59,0,1,68,11,8,1,56,20,1,24,13,29,2,9,0,29,4,44,0,1,8,2,5,1
2010/2011,mehlomnyama,umzumbe,ugu,30.32273,-30.58681,41,2,79,8,6,0,19,74,0,5,54,18,7,9,59,13,1,31,11,28,3,9,0,30,5,40,0,0,7,2,6,0
2011/2012,mehlomnyama,umzumbe,ugu,30.32273,-30.58681,28,3,79,8,3,0,30,48,0,1,53,9,5,8,99,12,1,19,11,28,2,13,0,24,2,36,1,1,4,2,2,0
2012/2013,mehlomnyama,umzumbe,ugu,30.32273,-30.58681,26,1,69,10,3,0,12,58,0,2,49,10,6,2,46,6,1,26,15,23,2,6,0,16,3,29,0,0,10,3,3,0
2013/2014,mehlomnyama,umzumbe,ugu,30.32273,-30.58681,33,3,83,5,0,0,19,57,0,1,57,10,6,5,59,5,13,17,16,17,3,7,0,13,3,20,0,0,6,2,2,0
2014/2015,mehlomnyama,umzumbe,ugu,30.32273,-30.58681,31,2,94,5,2,0,27,75,0,1,35,11,6,2,79,12,13,16,13,19,6,10,0,27,1,22,0,0,15,1,2,0
2015/2016,mehlomnyama,umzumbe,ugu,30.32273,-30.58681,22,5,59,3,4,0,18,33,0,1,22,7,6,1,107,7,13,12,8,12,5,9,0,14,3,19,0,0,9,0,1,0
2016/2017,mehlomnyama,umzumbe,ugu,30.32273,-30.58681,12,4,57,4,1,0,17,46,0,2,29,8,6,7,98,7,12,11,10,18,5,6,0,14,1,20,0,0,8,1,3,0
2017/2018,mehlomnyama,umzumbe,ugu,30.32273,-30.58681,26,0,54,5,1,0,14,38,0,0,24,4,7,11,120,9,13,13,11,22,10,5,0,20,1,25,0,0,13,2,3,0
2018/2019,mehlomnyama,umzumbe,ugu,30.32273,-30.58681,25,0,59,7,1,0,16,43,0,4,20,5,6,10,75,8,13,14,15,17,6,7,0,18,5,23,0,0,6,1,6,0
2019/2020,mehlomnyama,umzumbe,ugu,30.32273,-30.58681,34,0,63,11,2,0,37,50,0,1,32,9,6,4,11,2,12,19,5,18,2,3,0,8,5,25,0,0,11,2,2,0
2020/2021,mehlomnyama,umzumbe,ugu,30.32273,-30.58681,18,0,48,2,2,0,21,54,0,6,36,11,5,0,13,1,13,20,4,16,3,8,0,16,4,25,0,0,10,7,3,0
2021/2022,mehlomnyama,umzumbe,ugu,30.32273,-30.58681,12,3,66,5,1,0,11,32,0,3,31,1,7,1,10,2,13,15,13,35,1,7,0,11,1,38,0,0,13,2,4,0
2022/2023,mehlomnyama,umzumbe,ugu,30.32273,-30.58681,27,1,56,7,5,0,13,41,1,10,33,11,6,0,4,5,14,19,14,32,8,9,0,24,4,41,0,0,15,1,5,0
2023/2024,mehlomnyama,ugu district,ugu district,30.32273,-30.58681,0,0,0,0,0,0,0,30,1,0,0,0,0,0,0,0,0,0,0,0,0,11,0,0,0,0,0,0,0,7,2,0
2024/2025,mehlomnyama,ugu district,ugu district,30.32273,-30.58681,0,0,0,0,0,0,0,20,2,0,0,0,0,0,0,0,0,0,0,0,0,7,0,0,0,0,0,0,0,2,6,0
2008/2009,melkbosstrand,city of cape town,city of cape town,18.4481,-33.72733,176,0,19,0,2,0,20,143,1,11,52,6,4,39,56,3,1,47,0,2,3,2,0,13,2,8,0,26,0,16,123,0
2009/2010,melkbosstrand,city of cape town,city of cape town,18.4481,-33.72733,171,0,18,1,1,0,24,155,3,31,48,5,7,36,51,2,1,41,1,6,1,5,0,12,4,12,0,15,0,15,157,0
2010/2011,melkbosstrand,city of cape town,city of cape town,18.4481,-33.72733,225,1,19,2,0,0,11,158,0,30,55,3,5,34,83,0,1,22,1,5,1,7,0,15,2,10,0,23,0,18,87,0
2011/2012,melkbosstrand,city of cape town,city of cape town,18.4481,-33.72733,202,0,15,0,0,0,10,101,0,23,36,7,6,55,99,0,1,35,2,10,0,4,0,7,7,17,0,23,4,8,66,0
2012/2013,melkbosstrand,city of cape town,city of cape town,18.4481,-33.72733,143,0,12,1,1,0,7,71,0,28,50,1,6,48,120,1,1,19,1,3,0,10,0,12,0,4,0,11,1,7,84,0
2013/2014,melkbosstrand,city of cape town,city of cape town,18.4481,-33.72733,144,0,17,1,0,0,9,73,0,29,37,5,6,46,118,1,13,31,0,3,1,9,0,10,2,5,0,15,0,12,54,0
2014/2015,melkbosstrand,city of cape town,city of cape town,18.4481,-33.72733,133,0,21,7,0,0,3,87,1,44,42,7,6,34,164,2,13,17,4,2,0,5,0,11,6,8,0,17,0,10,42,0
2015/2016,melkbosstrand,city of cape town,city of cape town,18.4481,-33.72733,188,0,16,0,0,0,23,67,0,24,49,10,6,21,170,2,13,27,0,2,1,3,0,9,2,4,1,25,1,13,62,0
2016/2017,melkbosstrand,city of cape town,city of cape town,18.4481,-33.72733,186,0,29,2,1,0,16,129,1,43,30,10,6,29,98,0,13,37,0,4,0,5,0,15,1,6,0,20,0,10,67,0
2017/2018,melkbosstrand,city of cape town,city of cape town,18.4481,-33.72733,152,0,17,4,0,0,11,96,1,37,33,2,7,23,96,1,13,23,0,3,0,5,0,10,3,7,1,22,0,8,40,1
2018/2019,melkbosstrand,city of cape town,city of cape town,18.4481,-33.72733,119,1,16,1,0,0,4,44,0,44,32,1,7,15,50,2,12,21,0,4,1,0,0,11,0,5,0,13,0,5,40,0
2019/2020,melkbosstrand,city of cape town,city of cape town,18.4481,-33.72733,117,0,15,1,0,0,14,43,0,46,46,3,6,29,30,1,12,24,3,4,1,0,0,10,3,7,1,12,1,11,45,0
2020/2021,melkbosstrand,city of cape town,city of cape town,18.4481,-33.72733,79,0,10,2,1,0,8,39,0,51,48,4,6,24,21,0,13,23,1,1,0,1,0,3,3,5,0,9,1,7,42,1
2021/2022,melkbosstrand,city of cape town,city of cape town,18.4481,-33.72733,93,0,12,0,0,0,9,40,0,79,25,5,7,14,12,0,13,15,1,3,0,1,0,4,2,6,0,12,0,6,41,0
2022/2023,melkbosstrand,city of cape town,city of cape town,18.4481,-33.72733,85,1,8,2,0,0,7,56,1,82,22,5,6,13,14,0,13,22,0,2,0,0,0,8,1,3,0,7,0,2,40,0
2023/2024,melkbosstrand,city of cape town district,city of cape town district,18.4481,-33.72733,0,0,0,0,0,0,0,36,0,0,0,0,0,0,0,0,0,0,0,0,0,0,0,0,0,0,0,0,0,7,47,0
2024/2025,melkbosstrand,city of cape town district,city of cape town district,18.4481,-33.72733,0,0,0,0,0,0,0,57,0,0,0,0,0,0,0,0,0,0,0,0,0,2,0,0,0,0,0,0,0,3,49,0
2008/2009,melmoth,mthonjaneni,king cetshwayo,31.39876,-28.59162,96,2,261,12,1,0,26,212,1,4,196,57,4,10,29,4,1,79,23,52,7,10,0,100,1,56,0,0,1,2,14,0
2009/2010,melmoth,mthonjaneni,king cetshwayo,31.39876,-28.59162,60,0,298,3,2,0,29,217,0,8,205,28,5,14,33,7,1,98,22,59,11,15,0,72,4,68,0,0,0,6,20,0
2010/2011,melmoth,mthonjaneni,king cetshwayo,31.39876,-28.59162,88,10,281,14,5,0,34,193,0,4,311,34,4,21,33,13,1,120,21,72,40,19,0,134,9,88,0,0,1,4,15,0
2011/2012,melmoth,mthonjaneni,king cetshwayo,31.39876,-28.59162,90,10,248,9,3,0,35,159,4,6,257,28,4,20,35,11,1,114,21,78,18,26,0,90,9,92,0,0,2,4,16,0
2012/2013,melmoth,mthonjaneni,king cetshwayo,31.39876,-28.59162,74,6,255,8,5,0,49,127,0,6,198,19,7,18,20,11,1,109,19,88,11,15,0,94,8,102,0,0,1,1,14,0
2013/2014,melmoth,mthonjaneni,king cetshwayo,31.39876,-28.59162,59,3,182,16,1,0,32,108,0,10,187,21,6,12,33,17,12,78,25,68,19,22,0,103,5,74,0,0,1,2,9,0
2014/2015,melmoth,mthonjaneni,king cetshwayo,31.39876,-28.59162,64,2,174,11,2,0,35,136,2,7,162,35,6,15,34,4,23,65,18,60,7,14,0,80,2,64,0,0,0,6,4,1
2015/2016,melmoth,mthonjaneni,king cetshwayo,31.39876,-28.59162,77,4,218,6,0,0,32,112,2,10,187,24,7,10,40,10,12,60,18,68,5,9,0,60,7,76,0,0,0,11,10,0
2016/2017,melmoth,mthonjaneni,king cetshwayo,31.39876,-28.59162,64,3,198,12,0,0,39,127,1,4,150,17,6,10,21,8,12,68,18,36,5,12,0,65,9,45,0,0,0,1,11,0
2017/2018,melmoth,mthonjaneni,king cetshwayo,31.39876,-28.59162,61,5,194,4,2,0,44,100,1,3,206,13,7,13,45,14,14,97,19,35,21,32,0,109,18,56,0,0,0,8,20,0
2018/2019,melmoth,mthonjaneni,king cetshwayo,31.39876,-28.59162,82,3,182,17,0,0,46,119,0,4,196,20,6,10,32,6,21,81,17,55,24,18,0,127,5,60,0,0,0,7,13,0
2019/2020,melmoth,mthonjaneni,king cetshwayo,31.39876,-28.59162,72,2,174,6,0,0,34,118,0,4,209,17,5,4,23,6,17,77,10,53,36,15,1,118,9,65,0,0,0,11,15,0
2020/2021,melmoth,mthonjaneni,king cetshwayo,31.39876,-28.59162,80,4,169,13,0,0,28,83,1,10,177,11,4,2,37,8,12,66,10,30,13,5,0,78,17,49,0,0,1,9,13,0
2021/2022,melmoth,mthonjaneni,king cetshwayo,31.39876,-28.59162,77,1,174,5,0,0,19,99,0,14,170,9,7,8,40,3,22,70,10,50,3,1,0,36,6,57,3,0,0,7,12,0
2022/2023,melmoth,mthonjaneni,king cetshwayo,31.39876,-28.59162,105,6,243,12,1,0,25,91,3,6,269,12,7,7,39,4,25,75,4,59,16,3,0,46,10,71,35,0,0,4,4,0
2023/2024,melmoth,king cetshwayo district,king cetshwayo district,31.39876,-28.59162,0,0,0,0,0,0,0,95,9,0,0,0,0,0,0,0,0,0,0,0,0,31,0,0,0,0,0,0,0,5,46,0
2024/2025,melmoth,king cetshwayo district,king cetshwayo district,31.39876,-28.59162,0,0,0,0,0,0,0,84,4,0,0,0,0,0,0,0,0,0,0,0,0,43,0,0,0,0,0,0,0,9,39,0
2023/2024,meloding,lejweleputswa district,lejweleputswa district,,,0,0,0,0,0,0,0,94,3,0,0,0,0,0,0,0,0,0,0,0,0,8,0,0,0,0,0,0,0,3,10,0
2024/2025,meloding,lejweleputswa district,lejweleputswa district,,,0,0,0,0,0,0,0,88,0,0,0,0,0,0,0,0,0,0,0,0,0,10,0,0,0,0,0,0,0,2,17,0
2008/2009,memel,phumelela,thabo mofutsanyane,29.56703,-27.68155,30,0,23,3,1,0,14,12,1,1,14,2,6,1,3,1,1,14,0,5,2,0,0,4,0,6,0,0,86,0,3,0
2009/2010,memel,phumelela,thabo mofutsanyane,29.56703,-27.68155,21,0,14,1,1,0,11,18,0,1,11,4,7,3,4,4,1,21,0,3,5,0,0,5,0,5,0,0,47,3,2,0
2010/2011,memel,phumelela,thabo mofutsanyane,29.56703,-27.68155,23,2,21,0,0,0,9,26,0,2,11,6,4,0,3,0,1,9,0,2,1,0,0,2,0,4,0,0,56,5,0,0
2011/2012,memel,phumelela,thabo mofutsanyane,29.56703,-27.68155,22,2,29,0,0,0,12,19,0,3,19,4,6,2,4,0,1,8,2,2,2,0,0,2,0,2,0,1,57,1,4,0
2012/2013,memel,phumelela,thabo mofutsanyane,29.56703,-27.68155,37,1,22,0,1,0,13,59,0,4,25,3,6,9,9,4,1,12,1,7,3,0,0,4,0,8,0,0,64,4,2,0
2013/2014,memel,phumelela,thabo mofutsanyane,29.56703,-27.68155,10,4,20,1,1,0,10,28,0,4,17,2,6,3,15,0,13,11,1,5,0,0,0,4,0,6,0,0,41,2,7,0
2014/2015,memel,phumelela,thabo mofutsanyane,29.56703,-27.68155,13,0,18,1,0,0,19,40,1,2,12,2,6,4,16,5,13,11,1,5,2,1,0,4,0,5,0,0,49,3,5,0
2015/2016,memel,phumelela,thabo mofutsanyane,29.56703,-27.68155,14,0,11,1,1,0,3,25,0,1,16,0,6,5,23,1,13,10,2,7,0,2,0,3,0,8,0,0,42,7,12,0
2016/2017,memel,phumelela,thabo mofutsanyane,29.56703,-27.68155,23,2,14,1,0,0,8,14,0,1,8,1,7,6,26,0,13,4,2,3,0,0,0,1,1,5,1,0,35,0,0,0
2017/2018,memel,phumelela,thabo mofutsanyane,29.56703,-27.68155,14,0,6,0,0,0,6,22,0,3,7,0,6,4,18,0,13,1,4,8,0,0,0,0,0,8,0,0,44,2,1,0
2018/2019,memel,phumelela,thabo mofutsanyane,29.56703,-27.68155,10,0,8,1,0,0,11,7,0,1,5,1,6,6,13,1,13,4,1,2,2,0,0,3,0,2,0,0,61,2,2,0
2019/2020,memel,phumelela,thabo mofutsanyane,29.56703,-27.68155,10,0,6,1,1,0,21,14,0,1,6,0,6,2,6,2,13,2,2,5,2,0,0,2,0,6,0,0,61,1,1,0
2020/2021,memel,phumelela,thabo mofutsanyane,29.56703,-27.68155,8,0,11,0,0,0,22,12,0,2,10,0,6,0,7,0,13,8,3,12,1,1,0,2,0,12,0,0,44,0,2,0
2021/2022,memel,phumelela,thabo mofutsanyane,29.56703,-27.68155,7,0,12,1,0,0,10,13,0,3,12,0,6,1,13,0,12,6,3,10,0,1,0,1,0,10,0,0,38,1,4,0
2022/2023,memel,phumelela,thabo mofutsanyane,29.56703,-27.68155,21,2,28,1,1,0,9,15,0,8,17,2,6,0,17,0,12,12,3,5,4,0,0,5,0,6,0,0,45,1,5,0
2023/2024,memel,thabo mofutsanyana district,thabo mofutsanyana district,29.56703,-27.68155,0,0,0,0,0,0,0,11,0,0,0,0,0,0,0,0,0,0,0,0,0,1,0,0,0,0,0,0,0,0,3,0
2024/2025,memel,thabo mofutsanyana district,thabo mofutsanyana district,29.56703,-27.68155,0,0,0,0,0,0,0,22,0,0,0,0,0,0,0,0,0,0,0,0,0,0,0,0,0,0,0,0,0,0,6,0
2008/2009,meyerton,midvaal,sedibeng,28.01492,-26.55567,538,14,217,15,3,0,169,347,27,85,224,55,32,47,43,10,1,151,20,52,24,28,1,154,6,73,0,44,23,239,73,13
2009/2010,meyerton,midvaal,sedibeng,28.01492,-26.55567,534,13,206,20,1,0,189,623,28,111,243,70,3,49,38,14,1,196,19,58,28,36,1,161,2,74,0,44,16,236,73,5
2010/2011,meyerton,midvaal,sedibeng,28.01492,-26.55567,510,12,210,15,2,0,143,693,25,147,244,66,8,65,25,11,1,174,18,52,24,41,2,165,3,61,0,40,14,211,100,4
2011/2012,meyerton,midvaal,sedibeng,28.01492,-26.55567,456,10,141,12,5,0,122,387,11,113,110,47,10,98,36,13,1,139,18,42,25,43,0,114,8,61,0,43,8,145,86,2
2012/2013,meyerton,midvaal,sedibeng,28.01492,-26.55567,408,10,175,17,2,0,149,379,24,118,114,36,11,130,70,20,1,119,14,38,22,23,0,128,11,59,1,36,14,130,110,6
2013/2014,meyerton,midvaal,sedibeng,28.01492,-26.55567,493,14,155,13,2,0,183,539,24,112,130,37,5,106,171,20,23,177,25,37,23,43,0,153,6,48,2,55,11,153,135,6
2014/2015,meyerton,midvaal,sedibeng,28.01492,-26.55567,594,9,198,14,4,0,131,477,32,267,139,34,5,40,75,7,23,155,14,42,29,48,0,185,4,53,4,40,14,125,158,16
2015/2016,meyerton,midvaal,sedibeng,28.01492,-26.55567,413,8,188,10,6,0,155,492,55,88,124,42,5,44,64,10,14,124,18,40,43,27,0,196,3,52,5,30,7,157,144,6
2016/2017,meyerton,midvaal,sedibeng,28.01492,-26.55567,335,0,162,14,1,0,115,433,39,92,88,14,5,66,132,27,16,102,15,39,47,32,0,168,6,49,3,29,5,181,121,5
2017/2018,meyerton,midvaal,sedibeng,28.01492,-26.55567,255,3,115,10,1,0,74,385,29,78,65,20,6,122,212,21,17,72,24,37,33,49,0,166,7,45,3,33,16,159,86,10
2018/2019,meyerton,midvaal,sedibeng,28.01492,-26.55567,258,2,94,15,2,0,96,310,25,87,51,10,16,208,178,11,24,64,7,42,23,47,3,139,11,65,0,24,20,156,79,6
2019/2020,meyerton,midvaal,sedibeng,28.01492,-26.55567,216,1,75,10,1,0,90,338,25,91,36,8,12,323,118,18,21,60,15,33,34,35,0,123,6,47,0,28,13,81,107,6
2020/2021,meyerton,midvaal,sedibeng,28.01492,-26.55567,191,0,62,12,2,0,73,230,19,131,46,14,5,214,147,14,12,56,15,29,23,52,0,128,5,39,7,19,25,60,48,6
2021/2022,meyerton,midvaal,sedibeng,28.01492,-26.55567,230,2,95,16,0,0,87,235,19,145,99,13,7,246,162,23,25,73,17,24,19,42,0,115,8,33,8,36,17,77,45,7
2022/2023,meyerton,midvaal,sedibeng,28.01492,-26.55567,218,1,109,19,0,0,58,190,10,156,125,6,6,168,227,19,18,69,26,31,28,29,0,102,3,34,10,40,29,62,48,8
2023/2024,meyerton,sedibeng district,sedibeng district,28.01492,-26.55567,0,0,0,0,0,0,0,224,24,0,0,0,0,0,0,0,0,0,0,0,0,41,0,0,0,0,0,0,0,113,87,0
2024/2025,meyerton,sedibeng district,sedibeng district,28.01492,-26.55567,0,0,0,0,0,0,0,265,15,0,0,0,0,0,0,0,0,0,0,0,0,41,0,0,0,0,0,0,0,71,94,0
2008/2009,mfuleni,city of cape town,city of cape town,18.68742,-33.98106,922,25,599,66,8,0,122,713,24,67,617,211,55,124,497,50,1,384,105,172,44,16,0,348,30,268,0,79,1,144,203,2
2009/2010,mfuleni,city of cape town,city of cape town,18.68742,-33.98106,794,17,541,60,9,0,62,585,9,73,602,182,30,192,580,69,1,369,72,180,55,22,0,302,38,256,0,76,0,120,207,0
2010/2011,mfuleni,city of cape town,city of cape town,18.68742,-33.98106,914,29,560,46,8,0,92,592,12,56,540,150,36,290,763,63,1,367,68,157,32,20,0,240,29,210,0,123,7,128,235,0
2011/2012,mfuleni,city of cape town,city of cape town,18.68742,-33.98106,1003,20,512,67,8,0,73,508,10,67,542,173,16,275,901,69,1,353,67,149,73,26,0,328,53,220,1,156,9,109,228,1
2012/2013,mfuleni,city of cape town,city of cape town,18.68742,-33.98106,1059,33,514,115,5,0,140,681,28,79,576,200,11,337,1072,87,1,387,99,121,78,46,0,453,30,164,1,62,2,126,195,4
2013/2014,mfuleni,city of cape town,city of cape town,18.68742,-33.98106,1156,15,522,141,3,0,159,662,31,75,672,174,5,252,1042,126,26,528,118,144,61,66,0,596,40,190,1,65,6,142,291,1
2014/2015,mfuleni,city of cape town,city of cape town,18.68742,-33.98106,1164,28,525,186,4,0,136,583,49,56,697,207,9,283,1285,161,8,621,154,122,81,58,0,657,46,177,0,116,1,177,257,1
2015/2016,mfuleni,city of cape town,city of cape town,18.68742,-33.98106,1172,22,603,130,4,0,123,742,101,66,716,188,18,252,1537,138,30,590,139,130,83,130,0,779,35,180,1,111,7,144,276,2
2016/2017,mfuleni,city of cape town,city of cape town,18.68742,-33.98106,1076,33,522,109,5,0,88,684,103,109,741,148,8,354,1781,130,38,540,125,183,65,102,0,686,38,230,1,153,1,155,232,2
2017/2018,mfuleni,city of cape town,city of cape town,18.68742,-33.98106,1030,27,591,123,3,0,71,746,126,122,768,179,11,216,1466,73,4,610,157,126,101,105,0,827,30,167,1,155,1,219,213,5
2018/2019,mfuleni,city of cape town,city of cape town,18.68742,-33.98106,1082,26,604,123,12,0,69,735,138,131,1020,166,12,303,981,35,15,687,154,182,60,119,1,812,43,244,2,137,7,191,224,5
2019/2020,mfuleni,city of cape town,city of cape town,18.68742,-33.98106,720,19,662,112,3,0,79,645,152,171,1091,164,12,251,531,64,44,789,165,168,51,107,0,854,50,228,0,174,6,210,219,11
2020/2021,mfuleni,city of cape town,city of cape town,18.68742,-33.98106,581,35,570,141,11,0,54,388,127,169,977,129,10,61,431,59,53,801,172,163,36,121,0,628,18,198,0,82,5,154,219,7
2021/2022,mfuleni,city of cape town,city of cape town,18.68742,-33.98106,661,36,586,155,2,0,39,397,140,220,1138,175,12,130,817,75,19,748,232,167,28,151,0,750,37,213,2,87,4,207,151,5
2022/2023,mfuleni,city of cape town,city of cape town,18.68742,-33.98106,1014,30,673,125,2,0,60,537,211,216,1431,204,5,133,1196,87,69,819,227,177,33,163,0,962,31,213,1,86,0,138,174,3
2023/2024,mfuleni,city of cape town district,city of cape town district,18.68742,-33.98106,0,0,0,0,0,0,0,452,204,0,0,0,0,0,0,0,0,0,0,0,0,173,0,0,0,0,0,0,0,123,184,0
2024/2025,mfuleni,city of cape town district,city of cape town district,18.68742,-33.98106,0,0,0,0,0,0,0,457,190,0,0,0,0,0,0,0,0,0,0,0,0,138,0,0,0,0,0,0,0,138,150,0
2008/2009,mhala,bushbuckridge,ehlanzeni,31.20416,-24.72574,193,18,277,24,8,0,119,418,13,57,157,76,9,2,21,11,1,106,17,74,15,9,0,86,1,88,0,29,63,24,36,0
2009/2010,mhala,bushbuckridge,ehlanzeni,31.20416,-24.72574,184,16,292,22,9,0,68,272,22,51,145,52,8,1,45,11,1,106,17,81,13,10,0,102,2,96,0,61,41,33,22,0
2010/2011,mhala,bushbuckridge,ehlanzeni,31.20416,-24.72574,156,14,261,15,7,0,90,242,6,55,159,38,5,2,85,11,1,120,9,82,14,20,0,74,2,94,0,56,16,21,29,1
2011/2012,mhala,bushbuckridge,ehlanzeni,31.20416,-24.72574,175,8,246,13,3,0,103,184,3,49,126,29,9,28,101,13,1,99,9,72,38,23,0,86,8,88,1,18,22,11,21,0
2012/2013,mhala,bushbuckridge,ehlanzeni,31.20416,-24.72574,184,6,250,13,1,0,96,196,5,57,102,35,7,20,115,22,1,116,13,89,15,20,0,57,0,91,0,28,27,9,21,0
2013/2014,mhala,bushbuckridge,ehlanzeni,31.20416,-24.72574,173,2,219,17,4,1,104,196,4,33,102,48,6,1,166,17,2,97,16,90,27,30,0,79,1,95,2,11,20,11,17,0
2014/2015,mhala,bushbuckridge,ehlanzeni,31.20416,-24.72574,161,15,226,9,0,0,118,147,7,30,104,34,7,0,140,47,22,106,11,58,20,17,0,60,1,60,0,14,43,17,25,0
2015/2016,mhala,bushbuckridge,ehlanzeni,31.20416,-24.72574,185,14,233,14,0,0,165,142,6,33,110,36,6,2,148,45,17,95,15,58,29,19,0,71,2,60,0,14,33,11,47,1
2016/2017,mhala,bushbuckridge,ehlanzeni,31.20416,-24.72574,167,9,238,10,0,0,124,226,16,47,82,20,7,24,192,19,28,97,13,59,43,8,0,92,2,62,0,17,27,14,46,1
2017/2018,mhala,bushbuckridge,ehlanzeni,31.20416,-24.72574,132,8,185,9,0,0,113,160,15,37,60,25,7,20,256,24,28,72,10,86,31,15,2,107,1,88,0,6,10,38,20,1
2018/2019,mhala,bushbuckridge,ehlanzeni,31.20416,-24.72574,160,9,187,21,1,0,114,184,27,41,61,21,4,44,201,5,16,87,15,79,68,8,1,143,6,88,0,15,16,30,25,0
2019/2020,mhala,bushbuckridge,ehlanzeni,31.20416,-24.72574,146,22,199,12,2,0,139,175,21,44,70,23,7,126,1,9,38,94,24,78,69,24,3,142,2,83,0,19,30,36,24,1
2020/2021,mhala,bushbuckridge,ehlanzeni,31.20416,-24.72574,140,8,205,25,0,0,153,124,24,64,82,18,7,8,5,8,25,89,17,69,49,43,0,177,2,72,0,27,21,25,16,0
2021/2022,mhala,bushbuckridge,ehlanzeni,31.20416,-24.72574,140,9,208,33,1,0,118,108,32,50,113,26,8,1,3,11,38,108,18,90,51,18,0,162,4,99,0,34,9,11,16,0
2022/2023,mhala,bushbuckridge,ehlanzeni,31.20416,-24.72574,133,7,239,28,0,0,114,135,30,58,132,27,6,0,10,17,16,117,14,89,42,33,1,194,1,90,0,36,20,10,20,1
2023/2024,mhala,ehlanzeni district,ehlanzeni district,31.20416,-24.72574,0,0,0,0,0,0,0,140,26,0,0,0,0,0,0,0,0,0,0,0,0,40,0,0,0,0,0,0,0,11,10,0
2024/2025,mhala,ehlanzeni district,ehlanzeni district,31.20416,-24.72574,0,0,0,0,0,0,0,121,19,0,0,0,0,0,0,0,0,0,0,0,0,19,0,0,0,0,0,0,0,19,17,0
2008/2009,mhluzi,steve tshwete,nkangala,29.4488,-25.75075,229,19,442,37,5,0,83,607,7,14,261,174,10,72,33,21,1,198,31,82,13,7,0,70,4,97,0,5,6,44,46,0
2009/2010,mhluzi,steve tshwete,nkangala,29.4488,-25.75075,278,8,422,20,3,0,61,494,4,17,240,146,17,101,47,24,1,184,21,83,16,7,0,69,6,101,0,3,5,89,116,0
2010/2011,mhluzi,steve tshwete,nkangala,29.4488,-25.75075,286,13,457,15,6,0,73,592,4,37,285,135,9,145,78,14,1,243,15,70,10,3,0,54,2,83,0,4,0,73,203,1
2011/2012,mhluzi,steve tshwete,nkangala,29.4488,-25.75075,238,7,435,22,8,0,75,599,8,208,271,97,9,145,110,19,1,200,16,57,31,6,0,87,6,76,0,8,3,70,178,0
2012/2013,mhluzi,steve tshwete,nkangala,29.4488,-25.75075,238,6,454,26,3,0,63,598,9,22,263,97,7,233,136,14,1,202,20,65,14,8,0,86,4,73,2,3,10,52,170,0
2013/2014,mhluzi,steve tshwete,nkangala,29.4488,-25.75075,261,13,322,15,4,0,46,612,1,20,286,90,8,124,195,13,24,187,14,62,10,4,0,94,6,76,0,12,13,64,163,0
2014/2015,mhluzi,steve tshwete,nkangala,29.4488,-25.75075,284,10,335,18,4,0,53,602,13,30,261,83,4,190,203,2,24,231,17,45,8,5,0,77,6,57,0,32,8,108,146,0
2015/2016,mhluzi,steve tshwete,nkangala,29.4488,-25.75075,226,9,304,17,3,0,40,583,15,20,260,66,8,137,221,11,14,171,9,39,13,10,0,93,2,48,2,45,7,93,123,0
2016/2017,mhluzi,steve tshwete,nkangala,29.4488,-25.75075,303,5,317,23,3,0,49,625,6,22,264,57,7,242,294,18,3,159,32,50,13,8,0,98,1,55,0,55,14,83,136,0
2017/2018,mhluzi,steve tshwete,nkangala,29.4488,-25.75075,288,4,288,14,1,0,42,439,9,16,255,40,6,216,270,6,17,138,18,45,5,5,0,93,5,51,0,45,18,68,143,0
2018/2019,mhluzi,steve tshwete,nkangala,29.4488,-25.75075,301,1,362,21,0,0,57,387,9,19,266,41,6,242,193,3,23,131,25,43,3,5,0,105,4,47,0,33,12,104,182,0
2019/2020,mhluzi,steve tshwete,nkangala,29.4488,-25.75075,323,2,341,21,1,0,48,337,7,25,316,49,7,274,57,2,14,180,23,27,6,8,0,89,5,34,1,48,19,76,120,0
2020/2021,mhluzi,steve tshwete,nkangala,29.4488,-25.75075,243,3,258,13,3,0,61,256,2,19,269,29,7,114,31,1,2,159,18,30,9,7,1,68,7,41,0,37,18,37,78,0
2021/2022,mhluzi,steve tshwete,nkangala,29.4488,-25.75075,239,7,288,14,4,0,41,247,7,34,253,26,5,100,57,14,22,178,20,33,14,5,1,81,4,44,1,31,11,67,72,0
2022/2023,mhluzi,steve tshwete,nkangala,29.4488,-25.75075,220,3,261,25,0,0,34,263,13,24,248,27,6,129,63,12,25,132,25,38,7,8,1,85,5,43,0,15,8,43,59,0
2023/2024,mhluzi,nkangala district,nkangala district,29.4488,-25.75075,0,0,0,0,0,0,0,206,9,0,0,0,0,0,0,0,0,0,0,0,0,3,0,0,0,0,0,0,0,49,48,0
2024/2025,mhluzi,nkangala district,nkangala district,29.4488,-25.75075,0,0,0,0,0,0,0,171,5,0,0,0,0,0,0,0,0,0,0,0,0,12,0,0,0,0,0,0,0,76,64,0
2008/2009,mid illovo,mkhambathini,umgungundlovu,30.51511,-29.96608,29,1,31,3,0,0,10,16,3,0,9,3,7,1,10,4,1,11,10,14,1,7,0,16,0,15,0,0,3,3,10,0
2009/2010,mid illovo,mkhambathini,umgungundlovu,30.51511,-29.96608,42,0,33,5,0,0,4,25,1,0,21,4,7,4,19,5,1,16,8,12,0,3,0,6,0,13,0,0,8,0,13,0
2010/2011,mid illovo,mkhambathini,umgungundlovu,30.51511,-29.96608,43,1,43,5,0,0,13,31,0,2,29,11,7,5,28,13,1,11,3,4,2,3,0,8,0,5,0,2,12,1,9,0
2011/2012,mid illovo,mkhambathini,umgungundlovu,30.51511,-29.96608,34,3,28,3,0,0,12,12,1,1,12,4,6,6,56,12,1,11,8,13,1,1,0,6,1,14,0,0,4,1,4,0
2012/2013,mid illovo,mkhambathini,umgungundlovu,30.51511,-29.96608,34,0,19,1,0,0,9,20,2,2,8,3,6,7,89,11,1,10,9,10,0,0,0,5,0,10,0,0,6,4,3,0
2013/2014,mid illovo,mkhambathini,umgungundlovu,30.51511,-29.96608,30,0,15,2,0,0,15,20,0,1,4,2,7,10,107,12,12,11,6,10,1,4,0,5,1,12,0,0,2,4,8,0
2014/2015,mid illovo,mkhambathini,umgungundlovu,30.51511,-29.96608,22,1,16,0,0,0,8,7,0,0,6,2,6,10,119,9,13,5,5,16,1,4,0,8,1,17,0,0,5,2,7,1
2015/2016,mid illovo,mkhambathini,umgungundlovu,30.51511,-29.96608,40,0,20,6,0,0,8,28,1,2,2,1,6,7,91,8,13,7,4,10,2,9,0,14,1,11,0,0,8,2,1,0
2016/2017,mid illovo,mkhambathini,umgungundlovu,30.51511,-29.96608,17,1,7,3,0,0,7,15,1,2,2,0,6,7,103,4,13,8,5,5,4,6,0,16,1,6,0,0,15,3,3,0
2017/2018,mid illovo,mkhambathini,umgungundlovu,30.51511,-29.96608,19,0,14,2,3,0,11,17,4,3,7,0,6,6,109,1,13,11,10,8,1,12,0,18,2,13,0,0,19,3,2,0
2018/2019,mid illovo,mkhambathini,umgungundlovu,30.51511,-29.96608,12,2,18,2,2,0,10,21,2,5,11,1,6,4,43,6,13,13,5,11,3,8,0,13,1,14,0,0,5,1,8,0
2019/2020,mid illovo,mkhambathini,umgungundlovu,30.51511,-29.96608,23,0,19,7,0,0,17,11,2,0,15,3,6,3,0,6,12,11,10,13,1,9,0,16,4,17,0,0,6,1,12,0
2020/2021,mid illovo,mkhambathini,umgungundlovu,30.51511,-29.96608,23,0,21,8,0,0,19,14,2,1,11,2,6,4,0,2,12,9,12,6,2,2,0,8,2,8,0,0,6,3,1,0
2021/2022,mid illovo,mkhambathini,umgungundlovu,30.51511,-29.96608,33,0,20,10,1,0,8,9,4,3,18,3,7,0,0,5,13,15,18,10,2,4,0,15,2,14,0,0,5,0,3,0
2022/2023,mid illovo,mkhambathini,umgungundlovu,30.51511,-29.96608,18,2,22,5,0,0,16,7,4,1,12,1,6,1,0,7,13,9,9,7,5,2,0,14,0,7,0,0,19,3,3,0
2023/2024,mid illovo,umgungundlovu district,umgungundlovu district,30.51511,-29.96608,0,0,0,0,0,0,0,9,2,0,0,0,0,0,0,0,0,0,0,0,0,5,0,0,0,0,0,0,0,1,6,0
2024/2025,mid illovo,umgungundlovu district,umgungundlovu district,30.51511,-29.96608,0,0,0,0,0,0,0,7,2,0,0,0,0,0,0,0,0,0,0,0,0,3,0,0,0,0,0,0,0,2,4,0
2023/2024,middelburg mpumalang,nkangala district,nkangala district,,,0,0,0,0,0,0,0,560,27,0,0,0,0,0,0,0,0,0,0,0,0,26,0,0,0,0,0,0,0,154,485,0
2024/2025,middelburg mpumalang,nkangala district,nkangala district,,,0,0,0,0,0,0,0,548,27,0,0,0,0,0,0,0,0,0,0,0,0,43,0,0,0,0,0,0,0,98,492,0
2008/2009,middelburg mpumalanga,,,,,1372,15,344,17,7,0,434,617,23,236,504,119,33,269,43,11,1,327,14,66,21,34,0,244,22,110,0,306,77,162,483,5
2009/2010,middelburg mpumalanga,,,,,1607,12,369,36,9,0,486,798,20,297,522,105,31,202,71,7,1,358,20,67,30,36,3,264,11,106,0,407,86,197,730,10
2010/2011,middelburg mpumalanga,,,,,1772,18,352,18,12,0,403,822,6,288,535,151,32,251,99,9,1,303,10,55,25,33,0,242,14,93,0,293,90,213,1060,16
2011/2012,middelburg mpumalanga,,,,,1752,18,337,42,7,0,448,1005,6,544,546,162,17,278,125,14,1,266,19,62,37,33,0,223,18,96,6,271,92,212,1022,6
2012/2013,middelburg mpumalanga,,,,,1608,15,321,27,10,0,434,1161,12,459,441,165,8,419,119,8,1,257,12,50,38,31,0,204,11,75,2,277,80,202,1057,3
2013/2014,middelburg mpumalanga,,,,,1779,9,339,22,6,0,394,943,6,340,429,187,7,184,208,20,2,305,20,47,54,59,1,268,11,65,2,281,80,235,1228,9
2014/2015,middelburg mpumalanga,,,,,1653,9,328,14,1,0,441,810,12,227,337,220,4,232,206,6,25,245,19,38,57,33,0,247,10,51,1,239,77,129,1186,6
2015/2016,middelburg mpumalanga,,,,,1507,10,272,18,3,0,524,888,7,341,301,162,5,167,277,18,37,247,21,30,77,29,2,307,3,39,2,195,85,157,935,20
2016/2017,middelburg mpumalanga,,,,,1422,9,243,17,3,0,393,929,22,276,313,182,10,299,370,8,28,176,12,33,59,26,0,261,13,55,0,228,121,141,692,9
2017/2018,middelburg mpumalanga,,,,,1319,11,218,23,1,0,362,905,11,451,300,154,6,333,369,14,6,196,18,36,64,30,0,280,9,46,1,219,99,133,749,14
2018/2019,middelburg mpumalanga,,,,,118,0,110,1,0,0,29,55,0,4,118,12,6,19,338,6,13,38,2,17,0,0,0,3,4,21,0,0,42,1,8,0
2019/2020,middelburg mpumalanga,,,,,109,1,115,1,0,0,11,33,0,0,115,7,5,11,313,3,13,49,4,6,0,0,0,5,10,19,0,1,45,0,21,0
2020/2021,middelburg mpumalanga,,,,,124,2,80,23,1,0,19,40,0,3,109,7,6,7,179,0,13,42,4,12,1,1,0,10,3,16,0,0,45,0,18,0
2021/2022,middelburg mpumalanga,,,,,111,0,131,4,1,0,20,48,0,4,87,1,6,4,119,2,13,42,4,17,1,0,0,5,5,23,0,0,22,0,7,0
2022/2023,middelburg mpumalanga,,,,,127,3,88,2,0,0,26,71,0,9,111,7,6,3,118,1,12,47,3,12,2,0,0,8,8,20,0,1,29,0,23,0
2008/2009,middelburg(ec),inxuba yethemba,chris hani,25.00611,-31.49245,162,1,239,5,6,0,43,159,0,16,93,19,11,8,55,3,1,46,7,17,1,0,0,6,0,31,0,39,37,3,19,0
2009/2010,middelburg(ec),inxuba yethemba,chris hani,25.00611,-31.49245,146,3,218,10,7,0,62,121,0,16,85,19,10,52,47,0,1,61,9,24,1,4,0,7,0,37,0,40,66,2,6,0
2010/2011,middelburg(ec),inxuba yethemba,chris hani,25.00611,-31.49245,91,4,174,2,3,0,45,82,0,16,62,26,5,20,69,0,1,41,16,22,2,0,0,3,4,32,0,32,56,1,9,0
2011/2012,middelburg(ec),inxuba yethemba,chris hani,25.00611,-31.49245,117,4,137,2,2,0,36,60,0,17,59,15,7,2,94,1,1,57,8,27,3,1,0,10,1,31,0,54,70,4,8,0
2012/2013,middelburg(ec),inxuba yethemba,chris hani,25.00611,-31.49245,124,3,168,16,1,0,31,91,0,10,60,21,7,2,115,1,1,54,12,28,2,1,0,5,3,33,0,37,91,15,19,0
2013/2014,middelburg(ec),inxuba yethemba,chris hani,25.00611,-31.49245,125,2,132,12,3,0,37,86,0,17,58,21,7,13,142,1,13,44,9,44,4,2,0,12,1,49,0,54,91,7,27,0
2014/2015,middelburg(ec),inxuba yethemba,chris hani,25.00611,-31.49245,123,0,147,11,1,0,45,105,0,13,73,20,4,13,164,0,21,57,13,24,2,2,0,16,4,31,0,47,49,5,33,0
2015/2016,middelburg(ec),inxuba yethemba,chris hani,25.00611,-31.49245,78,2,110,13,1,0,40,111,0,12,55,24,6,4,100,1,21,43,8,28,4,1,0,27,7,36,1,55,59,7,34,0
2016/2017,middelburg(ec),inxuba yethemba,chris hani,25.00611,-31.49245,113,1,134,28,2,0,27,117,0,14,69,26,7,7,123,1,14,51,5,46,0,5,0,25,2,51,1,51,63,5,37,0
2017/2018,middelburg(ec),inxuba yethemba,chris hani,25.00611,-31.49245,70,0,74,26,5,0,42,85,0,17,48,16,6,15,184,0,13,39,8,38,1,1,0,5,2,45,0,48,48,9,33,0
2018/2019,middelburg(ec),inxuba yethemba,chris hani,25.00611,-31.49245,138,0,52,37,3,0,33,83,0,11,44,13,6,10,220,0,13,34,6,18,2,1,0,13,4,25,0,39,82,2,33,0
2019/2020,middelburg(ec),inxuba yethemba,chris hani,25.00611,-31.49245,130,0,85,25,0,0,43,112,0,31,45,10,6,2,194,2,13,40,10,25,2,7,0,20,2,27,0,51,66,3,35,0
2020/2021,middelburg(ec),inxuba yethemba,chris hani,25.00611,-31.49245,106,2,113,15,1,0,71,118,1,39,51,15,7,5,62,2,13,52,6,27,0,5,0,24,3,32,0,27,60,0,49,0
2021/2022,middelburg(ec),inxuba yethemba,chris hani,25.00611,-31.49245,115,4,90,27,1,0,42,88,0,35,125,12,7,12,23,0,21,69,12,22,4,2,0,22,4,28,0,11,23,2,51,0
2022/2023,middelburg(ec),inxuba yethemba,chris hani,25.00611,-31.49245,147,2,129,17,0,0,59,105,0,41,102,9,6,13,52,1,14,64,9,24,4,1,0,16,8,32,0,44,27,3,47,1
2023/2024,middelburg(ec),chris hani district,chris hani district,25.00611,-31.49245,0,0,0,0,0,0,0,72,0,0,0,0,0,0,0,0,0,0,0,0,0,4,0,0,0,0,0,0,0,4,33,0
2024/2025,middelburg(ec),chris hani district,chris hani district,25.00611,-31.49245,0,0,0,0,0,0,0,82,1,0,0,0,0,0,0,0,0,0,0,0,0,3,0,0,0,0,0,0,0,2,34,0
2008/2009,middelpos,hantam,namakwa,20.232,-31.90632,2,0,1,0,0,0,0,9,0,0,5,0,7,0,5,0,1,2,0,1,0,0,0,0,0,2,0,0,2,1,3,0
2009/2010,middelpos,hantam,namakwa,20.232,-31.90632,10,0,2,0,0,0,4,1,0,0,4,0,7,0,8,0,1,2,0,0,0,0,0,0,1,2,0,0,1,0,0,0
2010/2011,middelpos,hantam,namakwa,20.232,-31.90632,3,0,3,0,1,0,0,3,0,0,6,0,6,0,10,0,1,1,1,1,0,0,0,0,0,2,0,0,4,0,0,0
2011/2012,middelpos,hantam,namakwa,20.232,-31.90632,3,0,12,1,0,0,2,3,0,0,10,0,6,1,7,0,1,3,0,3,0,0,0,0,0,3,2,0,0,0,0,0
2012/2013,middelpos,hantam,namakwa,20.232,-31.90632,5,0,3,0,0,0,0,4,0,1,9,0,6,0,3,0,1,1,0,1,0,0,0,0,1,2,0,0,0,0,0,0
2013/2014,middelpos,hantam,namakwa,20.232,-31.90632,4,0,4,2,0,0,0,4,0,0,7,0,6,0,13,1,13,2,1,1,0,0,0,0,0,1,0,0,1,0,0,0
2014/2015,middelpos,hantam,namakwa,20.232,-31.90632,7,0,2,1,0,0,0,0,0,1,0,1,6,0,8,0,13,1,0,1,0,0,0,0,0,1,0,0,3,1,0,0
2015/2016,middelpos,hantam,namakwa,20.232,-31.90632,9,0,2,1,0,0,1,1,0,1,2,0,6,1,7,0,13,0,0,0,0,0,0,0,0,0,0,0,0,0,1,0
2016/2017,middelpos,hantam,namakwa,20.232,-31.90632,6,0,2,0,0,0,0,0,0,0,4,0,6,0,6,0,13,1,1,0,0,0,0,0,0,0,0,0,1,0,1,0
2017/2018,middelpos,hantam,namakwa,20.232,-31.90632,7,0,1,1,0,0,0,2,0,0,0,0,6,0,8,0,13,1,1,2,0,0,0,0,0,2,0,0,0,2,1,0
2018/2019,middelpos,hantam,namakwa,20.232,-31.90632,4,0,8,0,1,0,2,3,0,0,6,0,6,0,13,0,13,1,0,0,0,0,0,0,0,1,0,0,2,0,0,0
2019/2020,middelpos,hantam,namakwa,20.232,-31.90632,4,0,3,0,0,0,1,0,0,0,5,0,6,0,2,0,13,1,0,1,0,0,0,0,0,1,0,0,2,0,0,0
2020/2021,middelpos,hantam,namakwa,20.232,-31.90632,0,0,2,1,0,0,0,3,0,0,9,0,6,0,0,0,13,3,0,0,0,0,0,0,2,2,0,0,0,0,0,0
2021/2022,middelpos,hantam,namakwa,20.232,-31.90632,1,0,1,0,0,0,0,0,0,0,4,0,6,0,0,0,13,6,0,0,0,0,0,0,0,0,0,0,0,0,0,0
2022/2023,middelpos,hantam,namakwa,20.232,-31.90632,0,0,1,1,0,0,3,4,0,0,5,0,6,0,0,0,13,1,0,0,0,0,0,0,0,0,0,0,0,0,0,0
2023/2024,middelpos,namakwa district,namakwa district,20.232,-31.90632,0,0,0,0,0,0,0,1,0,0,0,0,0,0,0,0,0,0,0,0,0,0,0,0,0,0,0,0,0,0,0,0
2024/2025,middelpos,namakwa district,namakwa district,20.232,-31.90632,0,0,0,0,0,0,0,1,0,0,0,0,0,0,0,0,0,0,0,0,0,0,0,0,0,0,0,0,0,0,0,0
2008/2009,middledrift,raymond mhlaba,amathole,26.9905,-32.81951,33,2,176,8,8,0,16,61,1,6,12,12,7,17,29,8,1,32,7,20,5,5,0,27,2,31,0,3,24,4,5,0
2009/2010,middledrift,raymond mhlaba,amathole,26.9905,-32.81951,26,3,155,1,4,0,5,80,0,4,26,7,7,99,38,0,1,40,9,16,5,2,0,10,0,21,0,4,9,3,6,0
2010/2011,middledrift,raymond mhlaba,amathole,26.9905,-32.81951,20,3,152,3,4,0,5,55,0,9,19,12,6,15,33,0,1,24,10,16,2,3,0,12,1,21,0,1,23,1,7,0
2011/2012,middledrift,raymond mhlaba,amathole,26.9905,-32.81951,18,3,147,2,8,0,6,33,1,7,28,8,5,26,23,2,1,30,5,13,4,3,0,14,0,24,0,0,28,3,7,0
2012/2013,middledrift,raymond mhlaba,amathole,26.9905,-32.81951,40,0,150,1,4,0,6,46,0,8,23,5,6,7,18,1,1,19,8,16,5,0,0,9,13,33,0,0,17,1,6,0
2013/2014,middledrift,raymond mhlaba,amathole,26.9905,-32.81951,35,0,164,2,0,0,6,40,0,6,17,12,6,7,20,0,12,31,7,24,5,3,0,12,3,27,0,0,18,5,5,0
2014/2015,middledrift,raymond mhlaba,amathole,26.9905,-32.81951,21,1,170,2,4,0,11,52,3,0,11,4,6,7,28,3,13,19,10,28,7,1,0,18,1,33,0,2,10,3,5,0
2015/2016,middledrift,raymond mhlaba,amathole,26.9905,-32.81951,30,1,137,4,2,0,14,50,0,7,10,8,6,9,14,1,21,26,8,27,11,3,0,22,1,30,0,0,15,0,3,0
2016/2017,middledrift,raymond mhlaba,amathole,26.9905,-32.81951,38,1,134,1,1,0,12,58,0,3,20,10,6,6,5,1,21,33,9,20,12,7,0,31,4,25,0,0,17,3,4,0
2017/2018,middledrift,raymond mhlaba,amathole,26.9905,-32.81951,37,2,109,1,0,0,5,44,2,4,9,4,6,1,13,4,13,25,8,19,14,3,0,27,1,20,0,1,19,1,6,0
2018/2019,middledrift,raymond mhlaba,amathole,26.9905,-32.81951,38,1,135,2,0,0,21,75,1,6,19,8,7,2,12,3,13,43,10,28,6,4,0,21,2,31,0,1,29,2,3,0
2019/2020,middledrift,raymond mhlaba,amathole,26.9905,-32.81951,33,1,126,3,3,0,13,71,1,3,14,5,7,4,17,2,21,16,4,23,11,6,1,28,3,30,0,0,32,0,4,0
2020/2021,middledrift,raymond mhlaba,amathole,26.9905,-32.81951,54,0,81,2,1,0,19,55,3,11,14,12,6,3,6,1,12,14,9,22,10,5,1,21,7,30,0,0,40,0,3,0
2021/2022,middledrift,raymond mhlaba,amathole,26.9905,-32.81951,80,2,117,11,2,0,10,101,2,9,36,12,6,3,7,4,12,52,10,24,4,4,1,19,3,29,0,0,20,3,8,0
2022/2023,middledrift,raymond mhlaba,amathole,26.9905,-32.81951,67,5,134,5,4,0,8,77,1,14,46,20,6,1,18,1,12,53,19,22,16,8,0,30,7,33,0,1,25,3,6,0
2023/2024,middledrift,amathole district,amathole district,26.9905,-32.81951,0,0,0,0,0,0,0,41,4,0,0,0,0,0,0,0,0,0,0,0,0,6,0,0,0,0,0,0,0,3,10,0
2024/2025,middledrift,amathole district,amathole district,26.9905,-32.81951,0,0,0,0,0,0,0,78,4,0,0,0,0,0,0,0,0,0,0,0,0,4,0,0,0,0,0,0,0,9,1,0
2008/2009,midrand,city of johannesburg,city of johannesburg,28.12012,-25.99321,1375,3,131,30,3,0,301,826,116,732,474,129,16,130,62,9,1,353,10,21,102,201,1,845,7,41,0,391,0,636,343,30
2009/2010,midrand,city of johannesburg,city of johannesburg,28.12012,-25.99321,1647,9,122,40,6,3,295,951,184,1004,468,235,31,226,69,32,1,571,10,40,109,277,0,996,6,71,0,475,1,472,420,27
2010/2011,midrand,city of johannesburg,city of johannesburg,28.12012,-25.99321,1835,5,124,37,8,0,270,773,180,1312,396,252,22,341,69,22,1,480,13,44,87,149,2,751,5,77,0,339,0,268,412,21
2011/2012,midrand,city of johannesburg,city of johannesburg,28.12012,-25.99321,2026,8,116,35,4,0,225,650,97,893,385,206,9,530,165,13,1,474,10,41,58,116,0,552,8,58,49,257,0,295,642,12
2012/2013,midrand,city of johannesburg,city of johannesburg,28.12012,-25.99321,2032,1,108,27,8,0,180,772,91,948,365,186,11,473,172,12,1,370,8,48,71,139,0,584,10,74,10,218,2,192,623,9
2013/2014,midrand,city of johannesburg,city of johannesburg,28.12012,-25.99321,1985,3,104,31,8,0,246,828,76,1059,389,210,8,496,237,22,24,329,19,56,72,155,0,577,5,73,8,320,0,189,916,9
2014/2015,midrand,city of johannesburg,city of johannesburg,28.12012,-25.99321,1847,1,83,29,3,0,254,819,77,861,375,202,8,425,225,10,28,361,13,30,98,139,1,676,14,51,28,227,1,296,899,11
2015/2016,midrand,city of johannesburg,city of johannesburg,28.12012,-25.99321,1775,0,111,21,2,0,246,747,97,874,376,248,9,522,186,24,23,385,9,39,72,164,0,744,10,56,42,221,0,282,931,15
2016/2017,midrand,city of johannesburg,city of johannesburg,28.12012,-25.99321,2023,0,87,27,3,0,317,797,102,928,368,294,7,464,226,29,13,161,19,47,93,216,0,882,13,64,30,466,2,287,1375,11
2017/2018,midrand,city of johannesburg,city of johannesburg,28.12012,-25.99321,1955,2,72,31,2,0,331,758,97,955,356,270,7,546,323,38,22,154,12,35,93,139,0,839,14,52,4,441,0,287,903,5
2018/2019,midrand,city of johannesburg,city of johannesburg,28.12012,-25.99321,1642,0,71,17,4,0,284,605,100,1168,380,318,9,549,266,38,17,131,16,45,84,151,0,775,16,70,6,412,1,246,769,7
2019/2020,midrand,city of johannesburg,city of johannesburg,28.12012,-25.99321,1514,0,57,27,1,0,326,577,135,1092,356,207,12,559,299,35,24,114,17,53,94,111,0,764,21,82,2,440,1,277,1021,9
2020/2021,midrand,city of johannesburg,city of johannesburg,28.12012,-25.99321,1069,1,59,29,1,0,222,422,114,1043,341,209,9,236,204,20,28,111,8,42,92,81,0,647,14,62,3,400,1,169,489,13
2021/2022,midrand,city of johannesburg,city of johannesburg,28.12012,-25.99321,1232,0,72,39,0,0,230,424,162,1230,361,281,8,408,278,34,95,115,27,61,80,78,0,701,28,93,1,364,3,155,547,16
2022/2023,midrand,city of johannesburg,city of johannesburg,28.12012,-25.99321,1581,2,62,55,2,0,318,381,251,1459,486,243,4,512,314,44,96,149,30,50,75,76,0,866,19,73,1,383,2,184,653,21
2023/2024,midrand,johannesburg district,johannesburg district,28.12012,-25.99321,0,0,0,0,0,0,0,411,220,0,0,0,0,0,0,0,0,0,0,0,0,118,0,0,0,0,0,0,0,216,750,0
2024/2025,midrand,johannesburg district,johannesburg district,28.12012,-25.99321,0,0,0,0,0,0,0,292,160,0,0,0,0,0,0,0,0,0,0,0,0,75,0,0,0,0,0,0,0,190,701,0
2008/2009,milnerton,city of cape town,city of cape town,18.50175,-33.87562,2329,6,240,34,2,0,293,690,25,516,397,82,22,186,789,50,1,432,53,59,50,45,4,302,25,106,0,625,0,208,513,1
2009/2010,milnerton,city of cape town,city of cape town,18.50175,-33.87562,2099,7,302,42,2,0,341,822,18,518,438,137,32,230,1000,43,1,325,78,81,50,58,0,374,24,119,0,728,0,211,664,0
2010/2011,milnerton,city of cape town,city of cape town,18.50175,-33.87562,1872,4,241,22,7,0,276,707,5,505,424,122,34,279,1188,35,1,291,61,89,45,40,1,261,31,160,0,685,0,170,577,0
2011/2012,milnerton,city of cape town,city of cape town,18.50175,-33.87562,1875,4,235,13,7,0,265,602,17,574,497,183,11,319,1380,29,1,329,35,85,27,28,0,238,23,123,8,627,0,171,638,0
2012/2013,milnerton,city of cape town,city of cape town,18.50175,-33.87562,2127,9,256,24,8,0,254,794,10,481,476,177,10,288,1350,19,1,325,45,79,70,42,0,325,18,111,64,645,0,175,707,2
2013/2014,milnerton,city of cape town,city of cape town,18.50175,-33.87562,1974,5,244,35,2,0,261,756,22,540,489,163,9,194,1131,29,4,335,45,68,79,57,0,405,19,94,7,591,0,257,808,0
2014/2015,milnerton,city of cape town,city of cape town,18.50175,-33.87562,1948,3,327,34,6,0,294,660,40,490,597,195,9,136,780,24,16,345,48,71,79,70,1,450,22,104,18,599,0,276,622,2
2015/2016,milnerton,city of cape town,city of cape town,18.50175,-33.87562,2144,7,304,38,8,0,263,849,63,441,655,198,10,133,813,21,37,396,40,74,67,70,2,556,20,108,13,372,0,251,666,1
2016/2017,milnerton,city of cape town,city of cape town,18.50175,-33.87562,1860,9,296,29,5,0,270,717,63,534,598,166,11,173,824,25,43,379,38,65,69,69,0,559,19,97,9,442,0,189,596,1
2017/2018,milnerton,city of cape town,city of cape town,18.50175,-33.87562,1705,6,281,34,3,0,255,666,68,528,579,206,7,148,938,26,29,372,55,58,85,88,0,660,22,84,1,411,0,242,557,2
2018/2019,milnerton,city of cape town,city of cape town,18.50175,-33.87562,1451,6,356,30,6,0,180,681,65,558,544,139,16,106,365,40,18,349,53,56,71,86,0,600,21,93,1,403,1,240,573,1
2019/2020,milnerton,city of cape town,city of cape town,18.50175,-33.87562,1310,9,322,44,1,0,172,564,75,514,515,191,12,107,217,27,27,326,67,62,49,86,1,588,34,104,1,509,0,202,493,1
2020/2021,milnerton,city of cape town,city of cape town,18.50175,-33.87562,897,5,204,31,3,0,150,329,58,440,452,120,9,38,483,48,18,292,73,71,35,65,0,405,14,93,1,361,0,141,346,5
2021/2022,milnerton,city of cape town,city of cape town,18.50175,-33.87562,995,3,264,47,4,0,165,275,47,496,470,142,8,75,713,25,64,296,63,84,36,62,0,426,15,107,0,326,0,180,329,0
2022/2023,milnerton,city of cape town,city of cape town,18.50175,-33.87562,1212,4,271,46,9,0,108,375,59,650,541,188,6,151,445,18,33,315,66,88,26,55,0,577,19,116,1,358,1,163,407,1
2023/2024,milnerton,city of cape town district,city of cape town district,18.50175,-33.87562,0,0,0,0,0,0,0,365,62,0,0,0,0,0,0,0,0,0,0,0,0,46,0,0,0,0,0,0,0,165,398,0
2024/2025,milnerton,city of cape town district,city of cape town district,18.50175,-33.87562,0,0,0,0,0,0,0,334,46,0,0,0,0,0,0,0,0,0,0,0,0,51,0,0,0,0,0,0,0,142,387,0
2008/2009,mitchells plain,city of cape town,city of cape town,18.62321,-34.04761,6803,31,745,106,4,0,335,2199,79,494,2735,625,76,396,5699,162,1,1572,59,260,49,34,1,1296,161,488,0,1888,0,779,1719,2
2009/2010,mitchells plain,city of cape town,city of cape town,18.62321,-34.04761,6035,31,759,87,14,0,354,2066,59,403,2749,699,13,309,6571,133,1,1647,54,242,46,32,3,965,145,450,0,2018,0,544,1839,0
2010/2011,mitchells plain,city of cape town,city of cape town,18.62321,-34.04761,5761,45,859,168,13,0,366,1934,52,374,2444,1012,27,469,6260,163,1,1509,64,271,65,45,0,978,147,456,0,1475,0,453,1770,0
2011/2012,mitchells plain,city of cape town,city of cape town,18.62321,-34.04761,6108,42,819,141,12,0,434,1798,40,469,2810,1036,18,255,5850,143,1,1524,66,252,65,42,0,1031,159,434,5,1720,0,375,2160,0
2012/2013,mitchells plain,city of cape town,city of cape town,18.62321,-34.04761,5514,40,756,216,12,0,424,1689,68,427,2757,955,8,156,6310,177,1,1533,90,263,97,60,1,1269,101,380,4,1577,1,400,2045,2
2013/2014,mitchells plain,city of cape town,city of cape town,18.62321,-34.04761,4975,29,573,251,7,0,402,1417,65,326,2185,929,11,173,6044,211,1,1406,156,169,65,36,3,1300,73,257,2,1425,1,333,1699,1
2014/2015,mitchells plain,city of cape town,city of cape town,18.62321,-34.04761,4043,14,567,231,8,0,383,1177,73,268,1847,897,4,174,4768,253,1,1363,141,115,86,43,1,1303,88,213,2,852,0,301,1366,0
2015/2016,mitchells plain,city of cape town,city of cape town,18.62321,-34.04761,3635,29,546,208,6,0,370,1086,95,163,2079,754,17,149,4609,225,1,1308,119,108,106,54,2,1347,56,179,1,782,0,338,1315,0
2016/2017,mitchells plain,city of cape town,city of cape town,18.62321,-34.04761,3322,31,568,144,6,0,322,1037,54,168,1992,710,9,183,4914,141,1,1215,103,104,38,39,2,1018,78,193,1,774,0,217,1080,0
2017/2018,mitchells plain,city of cape town,city of cape town,18.62321,-34.04761,2569,27,594,246,8,0,212,980,63,179,1574,662,4,192,4930,275,1,1028,140,103,53,40,0,946,87,200,0,779,0,197,1049,3
2018/2019,mitchells plain,city of cape town,city of cape town,18.62321,-34.04761,2875,21,568,213,5,0,219,849,45,222,1661,627,9,113,3475,243,11,1047,148,97,38,39,1,912,66,173,1,661,1,169,1008,4
2019/2020,mitchells plain,city of cape town,city of cape town,18.62321,-34.04761,2786,20,502,202,4,0,211,776,75,218,1770,555,8,166,3783,195,5,1029,115,121,43,34,0,875,83,212,1,517,0,173,850,2
2020/2021,mitchells plain,city of cape town,city of cape town,18.62321,-34.04761,1490,14,356,144,4,0,115,362,30,182,1186,351,9,48,3794,193,44,811,103,98,27,12,2,406,60,167,1,243,0,126,547,3
2021/2022,mitchells plain,city of cape town,city of cape town,18.62321,-34.04761,1762,19,380,138,3,0,118,399,42,342,1303,292,12,109,4277,145,91,975,101,104,27,28,1,458,53,167,1,201,0,153,501,0
2022/2023,mitchells plain,city of cape town,city of cape town,18.62321,-34.04761,2103,28,408,178,4,0,144,541,53,376,1596,341,9,125,4480,188,6,1038,125,94,37,31,0,592,71,174,0,189,0,147,606,0
2023/2024,mitchells plain,city of cape town district,city of cape town district,18.62321,-34.04761,0,0,0,0,0,0,0,488,67,0,0,0,0,0,0,0,0,0,0,0,0,27,0,0,0,0,0,0,0,139,602,0
2024/2025,mitchells plain,city of cape town district,city of cape town district,18.62321,-34.04761,0,0,0,0,0,0,0,388,44,0,0,0,0,0,0,0,0,0,0,0,0,19,0,0,0,0,0,0,0,82,385,0
2008/2009,mkhuze,jozini,umkhanyakude,32.03108,-27.62258,80,1,49,6,2,0,26,33,7,21,43,3,7,11,38,11,1,17,2,14,2,5,0,21,3,20,0,8,14,3,5,0
2009/2010,mkhuze,jozini,umkhanyakude,32.03108,-27.62258,84,3,53,5,0,0,22,35,2,13,38,3,6,30,60,22,1,13,5,12,5,4,1,18,2,14,0,20,9,3,15,1
2010/2011,mkhuze,jozini,umkhanyakude,32.03108,-27.62258,105,3,50,3,0,0,18,22,0,23,32,4,7,30,75,9,1,13,4,13,3,1,0,8,2,16,0,6,11,5,6,0
2011/2012,mkhuze,jozini,umkhanyakude,32.03108,-27.62258,57,6,35,3,0,0,11,16,0,25,24,3,6,40,101,13,1,17,2,16,3,0,0,4,6,22,0,8,10,5,7,0
2012/2013,mkhuze,jozini,umkhanyakude,32.03108,-27.62258,59,2,29,1,0,0,11,25,0,26,18,7,6,59,122,9,1,6,3,10,1,0,0,4,0,10,0,2,2,8,7,0
2013/2014,mkhuze,jozini,umkhanyakude,32.03108,-27.62258,44,3,30,2,0,0,17,29,4,29,17,5,6,26,122,11,13,14,1,16,4,2,0,15,0,16,0,3,4,1,10,0
2014/2015,mkhuze,jozini,umkhanyakude,32.03108,-27.62258,62,3,29,5,0,0,19,51,2,31,19,7,6,61,106,18,12,15,5,12,1,2,0,12,0,12,0,3,8,3,9,0
2015/2016,mkhuze,jozini,umkhanyakude,32.03108,-27.62258,75,2,28,7,0,0,19,38,0,32,25,2,6,62,109,20,21,18,8,6,7,3,0,17,1,7,0,2,8,0,15,1
2016/2017,mkhuze,jozini,umkhanyakude,32.03108,-27.62258,60,2,33,4,0,0,17,29,2,24,22,4,6,38,92,18,21,10,2,16,6,6,0,17,3,19,0,10,12,1,4,1
2017/2018,mkhuze,jozini,umkhanyakude,32.03108,-27.62258,54,1,49,3,1,0,26,37,0,27,29,7,7,25,60,28,14,18,3,13,4,5,0,15,1,16,0,7,10,4,22,0
2018/2019,mkhuze,jozini,umkhanyakude,32.03108,-27.62258,118,0,110,1,0,0,29,55,0,4,118,12,6,19,338,6,13,38,2,17,0,0,0,3,4,21,0,0,42,1,8,0
2019/2020,mkhuze,jozini,umkhanyakude,32.03108,-27.62258,109,1,115,1,0,0,11,33,0,0,115,7,5,11,313,3,13,49,4,6,0,0,0,5,10,19,0,1,45,0,21,0
2020/2021,mkhuze,jozini,umkhanyakude,32.03108,-27.62258,124,2,80,23,1,0,19,40,0,3,109,7,6,7,179,0,13,42,4,12,1,1,0,10,3,16,0,0,45,0,18,0
2021/2022,mkhuze,jozini,umkhanyakude,32.03108,-27.62258,111,0,131,4,1,0,20,48,0,4,87,1,6,4,119,2,13,42,4,17,1,0,0,5,5,23,0,0,22,0,7,0
2022/2023,mkhuze,jozini,umkhanyakude,32.03108,-27.62258,127,3,88,2,0,0,26,71,0,9,111,7,6,3,118,1,12,47,3,12,2,0,0,8,8,20,0,1,29,0,23,0
2023/2024,mkhuze,umkhanyakude district,umkhanyakude district,32.03108,-27.62258,0,0,0,0,0,0,0,16,0,0,0,0,0,0,0,0,0,0,0,0,0,1,0,0,0,0,0,0,0,1,5,0
2024/2025,mkhuze,umkhanyakude district,umkhanyakude district,32.03108,-27.62258,0,0,0,0,0,0,0,20,2,0,0,0,0,0,0,0,0,0,0,0,0,1,0,0,0,0,0,0,0,1,8,0
2008/2009,mlungisi,enoch mgijima,chris hani,26.86526,-31.91098,0,0,0,0,0,0,0,0,0,0,0,0,6,0,0,0,1,0,0,0,0,0,0,0,0,0,0,0,0,0,0,0
2009/2010,mlungisi,enoch mgijima,chris hani,26.86526,-31.91098,0,0,0,0,0,0,0,0,0,0,0,0,6,0,0,0,1,0,0,0,0,0,0,0,0,0,0,0,0,0,0,0
2010/2011,mlungisi,enoch mgijima,chris hani,26.86526,-31.91098,0,0,0,0,0,0,0,0,0,0,0,0,6,0,0,0,1,0,0,0,0,0,0,0,0,0,0,0,0,0,0,0
2011/2012,mlungisi,enoch mgijima,chris hani,26.86526,-31.91098,0,0,0,0,0,0,0,0,0,0,0,0,6,0,0,0,1,0,0,0,0,0,0,0,0,0,0,0,0,0,0,0
2012/2013,mlungisi,enoch mgijima,chris hani,26.86526,-31.91098,78,11,260,4,6,0,9,172,0,6,64,36,4,10,70,6,1,72,19,104,6,1,0,25,3,115,0,44,5,6,37,0
2013/2014,mlungisi,enoch mgijima,chris hani,26.86526,-31.91098,130,4,285,11,7,0,30,222,1,30,66,34,6,62,96,5,21,95,26,106,9,10,0,59,5,118,0,109,6,9,52,0
2014/2015,mlungisi,enoch mgijima,chris hani,26.86526,-31.91098,118,3,208,5,1,0,23,180,0,35,78,20,7,50,154,5,23,95,22,98,16,9,1,56,2,102,0,71,6,11,76,0
2015/2016,mlungisi,enoch mgijima,chris hani,26.86526,-31.91098,116,2,210,9,1,0,19,226,3,47,74,26,6,54,172,10,13,91,32,87,9,7,0,61,5,93,0,78,6,8,86,0
2016/2017,mlungisi,enoch mgijima,chris hani,26.86526,-31.91098,128,4,186,9,3,0,49,240,0,47,88,27,6,67,219,11,21,87,29,82,9,4,0,59,3,88,0,126,6,4,83,0
2017/2018,mlungisi,enoch mgijima,chris hani,26.86526,-31.91098,137,3,187,5,4,0,32,229,1,46,76,17,6,70,315,16,13,79,25,71,2,3,0,38,5,80,0,105,14,7,89,0
2018/2019,mlungisi,enoch mgijima,chris hani,26.86526,-31.91098,171,5,221,8,6,0,35,305,0,76,125,27,7,30,265,3,14,87,30,66,7,2,0,60,4,77,0,130,11,3,91,0
2019/2020,mlungisi,enoch mgijima,chris hani,26.86526,-31.91098,153,4,239,7,2,0,47,271,0,56,114,24,6,32,320,21,14,87,19,85,8,2,0,62,7,94,0,116,14,9,96,0
2020/2021,mlungisi,enoch mgijima,chris hani,26.86526,-31.91098,181,6,273,11,4,1,59,324,1,52,158,34,6,25,178,11,14,143,30,88,11,3,0,80,4,96,0,77,11,13,71,0
2021/2022,mlungisi,enoch mgijima,chris hani,26.86526,-31.91098,188,4,246,14,3,0,46,210,0,67,183,26,7,31,209,14,23,175,22,81,14,7,0,79,6,91,0,91,9,6,76,0
2022/2023,mlungisi,enoch mgijima,chris hani,26.86526,-31.91098,221,3,285,12,4,0,56,211,2,68,229,22,7,9,112,8,22,184,36,68,10,7,0,59,13,86,0,108,11,10,55,0
2023/2024,mlungisi,chris hani district,chris hani district,26.86526,-31.91098,0,0,0,0,0,0,0,217,4,0,0,0,0,0,0,0,0,0,0,0,0,9,0,0,0,0,0,0,0,6,67,0
2024/2025,mlungisi,chris hani district,chris hani district,26.86526,-31.91098,0,0,0,0,0,0,0,278,4,0,0,0,0,0,0,0,0,0,0,0,0,12,0,0,0,0,0,0,0,7,64,0
2008/2009,mmabatho,mafikeng,ngaka modiri molema,25.6069,-25.8383,551,24,625,25,41,0,156,751,12,71,366,167,14,58,97,14,1,368,24,153,30,51,0,214,28,249,0,38,97,38,199,0
2009/2010,mmabatho,mafikeng,ngaka modiri molema,25.6069,-25.8383,466,15,651,23,17,0,158,723,4,92,265,110,19,100,116,11,1,321,13,135,55,54,0,223,25,191,0,38,105,57,264,0
2010/2011,mmabatho,mafikeng,ngaka modiri molema,25.6069,-25.8383,638,7,574,22,18,0,139,788,9,80,201,106,10,65,138,12,1,350,21,140,82,52,0,287,21,185,0,30,98,42,263,0
2011/2012,mmabatho,mafikeng,ngaka modiri molema,25.6069,-25.8383,547,5,533,31,18,0,204,629,2,80,182,86,17,67,243,10,1,273,19,139,65,118,0,305,11,177,0,23,96,37,163,0
2012/2013,mmabatho,mafikeng,ngaka modiri molema,25.6069,-25.8383,480,5,490,27,15,0,135,842,13,118,207,108,5,74,300,4,1,327,19,179,83,77,0,308,10,207,0,38,93,41,180,0
2013/2014,mmabatho,mafikeng,ngaka modiri molema,25.6069,-25.8383,400,2,428,21,14,0,130,651,15,88,174,96,5,96,385,21,37,218,16,171,76,82,0,330,7,195,0,54,60,32,230,0
2014/2015,mmabatho,mafikeng,ngaka modiri molema,25.6069,-25.8383,428,7,437,15,17,0,172,920,7,48,221,108,9,83,433,16,2,188,14,179,70,108,0,352,3,204,0,72,76,45,309,0
2015/2016,mmabatho,mafikeng,ngaka modiri molema,25.6069,-25.8383,431,5,420,11,14,0,140,773,7,94,111,86,4,104,413,26,12,161,21,158,28,106,0,342,8,182,0,51,102,35,201,0
2016/2017,mmabatho,mafikeng,ngaka modiri molema,25.6069,-25.8383,291,1,380,11,9,0,124,638,5,70,152,71,7,92,267,16,22,152,17,119,27,53,1,232,6,135,0,65,95,37,204,0
2017/2018,mmabatho,mafikeng,ngaka modiri molema,25.6069,-25.8383,265,7,450,15,11,0,142,564,23,96,190,58,7,69,328,22,14,125,29,135,40,39,0,208,7,154,1,50,90,42,215,0
2018/2019,mmabatho,mafikeng,ngaka modiri molema,25.6069,-25.8383,245,6,515,15,8,0,278,731,19,114,192,91,7,75,231,14,17,178,42,104,48,64,0,267,11,124,0,43,86,41,273,1
2019/2020,mmabatho,mafikeng,ngaka modiri molema,25.6069,-25.8383,260,5,448,25,11,0,155,598,21,137,193,74,8,110,113,14,22,142,24,113,29,56,1,285,6,134,2,51,89,24,246,0
2020/2021,mmabatho,mafikeng,ngaka modiri molema,25.6069,-25.8383,229,4,420,26,11,0,116,410,4,146,207,60,7,74,156,16,43,159,21,117,16,41,0,180,9,138,0,77,136,11,136,1
2021/2022,mmabatho,mafikeng,ngaka modiri molema,25.6069,-25.8383,303,3,456,23,18,0,114,504,21,185,259,70,8,115,165,10,4,187,43,174,20,38,0,238,12,208,1,52,99,26,112,0
2022/2023,mmabatho,mafikeng,ngaka modiri molema,25.6069,-25.8383,572,0,623,38,14,0,104,593,14,229,269,105,6,44,87,22,36,224,30,163,23,55,0,269,10,187,0,73,144,14,104,0
2023/2024,mmabatho,ngaka modiri molema district,ngaka modiri molema district,25.6069,-25.8383,0,0,0,0,0,0,0,680,11,0,0,0,0,0,0,0,0,0,0,0,0,60,0,0,0,0,0,0,0,18,154,0
2024/2025,mmabatho,ngaka modiri molema district,ngaka modiri molema district,25.6069,-25.8383,0,0,0,0,0,0,0,529,15,0,0,0,0,0,0,0,0,0,0,0,0,51,0,0,0,0,0,0,0,20,185,0
2008/2009,mmakau,local municipality of madibeng,bojanala,27.94101,-25.6174,152,4,97,8,2,0,38,181,1,4,78,37,4,13,57,6,1,69,7,22,13,14,0,68,0,26,0,0,4,20,8,2
2009/2010,mmakau,local municipality of madibeng,bojanala,27.94101,-25.6174,196,4,96,12,3,0,52,246,11,6,71,31,7,17,66,0,1,57,5,26,9,25,0,96,0,30,0,0,9,23,15,1
2010/2011,mmakau,local municipality of madibeng,bojanala,27.94101,-25.6174,253,5,121,11,7,0,38,222,3,6,71,30,7,4,75,7,1,50,4,23,8,5,0,45,4,35,0,0,8,19,21,0
2011/2012,mmakau,local municipality of madibeng,bojanala,27.94101,-25.6174,164,6,109,10,5,0,35,200,3,3,74,33,6,6,70,4,1,46,6,24,17,5,0,55,0,29,0,0,6,16,37,0
2012/2013,mmakau,local municipality of madibeng,bojanala,27.94101,-25.6174,153,7,108,8,5,0,23,197,5,4,58,28,6,10,95,14,1,31,10,27,19,9,0,62,2,34,1,0,6,21,22,1
2013/2014,mmakau,local municipality of madibeng,bojanala,27.94101,-25.6174,185,2,78,6,3,0,22,193,7,4,55,33,6,6,144,3,12,34,8,28,13,11,0,65,3,34,1,0,4,21,15,1
2014/2015,mmakau,local municipality of madibeng,bojanala,27.94101,-25.6174,180,6,140,4,2,0,14,279,9,7,78,38,7,10,166,9,21,51,12,29,19,20,0,106,2,34,0,2,8,25,35,1
2015/2016,mmakau,local municipality of madibeng,bojanala,27.94101,-25.6174,150,5,122,6,3,0,38,187,8,4,74,34,7,5,201,4,14,54,13,20,14,12,0,91,5,29,1,2,7,16,20,0
2016/2017,mmakau,local municipality of madibeng,bojanala,27.94101,-25.6174,105,2,102,15,0,0,29,191,10,2,63,25,6,26,239,4,21,40,8,13,14,27,0,104,2,15,0,1,7,19,24,3
2017/2018,mmakau,local municipality of madibeng,bojanala,27.94101,-25.6174,107,8,100,10,0,0,23,155,10,12,77,37,4,52,322,5,14,59,10,22,13,13,1,89,1,25,3,0,13,18,19,2
2018/2019,mmakau,local municipality of madibeng,bojanala,27.94101,-25.6174,128,4,161,18,0,0,40,227,14,8,89,46,8,64,394,4,17,57,4,16,29,34,0,129,2,22,14,0,14,20,19,2
2019/2020,mmakau,local municipality of madibeng,bojanala,27.94101,-25.6174,155,3,140,11,4,0,26,128,28,5,91,38,7,85,442,13,17,56,11,22,18,26,1,128,5,32,39,1,9,14,20,0
2020/2021,mmakau,local municipality of madibeng,bojanala,27.94101,-25.6174,167,0,115,14,0,0,29,117,16,13,95,16,5,19,41,4,2,46,7,15,23,32,1,119,3,21,3,1,6,6,15,0
2021/2022,mmakau,local municipality of madibeng,bojanala,27.94101,-25.6174,164,7,131,8,1,0,18,109,13,10,114,33,7,66,130,1,13,59,7,14,26,37,0,118,2,18,40,2,12,20,10,6
2022/2023,mmakau,local municipality of madibeng,bojanala,27.94101,-25.6174,166,1,132,19,3,0,22,87,25,11,93,23,6,64,178,3,2,74,10,22,16,19,0,115,3,28,73,2,7,15,13,1
2023/2024,mmakau,bojanala district,bojanala district,27.94101,-25.6174,0,0,0,0,0,0,0,95,18,0,0,0,0,0,0,0,0,0,0,0,0,13,0,0,0,0,0,0,0,13,17,0
2024/2025,mmakau,bojanala district,bojanala district,27.94101,-25.6174,0,0,0,0,0,0,0,80,22,0,0,0,0,0,0,0,0,0,0,0,0,17,0,0,0,0,0,0,0,20,16,0
2008/2009,mmametlake,dr js moroka,nkangala,28.5431,-25.10504,253,2,250,10,10,0,11,198,5,10,147,50,8,8,33,8,1,93,17,48,12,21,0,64,1,63,0,3,66,21,14,1
2009/2010,mmametlake,dr js moroka,nkangala,28.5431,-25.10504,179,5,221,14,9,0,5,163,4,7,204,42,4,15,38,6,1,71,10,56,11,11,0,39,1,68,0,3,61,11,18,0
2010/2011,mmametlake,dr js moroka,nkangala,28.5431,-25.10504,256,5,188,10,9,0,29,133,2,13,192,42,5,17,63,10,1,69,9,53,16,6,0,30,1,66,0,2,36,5,11,0
2011/2012,mmametlake,dr js moroka,nkangala,28.5431,-25.10504,255,1,204,7,1,0,51,148,7,3,126,47,5,13,57,4,1,79,5,50,18,5,0,50,4,58,0,2,62,16,23,1
2012/2013,mmametlake,dr js moroka,nkangala,28.5431,-25.10504,270,2,192,11,6,0,110,152,4,7,105,32,6,12,75,13,1,65,9,53,29,13,0,64,1,60,0,8,56,14,10,1
2013/2014,mmametlake,dr js moroka,nkangala,28.5431,-25.10504,301,3,110,7,8,0,121,191,0,6,75,36,6,12,148,14,21,67,9,26,23,16,0,47,2,36,0,4,48,21,16,0
2014/2015,mmametlake,dr js moroka,nkangala,28.5431,-25.10504,302,3,112,9,3,0,104,138,2,4,81,24,7,9,139,7,12,46,7,57,26,17,0,58,1,62,0,3,32,18,24,0
2015/2016,mmametlake,dr js moroka,nkangala,28.5431,-25.10504,161,2,139,7,3,0,93,154,2,6,92,28,6,38,98,0,14,66,3,42,26,23,0,60,5,50,0,8,54,18,21,0
2016/2017,mmametlake,dr js moroka,nkangala,28.5431,-25.10504,189,0,108,15,0,0,110,135,7,7,59,27,7,50,94,7,2,52,7,41,39,30,0,98,1,43,0,5,50,45,25,1
2017/2018,mmametlake,dr js moroka,nkangala,28.5431,-25.10504,156,2,89,5,1,0,96,153,12,6,61,18,7,35,129,2,21,52,7,38,41,33,1,114,3,43,0,12,53,21,32,1
2018/2019,mmametlake,dr js moroka,nkangala,28.5431,-25.10504,113,2,75,7,2,0,80,159,11,4,74,18,6,10,91,8,12,62,5,38,26,22,0,69,3,43,0,9,57,15,18,1
2019/2020,mmametlake,dr js moroka,nkangala,28.5431,-25.10504,116,5,96,6,2,0,93,169,9,19,92,23,7,6,51,5,12,56,4,38,32,23,0,85,2,43,1,15,61,15,19,0
2020/2021,mmametlake,dr js moroka,nkangala,28.5431,-25.10504,97,2,87,4,2,0,63,101,3,23,93,17,6,3,28,1,13,49,6,23,25,32,0,77,1,26,0,10,59,10,9,0
2021/2022,mmametlake,dr js moroka,nkangala,28.5431,-25.10504,85,1,122,9,2,0,74,103,12,19,74,17,6,4,32,2,2,36,9,29,31,29,0,104,3,34,0,4,40,10,8,0
2022/2023,mmametlake,dr js moroka,nkangala,28.5431,-25.10504,113,5,110,10,2,0,110,107,10,21,82,17,6,6,16,3,21,56,7,46,24,14,0,87,4,52,0,9,89,7,6,0
2023/2024,mmametlake,nkangala district,nkangala district,28.5431,-25.10504,0,0,0,0,0,0,0,119,11,0,0,0,0,0,0,0,0,0,0,0,0,31,0,0,0,0,0,0,0,8,8,0
2024/2025,mmametlake,nkangala district,nkangala district,28.5431,-25.10504,0,0,0,0,0,0,0,120,6,0,0,0,0,0,0,0,0,0,0,0,0,38,0,0,0,0,0,0,0,15,14,0
2008/2009,modder river,sol plaatje,frances baard,24.62926,-29.03196,100,6,191,26,4,0,23,91,0,2,91,17,4,12,21,0,1,56,11,18,1,1,0,3,8,32,0,10,31,4,15,0
2009/2010,modder river,sol plaatje,frances baard,24.62926,-29.03196,121,1,241,30,8,0,20,117,0,11,52,25,6,2,31,0,1,57,5,26,4,1,0,12,7,41,0,5,20,4,16,0
2010/2011,modder river,sol plaatje,frances baard,24.62926,-29.03196,77,0,270,24,2,0,21,95,1,13,69,24,9,9,14,0,1,49,4,25,5,1,0,14,5,37,0,4,19,3,13,0
2011/2012,modder river,sol plaatje,frances baard,24.62926,-29.03196,104,2,225,8,5,0,24,88,0,6,93,11,4,7,13,0,1,56,7,28,4,2,0,17,4,39,0,5,20,2,12,0
2012/2013,modder river,sol plaatje,frances baard,24.62926,-29.03196,78,7,208,16,3,0,28,89,0,3,48,23,4,10,14,1,1,71,3,28,3,0,0,22,4,37,0,1,21,2,13,0
2013/2014,modder river,sol plaatje,frances baard,24.62926,-29.03196,101,5,248,18,4,0,29,82,0,6,70,24,7,5,14,0,13,58,7,19,5,0,0,9,1,25,0,1,7,3,14,0
2014/2015,modder river,sol plaatje,frances baard,24.62926,-29.03196,119,2,236,9,4,0,31,118,0,4,79,42,7,6,25,4,13,60,6,21,11,4,0,31,3,29,0,2,19,3,22,0
2015/2016,modder river,sol plaatje,frances baard,24.62926,-29.03196,88,3,224,14,3,0,21,139,0,5,66,35,6,3,30,1,13,45,7,26,8,3,0,29,0,29,0,0,11,2,15,1
2016/2017,modder river,sol plaatje,frances baard,24.62926,-29.03196,75,4,182,4,1,0,14,90,0,6,69,18,7,9,38,2,13,51,8,19,4,1,0,28,1,22,0,1,10,3,14,0
2017/2018,modder river,sol plaatje,frances baard,24.62926,-29.03196,97,0,175,1,5,0,6,84,1,2,54,29,7,6,27,3,12,40,5,16,7,1,0,25,1,23,0,2,19,1,8,0
2018/2019,modder river,sol plaatje,frances baard,24.62926,-29.03196,95,1,190,5,1,0,21,162,0,2,71,40,7,3,11,2,21,59,4,11,5,0,0,22,2,15,0,1,7,1,11,0
2019/2020,modder river,sol plaatje,frances baard,24.62926,-29.03196,119,11,181,13,3,0,23,136,0,5,73,38,7,5,25,2,13,47,3,18,5,0,0,14,2,24,0,4,17,3,16,0
2020/2021,modder river,sol plaatje,frances baard,24.62926,-29.03196,81,2,155,12,1,0,19,136,0,3,51,35,6,1,7,1,12,54,6,23,3,0,0,19,2,26,0,1,10,4,15,0
2021/2022,modder river,sol plaatje,frances baard,24.62926,-29.03196,144,5,131,6,2,0,25,94,0,10,50,23,6,4,13,0,13,67,6,17,6,0,0,12,4,23,0,1,8,1,16,0
2022/2023,modder river,sol plaatje,frances baard,24.62926,-29.03196,201,2,141,29,1,0,22,137,0,5,73,27,7,0,18,1,13,102,5,18,6,0,0,18,5,25,0,0,12,1,12,0
2023/2024,modder river,frances baard district,frances baard district,24.62926,-29.03196,0,0,0,0,0,0,0,145,0,0,0,0,0,0,0,0,0,0,0,0,0,0,0,0,0,0,0,0,0,0,9,0
2024/2025,modder river,frances baard district,frances baard district,24.62926,-29.03196,0,0,0,0,0,0,0,138,0,0,0,0,0,0,0,0,0,0,0,0,0,1,0,0,0,0,0,0,0,0,6,0
2008/2009,modimolle,modimolle-mookgophong,waterberg,28.40881,-24.70692,392,11,196,10,1,0,87,253,3,60,305,59,9,31,30,7,1,136,6,39,5,4,0,21,7,52,0,80,12,21,38,4
2009/2010,modimolle,modimolle-mookgophong,waterberg,28.40881,-24.70692,354,6,171,7,3,0,75,234,0,109,306,39,12,43,27,18,1,94,9,43,12,6,0,30,11,64,0,86,8,26,56,1
2010/2011,modimolle,modimolle-mookgophong,waterberg,28.40881,-24.70692,396,10,184,12,2,0,117,217,2,125,279,31,9,39,40,14,1,104,5,71,14,6,0,37,8,86,0,85,26,19,61,4
2011/2012,modimolle,modimolle-mookgophong,waterberg,28.40881,-24.70692,375,7,207,8,2,0,87,285,1,133,310,55,4,52,60,1,1,131,11,48,15,4,0,39,10,62,0,58,24,22,108,4
2012/2013,modimolle,modimolle-mookgophong,waterberg,28.40881,-24.70692,405,7,168,9,3,0,91,269,1,125,288,54,4,75,64,4,1,123,10,39,5,2,0,37,8,52,4,51,19,18,115,0
2013/2014,modimolle,modimolle-mookgophong,waterberg,28.40881,-24.70692,399,9,220,7,7,0,92,269,3,92,336,59,5,82,54,20,23,126,6,41,4,12,0,39,8,59,8,74,11,29,191,0
2014/2015,modimolle,modimolle-mookgophong,waterberg,28.40881,-24.70692,431,7,269,11,3,0,132,319,1,85,343,67,10,89,94,7,29,136,8,50,11,14,0,49,11,70,14,67,19,32,152,1
2015/2016,modimolle,modimolle-mookgophong,waterberg,28.40881,-24.70692,381,6,284,4,1,0,130,359,0,121,225,68,5,96,102,6,38,131,10,69,14,12,0,92,11,84,5,62,27,32,113,0
2016/2017,modimolle,modimolle-mookgophong,waterberg,28.40881,-24.70692,352,7,203,8,1,0,149,392,3,137,164,41,6,87,165,8,3,105,1,48,11,11,0,89,9,58,0,56,21,23,82,2
2017/2018,modimolle,modimolle-mookgophong,waterberg,28.40881,-24.70692,338,9,150,11,3,0,124,317,1,83,132,34,5,109,265,7,28,109,8,43,15,15,0,80,4,53,4,22,24,20,73,0
2018/2019,modimolle,modimolle-mookgophong,waterberg,28.40881,-24.70692,255,7,130,9,3,0,112,313,2,93,126,39,10,133,252,6,21,103,8,40,19,7,0,72,7,56,19,56,14,42,89,0
2019/2020,modimolle,modimolle-mookgophong,waterberg,28.40881,-24.70692,230,3,77,6,2,0,118,236,1,84,107,29,7,158,111,10,23,65,6,41,10,9,0,52,12,56,32,58,20,21,82,4
2020/2021,modimolle,modimolle-mookgophong,waterberg,28.40881,-24.70692,142,1,51,1,0,0,77,160,1,72,79,9,6,90,196,1,21,51,8,26,6,9,0,31,5,31,59,51,18,20,24,1
2021/2022,modimolle,modimolle-mookgophong,waterberg,28.40881,-24.70692,158,2,76,6,0,0,78,175,0,87,88,8,6,108,211,12,21,57,11,44,7,8,0,39,2,46,87,43,11,15,43,0
2022/2023,modimolle,modimolle-mookgophong,waterberg,28.40881,-24.70692,264,4,80,4,1,0,76,206,1,149,112,14,7,134,173,9,22,59,6,43,13,5,0,55,6,51,104,60,15,20,42,0
2023/2024,modimolle,waterberg district,waterberg district,28.40881,-24.70692,0,0,0,0,0,0,0,203,6,0,0,0,0,0,0,0,0,0,0,0,0,9,0,0,0,0,0,0,0,22,64,0
2024/2025,modimolle,waterberg district,waterberg district,28.40881,-24.70692,0,0,0,0,0,0,0,112,4,0,0,0,0,0,0,0,0,0,0,0,0,11,0,0,0,0,0,0,0,18,59,0
2008/2009,modjadjiskloof,greater letaba,mopani,30.14385,-23.69563,162,3,176,3,1,0,33,91,2,33,75,29,8,3,34,2,1,37,3,18,5,4,0,21,2,25,0,29,12,3,21,0
2009/2010,modjadjiskloof,greater letaba,mopani,30.14385,-23.69563,145,6,136,4,0,0,48,129,0,32,68,24,6,12,58,7,1,41,9,28,6,0,1,15,0,28,0,20,5,4,13,0
2010/2011,modjadjiskloof,greater letaba,mopani,30.14385,-23.69563,178,3,97,2,0,0,33,67,2,29,25,46,6,29,45,1,1,24,8,22,1,0,0,15,2,24,0,16,2,0,6,0
2011/2012,modjadjiskloof,greater letaba,mopani,30.14385,-23.69563,184,5,103,4,1,0,52,118,1,16,24,25,7,13,66,2,1,34,3,32,6,6,0,20,1,35,0,12,4,8,9,0
2012/2013,modjadjiskloof,greater letaba,mopani,30.14385,-23.69563,139,1,101,8,0,0,41,60,2,32,29,28,7,19,105,6,1,25,6,27,8,8,0,26,2,30,19,3,12,3,15,0
2013/2014,modjadjiskloof,greater letaba,mopani,30.14385,-23.69563,179,4,90,8,0,0,53,79,2,27,52,12,6,13,125,3,12,32,6,19,13,6,0,24,9,28,38,13,14,3,21,0
2014/2015,modjadjiskloof,greater letaba,mopani,30.14385,-23.69563,128,3,82,1,0,0,62,97,2,21,41,22,6,10,152,1,12,37,5,19,4,8,1,26,1,20,79,6,16,3,26,0
2015/2016,modjadjiskloof,greater letaba,mopani,30.14385,-23.69563,129,3,103,5,0,0,48,104,2,32,54,12,6,11,159,0,21,35,9,31,10,6,1,36,2,33,78,9,11,8,20,0
2016/2017,modjadjiskloof,greater letaba,mopani,30.14385,-23.69563,157,3,95,8,1,0,59,77,6,30,54,12,6,27,203,1,12,51,5,28,17,4,0,35,4,33,1,4,12,6,16,0
2017/2018,modjadjiskloof,greater letaba,mopani,30.14385,-23.69563,118,1,93,4,0,0,37,74,2,27,47,14,4,51,138,2,12,34,3,20,25,5,1,43,2,24,1,3,10,6,21,0
2018/2019,modjadjiskloof,greater letaba,mopani,30.14385,-23.69563,131,6,90,6,0,0,39,113,5,21,51,19,6,50,45,4,12,63,3,24,20,13,2,58,6,30,7,11,16,4,20,0
2019/2020,modjadjiskloof,greater letaba,mopani,30.14385,-23.69563,121,1,78,7,0,0,35,85,3,29,44,21,6,73,13,2,21,56,2,26,9,4,0,45,1,27,17,4,6,5,24,0
2020/2021,modjadjiskloof,greater letaba,mopani,30.14385,-23.69563,109,2,63,1,0,0,46,62,5,26,31,15,4,63,22,2,13,38,1,19,11,7,0,45,2,23,20,8,11,2,15,0
2021/2022,modjadjiskloof,greater letaba,mopani,30.14385,-23.69563,162,2,89,7,0,0,36,62,2,29,35,12,7,25,25,2,23,62,9,24,11,11,0,50,2,27,24,4,5,2,10,0
2022/2023,modjadjiskloof,greater letaba,mopani,30.14385,-23.69563,162,1,71,6,0,0,60,49,2,11,42,12,6,18,10,1,12,38,4,19,12,7,0,46,1,20,11,4,13,3,20,0
2023/2024,modjadjiskloof,mopani district,mopani district,30.14385,-23.69563,0,0,0,0,0,0,0,35,6,0,0,0,0,0,0,0,0,0,0,0,0,6,0,0,0,0,0,0,0,2,16,0
2024/2025,modjadjiskloof,mopani district,mopani district,30.14385,-23.69563,0,0,0,0,0,0,0,62,1,0,0,0,0,0,0,0,0,0,0,0,0,7,0,0,0,0,0,0,0,1,15,0
2023/2024,moeka vuma,bojanala district,bojanala district,,,0,0,0,0,0,0,0,112,8,0,0,0,0,0,0,0,0,0,0,0,0,25,0,0,0,0,0,0,0,4,10,0
2024/2025,moeka vuma,bojanala district,bojanala district,,,0,0,0,0,0,0,0,112,23,0,0,0,0,0,0,0,0,0,0,0,0,31,0,0,0,0,0,0,0,9,6,0
2008/2009,moffatview,city of johannesburg,city of johannesburg,28.08877,-26.24153,0,0,0,0,0,0,0,0,0,0,0,0,6,0,0,0,1,0,0,0,0,0,0,0,0,0,0,0,0,0,0,0
2009/2010,moffatview,city of johannesburg,city of johannesburg,28.08877,-26.24153,0,0,0,0,0,0,0,0,0,0,0,0,6,0,0,0,1,0,0,0,0,0,0,0,0,0,0,0,0,0,0,0
2010/2011,moffatview,city of johannesburg,city of johannesburg,28.08877,-26.24153,0,0,0,0,0,0,0,0,0,0,0,0,6,0,0,0,1,0,0,0,0,0,0,0,0,0,0,0,0,0,0,0
2011/2012,moffatview,city of johannesburg,city of johannesburg,28.08877,-26.24153,0,0,0,0,0,0,0,0,0,0,0,0,6,0,0,0,1,0,0,0,0,0,0,0,0,0,0,0,0,0,0,0
2012/2013,moffatview,city of johannesburg,city of johannesburg,28.08877,-26.24153,1012,3,175,11,0,0,192,426,63,215,324,131,7,46,188,17,1,336,27,23,43,44,0,324,14,38,1,257,0,415,398,1
2013/2014,moffatview,city of johannesburg,city of johannesburg,28.08877,-26.24153,1195,2,229,27,3,0,210,464,157,219,305,93,5,98,516,39,16,341,18,37,52,48,0,432,13,56,1,188,0,376,344,7
2014/2015,moffatview,city of johannesburg,city of johannesburg,28.08877,-26.24153,1294,2,273,20,6,0,199,531,164,158,284,93,10,126,445,36,3,334,15,39,66,64,1,527,14,65,0,235,0,361,361,4
2015/2016,moffatview,city of johannesburg,city of johannesburg,28.08877,-26.24153,991,1,242,16,2,0,143,513,97,154,328,77,5,284,286,38,43,326,25,32,50,69,0,440,10,47,1,213,0,340,317,4
2016/2017,moffatview,city of johannesburg,city of johannesburg,28.08877,-26.24153,1004,7,290,30,1,0,176,430,155,194,275,108,7,122,351,34,3,348,20,38,85,107,0,585,13,53,6,196,0,287,405,3
2017/2018,moffatview,city of johannesburg,city of johannesburg,28.08877,-26.24153,816,2,283,28,1,0,205,484,183,179,329,113,8,227,256,11,4,308,23,48,91,88,0,621,10,63,1,151,0,258,346,7
2018/2019,moffatview,city of johannesburg,city of johannesburg,28.08877,-26.24153,698,2,273,18,1,0,176,423,107,153,288,154,8,133,240,24,29,208,28,49,113,123,0,634,13,67,0,113,0,166,274,9
2019/2020,moffatview,city of johannesburg,city of johannesburg,28.08877,-26.24153,715,2,219,33,1,0,177,384,166,177,296,147,4,225,265,22,38,192,28,52,58,104,0,653,15,70,3,124,0,206,223,5
2020/2021,moffatview,city of johannesburg,city of johannesburg,28.08877,-26.24153,691,1,193,26,1,0,219,266,102,197,305,111,7,55,193,21,2,182,22,45,84,90,1,510,16,63,0,124,0,187,215,3
2021/2022,moffatview,city of johannesburg,city of johannesburg,28.08877,-26.24153,707,2,189,38,3,0,150,262,139,229,324,112,8,83,223,49,75,162,34,43,71,125,0,520,8,58,1,123,0,199,185,6
2022/2023,moffatview,city of johannesburg,city of johannesburg,28.08877,-26.24153,789,1,178,37,1,0,165,254,116,238,296,113,4,104,233,24,50,189,34,66,66,139,0,544,10,79,0,118,0,206,159,2
2023/2024,moffatview,johannesburg district,johannesburg district,28.08877,-26.24153,0,0,0,0,0,0,0,262,122,0,0,0,0,0,0,0,0,0,0,0,0,209,0,0,0,0,0,0,0,168,149,0
2024/2025,moffatview,johannesburg district,johannesburg district,28.08877,-26.24153,0,0,0,0,0,0,0,179,96,0,0,0,0,0,0,0,0,0,0,0,0,156,0,0,0,0,0,0,0,191,146,0
2008/2009,mogwadi,molemole,capricorn,29.32768,-23.36789,113,0,79,3,0,0,20,106,0,13,41,15,7,8,9,0,1,33,4,30,8,4,0,14,2,33,0,2,11,4,8,0
2009/2010,mogwadi,molemole,capricorn,29.32768,-23.36789,111,1,69,2,2,0,32,71,0,19,64,26,7,43,24,4,1,39,7,25,6,3,0,18,2,30,0,0,8,9,14,0
2010/2011,mogwadi,molemole,capricorn,29.32768,-23.36789,131,1,64,4,1,0,35,94,1,8,34,22,6,6,14,1,1,26,2,29,7,8,0,17,0,30,0,3,16,0,3,0
2011/2012,mogwadi,molemole,capricorn,29.32768,-23.36789,111,1,79,3,4,0,42,74,1,6,64,25,6,9,16,0,1,42,2,31,3,2,0,9,0,35,0,4,11,2,9,0
2012/2013,mogwadi,molemole,capricorn,29.32768,-23.36789,124,2,62,1,0,0,26,91,0,8,49,16,6,13,10,5,1,45,4,34,2,4,0,7,0,34,1,3,4,0,10,0
2013/2014,mogwadi,molemole,capricorn,29.32768,-23.36789,138,3,63,7,3,0,42,90,0,7,50,17,4,29,15,4,12,50,3,17,9,9,0,25,2,24,0,2,10,2,19,0
2014/2015,mogwadi,molemole,capricorn,29.32768,-23.36789,117,4,61,2,0,0,21,77,3,13,39,13,6,59,32,6,12,68,3,23,8,3,0,17,2,25,0,2,11,2,6,0
2015/2016,mogwadi,molemole,capricorn,29.32768,-23.36789,84,8,65,0,2,0,47,89,3,4,48,14,6,56,39,1,13,52,3,26,9,2,0,16,1,29,0,2,6,3,8,0
2016/2017,mogwadi,molemole,capricorn,29.32768,-23.36789,113,2,69,3,2,0,23,93,0,9,38,22,7,27,58,1,13,44,6,30,10,3,0,20,0,33,0,3,6,3,8,0
2017/2018,mogwadi,molemole,capricorn,29.32768,-23.36789,100,3,85,4,1,0,37,86,1,5,55,11,5,31,81,3,13,55,7,24,11,9,0,32,1,29,0,2,16,3,11,0
2018/2019,mogwadi,molemole,capricorn,29.32768,-23.36789,97,2,71,1,1,0,34,99,0,7,49,18,4,32,69,0,21,49,5,32,4,3,0,13,1,36,0,0,21,1,7,0
2019/2020,mogwadi,molemole,capricorn,29.32768,-23.36789,34,2,57,1,0,0,17,47,0,7,35,18,7,39,13,2,12,24,3,21,8,3,0,17,4,26,0,0,6,2,7,0
2020/2021,mogwadi,molemole,capricorn,29.32768,-23.36789,51,1,76,8,1,0,12,36,1,13,37,14,7,17,18,0,13,54,6,22,3,3,0,10,1,25,0,0,10,1,3,0
2021/2022,mogwadi,molemole,capricorn,29.32768,-23.36789,68,4,81,2,0,0,26,69,0,16,47,13,6,4,11,0,12,47,4,22,14,5,0,28,1,23,0,0,22,1,0,0
2022/2023,mogwadi,molemole,capricorn,29.32768,-23.36789,55,0,87,2,1,0,38,62,0,12,48,18,6,2,9,1,14,34,7,24,9,3,0,22,2,27,0,0,14,6,12,0
2023/2024,mogwadi,capricorn district,capricorn district,29.32768,-23.36789,0,0,0,0,0,0,0,56,2,0,0,0,0,0,0,0,0,0,0,0,0,4,0,0,0,0,0,0,0,2,6,0
2024/2025,mogwadi,capricorn district,capricorn district,29.32768,-23.36789,0,0,0,0,0,0,0,69,0,0,0,0,0,0,0,0,0,0,0,0,0,11,0,0,0,0,0,0,0,2,8,0
2008/2009,mogwase,moses kotane,bojanala,27.23673,-25.27102,276,22,429,28,13,0,146,314,4,185,342,72,12,37,146,18,1,184,16,110,31,21,0,111,7,137,0,49,64,20,47,0
2009/2010,mogwase,moses kotane,bojanala,27.23673,-25.27102,240,13,425,22,27,1,144,306,6,124,265,79,11,36,100,8,1,159,15,99,41,30,0,129,6,140,0,45,78,21,59,0
2010/2011,mogwase,moses kotane,bojanala,27.23673,-25.27102,276,13,415,18,13,1,188,288,3,56,188,53,4,31,111,12,1,132,14,79,51,26,0,148,6,100,0,58,84,13,40,0
2011/2012,mogwase,moses kotane,bojanala,27.23673,-25.27102,373,16,386,18,18,0,172,335,3,43,197,55,12,38,77,12,1,141,23,130,48,17,0,133,4,159,5,40,76,34,27,0
2012/2013,mogwase,moses kotane,bojanala,27.23673,-25.27102,606,12,333,14,15,0,150,323,4,27,196,43,5,24,93,12,1,146,30,131,47,20,0,168,6,155,0,23,62,25,35,0
2013/2014,mogwase,moses kotane,bojanala,27.23673,-25.27102,875,9,351,19,20,0,121,334,3,64,186,45,4,18,141,13,21,169,15,118,37,44,0,157,5,145,0,26,63,25,56,0
2014/2015,mogwase,moses kotane,bojanala,27.23673,-25.27102,628,19,407,29,16,0,151,363,2,58,222,76,9,11,144,12,25,190,24,102,48,30,0,129,1,124,1,41,83,23,35,0
2015/2016,mogwase,moses kotane,bojanala,27.23673,-25.27102,456,12,381,31,14,0,143,334,12,61,237,61,11,23,71,3,2,198,24,142,65,40,0,193,2,166,0,53,89,21,49,1
2016/2017,mogwase,moses kotane,bojanala,27.23673,-25.27102,348,12,360,34,8,0,177,395,21,70,206,72,6,38,99,10,43,168,23,103,67,29,0,197,3,114,3,61,113,39,59,0
2017/2018,mogwase,moses kotane,bojanala,27.23673,-25.27102,268,13,342,26,11,0,166,374,17,106,221,71,4,50,136,11,36,174,30,86,39,17,2,136,4,103,4,61,157,46,42,1
2018/2019,mogwase,moses kotane,bojanala,27.23673,-25.27102,247,17,360,38,7,0,148,353,11,135,267,55,9,58,102,19,25,198,43,93,74,46,2,183,5,110,3,42,170,29,46,0
2019/2020,mogwase,moses kotane,bojanala,27.23673,-25.27102,289,28,342,31,17,0,160,368,10,126,314,46,4,96,135,17,28,202,26,92,51,27,2,166,7,118,1,76,117,44,36,2
2020/2021,mogwase,moses kotane,bojanala,27.23673,-25.27102,254,19,313,18,4,0,178,337,6,110,342,47,6,50,72,8,38,174,14,81,59,37,0,149,6,91,2,67,99,63,41,1
2021/2022,mogwase,moses kotane,bojanala,27.23673,-25.27102,296,22,373,19,19,0,116,251,15,174,371,54,4,82,91,7,37,225,26,94,60,19,0,144,6,121,1,68,59,55,39,2
2022/2023,mogwase,moses kotane,bojanala,27.23673,-25.27102,331,14,460,48,23,0,100,304,21,1360,429,61,4,141,112,7,16,276,40,96,58,33,0,194,9,130,0,90,44,18,34,1
2023/2024,mogwase,bojanala district,bojanala district,27.23673,-25.27102,0,0,0,0,0,0,0,282,16,0,0,0,0,0,0,0,0,0,0,0,0,38,0,0,0,0,0,0,0,24,25,0
2024/2025,mogwase,bojanala district,bojanala district,27.23673,-25.27102,0,0,0,0,0,0,0,315,12,0,0,0,0,0,0,0,0,0,0,0,0,38,0,0,0,0,0,0,0,29,40,0
2023/2024,mohlakeng,west rand district,west rand district,,,0,0,0,0,0,0,0,156,37,0,0,0,0,0,0,0,0,0,0,0,0,51,0,0,0,0,0,0,0,28,46,0
2024/2025,mohlakeng,west rand district,west rand district,,,0,0,0,0,0,0,0,194,62,0,0,0,0,0,0,0,0,0,0,0,0,60,0,0,0,0,0,0,0,47,73,0
2008/2009,mokopane,mogalakwena,waterberg,29.01583,-24.18398,607,1,183,9,4,0,132,369,5,113,211,133,15,41,18,5,1,163,4,47,8,5,2,91,1,69,0,427,23,38,248,1
2009/2010,mokopane,mogalakwena,waterberg,29.01583,-24.18398,502,1,138,8,0,0,127,333,6,97,182,70,69,42,206,8,1,122,4,42,10,7,1,85,4,91,0,332,30,66,187,1
2010/2011,mokopane,mogalakwena,waterberg,29.01583,-24.18398,544,2,126,8,2,0,161,291,0,118,147,69,75,59,315,7,1,142,8,30,8,11,1,65,6,136,0,316,13,47,187,1
2011/2012,mokopane,mogalakwena,waterberg,29.01583,-24.18398,534,5,141,7,1,0,156,346,4,78,111,66,7,111,474,5,1,147,4,29,20,7,0,71,0,31,220,252,35,57,276,0
2012/2013,mokopane,mogalakwena,waterberg,29.01583,-24.18398,392,3,114,6,0,0,87,321,7,114,86,46,36,158,376,7,1,121,7,25,10,8,0,47,5,46,335,285,30,40,163,7
2013/2014,mokopane,mogalakwena,waterberg,29.01583,-24.18398,419,4,120,2,0,0,95,262,8,137,55,51,6,100,498,4,14,78,7,29,8,11,0,57,4,33,418,249,19,21,206,1
2014/2015,mokopane,mogalakwena,waterberg,29.01583,-24.18398,435,3,91,8,2,0,94,237,5,61,52,58,7,108,684,9,21,108,6,28,17,12,0,80,10,41,562,177,12,23,204,1
2015/2016,mokopane,mogalakwena,waterberg,29.01583,-24.18398,40,3,108,4,2,0,36,56,3,9,44,17,6,2,2,1,21,34,2,30,17,2,0,30,3,35,0,0,11,0,14,0
2016/2017,mokopane,mogalakwena,waterberg,29.01583,-24.18398,469,3,88,9,0,0,138,251,8,80,64,131,6,49,650,3,21,83,12,26,24,14,0,144,4,30,0,166,22,34,216,4
2017/2018,mokopane,mogalakwena,waterberg,29.01583,-24.18398,407,4,97,14,1,0,116,300,9,74,42,119,4,56,911,8,12,82,5,25,6,20,0,127,2,30,390,185,23,30,190,2
2018/2019,mokopane,mogalakwena,waterberg,29.01583,-24.18398,475,1,87,8,4,0,127,270,9,110,35,83,6,73,543,9,21,73,8,26,14,19,0,162,4,34,699,118,26,17,266,0
2019/2020,mokopane,mogalakwena,waterberg,29.01583,-24.18398,440,0,64,5,0,0,125,347,2,82,51,82,6,155,584,11,21,47,8,21,11,9,0,95,3,24,836,154,28,14,210,3
2020/2021,mokopane,mogalakwena,waterberg,29.01583,-24.18398,341,0,62,6,1,0,88,164,2,73,36,37,7,46,335,7,23,45,3,20,16,5,2,70,10,32,684,113,18,13,84,1
2021/2022,mokopane,mogalakwena,waterberg,29.01583,-24.18398,348,4,66,5,0,0,73,176,0,97,44,34,4,64,394,13,23,49,9,19,15,5,0,72,6,27,89,126,23,11,102,3
2022/2023,mokopane,mogalakwena,waterberg,29.01583,-24.18398,406,1,86,14,2,0,78,216,2,111,45,48,6,51,410,8,17,60,6,26,16,15,0,97,3,31,47,150,12,17,168,3
2023/2024,mokopane,waterberg district,waterberg district,29.01583,-24.18398,0,0,0,0,0,0,0,225,3,0,0,0,0,0,0,0,0,0,0,0,0,31,0,0,0,0,0,0,0,13,143,0
2024/2025,mokopane,waterberg district,waterberg district,29.01583,-24.18398,0,0,0,0,0,0,0,170,2,0,0,0,0,0,0,0,0,0,0,0,0,31,0,0,0,0,0,0,0,18,108,0
2008/2009,mokopong,kagisano/molopo,dr ruth segomotsi mompati,22.97807,-25.36555,6,0,0,0,0,0,0,3,0,0,0,0,6,0,0,0,1,0,0,0,0,0,0,0,0,0,0,0,0,0,0,0
2009/2010,mokopong,kagisano/molopo,dr ruth segomotsi mompati,22.97807,-25.36555,5,0,0,0,0,0,0,1,0,0,0,0,6,0,0,0,1,0,0,0,0,0,0,0,0,0,0,0,1,0,0,0
2010/2011,mokopong,kagisano/molopo,dr ruth segomotsi mompati,22.97807,-25.36555,3,0,2,0,0,0,0,2,0,0,1,0,6,0,0,0,1,0,0,0,0,0,0,0,0,0,0,0,2,2,1,0
2011/2012,mokopong,kagisano/molopo,dr ruth segomotsi mompati,22.97807,-25.36555,6,0,0,0,0,0,0,1,0,0,0,0,6,0,0,0,1,2,0,0,0,0,0,0,0,0,0,0,0,0,0,0
2012/2013,mokopong,kagisano/molopo,dr ruth segomotsi mompati,22.97807,-25.36555,8,0,0,0,0,0,0,1,0,0,0,0,6,0,0,0,1,1,0,0,0,0,0,0,0,0,0,0,1,1,0,0
2013/2014,mokopong,kagisano/molopo,dr ruth segomotsi mompati,22.97807,-25.36555,3,0,2,0,0,0,0,1,0,0,0,0,6,0,0,0,13,1,0,1,0,0,0,0,0,1,0,0,1,0,0,0
2014/2015,mokopong,kagisano/molopo,dr ruth segomotsi mompati,22.97807,-25.36555,4,0,0,1,0,0,0,0,0,0,0,0,6,0,0,0,13,0,0,0,0,0,0,0,0,0,0,0,3,0,0,0
2015/2016,mokopong,kagisano/molopo,dr ruth segomotsi mompati,22.97807,-25.36555,3,0,1,0,0,0,0,1,0,1,0,0,6,0,0,0,13,0,0,0,0,0,0,0,0,0,0,0,1,1,0,0
2016/2017,mokopong,kagisano/molopo,dr ruth segomotsi mompati,22.97807,-25.36555,2,1,0,0,0,0,0,1,0,0,0,0,6,0,0,2,13,0,0,0,0,0,0,0,0,0,0,0,1,0,0,0
2017/2018,mokopong,kagisano/molopo,dr ruth segomotsi mompati,22.97807,-25.36555,4,0,1,3,0,0,0,5,0,0,2,1,6,1,0,2,13,2,0,0,0,0,0,0,0,0,0,0,4,0,0,0
2018/2019,mokopong,kagisano/molopo,dr ruth segomotsi mompati,22.97807,-25.36555,118,0,110,1,0,0,29,55,0,4,118,12,6,19,338,6,13,38,2,17,0,0,0,3,4,21,0,0,42,1,8,0
2019/2020,mokopong,kagisano/molopo,dr ruth segomotsi mompati,22.97807,-25.36555,109,1,115,1,0,0,11,33,0,0,115,7,5,11,313,3,13,49,4,6,0,0,0,5,10,19,0,1,45,0,21,0
2020/2021,mokopong,kagisano/molopo,dr ruth segomotsi mompati,22.97807,-25.36555,124,2,80,23,1,0,19,40,0,3,109,7,6,7,179,0,13,42,4,12,1,1,0,10,3,16,0,0,45,0,18,0
2021/2022,mokopong,kagisano/molopo,dr ruth segomotsi mompati,22.97807,-25.36555,111,0,131,4,1,0,20,48,0,4,87,1,6,4,119,2,13,42,4,17,1,0,0,5,5,23,0,0,22,0,7,0
2022/2023,mokopong,kagisano/molopo,dr ruth segomotsi mompati,22.97807,-25.36555,127,3,88,2,0,0,26,71,0,9,111,7,6,3,118,1,12,47,3,12,2,0,0,8,8,20,0,1,29,0,23,0
2023/2024,mokopong,dr ruth segomotsi mompati district,dr ruth segomotsi mompati district,22.97807,-25.36555,0,0,0,0,0,0,0,0,0,0,0,0,0,0,0,0,0,0,0,0,0,0,0,0,0,0,0,0,0,0,0,0
2024/2025,mokopong,dr ruth segomotsi mompati district,dr ruth segomotsi mompati district,22.97807,-25.36555,0,0,0,0,0,0,0,1,0,0,0,0,0,0,0,0,0,0,0,0,0,0,0,0,0,0,0,0,0,0,0,0
2008/2009,mokwakwaila,greater letaba,mopani,30.42462,-23.52211,0,0,0,0,0,0,0,0,0,0,0,0,6,0,0,0,1,0,0,0,0,0,0,0,0,0,0,0,0,0,0,0
2009/2010,mokwakwaila,greater letaba,mopani,30.42462,-23.52211,0,0,0,0,0,0,0,0,0,0,0,0,6,0,0,0,1,0,0,0,0,0,0,0,0,0,0,0,0,0,0,0
2010/2011,mokwakwaila,greater letaba,mopani,30.42462,-23.52211,0,0,0,0,0,0,0,0,0,0,0,0,6,0,0,0,1,0,0,0,0,0,0,0,0,0,0,0,0,0,0,0
2011/2012,mokwakwaila,greater letaba,mopani,30.42462,-23.52211,0,0,0,0,0,0,0,0,0,0,0,0,6,0,0,0,1,0,0,0,0,0,0,0,0,0,0,0,0,0,0,0
2012/2013,mokwakwaila,greater letaba,mopani,30.42462,-23.52211,0,0,0,0,0,0,0,0,0,0,0,0,6,0,0,0,1,0,0,0,0,0,0,0,0,0,0,0,0,0,0,0
2013/2014,mokwakwaila,greater letaba,mopani,30.42462,-23.52211,0,0,0,0,0,0,0,0,0,0,0,0,6,0,0,0,13,0,0,0,0,0,0,0,0,0,0,0,0,0,0,0
2014/2015,mokwakwaila,greater letaba,mopani,30.42462,-23.52211,0,0,0,0,0,0,0,0,0,0,0,0,6,0,0,0,13,0,0,0,0,0,0,0,0,0,0,0,0,0,0,0
2015/2016,mokwakwaila,greater letaba,mopani,30.42462,-23.52211,500,3,100,14,2,0,105,291,7,71,76,85,7,68,629,0,12,108,7,27,18,13,2,89,1,31,528,176,17,41,341,1
2016/2017,mokwakwaila,greater letaba,mopani,30.42462,-23.52211,48,8,122,1,0,0,60,71,2,3,46,25,7,0,7,3,13,46,6,39,25,9,0,39,2,42,1,0,9,3,6,0
2017/2018,mokwakwaila,greater letaba,mopani,30.42462,-23.52211,35,1,112,5,3,0,63,68,8,7,41,21,7,28,16,0,21,47,5,38,17,10,0,46,3,45,0,0,20,4,6,0
2018/2019,mokwakwaila,greater letaba,mopani,30.42462,-23.52211,34,3,85,2,2,0,29,65,1,6,41,18,7,30,13,2,12,36,0,32,21,7,0,38,3,38,9,0,25,2,6,0
2019/2020,mokwakwaila,greater letaba,mopani,30.42462,-23.52211,63,2,70,3,1,0,31,65,2,7,27,7,6,44,21,4,12,34,6,27,21,4,0,33,0,28,21,0,22,1,5,0
2020/2021,mokwakwaila,greater letaba,mopani,30.42462,-23.52211,67,1,62,6,1,0,34,53,7,13,55,7,5,48,36,2,13,42,7,31,14,4,0,33,1,36,25,0,20,2,4,0
2021/2022,mokwakwaila,greater letaba,mopani,30.42462,-23.52211,63,2,87,10,1,0,49,93,7,11,68,20,6,16,45,1,12,55,9,36,15,3,0,42,2,39,38,2,28,1,5,0
2022/2023,mokwakwaila,greater letaba,mopani,30.42462,-23.52211,101,2,110,4,3,0,53,56,3,8,78,19,5,23,23,1,12,44,12,45,13,16,0,80,1,52,51,1,15,0,5,1
2023/2024,mokwakwaila,mopani district,mopani district,30.42462,-23.52211,0,0,0,0,0,0,0,55,3,0,0,0,0,0,0,0,0,0,0,0,0,16,0,0,0,0,0,0,0,2,7,0
2024/2025,mokwakwaila,mopani district,mopani district,30.42462,-23.52211,0,0,0,0,0,0,0,61,5,0,0,0,0,0,0,0,0,0,0,0,0,9,0,0,0,0,0,0,0,1,4,0
2023/2024,moletlane,capricorn district,capricorn district,,,0,0,0,0,0,0,0,104,3,0,0,0,0,0,0,0,0,0,0,0,0,15,0,0,0,0,0,0,0,8,26,0
2024/2025,moletlane,capricorn district,capricorn district,,,0,0,0,0,0,0,0,140,4,0,0,0,0,0,0,0,0,0,0,0,0,12,0,0,0,0,0,0,0,5,30,0
2008/2009,molteno,enoch mgijima,chris hani,26.36142,-31.39491,33,0,97,0,2,0,7,78,0,4,13,11,6,0,6,3,1,12,4,15,0,3,0,6,0,17,0,9,53,3,3,0
2009/2010,molteno,enoch mgijima,chris hani,26.36142,-31.39491,30,0,84,6,2,0,5,57,0,1,21,7,4,2,18,3,1,16,5,16,2,3,0,7,0,20,0,6,77,6,7,0
2010/2011,molteno,enoch mgijima,chris hani,26.36142,-31.39491,34,3,85,0,3,0,15,45,0,7,7,2,6,3,20,2,1,8,5,16,1,0,0,3,2,21,0,1,45,2,2,1
2011/2012,molteno,enoch mgijima,chris hani,26.36142,-31.39491,30,2,108,2,2,0,13,41,0,3,7,3,6,4,11,0,1,10,8,17,2,0,0,4,0,19,0,2,59,1,2,0
2012/2013,molteno,enoch mgijima,chris hani,26.36142,-31.39491,22,1,116,0,1,0,20,51,0,0,5,4,6,1,4,1,1,16,6,9,4,0,0,6,1,11,0,3,57,1,4,0
2013/2014,molteno,enoch mgijima,chris hani,26.36142,-31.39491,30,21,151,14,3,0,20,52,0,7,21,6,6,0,26,0,13,52,7,23,10,2,0,14,0,26,0,5,30,2,3,0
2014/2015,molteno,enoch mgijima,chris hani,26.36142,-31.39491,23,1,113,6,0,0,20,57,0,3,15,2,6,2,25,0,13,24,4,21,4,0,0,6,2,23,0,2,52,0,5,0
2015/2016,molteno,enoch mgijima,chris hani,26.36142,-31.39491,33,1,101,0,1,0,18,56,0,3,12,3,6,1,24,0,13,17,5,17,4,1,0,6,1,19,0,0,34,0,6,1
2016/2017,molteno,enoch mgijima,chris hani,26.36142,-31.39491,29,0,99,4,1,0,14,41,0,1,8,2,6,7,18,0,13,12,6,13,5,1,0,8,2,16,0,0,27,1,9,0
2017/2018,molteno,enoch mgijima,chris hani,26.36142,-31.39491,30,0,112,3,3,0,10,39,0,4,10,2,6,4,30,2,12,15,4,26,2,1,0,8,0,29,1,0,28,1,2,0
2018/2019,molteno,enoch mgijima,chris hani,26.36142,-31.39491,25,0,108,4,2,0,13,36,1,7,6,2,6,7,22,0,13,9,3,31,4,2,0,17,2,35,0,0,43,1,4,0
2019/2020,molteno,enoch mgijima,chris hani,26.36142,-31.39491,38,0,130,2,2,0,14,46,0,13,17,3,7,1,14,2,13,18,3,22,7,3,0,18,2,27,0,0,34,6,5,0
2020/2021,molteno,enoch mgijima,chris hani,26.36142,-31.39491,56,0,130,3,2,0,22,58,0,11,11,5,6,0,10,0,13,20,5,13,5,4,0,20,0,15,1,0,33,1,10,0
2021/2022,molteno,enoch mgijima,chris hani,26.36142,-31.39491,47,1,144,1,0,0,19,47,0,18,13,4,6,1,8,1,21,29,3,20,1,2,0,7,2,22,1,1,35,1,1,0
2022/2023,molteno,enoch mgijima,chris hani,26.36142,-31.39491,41,1,167,1,2,0,14,38,0,15,31,5,6,0,9,0,12,23,3,19,3,0,0,11,3,24,0,3,23,1,2,0
2023/2024,molteno,chris hani district,chris hani district,26.36142,-31.39491,0,0,0,0,0,0,0,33,0,0,0,0,0,0,0,0,0,0,0,0,0,0,0,0,0,0,0,0,0,1,11,0
2024/2025,molteno,chris hani district,chris hani district,26.36142,-31.39491,0,0,0,0,0,0,0,44,0,0,0,0,0,0,0,0,0,0,0,0,0,1,0,0,0,0,0,0,0,0,3,0
2008/2009,mondeor,city of johannesburg,city of johannesburg,28.01003,-26.27615,1234,7,129,59,5,1,31,740,116,404,457,103,74,171,67,59,1,481,16,63,33,107,2,685,7,139,0,445,0,559,444,6
2009/2010,mondeor,city of johannesburg,city of johannesburg,28.01003,-26.27615,1433,0,107,21,4,1,28,803,115,346,454,58,73,233,126,43,1,260,12,70,30,118,1,514,8,121,0,451,2,501,552,5
2010/2011,mondeor,city of johannesburg,city of johannesburg,28.01003,-26.27615,1706,10,110,19,3,0,36,825,99,475,437,76,42,523,92,25,1,269,15,76,15,124,1,478,10,161,0,259,1,423,495,7
2011/2012,mondeor,city of johannesburg,city of johannesburg,28.01003,-26.27615,1631,4,130,13,5,2,31,852,54,444,407,68,5,250,119,25,1,212,11,53,21,128,1,381,14,75,1,404,1,431,558,5
2012/2013,mondeor,city of johannesburg,city of johannesburg,28.01003,-26.27615,1588,2,156,16,6,0,56,857,56,276,322,59,9,139,167,11,1,200,12,56,27,113,1,402,4,71,41,431,2,323,671,10
2013/2014,mondeor,city of johannesburg,city of johannesburg,28.01003,-26.27615,1484,2,136,14,2,0,61,1013,103,267,351,67,4,124,314,24,2,229,15,48,20,153,0,507,5,57,16,420,3,268,426,11
2014/2015,mondeor,city of johannesburg,city of johannesburg,28.01003,-26.27615,1485,1,129,17,5,0,53,813,91,250,296,89,4,244,362,30,23,225,16,57,31,151,0,506,7,71,37,451,2,272,436,8
2015/2016,mondeor,city of johannesburg,city of johannesburg,28.01003,-26.27615,1456,2,147,12,1,0,86,783,95,278,303,80,4,442,375,28,22,217,21,51,29,151,0,518,7,61,25,364,0,267,375,10
2016/2017,mondeor,city of johannesburg,city of johannesburg,28.01003,-26.27615,1329,3,119,15,0,0,100,692,133,224,370,116,7,269,385,25,2,225,21,50,53,149,0,619,5,56,47,387,3,286,558,13
2017/2018,mondeor,city of johannesburg,city of johannesburg,28.01003,-26.27615,1155,0,143,23,1,0,110,572,121,258,341,121,4,290,488,9,22,285,17,62,51,141,0,580,11,76,49,332,1,307,427,13
2018/2019,mondeor,city of johannesburg,city of johannesburg,28.01003,-26.27615,1175,0,167,29,1,0,85,573,122,341,257,139,5,236,227,25,3,298,33,57,38,223,0,618,10,71,77,346,5,258,431,15
2019/2020,mondeor,city of johannesburg,city of johannesburg,28.01003,-26.27615,1061,0,192,25,1,0,123,623,164,320,282,165,5,302,239,36,24,255,13,50,35,137,0,625,13,67,83,281,3,261,337,21
2020/2021,mondeor,city of johannesburg,city of johannesburg,28.01003,-26.27615,843,0,112,23,1,0,92,373,113,330,267,142,5,28,73,16,43,191,8,52,47,101,1,486,20,76,2,359,1,173,231,16
2021/2022,mondeor,city of johannesburg,city of johannesburg,28.01003,-26.27615,1083,0,150,38,2,0,99,458,152,450,308,155,7,105,66,31,45,228,18,64,43,106,0,582,16,83,8,291,1,186,272,23
2022/2023,mondeor,city of johannesburg,city of johannesburg,28.01003,-26.27615,938,2,147,56,3,0,93,499,131,551,371,171,6,108,72,34,94,238,26,75,47,156,3,694,13,91,24,280,2,200,282,22
2023/2024,mondeor,johannesburg district,johannesburg district,28.01003,-26.27615,0,0,0,0,0,0,0,463,127,0,0,0,0,0,0,0,0,0,0,0,0,116,0,0,0,0,0,0,0,277,284,0
2024/2025,mondeor,johannesburg district,johannesburg district,28.01003,-26.27615,0,0,0,0,0,0,0,390,134,0,0,0,0,0,0,0,0,0,0,0,0,135,0,0,0,0,0,0,0,258,252,0
2008/2009,mondlo,abaqulusi,zululand,30.69569,-27.97384,112,3,204,12,3,0,58,191,0,10,110,15,12,2,43,23,1,64,25,71,1,4,0,13,6,87,0,0,72,15,31,0
2009/2010,mondlo,abaqulusi,zululand,30.69569,-27.97384,129,7,300,22,4,0,61,231,2,8,128,39,8,2,50,22,1,84,29,93,5,4,2,47,8,109,0,2,94,12,24,1
2010/2011,mondlo,abaqulusi,zululand,30.69569,-27.97384,119,10,318,31,2,0,70,228,10,6,162,48,7,26,43,27,1,70,26,78,8,7,0,54,6,87,0,0,58,16,21,0
2011/2012,mondlo,abaqulusi,zululand,30.69569,-27.97384,189,11,287,23,3,0,64,254,0,9,166,51,4,11,20,23,1,90,26,96,9,13,0,49,4,105,0,0,99,29,32,0
2012/2013,mondlo,abaqulusi,zululand,30.69569,-27.97384,138,9,267,32,5,0,57,235,1,7,184,55,5,6,35,12,1,91,26,91,12,17,0,62,9,108,0,0,111,24,33,0
2013/2014,mondlo,abaqulusi,zululand,30.69569,-27.97384,186,12,333,39,3,0,78,298,1,8,192,81,6,6,48,16,16,134,30,99,32,27,0,94,4,106,0,2,146,32,41,0
2014/2015,mondlo,abaqulusi,zululand,30.69569,-27.97384,139,5,328,39,4,0,54,298,2,9,108,69,4,15,68,28,25,115,34,76,19,22,0,71,5,87,1,0,94,29,48,0
2015/2016,mondlo,abaqulusi,zululand,30.69569,-27.97384,95,6,357,30,0,0,68,254,3,2,132,43,4,24,93,31,24,108,28,84,14,9,0,64,8,94,0,1,85,20,75,0
2016/2017,mondlo,abaqulusi,zululand,30.69569,-27.97384,128,8,319,18,1,0,68,240,4,6,104,25,6,50,133,29,28,113,15,72,25,7,0,80,4,77,0,0,110,15,67,0
2017/2018,mondlo,abaqulusi,zululand,30.69569,-27.97384,110,11,293,32,1,0,60,250,3,8,122,24,7,137,176,21,2,98,37,71,21,16,0,82,7,80,0,0,116,11,50,0
2018/2019,mondlo,abaqulusi,zululand,30.69569,-27.97384,75,2,257,22,5,0,35,182,4,8,70,12,6,136,147,18,37,48,24,69,15,11,0,56,3,77,0,0,44,7,23,1
2019/2020,mondlo,abaqulusi,zululand,30.69569,-27.97384,68,2,206,19,1,0,40,178,0,8,59,14,6,121,158,27,3,54,36,39,4,2,0,33,4,44,0,0,71,2,10,0
2020/2021,mondlo,abaqulusi,zululand,30.69569,-27.97384,54,2,171,15,1,0,36,124,1,14,64,10,7,5,115,16,22,42,24,61,8,4,0,26,11,74,1,0,80,7,13,0
2021/2022,mondlo,abaqulusi,zululand,30.69569,-27.97384,50,2,242,23,2,0,44,134,0,25,82,6,7,33,159,18,24,64,35,79,16,6,1,38,8,90,0,0,95,7,9,0
2022/2023,mondlo,abaqulusi,zululand,30.69569,-27.97384,63,3,234,16,2,0,38,149,1,18,88,11,7,33,174,15,38,33,18,79,21,15,0,47,4,86,0,1,93,5,10,0
2023/2024,mondlo,zululand district,zululand district,30.69569,-27.97384,0,0,0,0,0,0,0,155,1,0,0,0,0,0,0,0,0,0,0,0,0,14,0,0,0,0,0,0,0,8,20,0
2024/2025,mondlo,zululand district,zululand district,30.69569,-27.97384,0,0,0,0,0,0,0,205,0,0,0,0,0,0,0,0,0,0,0,0,0,10,0,0,0,0,0,0,0,5,13,0
2008/2009,montagu,langeberg,cape winelands,20.12967,-33.7846,98,2,94,1,0,0,19,82,0,3,122,1,7,22,233,2,1,59,11,25,0,0,0,0,5,31,0,21,6,4,20,0
2009/2010,montagu,langeberg,cape winelands,20.12967,-33.7846,101,3,109,2,2,0,31,68,0,15,136,4,4,31,186,0,1,47,11,25,0,0,0,1,13,42,0,24,10,0,37,0
2010/2011,montagu,langeberg,cape winelands,20.12967,-33.7846,113,1,110,1,0,0,31,77,0,11,144,5,6,66,192,0,1,43,5,19,0,3,0,4,7,26,0,15,11,6,37,0
2011/2012,montagu,langeberg,cape winelands,20.12967,-33.7846,126,1,94,0,1,0,21,65,0,14,111,0,7,61,194,3,1,48,9,27,1,0,0,5,9,38,0,24,8,4,43,0
2012/2013,montagu,langeberg,cape winelands,20.12967,-33.7846,158,1,108,3,3,0,43,122,1,19,144,2,7,67,207,2,1,53,7,24,1,4,0,14,10,38,0,32,8,8,54,0
2013/2014,montagu,langeberg,cape winelands,20.12967,-33.7846,107,2,139,2,2,0,24,111,0,21,120,8,6,30,224,3,13,51,8,18,0,2,0,4,9,29,0,38,14,4,53,0
2014/2015,montagu,langeberg,cape winelands,20.12967,-33.7846,132,2,124,3,1,0,37,133,0,12,153,3,6,45,302,1,12,59,6,16,4,0,0,8,4,21,0,27,15,4,49,0
2015/2016,montagu,langeberg,cape winelands,20.12967,-33.7846,176,1,107,6,1,0,42,146,0,21,108,6,6,41,316,1,13,54,8,15,1,3,0,6,4,20,0,16,10,2,68,0
2016/2017,montagu,langeberg,cape winelands,20.12967,-33.7846,157,3,92,3,0,0,39,163,1,27,90,9,7,34,362,0,13,62,7,13,1,2,0,11,2,16,0,27,13,3,55,0
2017/2018,montagu,langeberg,cape winelands,20.12967,-33.7846,141,1,109,3,2,0,46,158,0,20,86,10,6,40,367,0,12,59,20,27,3,1,0,18,4,33,0,44,16,3,36,0
2018/2019,montagu,langeberg,cape winelands,20.12967,-33.7846,208,1,129,0,1,0,44,127,0,28,82,5,6,35,114,2,12,47,7,12,1,1,0,15,2,15,0,32,5,3,47,0
2019/2020,montagu,langeberg,cape winelands,20.12967,-33.7846,180,2,161,2,2,0,35,185,0,25,131,13,6,37,26,3,12,77,8,9,2,2,0,14,5,16,0,40,6,7,47,0
2020/2021,montagu,langeberg,cape winelands,20.12967,-33.7846,204,0,135,3,1,0,57,170,0,26,133,13,6,11,35,2,12,72,8,7,2,3,0,16,2,10,1,30,4,2,56,0
2021/2022,montagu,langeberg,cape winelands,20.12967,-33.7846,153,3,180,1,1,0,25,147,0,43,128,13,7,31,50,2,12,73,7,11,10,2,0,19,9,22,0,18,6,2,31,0
2022/2023,montagu,langeberg,cape winelands,20.12967,-33.7846,143,5,140,9,5,0,26,164,0,66,114,7,7,25,52,1,13,70,7,21,9,5,0,20,4,31,2,36,3,1,31,0
2023/2024,montagu,cape winelands district,cape winelands district,20.12967,-33.7846,0,0,0,0,0,0,0,143,0,0,0,0,0,0,0,0,0,0,0,0,0,0,0,0,0,0,0,0,0,0,39,0
2024/2025,montagu,cape winelands district,cape winelands district,20.12967,-33.7846,0,0,0,0,0,0,0,130,0,0,0,0,0,0,0,0,0,0,0,0,0,0,0,0,0,0,0,0,0,3,32,0
2008/2009,montclair,ethekwini,ethekwini,30.97392,-29.91872,387,2,144,40,2,0,165,318,106,172,277,126,73,157,311,51,1,79,34,36,60,24,2,299,7,84,0,226,0,225,50,13
2009/2010,montclair,ethekwini,ethekwini,30.97392,-29.91872,345,5,159,31,2,0,104,383,66,175,229,117,43,160,357,46,1,64,36,39,35,25,3,199,9,115,0,217,0,243,68,6
2010/2011,montclair,ethekwini,ethekwini,30.97392,-29.91872,530,0,93,21,4,0,122,377,61,137,184,158,4,171,476,13,1,92,14,34,20,15,0,155,14,54,0,124,0,245,114,4
2011/2012,montclair,ethekwini,ethekwini,30.97392,-29.91872,628,1,99,18,2,0,109,390,48,137,218,134,4,285,648,21,1,86,15,23,23,15,0,169,15,42,2,90,0,172,205,4
2012/2013,montclair,ethekwini,ethekwini,30.97392,-29.91872,641,1,114,10,0,0,130,569,57,110,199,109,9,334,684,17,1,74,12,22,30,13,0,259,7,34,2,72,0,190,252,0
2013/2014,montclair,ethekwini,ethekwini,30.97392,-29.91872,581,0,69,21,1,0,125,635,84,77,161,70,7,336,704,17,25,69,16,23,38,22,0,307,10,35,5,68,0,189,239,1
2014/2015,montclair,ethekwini,ethekwini,30.97392,-29.91872,468,0,82,10,0,0,87,377,77,58,173,85,7,337,706,20,22,62,8,14,25,20,0,279,7,22,0,51,0,102,267,2
2015/2016,montclair,ethekwini,ethekwini,30.97392,-29.91872,451,0,80,14,0,0,101,378,53,74,170,50,6,188,484,15,23,99,16,20,19,15,0,249,6,26,0,53,0,117,365,5
2016/2017,montclair,ethekwini,ethekwini,30.97392,-29.91872,387,0,72,14,0,0,107,345,50,56,131,46,5,203,605,26,17,87,14,19,35,19,1,234,7,29,2,55,0,83,287,3
2017/2018,montclair,ethekwini,ethekwini,30.97392,-29.91872,353,1,76,12,0,0,83,321,46,61,110,28,4,236,703,21,13,67,10,10,36,16,0,223,7,19,3,67,0,120,228,1
2018/2019,montclair,ethekwini,ethekwini,30.97392,-29.91872,438,1,56,14,1,0,54,456,56,116,136,42,6,256,428,18,14,67,10,19,35,26,0,280,10,30,5,60,0,134,213,1
2019/2020,montclair,ethekwini,ethekwini,30.97392,-29.91872,384,1,68,19,0,0,61,384,84,59,140,36,7,298,213,14,26,54,12,20,35,49,0,336,5,26,2,51,0,142,329,1
2020/2021,montclair,ethekwini,ethekwini,30.97392,-29.91872,340,0,49,22,1,0,97,270,48,84,118,41,6,37,90,14,22,53,15,17,43,22,0,292,3,21,1,21,0,138,222,3
2021/2022,montclair,ethekwini,ethekwini,30.97392,-29.91872,377,11,54,31,0,0,244,310,41,104,118,45,7,34,121,22,7,264,15,19,49,26,0,259,8,28,25,20,0,85,244,0
2022/2023,montclair,ethekwini,ethekwini,30.97392,-29.91872,397,1,44,24,0,0,72,305,74,140,127,80,7,19,171,15,90,63,19,15,42,20,0,294,5,21,34,47,0,103,211,4
2023/2024,montclair,ethekwini district,ethekwini district,30.97392,-29.91872,0,0,0,0,0,0,0,251,50,0,0,0,0,0,0,0,0,0,0,0,0,29,0,0,0,0,0,0,0,114,199,0
2024/2025,montclair,ethekwini district,ethekwini district,30.97392,-29.91872,0,0,0,0,0,0,0,207,34,0,0,0,0,0,0,0,0,0,0,0,0,29,0,0,0,0,0,0,0,76,221,0
2008/2009,mooi river,mpofana,umgungundlovu,29.99216,-29.21221,114,0,125,14,0,0,73,114,3,43,94,15,17,25,13,11,1,54,11,21,3,7,0,66,2,32,0,3,87,10,96,0
2009/2010,mooi river,mpofana,umgungundlovu,29.99216,-29.21221,150,4,126,12,1,0,90,131,0,43,86,20,8,15,7,9,1,56,17,29,6,6,0,43,2,36,0,0,58,15,70,0
2010/2011,mooi river,mpofana,umgungundlovu,29.99216,-29.21221,132,4,136,8,2,0,77,104,0,48,88,12,7,11,6,13,1,58,16,24,2,7,0,42,1,28,0,6,63,17,80,3
2011/2012,mooi river,mpofana,umgungundlovu,29.99216,-29.21221,173,4,121,19,1,0,68,129,5,50,78,20,7,20,25,8,1,53,11,36,1,2,0,55,3,41,1,7,63,19,83,2
2012/2013,mooi river,mpofana,umgungundlovu,29.99216,-29.21221,211,1,82,18,1,0,80,145,1,33,52,13,7,19,19,7,1,53,11,32,1,3,0,54,2,36,0,6,57,14,97,2
2013/2014,mooi river,mpofana,umgungundlovu,29.99216,-29.21221,221,3,104,10,2,0,33,143,0,50,38,14,6,25,22,5,12,52,10,26,2,3,0,29,3,31,0,11,80,6,74,1
2014/2015,mooi river,mpofana,umgungundlovu,29.99216,-29.21221,184,2,108,13,1,0,51,116,0,35,33,26,7,10,13,9,13,69,4,26,4,3,0,35,0,28,0,10,81,22,58,0
2015/2016,mooi river,mpofana,umgungundlovu,29.99216,-29.21221,157,0,90,5,1,0,75,117,2,31,30,8,4,11,16,1,12,45,13,26,4,3,0,43,1,30,0,18,59,9,60,2
2016/2017,mooi river,mpofana,umgungundlovu,29.99216,-29.21221,128,2,106,7,0,0,55,112,3,30,39,11,4,11,16,29,13,44,6,20,1,2,0,49,2,24,0,25,78,11,65,1
2017/2018,mooi river,mpofana,umgungundlovu,29.99216,-29.21221,129,1,117,5,0,0,64,94,4,27,18,13,7,24,26,8,23,45,11,26,3,6,0,43,6,33,0,13,78,5,42,1
2018/2019,mooi river,mpofana,umgungundlovu,29.99216,-29.21221,124,2,85,12,0,0,48,79,3,58,43,15,6,24,46,27,12,32,8,26,1,3,0,39,9,35,0,29,89,13,28,0
2019/2020,mooi river,mpofana,umgungundlovu,29.99216,-29.21221,116,0,95,7,0,0,62,107,4,31,18,12,6,43,29,22,12,19,4,26,9,6,0,47,5,31,0,27,86,12,14,1
2020/2021,mooi river,mpofana,umgungundlovu,29.99216,-29.21221,87,2,83,12,0,0,44,68,7,30,20,6,7,5,7,6,13,37,14,21,3,7,0,44,5,27,0,21,47,4,23,0
2021/2022,mooi river,mpofana,umgungundlovu,29.99216,-29.21221,76,1,102,13,1,0,31,47,1,43,33,10,6,5,15,10,21,33,18,26,6,2,0,40,6,33,0,10,37,5,12,0
2022/2023,mooi river,mpofana,umgungundlovu,29.99216,-29.21221,104,1,101,8,0,0,41,66,4,38,57,12,6,4,13,9,14,57,16,26,3,4,0,33,11,37,0,25,50,1,19,0
2023/2024,mooi river,umgungundlovu district,umgungundlovu district,29.99216,-29.21221,0,0,0,0,0,0,0,79,3,0,0,0,0,0,0,0,0,0,0,0,0,10,0,0,0,0,0,0,0,2,15,0
2024/2025,mooi river,umgungundlovu district,umgungundlovu district,29.99216,-29.21221,0,0,0,0,0,0,0,57,2,0,0,0,0,0,0,0,0,0,0,0,0,3,0,0,0,0,0,0,0,4,15,0
2008/2009,mooifontein,mafikeng,ngaka modiri molema,25.60272,-26.25351,19,2,97,5,2,0,24,29,0,4,35,9,6,0,11,3,1,15,8,16,9,3,0,18,1,19,0,0,23,3,2,0
2009/2010,mooifontein,mafikeng,ngaka modiri molema,25.60272,-26.25351,25,1,86,2,2,0,29,22,0,0,20,6,4,0,4,0,1,17,7,24,3,2,0,13,3,31,0,0,21,1,4,0
2010/2011,mooifontein,mafikeng,ngaka modiri molema,25.60272,-26.25351,16,1,67,1,0,0,35,25,0,1,18,5,6,1,6,0,1,10,0,22,6,0,0,6,0,22,0,0,30,1,4,0
2011/2012,mooifontein,mafikeng,ngaka modiri molema,25.60272,-26.25351,13,4,86,4,2,0,17,25,1,0,15,5,6,0,5,2,1,15,0,15,12,1,0,17,3,20,0,0,29,1,2,0
2012/2013,mooifontein,mafikeng,ngaka modiri molema,25.60272,-26.25351,16,0,63,4,2,0,14,24,1,1,18,3,6,1,5,5,1,16,4,27,6,4,0,14,3,32,0,0,16,0,0,0
2013/2014,mooifontein,mafikeng,ngaka modiri molema,25.60272,-26.25351,19,0,75,3,4,0,15,8,0,1,26,6,6,1,14,2,12,10,4,20,11,2,0,15,2,26,0,0,15,1,1,0
2014/2015,mooifontein,mafikeng,ngaka modiri molema,25.60272,-26.25351,26,0,89,2,2,0,36,8,0,0,22,8,6,1,28,4,12,10,7,20,8,1,0,13,2,24,0,0,30,3,1,0
2015/2016,mooifontein,mafikeng,ngaka modiri molema,25.60272,-26.25351,46,1,90,4,4,0,27,27,0,0,32,6,6,1,45,0,12,16,8,15,19,0,0,25,0,19,0,0,34,2,4,0
2016/2017,mooifontein,mafikeng,ngaka modiri molema,25.60272,-26.25351,55,3,79,2,1,0,24,24,0,0,32,6,6,0,54,0,13,14,3,21,16,8,0,27,2,24,0,0,59,1,4,0
2017/2018,mooifontein,mafikeng,ngaka modiri molema,25.60272,-26.25351,26,0,72,2,2,0,46,25,0,0,18,5,6,0,56,4,12,7,6,25,4,3,0,10,0,27,0,0,49,3,4,0
2018/2019,mooifontein,mafikeng,ngaka modiri molema,25.60272,-26.25351,24,0,47,0,1,0,19,18,0,0,21,5,6,2,21,1,12,6,2,24,1,1,0,6,1,26,0,0,55,2,0,0
2019/2020,mooifontein,mafikeng,ngaka modiri molema,25.60272,-26.25351,14,1,55,2,2,0,34,21,0,0,22,3,6,1,8,0,13,9,2,11,2,1,0,4,0,13,0,0,46,1,0,0
2020/2021,mooifontein,mafikeng,ngaka modiri molema,25.60272,-26.25351,13,2,35,1,1,0,7,9,0,1,25,1,6,1,21,0,12,8,1,15,2,1,0,3,2,18,0,0,23,0,2,0
2021/2022,mooifontein,mafikeng,ngaka modiri molema,25.60272,-26.25351,13,0,28,1,2,0,19,16,0,3,22,2,6,0,22,1,13,8,1,8,2,0,0,3,2,12,0,0,34,0,2,0
2022/2023,mooifontein,mafikeng,ngaka modiri molema,25.60272,-26.25351,9,0,34,0,2,0,33,17,1,2,23,2,6,0,19,0,13,2,1,6,4,2,0,8,0,8,0,0,37,2,1,0
2023/2024,mooifontein,ngaka modiri molema district,ngaka modiri molema district,25.60272,-26.25351,0,0,0,0,0,0,0,19,2,0,0,0,0,0,0,0,0,0,0,0,0,0,0,0,0,0,0,0,0,0,1,0
2024/2025,mooifontein,ngaka modiri molema district,ngaka modiri molema district,25.60272,-26.25351,0,0,0,0,0,0,0,23,0,0,0,0,0,0,0,0,0,0,0,0,0,1,0,0,0,0,0,0,0,0,0,0
2008/2009,mooinooi,local municipality of madibeng,bojanala,27.55002,-25.75948,347,12,197,32,3,0,58,262,6,30,96,39,9,43,43,7,1,110,18,56,27,43,0,141,5,69,0,3,3,57,31,1
2009/2010,mooinooi,local municipality of madibeng,bojanala,27.55002,-25.75948,286,11,206,15,4,0,66,287,9,20,121,38,9,18,87,9,1,114,18,57,42,30,0,162,0,66,0,3,3,70,53,1
2010/2011,mooinooi,local municipality of madibeng,bojanala,27.55002,-25.75948,396,4,234,10,3,0,54,280,7,36,118,32,9,26,46,6,1,110,13,60,23,19,0,144,1,69,0,3,9,54,69,1
2011/2012,mooinooi,local municipality of madibeng,bojanala,27.55002,-25.75948,371,10,167,19,8,0,43,312,4,39,99,20,7,31,94,10,1,115,10,54,25,31,0,141,3,66,1,2,8,55,63,1
2012/2013,mooinooi,local municipality of madibeng,bojanala,27.55002,-25.75948,402,16,148,17,4,0,42,370,3,20,107,19,9,43,126,10,1,105,14,70,26,36,0,137,3,82,0,6,7,54,70,0
2013/2014,mooinooi,local municipality of madibeng,bojanala,27.55002,-25.75948,373,14,121,15,0,0,71,315,4,22,76,18,7,99,197,16,25,142,19,56,23,32,0,117,3,60,0,4,6,49,79,3
2014/2015,mooinooi,local municipality of madibeng,bojanala,27.55002,-25.75948,548,5,152,20,1,0,46,275,11,23,94,18,7,86,266,18,14,207,11,49,42,39,0,157,1,52,0,0,7,49,90,5
2015/2016,mooinooi,local municipality of madibeng,bojanala,27.55002,-25.75948,517,1,284,39,9,0,69,443,27,21,136,32,4,136,345,33,3,203,43,97,31,66,1,207,7,115,10,38,7,56,85,0
2016/2017,mooinooi,local municipality of madibeng,bojanala,27.55002,-25.75948,477,5,258,43,4,0,97,392,17,33,169,28,6,179,424,53,36,185,25,137,38,78,0,228,9,150,6,27,15,67,145,2
2017/2018,mooinooi,local municipality of madibeng,bojanala,27.55002,-25.75948,455,3,290,52,2,0,103,337,38,40,206,38,5,219,582,54,30,246,33,88,34,56,1,241,5,98,21,20,21,83,103,4
2018/2019,mooinooi,local municipality of madibeng,bojanala,27.55002,-25.75948,365,8,309,28,4,1,66,378,19,36,204,40,7,240,548,31,42,152,26,78,49,45,0,200,12,95,24,21,30,70,122,3
2019/2020,mooinooi,local municipality of madibeng,bojanala,27.55002,-25.75948,505,0,288,36,5,0,79,352,23,30,214,45,6,296,623,38,36,148,34,73,55,67,0,252,11,89,37,29,15,60,93,2
2020/2021,mooinooi,local municipality of madibeng,bojanala,27.55002,-25.75948,474,3,255,18,4,0,111,283,17,36,178,33,6,100,4,14,17,150,22,50,52,63,0,186,4,58,12,12,21,68,85,0
2021/2022,mooinooi,local municipality of madibeng,bojanala,27.55002,-25.75948,424,4,293,35,5,0,93,261,39,45,187,46,7,184,145,34,24,166,33,70,52,75,1,287,0,76,57,19,12,75,68,1
2022/2023,mooinooi,local municipality of madibeng,bojanala,27.55002,-25.75948,468,4,294,29,1,0,115,284,34,27,208,51,4,207,292,18,6,131,22,85,56,44,0,259,9,97,95,20,12,74,76,0
2023/2024,mooinooi,bojanala district,bojanala district,27.55002,-25.75948,0,0,0,0,0,0,0,302,61,0,0,0,0,0,0,0,0,0,0,0,0,69,0,0,0,0,0,0,0,61,67,0
2024/2025,mooinooi,bojanala district,bojanala district,27.55002,-25.75948,0,0,0,0,0,0,0,259,59,0,0,0,0,0,0,0,0,0,0,0,0,59,0,0,0,0,0,0,0,75,116,0
2008/2009,mooiplaas,great kei,amathole,28.05225,-32.7383,35,0,26,0,1,0,0,38,0,0,16,2,6,0,5,1,1,6,10,9,0,0,0,3,1,11,0,0,9,7,1,0
2009/2010,mooiplaas,great kei,amathole,28.05225,-32.7383,26,2,38,1,1,0,2,14,0,0,10,2,6,2,13,1,1,9,4,17,0,0,0,3,0,18,0,0,3,7,1,0
2010/2011,mooiplaas,great kei,amathole,28.05225,-32.7383,14,0,27,3,4,0,0,20,0,0,4,1,6,1,17,2,1,7,12,11,0,2,0,4,0,15,0,0,2,0,0,0
2011/2012,mooiplaas,great kei,amathole,28.05225,-32.7383,30,1,32,0,3,0,1,36,0,1,9,2,6,1,21,0,1,7,5,18,0,1,0,2,0,21,0,0,7,0,1,0
2012/2013,mooiplaas,great kei,amathole,28.05225,-32.7383,15,1,26,0,0,0,2,25,0,0,3,1,6,1,25,3,1,7,5,15,3,0,0,4,0,15,0,0,6,0,1,0
2013/2014,mooiplaas,great kei,amathole,28.05225,-32.7383,22,1,34,1,0,0,1,32,0,0,7,3,6,4,31,3,12,3,6,20,4,0,0,8,0,20,0,0,11,0,1,0
2014/2015,mooiplaas,great kei,amathole,28.05225,-32.7383,11,1,26,5,1,0,12,21,0,1,4,1,6,5,32,3,13,9,4,9,1,0,0,2,0,10,0,0,3,0,1,0
2015/2016,mooiplaas,great kei,amathole,28.05225,-32.7383,8,1,35,0,0,0,11,13,1,0,5,2,6,3,23,3,13,2,8,21,1,0,0,5,1,22,0,0,7,0,1,0
2016/2017,mooiplaas,great kei,amathole,28.05225,-32.7383,8,3,31,0,0,0,2,11,0,1,4,2,6,2,14,2,13,7,11,12,2,0,0,2,0,12,0,0,6,1,2,0
2017/2018,mooiplaas,great kei,amathole,28.05225,-32.7383,13,0,30,1,1,0,2,7,0,0,8,1,6,4,13,6,13,4,5,13,3,0,0,4,2,16,0,0,9,1,0,0
2018/2019,mooiplaas,great kei,amathole,28.05225,-32.7383,22,2,32,0,1,0,11,27,0,1,6,0,6,1,20,0,13,7,3,12,0,0,0,3,0,13,0,0,9,0,0,0
2019/2020,mooiplaas,great kei,amathole,28.05225,-32.7383,21,1,39,2,2,0,8,16,0,2,12,6,6,0,11,2,12,18,4,12,6,0,0,13,0,14,0,0,7,1,2,0
2020/2021,mooiplaas,great kei,amathole,28.05225,-32.7383,25,2,33,5,3,0,5,15,0,3,18,1,6,0,7,0,13,11,8,11,4,2,0,9,0,14,0,0,11,0,3,0
2021/2022,mooiplaas,great kei,amathole,28.05225,-32.7383,29,0,22,5,4,0,7,12,0,4,17,1,6,2,2,0,12,22,8,10,4,1,0,7,2,16,0,0,6,0,1,0
2022/2023,mooiplaas,great kei,amathole,28.05225,-32.7383,25,0,30,1,3,0,16,36,0,2,12,1,6,0,9,1,13,13,5,9,0,1,0,2,1,13,0,0,11,1,3,0
2008/2009,moorreesburg,swartland,west coast,18.66466,-33.15359,178,0,92,4,1,0,28,84,0,8,141,19,7,20,249,4,1,49,4,24,0,1,0,5,6,32,0,49,19,7,11,0
2009/2010,moorreesburg,swartland,west coast,18.66466,-33.15359,197,0,97,0,1,0,33,88,0,11,151,11,6,26,301,7,1,63,2,20,0,1,0,5,9,30,0,82,8,2,39,0
2010/2011,moorreesburg,swartland,west coast,18.66466,-33.15359,142,1,68,2,1,0,29,93,0,5,117,8,4,43,353,5,1,35,1,18,0,1,0,1,7,28,0,61,3,4,20,0
2011/2012,moorreesburg,swartland,west coast,18.66466,-33.15359,183,2,88,1,3,0,31,63,0,7,128,7,6,47,388,2,1,53,5,17,0,0,0,2,4,24,0,59,9,3,27,0
2012/2013,moorreesburg,swartland,west coast,18.66466,-33.15359,188,2,79,3,3,0,39,83,0,11,116,10,6,35,410,1,1,52,9,14,0,0,0,1,5,22,0,69,5,1,42,0
2013/2014,moorreesburg,swartland,west coast,18.66466,-33.15359,166,2,65,0,2,0,23,105,0,19,135,18,6,49,547,2,12,56,4,17,1,0,0,2,4,23,0,46,14,0,36,0
2014/2015,moorreesburg,swartland,west coast,18.66466,-33.15359,176,2,86,2,3,0,34,107,0,5,140,16,6,32,404,3,13,50,4,9,2,0,0,8,6,18,0,39,11,1,21,0
2015/2016,moorreesburg,swartland,west coast,18.66466,-33.15359,167,5,55,0,2,0,34,76,0,10,136,7,6,27,482,2,12,58,4,10,1,1,0,3,9,21,0,55,6,3,40,0
2016/2017,moorreesburg,swartland,west coast,18.66466,-33.15359,159,1,62,1,1,0,31,93,0,7,124,10,6,47,708,7,13,54,1,5,2,0,0,4,7,13,0,35,4,3,38,0
2017/2018,moorreesburg,swartland,west coast,18.66466,-33.15359,107,1,65,0,4,0,25,81,0,25,141,4,6,37,774,5,13,57,2,6,2,4,0,11,6,16,1,49,8,0,26,0
2018/2019,moorreesburg,swartland,west coast,18.66466,-33.15359,149,0,47,0,2,0,25,90,0,26,126,2,6,52,652,0,13,68,7,15,0,0,0,5,3,20,0,54,18,6,32,0
2019/2020,moorreesburg,swartland,west coast,18.66466,-33.15359,147,4,51,0,1,0,29,134,0,24,116,13,6,46,620,3,13,44,2,19,0,0,0,2,6,26,0,70,7,4,51,0
2020/2021,moorreesburg,swartland,west coast,18.66466,-33.15359,152,0,57,0,0,0,44,111,0,38,87,7,6,23,451,6,13,41,2,11,1,2,0,10,4,15,1,49,6,5,36,0
2021/2022,moorreesburg,swartland,west coast,18.66466,-33.15359,129,4,68,4,2,0,21,102,0,43,126,5,6,26,319,3,12,63,5,11,1,1,0,4,4,17,0,38,6,3,32,0
2022/2023,moorreesburg,swartland,west coast,18.66466,-33.15359,166,2,67,5,3,0,34,127,0,48,140,14,7,32,272,6,12,85,11,17,1,4,0,16,3,24,0,19,0,5,58,0
2023/2024,moorreesburg,west coast district,west coast district,18.66466,-33.15359,0,0,0,0,0,0,0,187,1,0,0,0,0,0,0,0,0,0,0,0,0,3,0,0,0,0,0,0,0,0,93,0
2024/2025,moorreesburg,west coast district,west coast district,18.66466,-33.15359,0,0,0,0,0,0,0,122,0,0,0,0,0,0,0,0,0,0,0,0,0,2,0,0,0,0,0,0,0,2,46,0
2008/2009,morebeng,molemole,capricorn,29.92797,-23.49402,117,2,113,6,7,0,62,125,0,26,47,13,4,11,16,2,1,57,3,29,5,12,1,29,0,38,0,32,9,5,15,0
2009/2010,morebeng,molemole,capricorn,29.92797,-23.49402,144,5,136,11,5,0,54,111,2,9,63,20,5,61,70,2,1,60,3,31,3,7,0,19,1,40,0,32,17,2,13,0
2010/2011,morebeng,molemole,capricorn,29.92797,-23.49402,71,0,79,4,1,0,47,71,3,12,43,7,6,4,33,4,1,41,6,16,2,3,0,14,2,19,0,10,12,2,4,0
2011/2012,morebeng,molemole,capricorn,29.92797,-23.49402,67,1,49,5,5,0,11,20,0,6,19,4,4,2,45,0,1,26,2,8,1,2,0,8,0,15,0,1,11,2,7,0
2012/2013,morebeng,molemole,capricorn,29.92797,-23.49402,66,1,46,1,4,0,17,35,0,10,19,2,6,3,68,0,1,37,0,11,0,4,0,6,1,16,0,0,10,0,12,0
2013/2014,morebeng,molemole,capricorn,29.92797,-23.49402,63,1,58,0,1,0,29,35,0,2,15,6,6,3,60,2,12,27,0,14,3,6,0,9,1,16,0,2,18,3,7,0
2014/2015,morebeng,molemole,capricorn,29.92797,-23.49402,53,3,45,2,1,0,20,51,0,7,10,4,6,7,77,0,13,28,0,8,0,3,0,10,0,9,0,0,25,3,4,0
2015/2016,morebeng,molemole,capricorn,29.92797,-23.49402,69,2,42,2,0,0,11,38,1,2,23,11,6,10,86,0,13,33,3,5,1,1,0,6,0,5,0,3,21,5,10,0
2016/2017,morebeng,molemole,capricorn,29.92797,-23.49402,122,1,50,1,4,0,14,45,2,7,21,7,7,6,84,1,21,31,5,5,2,3,0,20,1,11,0,3,18,1,11,0
2017/2018,morebeng,molemole,capricorn,29.92797,-23.49402,65,1,45,0,0,0,17,34,1,3,29,7,6,22,105,1,13,28,1,13,4,1,0,13,2,15,1,0,15,1,3,0
2018/2019,morebeng,molemole,capricorn,29.92797,-23.49402,45,2,42,3,2,0,12,33,1,5,15,12,6,39,70,1,12,36,2,9,3,3,0,13,0,11,4,0,28,3,5,0
2019/2020,morebeng,molemole,capricorn,29.92797,-23.49402,47,0,58,0,0,0,16,34,1,9,24,5,6,49,6,1,13,34,2,4,2,3,0,22,0,4,16,0,16,0,7,0
2020/2021,morebeng,molemole,capricorn,29.92797,-23.49402,42,0,37,2,0,0,15,27,4,8,24,2,6,8,27,0,13,16,2,8,3,3,0,16,0,8,11,0,10,1,2,0
2021/2022,morebeng,molemole,capricorn,29.92797,-23.49402,57,2,37,3,0,0,19,26,1,11,20,7,6,16,54,0,13,23,4,5,0,3,0,5,0,5,11,1,22,0,3,0
2022/2023,morebeng,molemole,capricorn,29.92797,-23.49402,48,1,53,1,0,0,16,21,2,11,19,3,7,5,63,0,12,25,1,10,1,5,0,22,0,11,22,0,22,0,3,0
2023/2024,morebeng,capricorn district,capricorn district,29.92797,-23.49402,0,0,0,0,0,0,0,22,1,0,0,0,0,0,0,0,0,0,0,0,0,2,0,0,0,0,0,0,0,2,3,0
2024/2025,morebeng,capricorn district,capricorn district,29.92797,-23.49402,0,0,0,0,0,0,0,10,2,0,0,0,0,0,0,0,0,0,0,0,0,1,0,0,0,0,0,0,0,1,1,0
2008/2009,morgenzon transvaal,lekwa,gert sibande,29.61297,-26.73369,42,3,37,7,0,0,3,67,0,6,54,4,7,8,1,2,1,36,2,15,1,0,0,7,1,17,0,5,45,2,16,4
2009/2010,morgenzon transvaal,lekwa,gert sibande,29.61297,-26.73369,83,5,40,4,7,0,1,59,0,2,60,8,5,3,1,0,1,35,0,9,3,0,0,9,0,19,0,1,35,7,7,0
2010/2011,morgenzon transvaal,lekwa,gert sibande,29.61297,-26.73369,46,1,51,4,1,0,0,58,0,5,76,9,6,11,3,2,1,28,0,13,4,1,0,7,1,15,0,2,39,7,10,0
2011/2012,morgenzon transvaal,lekwa,gert sibande,29.61297,-26.73369,55,0,57,3,1,0,2,64,2,7,85,9,5,9,2,2,1,27,1,4,6,1,0,11,1,9,0,2,22,12,4,0
2012/2013,morgenzon transvaal,lekwa,gert sibande,29.61297,-26.73369,59,0,38,2,0,0,6,45,0,5,65,10,6,18,20,1,1,29,2,6,2,0,0,3,0,6,0,1,24,1,10,0
2013/2014,morgenzon transvaal,lekwa,gert sibande,29.61297,-26.73369,39,0,45,2,1,0,2,55,0,2,50,5,4,5,29,2,13,19,1,17,5,0,0,8,0,20,0,0,30,2,16,1
2014/2015,morgenzon transvaal,lekwa,gert sibande,29.61297,-26.73369,44,1,41,1,1,0,6,56,1,4,79,6,6,4,34,0,14,31,1,12,8,1,0,10,3,16,0,1,13,9,6,0
2015/2016,morgenzon transvaal,lekwa,gert sibande,29.61297,-26.73369,51,0,44,3,0,0,17,55,2,1,54,2,6,7,41,3,13,20,1,4,11,0,0,18,1,5,0,0,31,0,10,1
2016/2017,morgenzon transvaal,lekwa,gert sibande,29.61297,-26.73369,68,0,40,0,0,0,20,70,0,6,49,3,6,8,49,0,13,19,1,6,8,0,0,10,3,9,0,5,24,2,6,0
2017/2018,morgenzon transvaal,lekwa,gert sibande,29.61297,-26.73369,62,1,47,1,0,0,8,63,2,7,54,9,6,10,54,0,12,17,3,5,5,0,0,11,2,7,0,4,83,1,8,0
2018/2019,morgenzon transvaal,lekwa,gert sibande,29.61297,-26.73369,73,1,38,2,1,0,17,96,0,8,52,10,6,20,48,2,13,23,2,11,3,2,0,7,3,15,0,2,65,0,9,0
2019/2020,morgenzon transvaal,lekwa,gert sibande,29.61297,-26.73369,76,0,44,3,1,0,16,98,0,9,82,13,6,25,68,6,13,19,2,6,5,2,0,9,6,13,0,1,66,2,12,1
2020/2021,morgenzon transvaal,lekwa,gert sibande,29.61297,-26.73369,46,1,37,2,0,0,4,50,1,9,34,2,6,18,53,0,13,11,1,6,2,0,0,6,6,12,0,1,48,4,9,0
2021/2022,morgenzon transvaal,lekwa,gert sibande,29.61297,-26.73369,55,2,33,4,0,0,16,50,1,12,53,3,6,10,62,0,21,15,5,7,1,0,0,9,4,11,0,0,46,3,5,0
2022/2023,morgenzon transvaal,lekwa,gert sibande,29.61297,-26.73369,67,0,47,4,0,0,11,27,2,7,45,3,6,1,72,0,21,24,5,8,4,2,0,15,2,10,0,2,58,1,7,0
2023/2024,morgenzon transvaal,gert sibande district,gert sibande district,29.61297,-26.73369,0,0,0,0,0,0,0,29,0,0,0,0,0,0,0,0,0,0,0,0,0,2,0,0,0,0,0,0,0,0,8,0
2024/2025,morgenzon transvaal,gert sibande district,gert sibande district,29.61297,-26.73369,0,0,0,0,0,0,0,32,0,0,0,0,0,0,0,0,0,0,0,0,0,0,0,0,0,0,0,0,0,2,4,0
2008/2009,moroka,city of johannesburg,city of johannesburg,27.8755,-26.2681,1192,29,1197,111,12,0,195,768,141,76,1709,375,72,293,400,98,1,884,64,237,56,108,4,852,76,363,0,44,0,204,243,1
2009/2010,moroka,city of johannesburg,city of johannesburg,27.8755,-26.2681,1078,23,1138,105,9,0,198,872,111,87,1604,342,22,475,399,94,1,791,66,223,65,51,5,670,50,302,0,70,1,218,283,0
2010/2011,moroka,city of johannesburg,city of johannesburg,27.8755,-26.2681,987,14,1082,97,13,0,262,898,70,72,1407,325,31,876,334,65,1,693,78,207,104,60,2,660,53,292,0,76,2,206,368,0
2011/2012,moroka,city of johannesburg,city of johannesburg,27.8755,-26.2681,1062,16,1024,84,6,0,232,868,78,49,1340,248,18,512,288,86,1,618,53,207,89,33,1,589,40,264,1,51,1,217,368,2
2012/2013,moroka,city of johannesburg,city of johannesburg,27.8755,-26.2681,1159,12,1021,81,5,0,205,910,102,103,1216,256,10,213,369,61,1,603,48,158,57,29,2,663,49,218,3,51,0,208,371,1
2013/2014,moroka,city of johannesburg,city of johannesburg,27.8755,-26.2681,1092,14,946,69,2,0,160,751,87,70,1168,211,4,309,1279,59,6,554,51,169,91,31,1,627,42,215,0,63,1,183,346,0
2014/2015,moroka,city of johannesburg,city of johannesburg,27.8755,-26.2681,1182,8,959,75,3,0,199,763,89,54,1140,191,7,249,1571,70,10,549,47,164,77,39,0,582,30,198,0,47,2,206,250,1
2015/2016,moroka,city of johannesburg,city of johannesburg,27.8755,-26.2681,1166,5,886,80,7,0,130,768,103,74,1171,159,7,421,1846,88,30,483,70,137,76,44,0,610,17,162,1,35,0,209,321,0
2016/2017,moroka,city of johannesburg,city of johannesburg,27.8755,-26.2681,1100,7,913,82,2,0,142,853,115,115,1032,215,5,372,1599,94,48,527,50,168,57,53,0,737,28,201,1,42,0,240,355,1
2017/2018,moroka,city of johannesburg,city of johannesburg,27.8755,-26.2681,867,4,826,87,9,0,117,704,131,83,738,206,7,332,1631,115,49,517,97,142,79,38,0,737,25,177,0,16,0,220,353,2
2018/2019,moroka,city of johannesburg,city of johannesburg,27.8755,-26.2681,899,2,909,78,8,0,178,788,135,130,640,214,7,288,990,74,20,509,105,168,62,70,1,763,30,207,0,16,2,199,344,2
2019/2020,moroka,city of johannesburg,city of johannesburg,27.8755,-26.2681,936,25,720,93,11,0,201,619,175,145,644,195,7,417,346,84,19,495,127,158,91,79,0,913,33,203,1,10,0,222,385,2
2020/2021,moroka,city of johannesburg,city of johannesburg,27.8755,-26.2681,793,7,485,65,2,0,158,418,146,148,564,138,7,127,305,55,51,392,60,147,25,62,0,565,38,188,2,28,0,158,219,0
2021/2022,moroka,city of johannesburg,city of johannesburg,27.8755,-26.2681,760,9,497,61,3,0,180,359,179,165,611,148,7,133,474,56,90,487,87,152,55,55,0,655,29,185,1,16,0,170,205,1
2022/2023,moroka,city of johannesburg,city of johannesburg,27.8755,-26.2681,850,10,604,74,6,0,147,416,227,213,809,148,4,193,574,64,93,504,105,149,53,54,0,755,38,195,3,90,0,124,201,1
2023/2024,moroka,johannesburg district,johannesburg district,27.8755,-26.2681,0,0,0,0,0,0,0,341,261,0,0,0,0,0,0,0,0,0,0,0,0,18,0,0,0,0,0,0,0,102,194,0
2024/2025,moroka,johannesburg district,johannesburg district,27.8755,-26.2681,0,0,0,0,0,0,0,352,154,0,0,0,0,0,0,0,0,0,0,0,0,62,0,0,0,0,0,0,0,123,170,0
2008/2009,morokweng,kagisano/molopo,dr ruth segomotsi mompati,23.77682,-26.13677,9,3,65,2,1,0,18,19,1,1,12,1,5,3,15,2,1,10,1,11,4,3,0,9,3,18,0,0,20,0,0,0
2009/2010,morokweng,kagisano/molopo,dr ruth segomotsi mompati,23.77682,-26.13677,25,0,72,1,1,0,28,9,0,2,13,4,31,7,12,0,1,15,2,6,5,0,0,8,12,38,0,0,24,1,0,0
2010/2011,morokweng,kagisano/molopo,dr ruth segomotsi mompati,23.77682,-26.13677,27,3,77,2,3,0,34,19,0,5,11,5,8,0,1,2,1,12,3,8,5,1,0,6,13,28,0,0,31,0,1,0
2011/2012,morokweng,kagisano/molopo,dr ruth segomotsi mompati,23.77682,-26.13677,23,2,80,4,4,0,24,35,0,6,14,6,10,3,6,1,1,14,0,24,6,2,0,8,3,37,0,0,57,0,1,0
2012/2013,morokweng,kagisano/molopo,dr ruth segomotsi mompati,23.77682,-26.13677,22,3,78,1,3,0,20,21,0,4,17,4,7,11,13,2,1,17,0,20,6,1,0,9,4,28,0,0,32,1,0,0
2013/2014,morokweng,kagisano/molopo,dr ruth segomotsi mompati,23.77682,-26.13677,32,1,90,2,3,0,21,22,0,1,11,7,4,7,15,2,13,16,2,14,3,0,0,6,3,22,0,0,39,0,2,1
2014/2015,morokweng,kagisano/molopo,dr ruth segomotsi mompati,23.77682,-26.13677,32,0,75,0,1,0,24,23,0,0,20,5,7,6,8,0,12,17,4,21,5,1,0,7,4,27,0,0,21,0,6,0
2015/2016,morokweng,kagisano/molopo,dr ruth segomotsi mompati,23.77682,-26.13677,41,2,97,4,8,0,41,20,1,2,21,11,7,7,13,3,13,19,4,22,14,3,0,20,1,32,0,1,21,1,5,0
2016/2017,morokweng,kagisano/molopo,dr ruth segomotsi mompati,23.77682,-26.13677,24,2,94,1,4,0,28,21,0,5,12,7,6,5,29,2,12,13,4,20,6,0,0,11,1,25,0,0,39,0,6,0
2017/2018,morokweng,kagisano/molopo,dr ruth segomotsi mompati,23.77682,-26.13677,29,1,70,3,2,0,25,34,0,2,26,6,6,11,24,1,13,22,5,18,8,1,0,15,2,22,0,0,36,1,11,0
2018/2019,morokweng,kagisano/molopo,dr ruth segomotsi mompati,23.77682,-26.13677,35,1,67,2,3,0,18,22,0,3,19,5,6,9,5,0,13,20,9,20,5,2,0,14,0,23,0,0,37,2,7,0
2019/2020,morokweng,kagisano/molopo,dr ruth segomotsi mompati,23.77682,-26.13677,24,1,42,4,8,0,33,29,0,8,20,7,6,8,1,0,13,19,6,28,11,5,0,19,1,37,0,0,20,1,8,0
2020/2021,morokweng,kagisano/molopo,dr ruth segomotsi mompati,23.77682,-26.13677,17,0,47,2,2,0,22,33,0,7,23,2,6,10,6,2,12,15,3,11,10,0,0,14,5,18,0,0,33,1,7,0
2021/2022,morokweng,kagisano/molopo,dr ruth segomotsi mompati,23.77682,-26.13677,34,4,84,2,3,0,32,26,0,7,41,6,6,12,1,0,21,17,5,25,8,1,0,13,2,30,0,0,40,2,8,0
2022/2023,morokweng,kagisano/molopo,dr ruth segomotsi mompati,23.77682,-26.13677,23,6,65,2,1,0,25,25,1,4,23,9,6,2,3,3,23,15,7,30,2,0,0,6,0,31,0,0,20,2,8,0
2023/2024,morokweng,dr ruth segomotsi mompati district,dr ruth segomotsi mompati district,23.77682,-26.13677,0,0,0,0,0,0,0,33,0,0,0,0,0,0,0,0,0,0,0,0,0,0,0,0,0,0,0,0,0,0,10,0
2024/2025,morokweng,dr ruth segomotsi mompati district,dr ruth segomotsi mompati district,23.77682,-26.13677,0,0,0,0,0,0,0,9,0,0,0,0,0,0,0,0,0,0,0,0,0,0,0,0,0,0,0,0,0,1,8,0
2008/2009,mossel bay,mossel bay,garden route,22.14066,-34.18145,339,0,39,1,1,0,46,130,0,79,100,17,8,225,137,8,1,54,2,5,1,1,0,6,4,14,0,177,0,23,43,0
2009/2010,mossel bay,mossel bay,garden route,22.14066,-34.18145,370,0,33,1,0,0,51,190,0,76,107,13,9,252,168,6,1,59,1,18,1,1,0,7,8,31,0,154,0,6,107,0
2010/2011,mossel bay,mossel bay,garden route,22.14066,-34.18145,287,2,25,3,0,0,74,204,0,64,98,10,4,151,198,1,1,51,3,6,2,0,0,20,1,9,0,136,0,9,84,0
2011/2012,mossel bay,mossel bay,garden route,22.14066,-34.18145,329,0,22,0,0,0,56,183,0,55,78,7,6,164,206,3,1,43,1,4,1,1,0,28,0,4,0,107,0,7,122,0
2012/2013,mossel bay,mossel bay,garden route,22.14066,-34.18145,312,2,22,2,0,0,72,248,0,74,104,19,4,82,221,3,1,56,2,2,0,4,0,38,2,6,0,116,0,12,134,0
2013/2014,mossel bay,mossel bay,garden route,22.14066,-34.18145,353,0,19,1,0,0,51,223,0,63,100,24,6,70,187,5,12,36,1,7,5,5,0,33,4,11,0,163,0,5,247,0
2014/2015,mossel bay,mossel bay,garden route,22.14066,-34.18145,342,1,23,1,0,0,69,195,0,66,99,17,6,106,260,1,13,39,1,4,0,0,0,30,4,8,0,151,0,10,126,0
2015/2016,mossel bay,mossel bay,garden route,22.14066,-34.18145,266,0,14,3,0,0,55,158,0,60,104,13,5,117,264,1,13,38,5,4,4,2,0,26,2,9,0,169,0,9,143,0
2016/2017,mossel bay,mossel bay,garden route,22.14066,-34.18145,319,1,20,5,0,0,70,139,0,74,104,17,7,128,326,1,13,43,1,1,4,6,0,36,3,5,0,92,0,8,104,0
2017/2018,mossel bay,mossel bay,garden route,22.14066,-34.18145,319,0,14,2,0,0,28,155,0,60,126,17,6,170,463,2,12,33,0,3,2,0,0,21,3,6,0,112,0,5,65,0
2018/2019,mossel bay,mossel bay,garden route,22.14066,-34.18145,335,1,22,1,0,0,52,133,0,75,130,12,6,170,368,0,12,44,3,5,2,2,0,22,2,7,0,85,0,9,105,0
2019/2020,mossel bay,mossel bay,garden route,22.14066,-34.18145,328,0,17,0,1,0,58,73,0,73,107,16,6,198,384,2,13,46,2,5,1,0,0,29,3,9,0,100,2,9,93,0
2020/2021,mossel bay,mossel bay,garden route,22.14066,-34.18145,238,1,3,4,0,0,69,85,0,64,98,10,6,48,278,1,13,29,1,3,1,2,0,21,1,4,0,117,0,10,99,0
2021/2022,mossel bay,mossel bay,garden route,22.14066,-34.18145,246,0,6,1,0,0,29,58,0,95,117,12,6,132,307,1,13,39,1,2,4,1,0,25,4,6,0,94,0,8,71,0
2022/2023,mossel bay,mossel bay,garden route,22.14066,-34.18145,268,1,10,4,1,0,53,78,1,125,114,15,6,166,478,4,12,54,1,3,4,1,0,32,2,6,1,138,0,7,107,0
2023/2024,mossel bay,garden route district,garden route district,22.14066,-34.18145,0,0,0,0,0,0,0,107,1,0,0,0,0,0,0,0,0,0,0,0,0,3,0,0,0,0,0,0,0,12,84,0
2024/2025,mossel bay,garden route district,garden route district,22.14066,-34.18145,0,0,0,0,0,0,0,64,0,0,0,0,0,0,0,0,0,0,0,0,0,0,0,0,0,0,0,0,0,6,61,0
2008/2009,motetema,elias motsoaledi,sekhukhune,29.4644,-25.0989,193,6,251,20,12,0,119,224,14,14,86,69,5,15,15,16,1,123,18,75,11,5,0,94,4,94,0,0,17,19,13,0
2009/2010,motetema,elias motsoaledi,sekhukhune,29.4644,-25.0989,147,11,255,19,8,0,92,164,6,8,74,67,5,14,50,16,1,101,15,65,9,12,0,77,1,77,0,2,38,22,20,0
2010/2011,motetema,elias motsoaledi,sekhukhune,29.4644,-25.0989,235,10,205,7,3,0,51,200,5,8,62,47,4,6,68,11,1,88,14,81,11,1,0,65,0,86,0,1,22,14,20,0
2011/2012,motetema,elias motsoaledi,sekhukhune,29.4644,-25.0989,215,2,221,5,11,0,73,185,0,5,90,49,6,4,137,8,1,98,15,77,13,8,0,58,2,90,0,7,32,8,37,0
2012/2013,motetema,elias motsoaledi,sekhukhune,29.4644,-25.0989,193,6,212,17,5,0,105,180,5,9,94,53,7,11,241,14,1,81,9,88,22,8,0,70,4,98,0,3,33,29,32,0
2013/2014,motetema,elias motsoaledi,sekhukhune,29.4644,-25.0989,145,9,214,10,5,0,131,185,9,7,82,44,6,11,332,17,21,74,9,89,32,7,0,74,3,97,0,3,31,24,29,0
2014/2015,motetema,elias motsoaledi,sekhukhune,29.4644,-25.0989,179,9,210,9,4,0,126,245,7,10,85,37,7,22,384,19,12,92,12,80,43,7,1,83,3,88,2,6,19,33,61,0
2015/2016,motetema,elias motsoaledi,sekhukhune,29.4644,-25.0989,107,5,169,10,5,0,84,182,5,13,67,37,4,12,409,13,22,84,16,69,22,10,0,68,0,76,14,5,24,24,37,0
2016/2017,motetema,elias motsoaledi,sekhukhune,29.4644,-25.0989,92,6,151,12,2,0,57,217,8,9,57,26,4,22,455,20,23,74,15,57,21,15,0,69,2,63,2,3,16,18,34,0
2017/2018,motetema,elias motsoaledi,sekhukhune,29.4644,-25.0989,85,3,116,7,3,0,91,176,7,12,40,18,7,35,592,19,14,32,10,40,17,17,1,68,2,46,1,2,20,33,23,0
2018/2019,motetema,elias motsoaledi,sekhukhune,29.4644,-25.0989,102,4,125,9,3,0,57,207,3,13,47,22,7,66,304,25,23,55,13,52,28,12,0,55,3,59,7,1,38,16,27,0
2019/2020,motetema,elias motsoaledi,sekhukhune,29.4644,-25.0989,75,4,85,8,3,0,109,179,7,8,35,15,7,72,18,7,12,38,10,62,51,7,1,89,4,70,31,5,49,5,14,0
2020/2021,motetema,elias motsoaledi,sekhukhune,29.4644,-25.0989,55,3,100,8,4,0,72,151,5,16,39,8,4,24,28,14,13,53,11,42,26,13,0,64,5,53,34,2,22,9,26,1
2021/2022,motetema,elias motsoaledi,sekhukhune,29.4644,-25.0989,77,5,118,12,7,0,57,139,5,21,41,16,7,6,9,21,23,54,11,61,28,22,0,89,3,72,26,8,31,10,24,0
2022/2023,motetema,elias motsoaledi,sekhukhune,29.4644,-25.0989,72,6,103,11,7,0,68,171,6,14,35,16,6,5,20,19,17,42,19,69,32,25,0,86,8,84,71,8,53,9,24,0
2023/2024,motetema,sekhukhune district,sekhukhune district,29.4644,-25.0989,0,0,0,0,0,0,0,140,6,0,0,0,0,0,0,0,0,0,0,0,0,30,0,0,0,0,0,0,0,13,16,0
2024/2025,motetema,sekhukhune district,sekhukhune district,29.4644,-25.0989,0,0,0,0,0,0,0,122,7,0,0,0,0,0,0,0,0,0,0,0,0,23,0,0,0,0,0,0,0,16,14,0
2008/2009,motherwell,nelson mandela bay,nelson mandela bay,25.58419,-33.79664,233,11,413,28,6,0,9,353,38,26,210,48,16,274,312,30,1,167,51,115,9,39,0,271,7,138,0,67,3,82,81,0
2009/2010,motherwell,nelson mandela bay,nelson mandela bay,25.58419,-33.79664,226,16,406,27,10,0,27,304,43,45,209,48,11,325,323,31,1,132,38,129,18,17,2,244,10,157,0,110,7,79,73,1
2010/2011,motherwell,nelson mandela bay,nelson mandela bay,25.58419,-33.79664,205,16,424,32,2,0,40,291,17,41,247,59,16,331,357,39,1,124,44,138,51,21,0,307,12,162,0,131,11,65,128,0
2011/2012,motherwell,nelson mandela bay,nelson mandela bay,25.58419,-33.79664,257,20,388,38,9,0,59,286,20,34,251,59,9,398,361,23,1,163,42,114,72,23,0,342,11,139,2,92,6,52,63,0
2012/2013,motherwell,nelson mandela bay,nelson mandela bay,25.58419,-33.79664,230,15,385,32,4,0,53,317,41,53,257,43,5,433,376,19,1,189,37,145,62,26,0,336,13,165,0,90,4,74,83,0
2013/2014,motherwell,nelson mandela bay,nelson mandela bay,25.58419,-33.79664,316,18,408,40,5,0,72,347,64,91,263,64,6,439,392,33,43,166,48,162,83,38,0,454,12,179,0,68,3,126,96,1
2014/2015,motherwell,nelson mandela bay,nelson mandela bay,25.58419,-33.79664,274,16,397,41,6,0,104,329,50,41,205,60,5,454,459,36,16,166,44,130,79,39,0,437,12,151,0,80,8,118,101,1
2015/2016,motherwell,nelson mandela bay,nelson mandela bay,25.58419,-33.79664,254,18,377,52,4,0,65,362,59,60,237,73,8,471,539,45,38,179,55,121,78,65,0,478,13,142,1,74,5,86,85,2
2016/2017,motherwell,nelson mandela bay,nelson mandela bay,25.58419,-33.79664,254,11,330,45,1,0,61,328,51,76,207,65,4,480,661,50,36,149,60,78,49,76,0,460,8,89,1,79,6,57,91,2
2017/2018,motherwell,nelson mandela bay,nelson mandela bay,25.58419,-33.79664,233,9,316,39,3,0,76,246,50,75,151,35,12,516,813,57,24,164,40,72,89,87,1,403,7,89,1,90,2,38,104,0
2018/2019,motherwell,nelson mandela bay,nelson mandela bay,25.58419,-33.79664,236,6,364,44,1,0,53,258,88,86,173,37,7,521,783,39,36,196,68,82,45,86,1,394,11,95,0,71,2,49,94,2
2019/2020,motherwell,nelson mandela bay,nelson mandela bay,25.58419,-33.79664,214,7,281,51,3,0,72,227,101,94,187,32,5,430,794,43,43,180,96,90,75,74,0,438,10,106,0,99,3,32,69,3
2020/2021,motherwell,nelson mandela bay,nelson mandela bay,25.58419,-33.79664,175,11,194,48,5,0,82,113,89,100,144,17,4,31,155,40,65,153,101,108,33,76,0,325,13,128,0,46,2,43,51,6
2021/2022,motherwell,nelson mandela bay,nelson mandela bay,25.58419,-33.79664,176,7,309,47,2,1,53,130,118,156,214,26,5,34,145,27,48,182,105,89,38,62,1,322,9,103,1,55,3,49,64,3
2022/2023,motherwell,nelson mandela bay,nelson mandela bay,25.58419,-33.79664,186,13,271,76,5,0,58,166,170,129,272,19,7,73,203,25,5,221,127,85,21,92,0,468,15,106,0,72,1,34,39,14
2023/2024,motherwell,nelson mandela district,nelson mandela district,25.58419,-33.79664,0,0,0,0,0,0,0,114,149,0,0,0,0,0,0,0,0,0,0,0,0,103,0,0,0,0,0,0,0,29,39,0
2024/2025,motherwell,nelson mandela district,nelson mandela district,25.58419,-33.79664,0,0,0,0,0,0,0,76,117,0,0,0,0,0,0,0,0,0,0,0,0,89,0,0,0,0,0,0,0,14,27,0
2008/2009,mothibistad,joe morolong,john taolo gaetsewe,23.49068,-27.39776,97,5,323,17,10,0,14,196,1,11,47,42,17,5,53,3,1,91,9,38,10,0,0,18,2,59,0,3,37,7,11,0
2009/2010,mothibistad,joe morolong,john taolo gaetsewe,23.49068,-27.39776,99,3,296,13,14,0,39,235,0,8,37,27,4,6,19,0,1,77,4,60,10,10,0,25,2,78,0,2,70,3,16,0
2010/2011,mothibistad,joe morolong,john taolo gaetsewe,23.49068,-27.39776,76,4,245,9,6,0,62,154,0,4,38,25,4,8,25,5,1,56,8,65,15,4,0,29,0,73,0,0,50,1,21,0
2011/2012,mothibistad,joe morolong,john taolo gaetsewe,23.49068,-27.39776,77,10,307,21,10,0,90,132,3,18,46,21,4,5,20,2,1,81,8,63,23,8,0,43,5,80,0,0,41,8,15,0
2012/2013,mothibistad,joe morolong,john taolo gaetsewe,23.49068,-27.39776,135,9,329,18,16,0,79,213,5,14,51,36,5,7,15,6,1,132,16,66,32,12,0,69,4,89,0,1,79,8,23,0
2013/2014,mothibistad,joe morolong,john taolo gaetsewe,23.49068,-27.39776,152,8,306,18,8,0,53,145,3,7,45,49,8,2,17,6,12,119,14,53,22,5,0,42,4,69,0,0,36,22,25,0
2014/2015,mothibistad,joe morolong,john taolo gaetsewe,23.49068,-27.39776,136,8,369,12,6,0,51,183,3,14,21,27,4,14,25,1,23,84,17,44,13,10,0,41,0,52,0,1,38,18,31,0
2015/2016,mothibistad,joe morolong,john taolo gaetsewe,23.49068,-27.39776,144,4,347,28,5,0,51,155,7,9,53,18,4,9,33,5,25,119,17,57,13,5,0,47,7,71,0,0,20,10,22,0
2016/2017,mothibistad,joe morolong,john taolo gaetsewe,23.49068,-27.39776,112,7,370,24,10,0,87,183,9,11,55,29,7,4,56,8,27,129,20,81,25,8,0,65,8,100,0,0,22,4,35,0
2017/2018,mothibistad,joe morolong,john taolo gaetsewe,23.49068,-27.39776,130,11,363,18,13,0,77,179,10,12,126,17,7,16,56,7,14,137,22,89,23,13,0,95,7,110,0,0,30,16,25,0
2018/2019,mothibistad,joe morolong,john taolo gaetsewe,23.49068,-27.39776,125,12,343,13,9,0,63,183,6,8,143,34,6,3,17,6,22,126,20,91,31,16,0,113,4,104,0,0,17,11,29,1
2019/2020,mothibistad,joe morolong,john taolo gaetsewe,23.49068,-27.39776,97,6,327,11,9,0,55,205,2,6,117,21,7,3,12,7,23,143,12,81,10,6,0,37,3,94,1,0,28,8,24,0
2020/2021,mothibistad,joe morolong,john taolo gaetsewe,23.49068,-27.39776,100,4,274,8,3,0,80,157,5,20,70,20,6,3,21,3,12,113,9,45,18,6,0,46,7,55,1,0,28,11,20,0
2021/2022,mothibistad,joe morolong,john taolo gaetsewe,23.49068,-27.39776,104,7,259,12,3,0,131,132,8,45,56,9,4,1,17,1,21,110,17,73,7,4,0,35,7,85,0,0,23,10,23,0
2022/2023,mothibistad,joe morolong,john taolo gaetsewe,23.49068,-27.39776,136,3,240,50,15,0,72,227,9,27,90,15,6,0,29,1,24,119,25,62,10,4,0,49,7,84,0,0,27,6,34,0
2023/2024,mothibistad,john taolo gaetsewe district,john taolo gaetsewe district,23.49068,-27.39776,0,0,0,0,0,0,0,187,4,0,0,0,0,0,0,0,0,0,0,0,0,13,0,0,0,0,0,0,0,8,22,0
2024/2025,mothibistad,john taolo gaetsewe district,john taolo gaetsewe district,23.49068,-27.39776,0,0,0,0,0,0,0,201,7,0,0,0,0,0,0,0,0,0,0,0,0,17,0,0,0,0,0,0,0,6,22,0
2008/2009,mothotlung,local municipality of madibeng,bojanala,27.8873,-25.59975,104,4,90,6,2,0,15,147,4,3,68,15,5,23,193,5,1,40,6,25,6,6,0,39,2,32,0,3,7,18,9,0
2009/2010,mothotlung,local municipality of madibeng,bojanala,27.8873,-25.59975,82,4,71,5,3,0,18,119,3,2,63,13,5,21,194,5,1,27,3,16,5,11,0,31,3,25,0,3,8,6,11,0
2010/2011,mothotlung,local municipality of madibeng,bojanala,27.8873,-25.59975,83,6,82,8,4,0,15,115,4,5,38,17,4,7,219,9,1,37,2,21,7,1,0,26,1,28,0,3,0,10,20,0
2011/2012,mothotlung,local municipality of madibeng,bojanala,27.8873,-25.59975,48,4,97,9,4,1,23,77,7,1,36,14,7,14,178,10,1,27,2,24,5,4,0,42,0,29,0,1,1,18,6,0
2012/2013,mothotlung,local municipality of madibeng,bojanala,27.8873,-25.59975,49,1,71,6,2,0,23,85,5,9,27,11,5,6,161,2,1,28,6,24,8,5,0,36,0,29,0,2,7,16,5,0
2013/2014,mothotlung,local municipality of madibeng,bojanala,27.8873,-25.59975,55,5,79,4,1,0,28,162,0,3,24,7,7,12,26,4,21,44,2,16,18,4,0,48,1,19,0,1,3,18,6,1
2014/2015,mothotlung,local municipality of madibeng,bojanala,27.8873,-25.59975,51,3,70,1,5,0,24,164,2,3,42,14,7,5,54,3,13,28,3,10,9,3,0,43,1,17,2,0,4,17,11,0
2015/2016,mothotlung,local municipality of madibeng,bojanala,27.8873,-25.59975,58,10,58,7,1,0,20,95,10,3,34,15,6,14,67,0,22,20,5,13,7,7,0,50,2,16,0,1,0,8,11,2
2016/2017,mothotlung,local municipality of madibeng,bojanala,27.8873,-25.59975,25,2,36,4,0,0,22,48,8,2,18,2,6,40,94,4,12,18,3,20,8,14,0,49,0,20,0,0,12,11,9,1
2017/2018,mothotlung,local municipality of madibeng,bojanala,27.8873,-25.59975,38,2,45,4,0,0,19,70,4,2,31,7,6,54,125,2,17,24,0,12,3,20,0,42,0,12,0,1,4,13,15,1
2018/2019,mothotlung,local municipality of madibeng,bojanala,27.8873,-25.59975,52,4,46,4,0,0,18,59,2,2,41,7,6,60,157,0,12,30,2,9,9,7,0,29,0,9,0,9,6,6,9,1
2019/2020,mothotlung,local municipality of madibeng,bojanala,27.8873,-25.59975,24,0,47,5,0,0,8,57,5,2,40,5,6,83,183,3,14,20,3,12,9,14,0,48,1,13,1,5,5,12,4,0
2020/2021,mothotlung,local municipality of madibeng,bojanala,27.8873,-25.59975,30,2,41,5,0,0,6,53,7,5,36,5,6,31,24,1,23,20,4,11,14,25,0,59,2,13,0,3,5,7,6,0
2021/2022,mothotlung,local municipality of madibeng,bojanala,27.8873,-25.59975,38,1,61,3,0,0,5,25,5,9,40,9,6,73,95,1,12,24,7,11,11,15,0,46,2,13,13,3,30,2,2,3
2022/2023,mothotlung,local municipality of madibeng,bojanala,27.8873,-25.59975,49,4,94,8,4,0,7,37,7,15,72,13,7,61,155,0,23,42,5,17,9,12,0,50,1,23,34,6,18,7,14,2
2023/2024,mothotlung,bojanala district,bojanala district,27.8873,-25.59975,0,0,0,0,0,0,0,41,8,0,0,0,0,0,0,0,0,0,0,0,0,4,0,0,0,0,0,0,0,9,6,0
2024/2025,mothotlung,bojanala district,bojanala district,27.8873,-25.59975,0,0,0,0,0,0,0,31,12,0,0,0,0,0,0,0,0,0,0,0,0,10,0,0,0,0,0,0,0,13,10,0
2008/2009,motswedi,ramotshere moiloa,ngaka modiri molema,25.88558,-25.27729,63,2,102,2,4,0,49,53,0,9,55,20,9,8,40,4,1,38,4,38,8,1,0,17,1,48,0,0,38,3,3,0
2009/2010,motswedi,ramotshere moiloa,ngaka modiri molema,25.88558,-25.27729,56,0,107,6,4,1,32,67,0,7,43,6,7,8,74,2,1,45,9,29,10,4,0,20,5,39,0,0,27,0,5,0
2010/2011,motswedi,ramotshere moiloa,ngaka modiri molema,25.88558,-25.27729,63,5,96,3,7,0,29,71,2,3,32,9,7,15,86,4,1,22,3,29,7,1,0,14,1,38,0,0,25,2,5,0
2011/2012,motswedi,ramotshere moiloa,ngaka modiri molema,25.88558,-25.27729,50,4,99,8,0,0,31,71,2,4,32,10,6,25,49,3,1,33,5,28,13,3,0,18,3,31,0,0,20,2,4,0
2012/2013,motswedi,ramotshere moiloa,ngaka modiri molema,25.88558,-25.27729,69,5,83,5,3,0,31,88,0,5,19,6,6,28,56,1,1,27,7,31,8,6,0,18,0,34,0,0,23,3,0,0
2013/2014,motswedi,ramotshere moiloa,ngaka modiri molema,25.88558,-25.27729,56,4,81,5,2,0,47,60,0,9,24,7,6,7,61,0,12,17,7,20,15,5,0,22,1,23,0,0,32,2,6,0
2014/2015,motswedi,ramotshere moiloa,ngaka modiri molema,25.88558,-25.27729,57,3,81,7,5,0,42,67,0,6,29,7,7,5,39,5,12,26,4,43,15,5,0,26,0,49,0,0,26,1,5,0
2015/2016,motswedi,ramotshere moiloa,ngaka modiri molema,25.88558,-25.27729,49,3,76,2,2,0,37,76,0,5,26,5,6,9,51,3,12,23,4,31,10,5,0,19,0,33,0,0,18,0,8,0
2016/2017,motswedi,ramotshere moiloa,ngaka modiri molema,25.88558,-25.27729,30,1,59,2,2,0,36,48,0,7,17,6,7,24,75,2,21,15,6,25,7,4,0,16,4,32,0,0,26,1,6,0
2017/2018,motswedi,ramotshere moiloa,ngaka modiri molema,25.88558,-25.27729,24,0,43,5,1,0,29,39,0,5,15,8,6,29,107,3,23,14,9,28,6,11,0,20,1,30,1,0,19,1,4,0
2018/2019,motswedi,ramotshere moiloa,ngaka modiri molema,25.88558,-25.27729,19,2,56,0,0,0,24,42,1,23,11,4,6,35,68,2,21,16,0,21,6,3,0,14,0,21,0,0,20,2,3,1
2019/2020,motswedi,ramotshere moiloa,ngaka modiri molema,25.88558,-25.27729,73,1,65,2,2,0,32,33,1,3,31,6,7,48,7,5,21,13,4,27,6,3,0,15,1,31,0,0,17,1,9,0
2020/2021,motswedi,ramotshere moiloa,ngaka modiri molema,25.88558,-25.27729,62,2,55,2,0,0,25,55,1,9,25,10,6,19,18,2,17,24,3,17,5,3,0,14,0,17,0,0,10,0,2,0
2021/2022,motswedi,ramotshere moiloa,ngaka modiri molema,25.88558,-25.27729,89,0,73,4,2,0,25,56,0,5,24,3,6,16,5,7,17,28,1,14,3,3,0,11,2,18,0,0,8,2,7,0
2022/2023,motswedi,ramotshere moiloa,ngaka modiri molema,25.88558,-25.27729,97,0,79,8,4,0,14,40,0,12,33,14,6,7,3,5,24,35,2,19,7,4,0,14,0,23,0,3,19,0,2,0
2023/2024,motswedi,ngaka modiri molema district,ngaka modiri molema district,25.88558,-25.27729,0,0,0,0,0,0,0,50,0,0,0,0,0,0,0,0,0,0,0,0,0,3,0,0,0,0,0,0,0,0,5,0
2024/2025,motswedi,ngaka modiri molema district,ngaka modiri molema district,25.88558,-25.27729,0,0,0,0,0,0,0,41,1,0,0,0,0,0,0,0,0,0,0,0,0,3,0,0,0,0,0,0,0,0,4,0
2008/2009,mount ayliff,,,,,170,27,230,18,6,0,16,173,2,16,130,45,9,23,25,9,1,85,42,55,7,8,0,49,1,67,0,22,56,17,31,1
2009/2010,mount ayliff,,,,,139,18,262,22,8,0,11,224,2,29,132,52,18,31,21,6,1,77,46,57,8,19,0,43,0,76,0,9,53,17,49,0
2010/2011,mount ayliff,,,,,117,13,219,18,2,0,4,175,7,32,134,54,8,47,17,15,1,69,51,59,3,14,1,46,2,67,0,10,47,11,31,1
2011/2012,mount ayliff,,,,,128,13,263,20,8,0,7,203,4,23,124,37,8,64,22,12,1,88,27,55,5,2,0,23,4,71,1,2,54,6,53,0
2012/2013,mount ayliff,,,,,133,18,230,19,6,0,63,165,1,17,108,48,4,83,30,11,1,64,37,63,13,10,0,49,3,74,1,8,41,3,102,0
2013/2014,mount ayliff,,,,,140,10,229,12,5,0,56,147,1,29,83,28,5,65,21,6,12,87,36,94,12,12,0,48,6,108,0,6,34,12,114,1
2014/2015,mount ayliff,,,,,134,15,236,9,3,0,75,207,3,15,79,23,5,47,18,7,21,74,49,68,14,17,0,60,1,75,0,13,65,7,79,0
2015/2016,mount ayliff,,,,,86,8,218,13,1,0,64,139,1,32,68,17,4,48,25,6,2,79,49,49,14,7,0,51,5,57,0,16,48,6,56,0
2016/2017,mount ayliff,,,,,68,20,204,9,1,0,62,176,1,34,72,21,6,52,32,4,14,74,44,49,23,13,0,58,4,54,0,19,47,9,57,0
2017/2018,mount ayliff,,,,,81,15,222,8,2,0,63,227,6,49,86,17,7,64,61,5,23,75,38,53,13,7,0,50,6,62,0,36,54,4,62,2
2018/2019,mount ayliff,,,,,99,14,268,14,1,0,65,175,3,36,101,25,7,47,56,3,24,88,45,60,15,2,0,43,3,65,0,30,55,4,55,0
2019/2020,mount ayliff,,,,,99,20,249,12,1,0,75,184,7,46,83,17,7,50,26,5,22,75,51,63,19,2,3,52,11,76,0,11,56,3,28,0
2020/2021,mount ayliff,,,,,91,9,219,14,5,0,47,129,3,47,82,24,7,6,21,15,13,56,53,73,19,4,1,52,14,93,0,13,49,7,31,0
2021/2022,mount ayliff,,,,,70,8,261,7,2,0,43,99,4,45,111,8,4,16,13,5,22,76,43,58,25,8,0,57,16,78,0,6,46,8,36,0
2022/2023,mount ayliff,,,,,64,14,269,22,2,0,62,99,5,27,99,11,6,30,11,11,3,73,38,69,8,5,2,48,2,73,0,9,70,7,25,0
2008/2009,mount fletcher,elundini,joe gqabi,28.50988,-30.69057,50,12,157,9,6,0,33,116,0,9,39,10,6,11,29,16,1,28,20,34,4,5,0,18,1,41,0,34,33,1,8,0
2009/2010,mount fletcher,elundini,joe gqabi,28.50988,-30.69057,59,6,183,11,5,0,37,72,0,9,67,22,4,22,44,8,1,40,26,34,6,5,0,19,3,44,0,11,36,6,6,0
2010/2011,mount fletcher,elundini,joe gqabi,28.50988,-30.69057,82,10,232,11,13,0,24,109,2,14,50,17,5,21,70,7,1,51,15,45,7,6,0,21,1,62,0,8,28,6,6,0
2011/2012,mount fletcher,elundini,joe gqabi,28.50988,-30.69057,103,6,173,4,3,0,29,120,0,19,41,23,7,26,55,8,1,53,21,55,16,8,0,28,4,63,1,5,41,1,7,0
2012/2013,mount fletcher,elundini,joe gqabi,28.50988,-30.69057,112,5,204,10,1,0,63,119,2,7,70,24,7,16,65,11,1,54,29,49,15,18,0,58,7,58,0,4,43,0,7,0
2013/2014,mount fletcher,elundini,joe gqabi,28.50988,-30.69057,124,11,167,8,2,0,66,119,1,8,81,19,6,21,73,18,25,60,21,48,25,21,0,65,5,55,0,7,64,7,9,0
2014/2015,mount fletcher,elundini,joe gqabi,28.50988,-30.69057,103,2,202,8,0,0,86,129,1,10,61,20,6,22,62,9,21,58,13,102,20,22,0,64,13,115,0,4,71,7,12,0
2015/2016,mount fletcher,elundini,joe gqabi,28.50988,-30.69057,56,2,151,5,2,0,83,140,1,23,57,22,6,19,41,11,17,72,25,88,23,34,0,99,11,101,0,3,52,8,15,0
2016/2017,mount fletcher,elundini,joe gqabi,28.50988,-30.69057,53,1,169,4,0,0,52,90,2,21,49,22,6,7,66,14,23,39,23,93,19,32,0,85,11,104,0,12,98,6,11,0
2017/2018,mount fletcher,elundini,joe gqabi,28.50988,-30.69057,65,2,173,7,1,0,57,95,0,19,51,14,7,10,72,13,12,50,34,54,18,22,0,67,4,60,0,22,48,5,9,0
2018/2019,mount fletcher,elundini,joe gqabi,28.50988,-30.69057,79,4,146,7,3,0,43,84,2,26,32,23,6,22,78,9,14,54,35,57,11,11,0,45,5,65,0,28,69,1,13,0
2019/2020,mount fletcher,elundini,joe gqabi,28.50988,-30.69057,76,3,126,5,0,0,54,73,1,34,24,19,7,28,8,5,23,54,27,44,6,6,0,29,4,49,0,24,88,4,6,0
2020/2021,mount fletcher,elundini,joe gqabi,28.50988,-30.69057,65,2,111,5,1,0,39,90,1,36,45,11,6,7,14,13,17,51,23,59,7,16,0,52,9,69,0,11,49,1,8,0
2021/2022,mount fletcher,elundini,joe gqabi,28.50988,-30.69057,57,5,88,7,0,0,40,90,0,33,45,14,6,5,17,4,23,50,39,48,7,13,0,35,8,56,0,17,59,8,9,0
2022/2023,mount fletcher,elundini,joe gqabi,28.50988,-30.69057,77,3,124,4,0,0,47,99,0,33,64,16,7,10,29,3,22,43,30,29,6,13,0,39,6,36,0,16,50,1,16,0
2008/2009,mount frere,,,,,219,19,371,23,9,0,72,296,3,84,259,69,18,80,43,14,1,99,59,79,5,10,1,75,4,103,0,92,91,17,66,0
2009/2010,mount frere,,,,,250,17,400,30,6,0,83,371,3,79,264,93,18,124,50,32,1,101,72,87,13,15,0,86,2,106,0,79,163,18,62,1
2010/2011,mount frere,,,,,203,15,350,19,4,0,86,351,4,67,178,56,10,66,75,21,1,89,56,101,13,35,1,133,1,112,0,50,124,20,76,0
2011/2012,mount frere,,,,,217,4,341,21,10,0,99,315,1,88,161,46,11,60,108,24,1,99,45,75,15,19,1,119,4,97,0,55,150,19,89,0
2012/2013,mount frere,,,,,163,12,331,16,3,0,101,324,6,122,150,36,16,90,117,20,1,87,56,85,11,30,0,140,4,102,0,59,144,21,79,0
2013/2014,mount frere,,,,,206,14,354,14,5,0,108,296,2,104,176,39,12,54,137,22,14,95,57,112,21,26,0,153,14,138,0,58,135,14,78,0
2014/2015,mount frere,,,,,187,16,357,24,3,0,90,319,1,98,145,38,5,73,141,27,3,113,65,118,13,27,0,148,9,133,0,112,135,13,81,1
2015/2016,mount frere,,,,,221,15,356,19,1,0,93,374,5,140,171,45,9,68,123,16,16,116,72,106,23,35,0,173,19,131,0,82,186,15,88,0
2016/2017,mount frere,,,,,212,9,297,15,0,0,90,384,2,126,132,48,7,77,147,25,3,113,61,105,39,27,0,165,13,119,0,89,140,9,88,2
2017/2018,mount frere,,,,,207,11,342,33,0,0,109,422,8,97,141,45,4,75,173,21,28,117,64,103,48,60,0,221,16,121,0,77,183,10,73,1
2018/2019,mount frere,,,,,183,15,285,37,1,0,88,272,5,131,144,31,8,84,88,19,27,102,65,117,34,42,2,176,13,135,1,88,200,8,37,0
2019/2020,mount frere,,,,,194,18,355,27,4,0,113,321,8,179,215,19,5,43,87,18,27,114,53,141,34,30,0,143,17,165,0,105,241,9,87,1
2020/2021,mount frere,,,,,186,3,323,20,1,0,106,207,9,87,170,28,5,36,126,16,17,139,41,89,27,30,1,131,15,108,2,88,221,10,70,0
2021/2022,mount frere,,,,,184,13,367,25,4,0,89,217,6,98,205,23,8,84,65,14,16,120,59,138,31,34,1,145,15,161,0,96,167,16,58,0
2022/2023,mount frere,,,,,160,7,335,26,4,0,69,223,12,100,185,20,4,104,115,48,17,117,68,115,27,15,1,121,19,140,0,83,185,19,64,0
2008/2009,mount road,nelson mandela bay,nelson mandela bay,25.59516,-33.95494,2104,8,162,15,1,0,694,657,31,444,276,145,71,326,169,19,1,473,8,38,44,26,3,374,18,791,0,772,0,410,792,3
2009/2010,mount road,nelson mandela bay,nelson mandela bay,25.59516,-33.95494,1657,5,151,17,0,0,740,546,17,435,377,152,18,291,210,11,1,483,6,43,96,29,5,389,9,63,0,878,0,356,831,5
2010/2011,mount road,nelson mandela bay,nelson mandela bay,25.59516,-33.95494,1734,4,137,16,7,0,589,421,13,458,412,127,16,184,277,9,1,501,4,33,55,16,1,343,14,64,0,836,0,296,908,0
2011/2012,mount road,nelson mandela bay,nelson mandela bay,25.59516,-33.95494,1419,3,106,12,2,0,448,405,8,385,339,112,10,179,335,9,1,390,4,38,68,9,0,309,25,71,10,777,0,299,821,2
2012/2013,mount road,nelson mandela bay,nelson mandela bay,25.59516,-33.95494,1424,10,87,12,2,0,500,596,19,403,324,158,8,213,474,14,1,369,0,49,56,6,0,287,16,71,8,723,0,272,1207,1
2013/2014,mount road,nelson mandela bay,nelson mandela bay,25.59516,-33.95494,1456,2,87,11,0,0,514,390,18,430,298,173,4,226,733,36,14,391,7,33,54,12,0,288,13,48,1,719,0,259,962,3
2014/2015,mount road,nelson mandela bay,nelson mandela bay,25.59516,-33.95494,1392,5,84,8,0,0,569,518,15,406,267,183,9,245,842,35,25,420,6,31,39,13,0,289,16,52,3,701,0,261,958,0
2015/2016,mount road,nelson mandela bay,nelson mandela bay,25.59516,-33.95494,1239,1,64,17,1,0,529,406,24,365,215,187,5,157,465,26,2,283,12,17,62,18,0,361,4,25,0,661,0,230,864,4
2016/2017,mount road,nelson mandela bay,nelson mandela bay,25.59516,-33.95494,1272,0,49,11,0,0,634,433,24,401,255,188,4,154,557,32,17,307,12,25,71,38,0,470,9,36,0,525,0,273,889,10
2017/2018,mount road,nelson mandela bay,nelson mandela bay,25.59516,-33.95494,1213,2,47,16,2,0,538,393,26,359,274,175,5,142,554,13,3,312,6,31,79,16,0,398,10,46,0,402,0,244,889,10
2018/2019,mount road,nelson mandela bay,nelson mandela bay,25.59516,-33.95494,1147,1,62,19,1,0,433,335,31,331,279,145,4,154,474,27,25,234,7,19,73,14,1,368,18,40,0,380,0,163,744,6
2019/2020,mount road,nelson mandela bay,nelson mandela bay,25.59516,-33.95494,1240,1,69,8,0,0,266,335,30,321,237,154,6,114,534,27,3,219,5,30,70,15,0,402,16,46,2,492,0,161,750,18
2020/2021,mount road,nelson mandela bay,nelson mandela bay,25.59516,-33.95494,928,2,53,19,1,0,320,367,30,351,180,123,5,27,427,19,27,189,9,29,47,14,1,383,14,47,2,385,0,139,547,13
2021/2022,mount road,nelson mandela bay,nelson mandela bay,25.59516,-33.95494,1055,4,41,16,1,0,336,337,37,413,220,140,7,52,439,29,48,227,10,28,52,21,1,378,17,47,0,296,0,140,639,12
2022/2023,mount road,nelson mandela bay,nelson mandela bay,25.59516,-33.95494,1235,0,60,18,3,0,301,328,33,445,269,136,4,97,613,30,30,251,11,24,38,20,0,383,9,38,1,315,0,108,639,16
2023/2024,mount road,nelson mandela district,nelson mandela district,25.59516,-33.95494,0,0,0,0,0,0,0,295,71,0,0,0,0,0,0,0,0,0,0,0,0,16,0,0,0,0,0,0,0,97,568,0
2024/2025,mount road,nelson mandela district,nelson mandela district,25.59516,-33.95494,0,0,0,0,0,0,0,228,62,0,0,0,0,0,0,0,0,0,0,0,0,14,0,0,0,0,0,0,0,160,528,0
2008/2009,mountain rise,the msunduzi,umgungundlovu,30.40203,-29.5818,204,3,233,23,3,0,48,207,18,32,243,35,5,411,1472,33,1,103,46,101,15,21,0,103,15,122,0,19,1,83,143,0
2009/2010,mountain rise,the msunduzi,umgungundlovu,30.40203,-29.5818,407,16,374,35,2,0,61,317,19,72,524,70,12,223,1250,16,1,204,39,100,18,35,0,164,25,134,0,15,2,158,275,2
2010/2011,mountain rise,the msunduzi,umgungundlovu,30.40203,-29.5818,712,21,524,46,3,0,98,473,43,106,881,93,11,74,1145,33,1,368,60,109,17,42,0,249,26,146,0,19,12,158,424,0
2011/2012,mountain rise,the msunduzi,umgungundlovu,30.40203,-29.5818,720,25,492,33,1,0,104,548,21,89,968,107,10,100,1194,32,1,340,49,109,33,30,0,222,39,155,4,19,17,166,429,0
2012/2013,mountain rise,the msunduzi,umgungundlovu,30.40203,-29.5818,686,13,435,49,2,0,128,545,14,74,836,134,7,94,1273,37,1,404,43,125,49,45,0,287,32,160,1,29,2,178,343,0
2013/2014,mountain rise,the msunduzi,umgungundlovu,30.40203,-29.5818,666,15,450,56,0,0,126,472,20,100,726,111,8,119,1285,26,24,326,47,111,47,46,0,298,41,156,1,76,0,114,362,0
2014/2015,mountain rise,the msunduzi,umgungundlovu,30.40203,-29.5818,698,15,434,56,1,0,126,533,9,64,592,107,4,99,595,38,17,304,64,108,22,79,0,330,38,149,0,46,2,100,369,0
2015/2016,mountain rise,the msunduzi,umgungundlovu,30.40203,-29.5818,691,11,413,54,0,0,125,593,25,84,565,117,5,101,664,22,27,322,59,106,24,39,0,271,38,147,0,49,2,130,414,0
2016/2017,mountain rise,the msunduzi,umgungundlovu,30.40203,-29.5818,613,10,414,54,0,0,69,641,37,90,541,124,11,99,783,36,3,331,75,120,31,47,0,308,23,151,0,48,8,123,295,1
2017/2018,mountain rise,the msunduzi,umgungundlovu,30.40203,-29.5818,620,6,367,50,0,0,83,640,27,107,517,102,7,136,852,39,37,252,64,115,38,50,0,277,23,139,2,46,1,124,233,0
2018/2019,mountain rise,the msunduzi,umgungundlovu,30.40203,-29.5818,711,14,434,61,0,0,74,746,38,145,572,93,7,160,942,34,28,277,72,115,43,51,0,313,38,154,1,50,13,97,253,0
2019/2020,mountain rise,the msunduzi,umgungundlovu,30.40203,-29.5818,689,9,436,54,0,0,61,640,23,142,594,101,4,357,1062,23,29,260,74,123,17,51,0,257,37,162,1,38,11,71,266,0
2020/2021,mountain rise,the msunduzi,umgungundlovu,30.40203,-29.5818,610,5,367,67,1,0,96,523,26,150,527,97,8,180,748,30,27,254,66,108,28,42,0,218,36,149,0,41,8,69,249,0
2021/2022,mountain rise,the msunduzi,umgungundlovu,30.40203,-29.5818,636,13,462,87,1,0,63,466,22,173,557,93,6,217,587,20,3,279,96,140,14,47,0,229,34,175,1,38,2,71,181,1
2022/2023,mountain rise,the msunduzi,umgungundlovu,30.40203,-29.5818,884,8,526,134,3,0,83,572,20,214,634,130,4,44,578,36,65,348,68,151,35,68,0,331,38,194,2,44,4,58,287,1
2023/2024,mountain rise,umgungundlovu district,umgungundlovu district,30.40203,-29.5818,0,0,0,0,0,0,0,655,29,0,0,0,0,0,0,0,0,0,0,0,0,61,0,0,0,0,0,0,0,55,336,0
2024/2025,mountain rise,umgungundlovu district,umgungundlovu district,30.40203,-29.5818,0,0,0,0,0,0,0,584,19,0,0,0,0,0,0,0,0,0,0,0,0,50,0,0,0,0,0,0,0,42,238,0
2008/2009,mowbray,city of cape town,city of cape town,18.47228,-33.95012,441,1,20,3,0,0,21,225,12,66,69,39,9,49,101,3,1,134,2,5,1,6,0,95,2,12,0,69,0,97,289,1
2009/2010,mowbray,city of cape town,city of cape town,18.47228,-33.95012,347,0,7,2,0,0,41,194,9,77,60,45,4,62,101,5,1,115,1,2,7,4,0,79,2,6,0,90,0,96,305,0
2010/2011,mowbray,city of cape town,city of cape town,18.47228,-33.95012,361,0,13,1,0,0,23,196,1,60,62,34,5,82,95,0,1,93,0,5,4,5,0,47,2,10,0,81,0,73,236,0
2011/2012,mowbray,city of cape town,city of cape town,18.47228,-33.95012,354,2,12,1,0,0,41,172,1,65,40,40,6,88,146,4,1,81,1,4,5,2,0,49,2,6,0,55,0,73,201,0
2012/2013,mowbray,city of cape town,city of cape town,18.47228,-33.95012,361,0,9,2,1,0,32,218,2,35,33,41,7,76,130,0,1,83,1,6,4,6,0,59,6,14,0,31,0,96,222,0
2013/2014,mowbray,city of cape town,city of cape town,18.47228,-33.95012,379,0,9,3,0,0,33,237,4,73,39,53,6,74,174,4,22,111,0,7,6,11,0,65,5,12,1,26,0,81,258,0
2014/2015,mowbray,city of cape town,city of cape town,18.47228,-33.95012,357,0,8,1,0,0,17,174,9,65,38,77,7,67,105,3,21,109,0,3,8,9,0,101,3,7,0,48,0,79,198,0
2015/2016,mowbray,city of cape town,city of cape town,18.47228,-33.95012,371,1,12,0,1,0,36,258,11,86,41,76,6,57,92,3,12,103,0,6,3,5,1,100,2,9,0,45,0,126,237,0
2016/2017,mowbray,city of cape town,city of cape town,18.47228,-33.95012,271,1,4,3,0,0,19,230,10,76,40,60,6,69,80,4,12,101,1,6,10,9,1,103,0,6,1,46,0,81,171,0
2017/2018,mowbray,city of cape town,city of cape town,18.47228,-33.95012,285,4,12,1,1,0,22,172,9,71,28,77,8,118,47,3,21,88,1,2,17,9,0,118,5,12,0,31,0,99,136,0
2018/2019,mowbray,city of cape town,city of cape town,18.47228,-33.95012,247,0,10,1,0,0,21,160,12,63,35,61,5,150,43,0,17,93,2,4,15,11,0,110,4,11,0,20,0,84,171,0
2019/2020,mowbray,city of cape town,city of cape town,18.47228,-33.95012,204,0,14,1,0,0,18,168,7,74,51,68,6,77,38,2,21,109,2,5,6,9,0,128,5,10,2,18,0,87,160,0
2020/2021,mowbray,city of cape town,city of cape town,18.47228,-33.95012,177,0,7,2,0,0,33,127,4,50,36,36,7,23,44,0,13,39,1,3,6,7,0,72,4,8,0,3,0,35,102,0
2021/2022,mowbray,city of cape town,city of cape town,18.47228,-33.95012,173,1,10,3,0,0,29,141,4,70,27,41,6,20,48,1,21,54,1,5,11,10,0,91,1,6,0,5,0,48,178,0
2022/2023,mowbray,city of cape town,city of cape town,18.47228,-33.95012,209,0,7,4,1,0,29,188,5,84,63,36,6,46,55,0,2,56,1,6,10,12,0,108,5,12,0,2,0,64,211,0
2023/2024,mowbray,city of cape town district,city of cape town district,18.47228,-33.95012,0,0,0,0,0,0,0,143,10,0,0,0,0,0,0,0,0,0,0,0,0,9,0,0,0,0,0,0,0,49,153,0
2024/2025,mowbray,city of cape town district,city of cape town district,18.47228,-33.95012,0,0,0,0,0,0,0,119,7,0,0,0,0,0,0,0,0,0,0,0,0,7,0,0,0,0,0,0,0,31,162,0
2008/2009,moyeni,ngqushwa,amathole,27.13021,-33.48006,38,4,35,2,1,0,1,43,0,0,28,10,7,0,7,1,1,19,4,7,1,5,0,8,2,11,0,0,7,1,4,0
2009/2010,moyeni,ngqushwa,amathole,27.13021,-33.48006,30,2,36,0,2,0,4,54,0,0,21,7,6,2,4,0,1,22,8,4,2,2,0,5,1,7,0,0,6,3,4,1
2010/2011,moyeni,ngqushwa,amathole,27.13021,-33.48006,35,1,37,2,3,0,10,46,0,0,17,5,7,1,4,2,1,14,1,9,1,1,0,2,0,13,0,0,11,0,1,0
2011/2012,moyeni,ngqushwa,amathole,27.13021,-33.48006,23,1,27,1,1,0,3,32,0,0,7,6,6,1,2,2,1,6,3,9,2,0,0,2,0,10,0,0,15,0,3,0
2012/2013,moyeni,ngqushwa,amathole,27.13021,-33.48006,11,3,30,0,1,0,9,40,0,0,5,3,6,3,6,0,1,11,5,13,4,1,0,8,0,14,0,0,9,1,4,0
2013/2014,moyeni,ngqushwa,amathole,27.13021,-33.48006,7,0,25,3,2,0,5,14,0,1,5,0,7,1,3,1,13,16,2,4,1,0,0,2,0,7,0,0,6,1,6,0
2014/2015,moyeni,ngqushwa,amathole,27.13021,-33.48006,15,0,22,3,1,0,13,19,0,2,8,1,6,0,11,1,13,13,2,8,7,1,0,9,0,9,0,0,4,1,5,0
2015/2016,moyeni,ngqushwa,amathole,27.13021,-33.48006,13,1,31,1,4,0,11,28,0,0,3,3,6,0,4,0,13,8,5,9,1,3,0,4,0,13,0,0,4,2,3,0
2016/2017,moyeni,ngqushwa,amathole,27.13021,-33.48006,8,1,23,2,2,0,10,31,0,2,9,3,6,0,7,2,13,13,5,6,0,1,0,5,0,8,0,0,6,2,1,0
2017/2018,moyeni,ngqushwa,amathole,27.13021,-33.48006,14,0,35,6,1,0,3,27,0,3,7,2,6,1,3,5,13,8,6,6,4,0,0,7,0,7,0,0,5,0,0,1
2018/2019,moyeni,ngqushwa,amathole,27.13021,-33.48006,21,0,36,4,2,0,10,15,0,0,12,2,6,0,5,3,12,12,8,8,1,3,0,11,1,11,0,0,13,0,1,0
2019/2020,moyeni,ngqushwa,amathole,27.13021,-33.48006,30,1,25,6,2,0,1,37,0,0,8,1,6,0,6,2,13,10,0,8,3,7,0,15,0,10,0,0,7,0,3,0
2020/2021,moyeni,ngqushwa,amathole,27.13021,-33.48006,28,1,22,1,1,0,8,36,0,4,12,0,6,0,1,1,13,15,1,5,7,6,0,18,0,6,0,0,11,1,2,1
2021/2022,moyeni,ngqushwa,amathole,27.13021,-33.48006,29,2,23,3,1,0,10,32,0,0,14,1,6,0,5,0,13,15,3,5,2,5,0,10,1,7,0,0,9,1,1,0
2022/2023,moyeni,ngqushwa,amathole,27.13021,-33.48006,35,2,23,0,1,0,6,17,0,2,11,3,6,0,4,0,13,19,1,2,1,2,0,6,1,4,0,0,7,0,3,0
2023/2024,moyeni,amathole district,amathole district,27.13021,-33.48006,0,0,0,0,0,0,0,25,0,0,0,0,0,0,0,0,0,0,0,0,0,3,0,0,0,0,0,0,0,1,3,0
2024/2025,moyeni,amathole district,amathole district,27.13021,-33.48006,0,0,0,0,0,0,0,22,0,0,0,0,0,0,0,0,0,0,0,0,0,6,0,0,0,0,0,0,0,0,0,0
2008/2009,mphephu,makhado,vhembe,30.03913,-22.8985,89,3,227,3,8,0,105,168,1,21,118,31,6,3,90,2,1,125,3,54,1,7,0,16,3,65,0,20,5,1,25,0
2009/2010,mphephu,makhado,vhembe,30.03913,-22.8985,90,2,270,12,9,0,48,183,1,19,141,28,5,8,163,2,1,114,6,58,4,4,0,18,1,71,0,11,11,5,32,0
2010/2011,mphephu,makhado,vhembe,30.03913,-22.8985,104,5,272,8,10,0,68,162,0,24,165,37,4,24,176,4,1,120,2,49,8,7,0,18,0,61,0,9,12,3,31,0
2011/2012,mphephu,makhado,vhembe,30.03913,-22.8985,100,6,278,9,7,0,99,206,1,34,192,35,6,16,161,4,1,123,5,48,16,7,0,38,0,55,1,11,17,3,29,0
2012/2013,mphephu,makhado,vhembe,30.03913,-22.8985,89,8,321,21,16,0,78,195,0,16,194,41,7,20,164,2,1,120,11,51,31,8,0,46,1,69,0,11,13,4,32,0
2013/2014,mphephu,makhado,vhembe,30.03913,-22.8985,98,3,223,17,8,0,101,219,2,16,152,29,6,33,236,4,21,114,5,50,32,13,0,67,2,60,0,9,25,2,27,0
2014/2015,mphephu,makhado,vhembe,30.03913,-22.8985,111,7,238,16,8,0,132,222,1,19,136,22,4,29,272,1,14,116,9,56,29,20,0,85,2,68,34,5,16,5,56,1
2015/2016,mphephu,makhado,vhembe,30.03913,-22.8985,123,3,228,20,6,0,127,247,1,19,157,34,7,54,305,1,14,140,10,63,35,24,0,112,1,71,24,4,25,2,40,0
2016/2017,mphephu,makhado,vhembe,30.03913,-22.8985,119,12,228,20,5,0,142,222,8,21,118,36,4,15,359,3,22,122,11,56,22,28,0,94,4,67,57,15,15,3,32,0
2017/2018,mphephu,makhado,vhembe,30.03913,-22.8985,64,8,215,17,4,0,116,173,3,27,128,30,6,27,482,4,21,111,23,52,14,34,0,90,2,58,9,2,18,2,17,0
2018/2019,mphephu,makhado,vhembe,30.03913,-22.8985,59,5,176,12,5,0,103,144,3,23,130,33,6,32,332,2,14,99,21,59,16,40,0,82,0,64,12,17,29,9,37,0
2019/2020,mphephu,makhado,vhembe,30.03913,-22.8985,74,6,197,14,7,0,102,120,8,27,132,26,7,59,1,2,22,106,13,51,23,22,0,83,1,60,9,14,21,2,25,0
2020/2021,mphephu,makhado,vhembe,30.03913,-22.8985,74,6,165,8,4,0,82,105,2,20,161,20,6,47,2,3,22,143,14,37,15,14,0,56,0,41,3,10,17,5,20,0
2021/2022,mphephu,makhado,vhembe,30.03913,-22.8985,98,6,290,13,9,0,74,213,11,51,240,47,6,71,18,4,22,150,13,45,36,16,0,93,3,57,12,11,20,3,18,0
2022/2023,mphephu,makhado,vhembe,30.03913,-22.8985,133,10,331,10,5,0,74,193,6,58,263,59,5,25,29,23,22,187,6,47,12,9,0,82,2,57,18,30,17,5,16,0
2023/2024,mphephu,vhembe district,vhembe district,30.03913,-22.8985,0,0,0,0,0,0,0,120,4,0,0,0,0,0,0,0,0,0,0,0,0,11,0,0,0,0,0,0,0,3,20,0
2024/2025,mphephu,vhembe district,vhembe district,30.03913,-22.8985,0,0,0,0,0,0,0,156,2,0,0,0,0,0,0,0,0,0,0,0,0,8,0,0,0,0,0,0,0,3,32,0
2008/2009,mpisi,mbizana,alfred nzo,29.93013,-31.14658,2,7,34,5,0,0,16,0,0,0,17,3,6,0,1,2,1,15,6,5,0,1,0,1,0,5,0,0,17,0,0,0
2009/2010,mpisi,mbizana,alfred nzo,29.93013,-31.14658,14,8,28,5,2,0,19,0,0,0,20,5,7,0,2,12,1,11,8,19,0,0,0,2,0,22,0,0,16,1,3,1
2010/2011,mpisi,mbizana,alfred nzo,29.93013,-31.14658,8,5,19,2,3,0,2,11,0,1,7,2,6,0,3,3,1,5,9,10,0,0,0,1,0,13,0,0,21,0,0,0
2011/2012,mpisi,mbizana,alfred nzo,29.93013,-31.14658,6,3,19,2,1,0,0,9,1,0,1,1,6,0,6,5,1,1,10,8,1,2,0,9,0,9,0,0,3,1,1,0
2012/2013,mpisi,mbizana,alfred nzo,29.93013,-31.14658,6,3,19,3,1,0,3,4,0,2,11,1,6,0,10,3,1,5,7,5,2,0,0,2,0,6,0,0,6,0,0,0
2013/2014,mpisi,mbizana,alfred nzo,29.93013,-31.14658,2,3,25,1,2,0,3,7,0,0,10,0,6,2,16,5,13,7,4,12,1,0,0,1,0,14,0,0,10,1,1,0
2014/2015,mpisi,mbizana,alfred nzo,29.93013,-31.14658,9,4,20,4,0,0,3,7,0,0,4,0,7,2,10,2,13,6,2,10,2,0,0,2,1,12,0,0,2,0,1,0
2015/2016,mpisi,mbizana,alfred nzo,29.93013,-31.14658,11,2,14,2,1,0,2,0,0,1,3,1,6,0,32,3,13,7,6,6,2,0,0,2,2,9,0,0,4,0,0,0
2016/2017,mpisi,mbizana,alfred nzo,29.93013,-31.14658,7,1,17,0,0,0,5,3,0,4,5,0,6,0,23,3,13,3,10,11,3,2,0,7,4,15,0,0,12,1,1,0
2017/2018,mpisi,mbizana,alfred nzo,29.93013,-31.14658,10,2,18,2,4,0,3,3,0,0,1,0,6,0,24,2,13,1,5,7,0,1,0,1,0,11,0,0,5,1,0,0
2018/2019,mpisi,mbizana,alfred nzo,29.93013,-31.14658,6,0,13,2,0,0,5,8,0,0,4,1,6,0,8,4,13,6,7,13,0,1,0,1,3,16,0,0,4,0,1,0
2019/2020,mpisi,mbizana,alfred nzo,29.93013,-31.14658,9,2,21,2,1,0,3,3,0,3,0,1,6,1,1,2,13,1,2,12,4,0,0,5,3,16,0,0,16,0,1,0
2020/2021,mpisi,mbizana,alfred nzo,29.93013,-31.14658,10,2,9,2,0,0,5,1,0,4,2,1,6,0,1,1,12,5,4,6,1,2,0,5,4,10,0,0,8,0,0,0
2021/2022,mpisi,mbizana,alfred nzo,29.93013,-31.14658,7,1,13,1,0,0,8,4,0,4,10,0,6,0,3,2,13,2,7,13,0,0,0,0,0,13,0,0,4,0,1,0
2022/2023,mpisi,mbizana,alfred nzo,29.93013,-31.14658,6,0,25,2,2,0,12,1,0,1,3,1,6,0,0,3,12,4,3,21,2,1,0,3,0,23,0,0,4,0,2,0
2023/2024,mpisi,alfred nzo district,alfred nzo district,29.93013,-31.14658,0,0,0,0,0,0,0,1,0,0,0,0,0,0,0,0,0,0,0,0,0,0,0,0,0,0,0,0,0,0,0,0
2024/2025,mpisi,alfred nzo district,alfred nzo district,29.93013,-31.14658,0,0,0,0,0,0,0,1,0,0,0,0,0,0,0,0,0,0,0,0,0,1,0,0,0,0,0,0,0,1,1,0
2008/2009,mpophomeni,umngeni,umgungundlovu,30.18046,-29.56264,56,4,76,5,0,0,4,104,3,2,37,20,7,12,192,4,1,30,18,45,1,6,0,12,1,47,0,0,18,13,5,0
2009/2010,mpophomeni,umngeni,umgungundlovu,30.18046,-29.56264,64,4,63,6,0,0,4,150,3,2,35,9,6,19,195,8,1,25,17,35,4,6,0,18,1,36,0,0,25,15,5,0
2010/2011,mpophomeni,umngeni,umgungundlovu,30.18046,-29.56264,65,5,51,6,0,0,9,114,1,1,29,7,6,11,203,11,1,24,15,29,3,1,0,18,0,29,0,0,18,15,11,0
2011/2012,mpophomeni,umngeni,umgungundlovu,30.18046,-29.56264,58,2,55,8,0,0,4,108,1,1,21,7,7,15,206,7,1,27,14,34,2,3,0,19,1,36,0,0,26,18,14,0
2012/2013,mpophomeni,umngeni,umgungundlovu,30.18046,-29.56264,65,6,93,9,1,0,18,135,0,2,36,11,7,16,202,1,1,32,4,21,0,3,0,6,1,24,0,0,20,16,9,0
2013/2014,mpophomeni,umngeni,umgungundlovu,30.18046,-29.56264,59,0,82,5,1,0,6,74,0,3,36,5,7,17,124,4,13,16,10,27,0,4,0,6,0,29,0,0,14,8,10,0
2014/2015,mpophomeni,umngeni,umgungundlovu,30.18046,-29.56264,68,5,66,2,1,0,3,140,2,5,46,14,6,24,124,6,12,20,3,30,0,8,0,14,2,33,0,2,14,9,21,0
2015/2016,mpophomeni,umngeni,umgungundlovu,30.18046,-29.56264,75,1,67,3,1,0,5,167,1,10,35,14,6,14,131,3,12,20,6,37,0,7,0,20,2,40,0,0,10,2,8,0
2016/2017,mpophomeni,umngeni,umgungundlovu,30.18046,-29.56264,70,3,53,9,0,0,6,133,2,5,44,13,6,11,123,4,13,28,11,37,2,8,0,14,4,41,0,0,34,6,14,1
2017/2018,mpophomeni,umngeni,umgungundlovu,30.18046,-29.56264,81,1,72,2,0,0,15,100,5,3,56,11,7,22,110,19,13,36,14,30,3,3,0,18,6,37,0,1,34,5,8,0
2018/2019,mpophomeni,umngeni,umgungundlovu,30.18046,-29.56264,78,1,102,5,0,0,10,128,5,12,55,9,6,10,66,5,12,21,13,30,2,3,0,29,2,32,1,0,15,9,8,0
2019/2020,mpophomeni,umngeni,umgungundlovu,30.18046,-29.56264,73,6,66,9,0,0,12,133,5,13,62,14,4,46,1,7,13,30,16,30,0,2,0,26,4,36,0,1,18,12,15,1
2020/2021,mpophomeni,umngeni,umgungundlovu,30.18046,-29.56264,57,3,48,7,2,0,16,76,3,13,56,16,7,4,3,2,12,25,17,27,0,5,0,13,2,32,0,22,15,7,11,0
2021/2022,mpophomeni,umngeni,umgungundlovu,30.18046,-29.56264,74,5,91,11,0,0,20,58,9,20,56,8,6,2,2,5,12,24,22,42,1,4,0,17,1,43,0,16,25,7,4,0
2022/2023,mpophomeni,umngeni,umgungundlovu,30.18046,-29.56264,75,0,76,16,0,0,20,83,6,16,69,14,7,5,17,5,22,35,23,36,6,16,0,42,2,39,0,33,18,3,4,0
2023/2024,mpophomeni,umgungundlovu district,umgungundlovu district,30.18046,-29.56264,0,0,0,0,0,0,0,91,8,0,0,0,0,0,0,0,0,0,0,0,0,30,0,0,0,0,0,0,0,4,8,0
2024/2025,mpophomeni,umgungundlovu district,umgungundlovu district,30.18046,-29.56264,0,0,0,0,0,0,0,88,4,0,0,0,0,0,0,0,0,0,0,0,0,10,0,0,0,0,0,0,0,7,11,0
2008/2009,mpumalanga kzn,ethekwini,ethekwini,30.63633,-29.81428,108,1,164,27,2,0,39,154,16,37,120,24,4,75,177,43,1,54,79,118,7,29,0,127,6,128,0,25,4,21,5,1
2009/2010,mpumalanga kzn,ethekwini,ethekwini,30.63633,-29.81428,147,4,226,55,1,0,20,106,13,15,224,15,4,52,348,66,1,64,59,128,8,35,0,123,6,137,0,92,11,28,7,0
2010/2011,mpumalanga kzn,ethekwini,ethekwini,30.63633,-29.81428,122,2,198,37,1,0,44,139,12,8,224,28,7,18,371,58,1,73,39,81,13,25,1,111,11,94,0,71,4,25,23,0
2011/2012,mpumalanga kzn,ethekwini,ethekwini,30.63633,-29.81428,153,7,271,51,0,0,58,187,11,16,230,36,7,50,375,62,1,74,64,90,18,34,1,134,7,98,0,46,10,37,46,0
2012/2013,mpumalanga kzn,ethekwini,ethekwini,30.63633,-29.81428,180,2,281,54,0,0,74,203,8,16,194,30,6,44,380,63,1,72,84,95,26,47,0,184,11,106,0,39,21,33,42,0
2013/2014,mpumalanga kzn,ethekwini,ethekwini,30.63633,-29.81428,312,7,262,71,0,0,55,239,7,29,188,46,7,26,334,85,23,82,92,81,15,30,1,163,12,94,0,45,10,23,52,0
2014/2015,mpumalanga kzn,ethekwini,ethekwini,30.63633,-29.81428,356,3,260,63,1,0,74,237,13,23,81,39,7,77,363,68,23,77,64,61,30,29,0,188,7,70,0,64,16,21,62,0
2015/2016,mpumalanga kzn,ethekwini,ethekwini,30.63633,-29.81428,203,0,248,86,0,0,58,295,7,45,77,30,6,37,397,39,2,77,73,78,11,26,0,112,5,83,0,77,14,25,46,0
2016/2017,mpumalanga kzn,ethekwini,ethekwini,30.63633,-29.81428,186,0,241,58,0,0,75,341,16,42,101,32,4,116,565,45,23,77,93,69,7,32,2,100,9,80,0,60,9,13,41,0
2017/2018,mpumalanga kzn,ethekwini,ethekwini,30.63633,-29.81428,171,0,222,57,0,0,74,367,35,53,111,28,7,120,409,58,28,97,90,66,12,21,0,122,17,84,0,64,22,19,50,0
2018/2019,mpumalanga kzn,ethekwini,ethekwini,30.63633,-29.81428,162,7,262,76,1,0,46,278,58,75,135,32,8,103,260,33,25,114,84,85,35,27,0,177,16,106,0,55,29,18,39,3
2019/2020,mpumalanga kzn,ethekwini,ethekwini,30.63633,-29.81428,131,5,219,89,1,0,47,205,39,66,160,36,4,87,183,35,2,121,129,67,28,44,0,172,14,84,0,61,16,16,28,0
2020/2021,mpumalanga kzn,ethekwini,ethekwini,30.63633,-29.81428,151,2,268,55,2,0,56,177,64,64,188,41,8,7,97,51,43,152,104,77,24,88,0,248,8,91,0,43,6,14,21,1
2021/2022,mpumalanga kzn,ethekwini,ethekwini,30.63633,-29.81428,157,10,317,97,0,0,66,198,74,64,267,37,6,5,110,29,62,185,148,73,28,122,0,297,13,86,0,27,12,25,26,0
2022/2023,mpumalanga kzn,ethekwini,ethekwini,30.63633,-29.81428,190,4,258,133,1,0,54,218,53,69,241,42,7,8,162,78,60,184,148,63,23,107,0,274,8,73,0,22,15,13,27,0
2023/2024,mpumalanga kzn,ethekwini district,ethekwini district,30.63633,-29.81428,0,0,0,0,0,0,0,226,35,0,0,0,0,0,0,0,0,0,0,0,0,92,0,0,0,0,0,0,0,11,38,0
2024/2025,mpumalanga kzn,ethekwini district,ethekwini district,30.63633,-29.81428,0,0,0,0,0,0,0,188,27,0,0,0,0,0,0,0,0,0,0,0,0,152,0,0,0,0,0,0,0,7,21,0
2008/2009,mpungamhlophe,ulundi,zululand,31.25359,-28.27376,12,3,52,2,1,0,3,22,1,0,15,4,4,9,7,0,1,10,1,10,0,2,0,9,0,13,0,0,26,2,3,1
2009/2010,mpungamhlophe,ulundi,zululand,31.25359,-28.27376,15,2,78,5,3,0,6,31,0,2,17,1,6,4,17,2,1,19,4,8,3,2,0,12,0,11,0,0,26,3,1,0
2010/2011,mpungamhlophe,ulundi,zululand,31.25359,-28.27376,16,0,70,4,0,0,8,34,0,1,24,3,7,5,5,3,1,9,4,14,3,0,0,4,2,17,0,0,26,1,1,0
2011/2012,mpungamhlophe,ulundi,zululand,31.25359,-28.27376,11,4,80,4,1,0,14,32,0,1,18,4,6,2,11,12,1,14,3,10,2,1,0,7,5,16,0,0,23,0,3,0
2012/2013,mpungamhlophe,ulundi,zululand,31.25359,-28.27376,16,1,83,4,0,0,6,19,0,0,14,8,6,2,11,1,1,13,1,10,2,4,0,11,5,15,0,0,26,1,2,0
2013/2014,mpungamhlophe,ulundi,zululand,31.25359,-28.27376,19,2,56,3,1,0,7,14,0,1,19,1,6,4,11,3,13,9,2,6,1,1,0,5,3,10,0,0,37,0,2,0
2014/2015,mpungamhlophe,ulundi,zululand,31.25359,-28.27376,13,1,56,3,0,0,4,13,0,1,13,0,6,9,7,3,12,12,9,8,4,3,0,13,5,13,0,0,21,1,2,0
2015/2016,mpungamhlophe,ulundi,zululand,31.25359,-28.27376,7,1,62,5,1,0,7,11,0,2,13,2,6,3,8,7,13,9,5,7,5,1,0,9,2,10,0,0,20,0,2,0
2016/2017,mpungamhlophe,ulundi,zululand,31.25359,-28.27376,12,2,45,3,0,0,7,17,0,0,6,3,6,5,12,2,12,10,3,5,4,4,0,9,3,8,0,0,33,1,1,0
2017/2018,mpungamhlophe,ulundi,zululand,31.25359,-28.27376,7,0,44,1,0,0,11,7,0,0,5,4,6,6,10,4,13,5,0,8,3,4,0,8,2,10,0,0,21,2,4,0
2018/2019,mpungamhlophe,ulundi,zululand,31.25359,-28.27376,7,1,38,8,0,0,13,9,1,0,4,0,6,2,9,3,13,13,4,7,0,0,0,1,2,9,0,0,17,1,1,0
2019/2020,mpungamhlophe,ulundi,zululand,31.25359,-28.27376,10,1,51,3,0,0,8,13,0,1,3,1,6,12,22,3,12,14,2,9,0,2,0,2,8,17,0,0,12,0,1,0
2020/2021,mpungamhlophe,ulundi,zululand,31.25359,-28.27376,2,1,32,4,0,0,6,6,0,0,6,1,6,13,1,0,14,9,5,5,3,0,0,3,1,6,0,0,8,1,1,0
2021/2022,mpungamhlophe,ulundi,zululand,31.25359,-28.27376,8,1,39,1,1,0,7,4,1,1,5,3,6,2,5,9,13,6,5,7,3,0,0,4,2,10,0,0,5,0,1,0
2022/2023,mpungamhlophe,ulundi,zululand,31.25359,-28.27376,14,0,35,5,0,0,5,4,0,0,1,2,6,1,7,6,12,5,2,15,1,1,0,3,5,20,0,0,3,1,1,1
2023/2024,mpungamhlophe,zululand district,zululand district,31.25359,-28.27376,0,0,0,0,0,0,0,5,1,0,0,0,0,0,0,0,0,0,0,0,0,5,0,0,0,0,0,0,0,0,1,0
2024/2025,mpungamhlophe,zululand district,zululand district,31.25359,-28.27376,0,0,0,0,0,0,0,7,1,0,0,0,0,0,0,0,0,0,0,0,0,1,0,0,0,0,0,0,0,0,1,0
2008/2009,mqanduli,king sabata dalindyebo,o.r.tambo,28.76291,-31.81916,102,7,327,16,3,0,5,124,6,28,97,21,8,8,28,11,1,64,30,52,13,25,0,62,2,61,0,7,85,11,13,0
2009/2010,mqanduli,king sabata dalindyebo,o.r.tambo,28.76291,-31.81916,108,13,286,16,4,0,11,203,3,21,82,13,12,24,36,11,1,34,28,58,19,30,0,71,0,69,0,16,133,14,13,0
2010/2011,mqanduli,king sabata dalindyebo,o.r.tambo,28.76291,-31.81916,117,10,235,18,6,0,5,159,1,25,97,36,10,19,37,16,1,53,36,68,17,19,0,58,0,80,0,22,132,24,26,0
2011/2012,mqanduli,king sabata dalindyebo,o.r.tambo,28.76291,-31.81916,112,11,246,16,2,0,15,161,2,41,93,37,6,13,42,23,1,65,27,54,21,29,0,76,0,56,0,11,156,9,30,0
2012/2013,mqanduli,king sabata dalindyebo,o.r.tambo,28.76291,-31.81916,108,13,210,12,0,0,54,151,1,45,54,32,4,6,53,15,1,51,30,62,17,23,0,88,1,65,0,8,91,8,26,0
2013/2014,mqanduli,king sabata dalindyebo,o.r.tambo,28.76291,-31.81916,104,18,189,18,0,0,50,132,6,29,47,17,4,11,58,18,17,46,38,65,45,23,0,123,1,68,0,16,73,9,31,0
2014/2015,mqanduli,king sabata dalindyebo,o.r.tambo,28.76291,-31.81916,77,11,191,13,4,0,25,97,4,14,22,18,6,4,67,22,14,43,39,88,21,19,0,89,2,94,0,16,68,1,20,0
2015/2016,mqanduli,king sabata dalindyebo,o.r.tambo,28.76291,-31.81916,88,5,152,20,1,0,41,83,4,16,31,15,6,8,75,21,21,59,39,70,15,24,0,88,1,72,1,11,71,1,11,1
2016/2017,mqanduli,king sabata dalindyebo,o.r.tambo,28.76291,-31.81916,106,4,160,15,1,0,54,87,4,21,30,16,6,3,84,29,12,51,52,73,25,15,0,81,2,76,0,13,55,7,12,0
2017/2018,mqanduli,king sabata dalindyebo,o.r.tambo,28.76291,-31.81916,84,8,157,19,1,0,57,88,3,21,52,17,7,1,26,10,12,53,40,81,26,12,0,71,5,88,0,14,67,10,16,0
2018/2019,mqanduli,king sabata dalindyebo,o.r.tambo,28.76291,-31.81916,84,5,169,23,3,0,66,84,7,39,37,18,7,3,18,6,12,77,47,96,31,14,2,106,5,105,0,12,71,7,22,0
2019/2020,mqanduli,king sabata dalindyebo,o.r.tambo,28.76291,-31.81916,102,10,220,21,1,0,56,98,8,53,49,23,6,7,18,17,22,67,46,94,29,6,2,97,0,95,0,13,66,3,11,1
2020/2021,mqanduli,king sabata dalindyebo,o.r.tambo,28.76291,-31.81916,84,12,177,16,0,0,50,59,5,46,50,20,6,4,12,17,23,52,36,60,16,16,2,85,3,63,0,10,63,5,5,4
2021/2022,mqanduli,king sabata dalindyebo,o.r.tambo,28.76291,-31.81916,87,6,159,26,1,0,46,102,13,60,54,20,6,10,17,22,21,51,43,108,38,13,3,126,10,119,0,9,89,5,9,1
2022/2023,mqanduli,king sabata dalindyebo,o.r.tambo,28.76291,-31.81916,87,4,198,24,2,0,54,89,13,58,65,22,6,3,16,17,17,63,46,67,40,18,2,121,5,74,0,17,113,4,9,1
2023/2024,mqanduli,or tambo district,or tambo district,28.76291,-31.81916,0,0,0,0,0,0,0,97,13,0,0,0,0,0,0,0,0,0,0,0,0,15,0,0,0,0,0,0,0,6,14,0
2024/2025,mqanduli,or tambo district,or tambo district,28.76291,-31.81916,0,0,0,0,0,0,0,79,11,0,0,0,0,0,0,0,0,0,0,0,0,15,0,0,0,0,0,0,0,2,14,0
2008/2009,msinga,msinga,umzinyathi,30.44199,-28.74896,38,23,122,45,13,1,25,69,5,21,52,16,7,18,17,66,1,31,50,47,4,6,1,36,4,65,0,2,72,5,15,0
2009/2010,msinga,msinga,umzinyathi,30.44199,-28.74896,68,16,155,50,2,0,43,83,8,12,60,9,12,8,19,98,1,54,63,69,0,4,0,24,3,81,0,0,81,5,17,0
2010/2011,msinga,msinga,umzinyathi,30.44199,-28.74896,76,12,191,29,1,0,40,95,4,24,122,13,4,5,13,115,1,59,47,51,6,7,0,30,0,54,0,0,80,6,24,0
2011/2012,msinga,msinga,umzinyathi,30.44199,-28.74896,98,23,205,40,7,0,30,81,2,24,112,9,4,2,9,62,1,33,29,73,7,4,0,22,0,82,0,1,87,5,16,1
2012/2013,msinga,msinga,umzinyathi,30.44199,-28.74896,112,29,201,40,10,0,32,120,3,54,93,11,8,1,3,86,1,58,46,45,11,10,0,32,2,61,0,1,76,10,20,0
2013/2014,msinga,msinga,umzinyathi,30.44199,-28.74896,100,11,222,48,7,0,55,118,5,32,94,32,4,5,38,127,23,61,43,46,8,16,0,50,0,55,1,1,90,6,23,0
2014/2015,msinga,msinga,umzinyathi,30.44199,-28.74896,84,33,238,33,4,0,50,153,0,16,109,16,5,25,95,159,23,65,33,63,7,10,0,43,5,75,1,2,77,4,20,0
2015/2016,msinga,msinga,umzinyathi,30.44199,-28.74896,94,18,217,42,7,0,51,65,3,34,96,17,5,42,71,115,14,70,41,78,8,12,0,39,6,94,1,7,63,8,27,1
2016/2017,msinga,msinga,umzinyathi,30.44199,-28.74896,90,8,169,49,5,0,52,76,4,46,100,12,6,45,84,96,23,66,42,64,8,7,0,45,3,72,1,8,91,8,19,1
2017/2018,msinga,msinga,umzinyathi,30.44199,-28.74896,77,12,203,60,0,0,78,72,7,34,73,13,7,28,115,109,12,69,76,65,3,8,0,37,6,72,0,3,65,11,26,0
2018/2019,msinga,msinga,umzinyathi,30.44199,-28.74896,65,16,177,62,0,0,55,71,3,38,75,9,6,26,59,145,13,58,62,39,14,6,1,45,7,46,0,4,67,9,21,1
2019/2020,msinga,msinga,umzinyathi,30.44199,-28.74896,72,10,188,45,0,0,67,81,4,68,65,11,6,35,105,123,23,74,50,69,14,4,0,47,4,73,0,7,36,5,16,0
2020/2021,msinga,msinga,umzinyathi,30.44199,-28.74896,85,10,158,41,0,0,66,71,4,111,75,13,6,17,147,73,21,56,51,48,8,7,0,38,8,56,0,5,50,5,16,0
2021/2022,msinga,msinga,umzinyathi,30.44199,-28.74896,92,13,172,58,2,0,127,51,4,129,71,19,7,15,144,49,14,54,76,76,19,15,0,60,11,90,1,10,49,9,23,0
2022/2023,msinga,msinga,umzinyathi,30.44199,-28.74896,84,12,148,54,1,0,54,64,5,29,64,18,6,8,136,52,2,67,75,75,17,16,0,74,6,82,0,8,30,13,19,0
2023/2024,msinga,umzinyathi district,umzinyathi district,30.44199,-28.74896,0,0,0,0,0,0,0,73,12,0,0,0,0,0,0,0,0,0,0,0,0,10,0,0,0,0,0,0,0,9,16,0
2024/2025,msinga,umzinyathi district,umzinyathi district,30.44199,-28.74896,0,0,0,0,0,0,0,68,2,0,0,0,0,0,0,0,0,0,0,0,0,10,0,0,0,0,0,0,0,9,21,0
2008/2009,msinsini,umzumbe,ugu,30.5189,-30.49355,31,9,67,6,1,0,27,43,1,3,25,9,7,15,79,7,1,12,7,20,0,5,0,17,4,26,0,0,10,2,5,0
2009/2010,msinsini,umzumbe,ugu,30.5189,-30.49355,31,2,52,8,4,0,39,45,0,1,32,10,6,14,117,19,1,11,10,29,3,9,0,17,2,35,0,0,8,1,4,1
2010/2011,msinsini,umzumbe,ugu,30.5189,-30.49355,22,3,68,16,2,0,27,38,1,0,22,5,7,27,133,21,1,8,7,24,2,11,0,14,1,28,0,0,10,1,4,0
2011/2012,msinsini,umzumbe,ugu,30.5189,-30.49355,20,3,51,5,1,0,34,25,0,0,7,3,4,26,156,10,1,7,13,29,4,16,0,23,4,36,0,0,8,3,2,0
2012/2013,msinsini,umzumbe,ugu,30.5189,-30.49355,22,1,60,6,5,0,39,32,1,2,20,2,7,21,233,4,1,7,12,26,5,10,0,19,0,32,0,0,16,5,5,0
2013/2014,msinsini,umzumbe,ugu,30.5189,-30.49355,19,1,49,8,0,0,40,37,0,0,10,9,6,11,237,18,12,8,10,26,5,4,0,10,3,29,0,0,10,5,0,0
2014/2015,msinsini,umzumbe,ugu,30.5189,-30.49355,31,1,58,3,5,0,25,54,1,0,26,6,6,10,256,7,12,10,6,20,4,6,0,12,3,28,0,0,15,3,3,0
2015/2016,msinsini,umzumbe,ugu,30.5189,-30.49355,38,5,58,5,1,0,17,44,0,2,28,6,6,8,163,19,12,15,15,15,7,8,0,16,1,17,1,0,12,0,3,0
2016/2017,msinsini,umzumbe,ugu,30.5189,-30.49355,36,2,58,0,1,0,38,59,0,1,18,9,6,1,188,6,12,21,5,12,4,14,0,21,0,13,0,0,9,1,6,0
2017/2018,msinsini,umzumbe,ugu,30.5189,-30.49355,17,0,45,1,2,0,27,50,0,2,30,2,6,8,205,8,13,9,8,20,4,9,0,20,4,26,0,0,12,0,3,0
2018/2019,msinsini,umzumbe,ugu,30.5189,-30.49355,24,0,41,1,0,0,25,37,0,5,32,1,6,12,97,3,14,27,6,27,3,7,0,17,2,29,0,0,8,2,7,0
2019/2020,msinsini,umzumbe,ugu,30.5189,-30.49355,36,0,44,3,0,0,24,50,0,0,26,5,4,21,9,6,13,26,7,14,6,7,0,17,1,17,0,0,19,2,6,0
2020/2021,msinsini,umzumbe,ugu,30.5189,-30.49355,28,1,44,7,1,0,24,31,1,2,11,3,6,5,15,4,13,39,10,20,7,14,0,28,1,22,0,0,15,2,5,1
2021/2022,msinsini,umzumbe,ugu,30.5189,-30.49355,25,1,49,7,3,0,44,39,1,5,17,4,7,9,4,5,14,38,10,21,0,20,0,26,1,26,0,0,27,0,2,0
2022/2023,msinsini,umzumbe,ugu,30.5189,-30.49355,24,3,49,13,3,0,36,38,1,4,9,1,4,4,7,5,23,28,15,28,5,15,0,26,2,35,0,0,15,3,9,0
2023/2024,msinsini,ugu district,ugu district,30.5189,-30.49355,0,0,0,0,0,0,0,36,1,0,0,0,0,0,0,0,0,0,0,0,0,14,0,0,0,0,0,0,0,2,4,0
2024/2025,msinsini,ugu district,ugu district,30.5189,-30.49355,0,0,0,0,0,0,0,26,3,0,0,0,0,0,0,0,0,0,0,0,0,15,0,0,0,0,0,0,0,3,2,0
2008/2009,msobomvu,mnquma,amathole,28.186,-32.32437,174,2,147,22,3,0,40,224,7,2,72,29,5,39,87,22,1,77,24,43,9,41,0,118,5,54,0,0,27,26,93,0
2009/2010,msobomvu,mnquma,amathole,28.186,-32.32437,142,2,141,43,5,0,35,225,1,6,97,50,10,91,76,13,1,78,24,56,18,42,0,138,1,68,0,0,24,38,77,0
2010/2011,msobomvu,mnquma,amathole,28.186,-32.32437,146,6,158,41,9,0,31,244,10,7,111,36,4,17,36,28,1,101,19,50,16,66,0,191,2,63,0,0,27,41,96,0
2011/2012,msobomvu,mnquma,amathole,28.186,-32.32437,177,6,168,35,7,0,33,224,7,4,103,30,4,46,92,28,1,76,31,46,10,46,0,159,1,56,0,0,13,38,72,0
2012/2013,msobomvu,mnquma,amathole,28.186,-32.32437,206,5,161,22,5,0,42,255,12,9,116,34,4,55,93,21,1,80,22,82,4,31,0,138,1,90,0,0,16,22,51,0
2013/2014,msobomvu,mnquma,amathole,28.186,-32.32437,164,8,183,30,4,0,30,253,6,5,110,32,6,123,162,48,24,81,29,78,8,28,0,111,8,90,0,0,22,37,122,0
2014/2015,msobomvu,mnquma,amathole,28.186,-32.32437,117,6,189,15,5,0,35,178,4,3,62,31,6,51,151,24,17,99,22,85,20,24,0,121,0,90,0,0,23,54,107,2
2015/2016,msobomvu,mnquma,amathole,28.186,-32.32437,152,1,155,16,5,0,27,249,5,2,71,13,6,25,113,13,25,77,22,70,15,16,0,96,1,76,0,0,20,34,46,1
2016/2017,msobomvu,mnquma,amathole,28.186,-32.32437,143,2,169,15,2,0,26,224,1,4,61,17,7,24,107,20,23,62,17,52,12,22,0,84,3,58,0,0,19,15,38,0
2017/2018,msobomvu,mnquma,amathole,28.186,-32.32437,151,2,116,27,3,0,43,296,7,7,53,27,6,2,105,16,17,70,19,66,25,25,0,138,5,74,0,0,24,16,44,1
2018/2019,msobomvu,mnquma,amathole,28.186,-32.32437,158,3,142,16,0,0,40,338,5,8,37,22,6,0,70,24,22,78,31,79,20,50,0,158,10,89,0,0,8,16,30,0
2019/2020,msobomvu,mnquma,amathole,28.186,-32.32437,165,0,131,10,1,0,39,272,2,3,69,17,7,8,20,12,14,109,25,47,15,34,0,102,4,53,1,0,27,15,41,1
2020/2021,msobomvu,mnquma,amathole,28.186,-32.32437,195,1,131,15,1,0,65,226,4,13,77,15,6,4,9,5,23,87,16,54,13,26,1,104,5,60,0,0,11,15,52,0
2021/2022,msobomvu,mnquma,amathole,28.186,-32.32437,141,0,157,24,2,0,33,284,9,13,89,16,6,1,13,12,17,80,38,60,19,16,0,93,10,72,0,0,14,7,46,0
2022/2023,msobomvu,mnquma,amathole,28.186,-32.32437,126,8,181,17,0,0,52,212,4,14,52,25,6,1,20,17,22,90,34,57,6,16,0,89,4,61,0,0,12,17,22,0
2023/2024,msobomvu,amathole district,amathole district,28.186,-32.32437,0,0,0,0,0,0,0,112,9,0,0,0,0,0,0,0,0,0,0,0,0,12,0,0,0,0,0,0,0,11,19,0
2024/2025,msobomvu,amathole district,amathole district,28.186,-32.32437,0,0,0,0,0,0,0,117,8,0,0,0,0,0,0,0,0,0,0,0,0,13,0,0,0,0,0,0,0,17,31,0
2008/2009,mthatha,king sabata dalindyebo,o.r.tambo,28.77164,-31.58173,899,30,682,68,15,0,233,637,70,710,410,301,36,500,137,82,1,337,135,169,28,24,0,392,3,203,0,322,55,420,416,1
2009/2010,mthatha,king sabata dalindyebo,o.r.tambo,28.77164,-31.58173,793,23,753,71,13,0,245,842,68,1023,558,353,51,1005,117,57,1,367,139,196,45,78,0,417,1,247,0,322,156,429,537,3
2010/2011,mthatha,king sabata dalindyebo,o.r.tambo,28.77164,-31.58173,1421,45,764,69,10,0,168,741,62,1087,735,553,29,395,105,71,1,465,142,218,57,86,1,441,12,262,0,289,236,379,732,6
2011/2012,mthatha,king sabata dalindyebo,o.r.tambo,28.77164,-31.58173,1240,57,639,71,17,0,250,720,58,1185,492,325,18,82,164,54,1,452,151,212,92,91,0,795,12,252,6,235,202,379,884,1
2012/2013,mthatha,king sabata dalindyebo,o.r.tambo,28.77164,-31.58173,846,37,677,75,17,0,272,605,71,1280,638,182,10,52,162,56,1,471,144,268,65,69,0,685,11,302,3,220,225,293,852,1
2013/2014,mthatha,king sabata dalindyebo,o.r.tambo,28.77164,-31.58173,300,8,140,11,0,0,116,134,18,385,142,53,7,20,101,20,21,111,40,46,34,6,0,237,3,50,0,185,175,57,266,0
2014/2015,mthatha,king sabata dalindyebo,o.r.tambo,28.77164,-31.58173,409,19,467,45,5,0,92,461,18,99,239,37,12,18,140,53,37,260,92,222,48,64,0,269,16,250,3,29,186,136,299,2
2015/2016,mthatha,king sabata dalindyebo,o.r.tambo,28.77164,-31.58173,413,16,498,52,7,0,97,442,32,89,244,49,12,56,229,49,2,280,122,217,42,81,0,294,12,243,1,18,195,134,301,0
2016/2017,mthatha,king sabata dalindyebo,o.r.tambo,28.77164,-31.58173,396,16,427,54,9,0,112,453,28,115,185,30,5,49,323,64,3,215,127,227,52,80,0,303,7,246,0,20,179,161,342,0
2017/2018,mthatha,king sabata dalindyebo,o.r.tambo,28.77164,-31.58173,490,22,449,78,2,0,144,629,38,85,262,37,4,7,245,82,36,289,160,222,80,83,3,393,10,236,0,35,274,204,341,1
2018/2019,mthatha,king sabata dalindyebo,o.r.tambo,28.77164,-31.58173,534,15,526,68,6,0,111,620,57,112,300,62,8,21,190,84,36,316,181,204,85,83,0,427,23,237,0,17,199,134,277,1
2019/2020,mthatha,king sabata dalindyebo,o.r.tambo,28.77164,-31.58173,531,20,474,68,7,0,96,583,50,138,304,57,7,44,171,81,42,303,159,257,60,88,2,414,16,281,1,10,203,94,207,2
2020/2021,mthatha,king sabata dalindyebo,o.r.tambo,28.77164,-31.58173,494,22,461,73,2,0,97,544,69,160,391,44,6,36,209,69,18,281,116,181,42,81,0,379,27,210,1,10,271,101,160,1
2021/2022,mthatha,king sabata dalindyebo,o.r.tambo,28.77164,-31.58173,512,18,576,71,3,0,95,536,103,237,502,78,5,145,117,127,15,332,160,232,59,83,0,445,21,259,0,15,221,144,174,1
2022/2023,mthatha,king sabata dalindyebo,o.r.tambo,28.77164,-31.58173,532,11,514,81,1,0,92,428,156,196,486,49,7,54,121,87,39,280,213,232,53,126,4,576,23,257,0,5,206,127,195,2
2023/2024,mthatha,or tambo district,or tambo district,28.77164,-31.58173,0,0,0,0,0,0,0,471,98,0,0,0,0,0,0,0,0,0,0,0,0,103,0,0,0,0,0,0,0,81,168,0
2024/2025,mthatha,or tambo district,or tambo district,28.77164,-31.58173,0,0,0,0,0,0,0,372,63,0,0,0,0,0,0,0,0,0,0,0,0,64,0,0,0,0,0,0,0,51,135,0
2008/2009,mtontsasa,ngquza hill,o.r.tambo,29.7024,-31.20766,34,6,37,2,3,0,2,29,0,1,14,5,7,0,1,9,1,11,13,6,3,4,0,9,0,10,0,0,8,1,3,0
2009/2010,mtontsasa,ngquza hill,o.r.tambo,29.7024,-31.20766,35,13,39,6,1,0,3,31,0,3,24,3,31,0,12,13,1,8,17,14,1,4,0,6,1,35,0,0,6,1,5,0
2010/2011,mtontsasa,ngquza hill,o.r.tambo,29.7024,-31.20766,36,10,55,5,0,0,6,26,0,2,15,4,4,1,5,13,1,24,21,30,2,4,0,7,0,32,0,2,7,2,4,0
2011/2012,mtontsasa,ngquza hill,o.r.tambo,29.7024,-31.20766,37,3,41,2,1,0,3,38,0,1,22,8,6,1,12,29,1,16,12,27,3,6,0,14,0,28,0,0,5,0,8,0
2012/2013,mtontsasa,ngquza hill,o.r.tambo,29.7024,-31.20766,34,6,53,7,0,0,10,43,0,0,14,6,6,4,24,9,1,16,10,22,3,2,0,7,0,22,1,0,6,0,10,0
2013/2014,mtontsasa,ngquza hill,o.r.tambo,29.7024,-31.20766,37,10,57,4,0,0,11,42,0,2,32,2,7,2,25,10,12,19,10,26,4,6,0,13,0,27,0,0,8,1,2,0
2014/2015,mtontsasa,ngquza hill,o.r.tambo,29.7024,-31.20766,20,4,42,8,0,0,10,27,2,0,25,2,6,2,16,23,14,19,15,25,5,8,0,19,1,26,0,0,11,1,6,0
2015/2016,mtontsasa,ngquza hill,o.r.tambo,29.7024,-31.20766,16,3,38,18,0,0,7,21,0,0,11,3,7,1,32,38,13,19,16,21,2,6,0,11,1,23,0,0,0,0,1,0
2016/2017,mtontsasa,ngquza hill,o.r.tambo,29.7024,-31.20766,11,1,34,4,0,0,8,9,0,0,4,1,7,2,40,15,13,8,9,16,4,5,0,10,0,17,0,0,0,1,1,0
2017/2018,mtontsasa,ngquza hill,o.r.tambo,29.7024,-31.20766,12,1,36,9,0,0,3,4,1,0,6,3,6,1,40,11,12,4,20,26,2,10,0,15,1,27,0,0,1,0,1,0
2018/2019,mtontsasa,ngquza hill,o.r.tambo,29.7024,-31.20766,15,8,36,14,0,0,8,12,0,0,10,0,6,5,19,28,14,13,12,34,2,8,0,12,2,36,0,0,1,1,2,0
2019/2020,mtontsasa,ngquza hill,o.r.tambo,29.7024,-31.20766,16,6,53,4,0,0,20,19,1,1,17,6,6,5,2,45,21,10,15,36,3,5,0,13,3,39,0,0,5,0,3,0
2020/2021,mtontsasa,ngquza hill,o.r.tambo,29.7024,-31.20766,7,3,47,8,0,0,19,12,1,1,11,4,7,2,12,44,13,15,14,28,3,3,0,10,1,30,0,0,12,0,4,0
2021/2022,mtontsasa,ngquza hill,o.r.tambo,29.7024,-31.20766,12,3,38,8,1,0,11,22,0,1,16,1,6,1,8,37,13,8,14,26,2,2,0,4,5,32,0,0,2,1,1,0
2022/2023,mtontsasa,ngquza hill,o.r.tambo,29.7024,-31.20766,18,1,46,6,1,0,32,18,0,0,21,4,5,4,8,29,21,13,23,30,7,3,0,13,1,35,0,0,3,1,4,0
2023/2024,mtontsasa,or tambo district,or tambo district,29.7024,-31.20766,0,0,0,0,0,0,0,25,0,0,0,0,0,0,0,0,0,0,0,0,0,5,0,0,0,0,0,0,0,0,6,0
2024/2025,mtontsasa,or tambo district,or tambo district,29.7024,-31.20766,0,0,0,0,0,0,0,22,0,0,0,0,0,0,0,0,0,0,0,0,0,1,0,0,0,0,0,0,0,0,2,0
2008/2009,mtubatuba,mtubatuba,umkhanyakude,32.18481,-28.41957,420,10,232,24,3,1,99,249,19,83,241,65,7,116,27,24,1,60,15,40,41,25,6,141,17,61,0,269,8,28,63,0
2009/2010,mtubatuba,mtubatuba,umkhanyakude,32.18481,-28.41957,342,12,218,29,6,0,123,203,10,141,222,65,11,120,20,14,1,62,19,43,24,14,6,105,10,67,0,300,24,16,63,4
2010/2011,mtubatuba,mtubatuba,umkhanyakude,32.18481,-28.41957,323,6,217,24,3,0,58,237,6,235,241,80,5,106,26,41,1,65,12,41,29,19,7,105,16,63,0,209,19,20,93,0
2011/2012,mtubatuba,mtubatuba,umkhanyakude,32.18481,-28.41957,276,8,182,19,1,0,99,210,6,137,196,44,6,45,33,33,1,58,13,48,18,34,0,103,12,61,1,138,29,18,103,0
2012/2013,mtubatuba,mtubatuba,umkhanyakude,32.18481,-28.41957,274,5,178,14,2,0,114,258,6,142,180,52,4,69,48,39,1,63,10,45,31,33,1,97,8,57,0,176,34,15,83,0
2013/2014,mtubatuba,mtubatuba,umkhanyakude,32.18481,-28.41957,289,7,151,21,1,0,114,207,1,115,168,48,9,74,60,35,24,79,11,39,34,20,2,89,9,54,1,171,12,8,69,0
2014/2015,mtubatuba,mtubatuba,umkhanyakude,32.18481,-28.41957,250,9,181,17,3,0,92,268,4,121,176,56,7,82,79,19,23,62,16,36,22,18,1,74,4,44,0,207,23,16,103,0
2015/2016,mtubatuba,mtubatuba,umkhanyakude,32.18481,-28.41957,291,1,175,16,2,0,111,260,5,113,164,84,7,95,66,23,14,81,16,34,35,28,3,106,8,45,1,240,14,17,100,0
2016/2017,mtubatuba,mtubatuba,umkhanyakude,32.18481,-28.41957,308,9,150,25,2,0,123,208,5,76,159,66,6,115,69,24,27,75,23,36,39,25,1,97,5,43,0,204,25,12,67,0
2017/2018,mtubatuba,mtubatuba,umkhanyakude,32.18481,-28.41957,270,4,134,14,3,0,79,164,9,59,192,34,6,117,91,23,3,81,13,52,26,13,1,92,7,62,1,164,11,9,66,0
2018/2019,mtubatuba,mtubatuba,umkhanyakude,32.18481,-28.41957,254,2,137,21,1,0,126,202,2,65,174,65,6,64,33,16,37,90,18,57,28,31,0,104,12,70,0,132,6,6,63,0
2019/2020,mtubatuba,mtubatuba,umkhanyakude,32.18481,-28.41957,291,6,113,14,1,0,101,201,8,97,153,29,10,97,22,31,3,89,21,34,21,30,0,120,6,47,0,138,20,8,60,1
2020/2021,mtubatuba,mtubatuba,umkhanyakude,32.18481,-28.41957,263,7,120,24,0,0,71,148,9,106,123,16,10,51,49,19,17,69,17,41,43,38,2,135,7,54,0,134,16,4,59,1
2021/2022,mtubatuba,mtubatuba,umkhanyakude,32.18481,-28.41957,259,7,124,30,0,0,83,126,3,138,156,31,6,54,64,22,3,67,24,47,49,38,0,151,4,51,0,141,30,8,48,3
2022/2023,mtubatuba,mtubatuba,umkhanyakude,32.18481,-28.41957,213,6,139,19,2,0,80,101,4,91,109,24,6,67,77,11,24,53,18,43,28,31,0,103,4,49,0,154,28,4,46,2
2023/2024,mtubatuba,umkhanyakude district,umkhanyakude district,32.18481,-28.41957,0,0,0,0,0,0,0,136,9,0,0,0,0,0,0,0,0,0,0,0,0,45,0,0,0,0,0,0,0,5,53,0
2024/2025,mtubatuba,umkhanyakude district,umkhanyakude district,32.18481,-28.41957,0,0,0,0,0,0,0,81,4,0,0,0,0,0,0,0,0,0,0,0,0,49,0,0,0,0,0,0,0,7,46,0
2008/2009,mtunzini,umlalazi,king cetshwayo,31.75453,-28.95414,236,10,293,47,2,0,21,398,25,42,118,72,12,40,21,37,1,71,37,55,10,74,0,181,24,88,0,6,37,18,23,1
2009/2010,mtunzini,umlalazi,king cetshwayo,31.75453,-28.95414,194,9,263,40,7,0,24,471,19,32,166,60,12,63,38,50,1,110,29,56,13,116,0,239,40,110,0,6,46,18,48,0
2010/2011,mtunzini,umlalazi,king cetshwayo,31.75453,-28.95414,277,13,300,41,6,0,40,380,7,40,169,47,16,6,26,32,1,91,30,61,19,78,0,181,18,95,0,6,47,11,26,0
2011/2012,mtunzini,umlalazi,king cetshwayo,31.75453,-28.95414,244,9,330,31,8,0,56,373,6,22,195,58,4,18,21,32,1,99,32,48,14,90,0,194,30,88,1,3,31,13,20,0
2012/2013,mtunzini,umlalazi,king cetshwayo,31.75453,-28.95414,229,15,363,33,5,0,78,407,5,21,152,57,8,25,29,28,1,73,34,80,17,80,0,193,17,106,0,1,20,6,38,1
2013/2014,mtunzini,umlalazi,king cetshwayo,31.75453,-28.95414,241,18,330,26,7,0,96,430,10,39,148,67,7,15,28,39,2,89,26,60,33,162,0,283,23,91,0,5,25,10,40,0
2014/2015,mtunzini,umlalazi,king cetshwayo,31.75453,-28.95414,219,9,286,28,2,0,55,410,7,20,143,47,9,19,60,19,24,87,26,71,27,120,0,236,27,105,0,3,30,7,37,0
2015/2016,mtunzini,umlalazi,king cetshwayo,31.75453,-28.95414,188,13,332,28,4,0,82,342,11,30,111,55,5,24,98,27,16,91,22,63,38,95,0,205,13,83,0,10,42,12,30,0
2016/2017,mtunzini,umlalazi,king cetshwayo,31.75453,-28.95414,228,9,295,38,5,0,76,438,12,34,126,55,7,29,64,16,22,79,27,58,28,184,0,286,10,74,1,12,25,17,44,1
2017/2018,mtunzini,umlalazi,king cetshwayo,31.75453,-28.95414,208,6,287,39,4,0,88,419,8,48,114,43,4,30,76,25,25,93,29,69,45,136,0,258,14,89,0,6,28,5,14,0
2018/2019,mtunzini,umlalazi,king cetshwayo,31.75453,-28.95414,227,7,338,32,4,0,86,412,7,30,124,42,6,32,30,17,28,103,30,69,16,185,0,277,15,88,0,8,31,6,33,0
2019/2020,mtunzini,umlalazi,king cetshwayo,31.75453,-28.95414,170,9,273,46,5,0,76,239,10,37,78,31,6,55,55,30,25,74,39,82,24,127,0,220,14,101,0,4,27,8,30,0
2020/2021,mtunzini,umlalazi,king cetshwayo,31.75453,-28.95414,140,7,258,64,1,0,70,203,4,42,80,29,4,20,32,35,3,75,39,67,18,113,1,176,11,81,0,8,23,4,15,0
2021/2022,mtunzini,umlalazi,king cetshwayo,31.75453,-28.95414,175,3,307,39,2,0,55,165,11,49,90,40,7,25,28,15,37,87,40,83,22,130,0,213,12,98,0,2,37,8,23,3
2022/2023,mtunzini,umlalazi,king cetshwayo,31.75453,-28.95414,175,8,286,46,9,0,61,222,8,81,117,35,9,8,43,30,26,55,33,68,34,111,0,211,12,94,0,1,70,6,22,0
2023/2024,mtunzini,king cetshwayo district,king cetshwayo district,31.75453,-28.95414,0,0,0,0,0,0,0,240,7,0,0,0,0,0,0,0,0,0,0,0,0,89,0,0,0,0,0,0,0,2,34,0
2024/2025,mtunzini,king cetshwayo district,king cetshwayo district,31.75453,-28.95414,0,0,0,0,0,0,0,195,7,0,0,0,0,0,0,0,0,0,0,0,0,69,0,0,0,0,0,0,0,5,27,0
2008/2009,muden,umvoti,umzinyathi,30.36748,-28.97467,17,0,22,3,0,0,4,10,0,0,2,1,7,0,1,5,1,7,14,8,2,0,0,4,0,9,0,0,13,2,1,0
2009/2010,muden,umvoti,umzinyathi,30.36748,-28.97467,39,3,26,5,1,0,10,24,1,1,11,0,7,2,4,9,1,15,2,8,1,1,0,5,1,11,0,0,14,2,6,0
2010/2011,muden,umvoti,umzinyathi,30.36748,-28.97467,30,1,31,6,0,0,7,16,1,0,16,2,5,0,2,13,1,16,3,5,1,0,0,2,0,8,0,0,24,1,6,0
2011/2012,muden,umvoti,umzinyathi,30.36748,-28.97467,39,3,55,2,0,0,4,17,0,0,13,4,6,0,11,8,1,8,2,9,2,1,0,7,0,9,0,0,20,1,6,0
2012/2013,muden,umvoti,umzinyathi,30.36748,-28.97467,41,2,18,6,0,0,8,16,1,0,6,3,6,1,26,23,1,7,4,6,2,1,0,8,1,7,0,0,17,4,10,1
2013/2014,muden,umvoti,umzinyathi,30.36748,-28.97467,28,3,27,4,0,0,4,13,0,1,6,2,6,3,43,21,13,14,3,3,0,0,0,3,2,5,0,0,11,2,8,0
2014/2015,muden,umvoti,umzinyathi,30.36748,-28.97467,23,0,29,5,2,0,4,13,1,1,4,1,7,1,48,9,13,16,6,7,0,0,0,3,1,11,0,0,12,1,7,0
2015/2016,muden,umvoti,umzinyathi,30.36748,-28.97467,16,3,31,6,0,0,7,7,0,1,7,0,6,1,11,19,13,9,12,9,0,1,0,2,3,12,0,0,19,1,7,0
2016/2017,muden,umvoti,umzinyathi,30.36748,-28.97467,24,3,27,5,1,0,8,9,0,0,9,2,6,5,4,16,13,15,7,7,0,1,0,7,0,8,0,0,22,3,3,0
2017/2018,muden,umvoti,umzinyathi,30.36748,-28.97467,18,0,29,5,0,0,8,13,1,1,10,0,6,4,4,6,12,2,6,7,2,1,0,4,1,8,0,0,7,4,2,0
2018/2019,muden,umvoti,umzinyathi,30.36748,-28.97467,28,1,38,7,0,0,15,19,0,1,12,1,7,3,0,13,13,6,11,10,2,3,0,12,2,13,0,0,21,0,1,0
2019/2020,muden,umvoti,umzinyathi,30.36748,-28.97467,20,3,35,12,0,0,10,21,1,1,11,2,6,11,0,39,12,6,12,13,0,4,0,9,2,15,0,0,24,1,3,0
2020/2021,muden,umvoti,umzinyathi,30.36748,-28.97467,29,2,46,6,0,0,11,14,0,2,18,5,6,8,3,17,12,8,10,5,0,3,0,5,3,8,0,0,15,1,3,0
2021/2022,muden,umvoti,umzinyathi,30.36748,-28.97467,24,5,46,17,0,0,18,12,1,1,13,2,6,5,6,16,12,11,18,10,1,2,0,11,3,13,4,0,8,2,2,0
2022/2023,muden,umvoti,umzinyathi,30.36748,-28.97467,23,0,51,11,0,0,12,11,1,1,19,6,6,2,5,11,13,11,10,8,0,2,0,10,1,9,0,0,6,0,2,1
2023/2024,muden,umzinyathi district,umzinyathi district,30.36748,-28.97467,0,0,0,0,0,0,0,9,4,0,0,0,0,0,0,0,0,0,0,0,0,2,0,0,0,0,0,0,0,0,4,0
2024/2025,muden,umzinyathi district,umzinyathi district,30.36748,-28.97467,0,0,0,0,0,0,0,8,4,0,0,0,0,0,0,0,0,0,0,0,0,1,0,0,0,0,0,0,0,2,5,0
2008/2009,muizenberg,city of cape town,city of cape town,18.46663,-34.10872,714,5,104,31,6,0,99,783,11,72,197,130,11,72,185,24,1,284,12,41,3,3,0,77,18,73,0,191,0,214,525,0
2009/2010,muizenberg,city of cape town,city of cape town,18.46663,-34.10872,828,7,172,24,2,0,72,816,4,69,313,149,9,130,269,8,1,349,24,56,5,6,1,96,13,76,0,208,0,170,555,0
2010/2011,muizenberg,city of cape town,city of cape town,18.46663,-34.10872,943,4,152,35,4,0,62,788,7,98,275,97,9,178,357,35,1,325,33,41,9,21,0,178,20,70,0,150,0,182,500,0
2011/2012,muizenberg,city of cape town,city of cape town,18.46663,-34.10872,1075,0,212,35,3,0,59,648,2,87,308,84,5,211,359,32,1,316,26,49,15,25,0,209,23,78,0,178,0,123,410,0
2012/2013,muizenberg,city of cape town,city of cape town,18.46663,-34.10872,1034,5,183,22,5,0,33,587,2,61,279,134,4,117,519,39,1,264,20,55,12,12,0,192,20,82,1,97,0,171,450,0
2013/2014,muizenberg,city of cape town,city of cape town,18.46663,-34.10872,1096,6,181,27,3,0,50,653,10,78,271,162,7,120,540,23,2,329,19,45,14,28,0,220,9,58,0,138,0,170,516,1
2014/2015,muizenberg,city of cape town,city of cape town,18.46663,-34.10872,979,14,181,52,0,0,67,679,12,78,286,118,6,91,343,31,22,343,29,51,12,20,0,226,10,61,0,72,0,146,560,1
2015/2016,muizenberg,city of cape town,city of cape town,18.46663,-34.10872,820,9,157,16,1,0,49,610,15,93,366,175,7,78,471,9,2,325,27,44,16,27,0,288,12,58,0,169,0,146,376,0
2016/2017,muizenberg,city of cape town,city of cape town,18.46663,-34.10872,768,8,127,20,1,0,68,423,18,91,291,168,9,131,496,13,22,264,25,37,8,35,1,293,15,58,1,237,0,141,390,1
2017/2018,muizenberg,city of cape town,city of cape town,18.46663,-34.10872,759,5,136,50,1,0,57,437,36,106,330,143,6,143,742,46,17,321,31,36,11,35,0,324,13,50,0,192,0,153,363,1
2018/2019,muizenberg,city of cape town,city of cape town,18.46663,-34.10872,634,18,158,56,1,0,50,344,23,102,323,104,9,115,813,49,12,286,51,47,11,28,0,263,25,78,0,151,0,101,283,1
2019/2020,muizenberg,city of cape town,city of cape town,18.46663,-34.10872,524,13,146,47,0,0,60,297,13,114,337,120,12,219,901,59,23,232,51,43,19,29,0,243,26,76,1,164,0,99,286,1
2020/2021,muizenberg,city of cape town,city of cape town,18.46663,-34.10872,421,8,142,29,6,0,41,248,6,130,270,65,8,30,340,17,25,239,24,49,19,24,0,154,14,73,1,102,0,74,194,0
2021/2022,muizenberg,city of cape town,city of cape town,18.46663,-34.10872,618,7,143,24,3,0,52,246,9,169,311,97,11,75,321,16,25,228,36,36,11,29,0,166,19,66,2,118,0,76,193,0
2022/2023,muizenberg,city of cape town,city of cape town,18.46663,-34.10872,738,9,143,48,3,0,61,273,11,230,340,75,9,79,323,26,3,228,51,36,9,29,0,189,9,53,1,127,0,103,231,0
2023/2024,muizenberg,city of cape town district,city of cape town district,18.46663,-34.10872,0,0,0,0,0,0,0,289,11,0,0,0,0,0,0,0,0,0,0,0,0,14,0,0,0,0,0,0,0,151,244,0
2024/2025,muizenberg,city of cape town district,city of cape town district,18.46663,-34.10872,0,0,0,0,0,0,0,194,12,0,0,0,0,0,0,0,0,0,0,0,0,20,0,0,0,0,0,0,0,109,207,0
2008/2009,muldersdrift,mogale city,west rand,27.85052,-26.03846,502,7,169,29,1,0,85,354,22,58,151,63,18,64,9,6,1,155,12,43,46,51,0,236,4,59,0,1,18,48,146,25
2009/2010,muldersdrift,mogale city,west rand,27.85052,-26.03846,563,11,198,25,2,0,44,349,21,78,152,48,12,59,26,23,1,179,18,40,25,55,0,205,3,52,0,4,14,50,131,10
2010/2011,muldersdrift,mogale city,west rand,27.85052,-26.03846,616,13,173,19,3,0,47,306,21,76,132,52,16,32,25,19,1,147,14,37,31,83,0,215,4,54,0,2,6,43,115,6
2011/2012,muldersdrift,mogale city,west rand,27.85052,-26.03846,585,14,147,14,0,0,57,258,21,63,116,30,7,47,18,14,1,144,10,36,24,93,0,196,4,41,1,3,2,56,122,5
2012/2013,muldersdrift,mogale city,west rand,27.85052,-26.03846,503,16,151,27,2,0,92,306,10,59,120,34,6,60,39,22,1,162,19,29,19,93,0,204,4,35,0,4,7,48,146,4
2013/2014,muldersdrift,mogale city,west rand,27.85052,-26.03846,552,13,137,22,1,0,61,274,9,90,85,35,4,50,20,6,21,154,17,16,28,67,0,177,0,19,0,36,2,53,221,3
2014/2015,muldersdrift,mogale city,west rand,27.85052,-26.03846,450,4,178,29,2,0,72,241,14,74,124,39,6,40,14,12,23,122,13,34,24,68,0,186,5,41,0,58,3,56,196,12
2015/2016,muldersdrift,mogale city,west rand,27.85052,-26.03846,354,7,119,17,1,0,66,176,18,74,95,23,6,62,10,7,12,125,9,21,24,73,0,175,3,25,1,61,6,53,96,2
2016/2017,muldersdrift,mogale city,west rand,27.85052,-26.03846,419,8,122,23,3,0,77,210,14,91,94,24,7,76,26,4,12,125,13,13,17,84,0,157,3,20,0,51,7,71,114,2
2017/2018,muldersdrift,mogale city,west rand,27.85052,-26.03846,472,3,118,31,0,0,92,209,37,83,111,37,7,110,42,13,21,187,9,20,33,91,0,223,2,23,1,42,6,57,113,3
2018/2019,muldersdrift,mogale city,west rand,27.85052,-26.03846,383,3,159,23,1,0,102,171,34,94,112,28,6,125,46,14,37,119,13,19,23,55,0,166,4,24,0,41,12,74,78,5
2019/2020,muldersdrift,mogale city,west rand,27.85052,-26.03846,331,0,131,26,0,0,79,145,47,114,145,35,7,147,78,18,21,147,9,22,56,65,0,219,4,27,18,49,5,94,77,2
2020/2021,muldersdrift,mogale city,west rand,27.85052,-26.03846,247,0,133,30,0,0,66,84,30,96,112,26,6,85,31,17,14,119,10,37,36,98,0,215,1,38,18,44,4,47,44,5
2021/2022,muldersdrift,mogale city,west rand,27.85052,-26.03846,262,1,127,41,0,0,51,83,43,131,118,24,6,125,38,14,29,107,16,28,25,105,0,232,6,34,19,34,4,65,43,8
2022/2023,muldersdrift,mogale city,west rand,27.85052,-26.03846,283,1,141,19,1,1,48,103,47,130,113,16,7,92,15,12,43,101,13,16,26,55,0,204,3,21,14,26,11,69,61,14
2023/2024,muldersdrift,west rand district,west rand district,27.85052,-26.03846,0,0,0,0,0,0,0,98,27,0,0,0,0,0,0,0,0,0,0,0,0,54,0,0,0,0,0,0,0,46,46,0
2024/2025,muldersdrift,west rand district,west rand district,27.85052,-26.03846,0,0,0,0,0,0,0,122,57,0,0,0,0,0,0,0,0,0,0,0,0,49,0,0,0,0,0,0,0,50,49,0
2008/2009,murraysburg,beaufort west,central karoo,23.76155,-31.96489,33,0,35,0,0,0,6,38,0,0,28,1,7,2,66,0,1,26,2,5,0,0,0,0,1,7,0,1,29,0,1,0
2009/2010,murraysburg,beaufort west,central karoo,23.76155,-31.96489,31,2,52,1,1,0,8,48,0,1,51,2,6,8,86,1,1,15,5,3,2,0,0,2,0,4,0,0,44,0,2,0
2010/2011,murraysburg,beaufort west,central karoo,23.76155,-31.96489,32,1,52,0,0,0,3,32,0,2,28,3,6,4,96,0,1,25,5,10,0,0,0,0,0,10,0,0,39,1,1,0
2011/2012,murraysburg,beaufort west,central karoo,23.76155,-31.96489,24,0,66,1,0,0,4,29,0,2,34,2,6,9,69,0,1,19,4,4,0,1,0,1,2,6,0,1,53,2,4,0
2012/2013,murraysburg,beaufort west,central karoo,23.76155,-31.96489,17,1,43,0,0,0,8,31,0,2,44,1,6,3,89,0,1,10,3,8,0,1,0,1,2,10,0,0,37,0,4,0
2013/2014,murraysburg,beaufort west,central karoo,23.76155,-31.96489,14,2,48,1,1,0,3,25,0,1,32,2,6,5,115,0,13,13,4,10,0,1,0,1,1,12,0,1,33,0,4,0
2014/2015,murraysburg,beaufort west,central karoo,23.76155,-31.96489,29,2,98,2,2,0,6,46,0,3,53,3,7,6,102,0,12,39,2,7,1,3,0,7,1,11,0,0,41,0,8,0
2015/2016,murraysburg,beaufort west,central karoo,23.76155,-31.96489,38,2,86,3,0,0,3,63,1,2,107,8,4,6,51,1,12,32,3,17,3,1,0,7,2,21,0,0,61,0,7,0
2016/2017,murraysburg,beaufort west,central karoo,23.76155,-31.96489,41,2,74,6,2,0,7,54,0,4,68,7,6,0,44,0,12,25,6,9,0,1,0,4,1,12,0,1,45,0,4,0
2017/2018,murraysburg,beaufort west,central karoo,23.76155,-31.96489,36,2,61,4,1,0,6,56,0,6,42,9,6,0,77,0,13,23,5,6,1,0,0,3,2,9,0,1,57,0,11,0
2018/2019,murraysburg,beaufort west,central karoo,23.76155,-31.96489,45,0,83,4,2,0,9,39,0,1,43,6,7,1,22,0,12,20,1,2,0,2,0,3,4,9,0,0,51,1,7,0
2019/2020,murraysburg,beaufort west,central karoo,23.76155,-31.96489,33,4,75,1,0,0,12,65,0,2,29,4,6,2,8,1,13,16,1,10,1,0,0,6,1,11,0,0,58,0,4,0
2020/2021,murraysburg,beaufort west,central karoo,23.76155,-31.96489,37,0,50,5,0,0,8,58,0,6,40,5,6,0,16,0,13,15,3,2,0,1,0,2,1,3,0,1,54,0,10,0
2021/2022,murraysburg,beaufort west,central karoo,23.76155,-31.96489,61,1,55,1,1,0,3,52,0,3,31,4,6,0,19,1,21,27,3,2,0,0,0,1,2,5,0,1,30,0,17,0
2022/2023,murraysburg,beaufort west,central karoo,23.76155,-31.96489,57,0,62,1,0,0,5,78,0,1,45,7,6,0,19,0,13,25,2,1,2,0,0,4,1,2,0,0,62,0,4,0
2023/2024,murraysburg,central karoo district,central karoo district,23.76155,-31.96489,0,0,0,0,0,0,0,90,0,0,0,0,0,0,0,0,0,0,0,0,0,0,0,0,0,0,0,0,0,0,6,0
2024/2025,murraysburg,central karoo district,central karoo district,23.76155,-31.96489,0,0,0,0,0,0,0,85,0,0,0,0,0,0,0,0,0,0,0,0,0,1,0,0,0,0,0,0,0,0,12,0
2008/2009,musina,musina,vhembe,30.04396,-22.34331,282,11,268,13,3,0,45,186,1,108,225,64,8,25,42,8,1,134,11,83,0,13,0,87,1,91,0,64,16,12,140,1
2009/2010,musina,musina,vhembe,30.04396,-22.34331,296,7,289,25,2,0,68,268,3,103,230,84,47,35,83,10,1,106,18,68,5,22,0,114,3,96,0,63,8,13,139,0
2010/2011,musina,musina,vhembe,30.04396,-22.34331,374,9,252,17,2,0,94,234,0,132,170,53,22,16,52,7,1,112,10,46,2,14,0,82,7,75,0,76,12,11,148,0
2011/2012,musina,musina,vhembe,30.04396,-22.34331,367,3,298,12,3,0,75,222,0,129,270,61,8,23,30,9,1,103,13,58,8,38,0,148,5,70,0,77,15,4,171,0
2012/2013,musina,musina,vhembe,30.04396,-22.34331,348,4,314,17,11,0,88,269,2,146,267,47,8,117,51,14,1,138,9,70,9,16,0,95,5,90,78,74,17,9,153,0
2013/2014,musina,musina,vhembe,30.04396,-22.34331,264,6,272,20,4,0,102,229,0,146,272,62,4,41,135,13,28,145,9,88,4,51,0,171,3,97,74,71,32,6,114,0
2014/2015,musina,musina,vhembe,30.04396,-22.34331,263,10,293,8,2,0,72,229,1,118,207,33,8,28,197,6,14,108,10,50,7,48,1,141,4,60,139,64,23,7,142,0
2015/2016,musina,musina,vhembe,30.04396,-22.34331,274,14,308,16,0,0,95,162,1,113,270,42,6,14,229,6,3,109,9,28,27,14,0,107,0,28,185,71,13,13,155,0
2016/2017,musina,musina,vhembe,30.04396,-22.34331,272,5,265,13,2,0,94,128,10,126,225,29,8,12,283,3,24,99,15,35,26,17,0,146,7,48,41,89,15,13,140,0
2017/2018,musina,musina,vhembe,30.04396,-22.34331,264,6,271,15,3,0,102,182,10,126,198,35,5,10,390,10,28,99,11,25,13,32,0,154,4,35,57,66,20,13,161,0
2018/2019,musina,musina,vhembe,30.04396,-22.34331,294,3,258,16,2,0,61,208,7,170,213,36,7,20,234,46,36,100,12,22,41,73,0,252,5,30,78,75,36,21,133,0
2019/2020,musina,musina,vhembe,30.04396,-22.34331,254,3,225,25,0,0,68,169,14,162,167,50,6,17,35,41,3,101,13,33,45,61,1,249,2,35,98,105,36,22,144,1
2020/2021,musina,musina,vhembe,30.04396,-22.34331,181,5,199,33,1,0,64,155,5,117,125,28,6,15,57,29,23,92,14,26,28,43,0,167,4,31,96,46,12,11,54,1
2021/2022,musina,musina,vhembe,30.04396,-22.34331,245,5,178,51,4,0,80,165,12,122,128,24,5,17,89,33,28,103,19,32,68,33,1,265,2,41,89,56,19,13,57,1
2022/2023,musina,musina,vhembe,30.04396,-22.34331,328,5,248,43,2,0,80,101,26,122,182,41,6,7,119,51,4,139,23,42,29,22,1,249,4,48,101,87,12,13,55,2
2023/2024,musina,vhembe district,vhembe district,30.04396,-22.34331,0,0,0,0,0,0,0,142,27,0,0,0,0,0,0,0,0,0,0,0,0,22,0,0,0,0,0,0,0,14,76,0
2024/2025,musina,vhembe district,vhembe district,30.04396,-22.34331,0,0,0,0,0,0,0,91,23,0,0,0,0,0,0,0,0,0,0,0,0,40,0,0,0,0,0,0,0,27,68,0
2008/2009,muswodi,musina,vhembe,30.52712,-22.57634,0,0,0,0,0,0,0,0,0,0,0,0,6,0,0,0,1,0,0,0,0,0,0,0,0,0,0,0,0,0,0,0
2009/2010,muswodi,musina,vhembe,30.52712,-22.57634,0,0,0,0,0,0,0,0,0,0,0,0,6,0,0,0,1,0,0,0,0,0,0,0,0,0,0,0,0,0,0,0
2010/2011,muswodi,musina,vhembe,30.52712,-22.57634,0,0,0,0,0,0,0,0,0,0,0,0,6,0,0,0,1,0,0,0,0,0,0,0,0,0,0,0,0,0,0,0
2011/2012,muswodi,musina,vhembe,30.52712,-22.57634,0,0,0,0,0,0,0,0,0,0,0,0,6,0,0,0,1,0,0,0,0,0,0,0,0,0,0,0,0,0,0,0
2012/2013,muswodi,musina,vhembe,30.52712,-22.57634,0,0,0,0,0,0,0,0,0,0,0,0,6,0,0,0,1,0,0,0,0,0,0,0,0,0,0,0,0,0,0,0
2013/2014,muswodi,musina,vhembe,30.52712,-22.57634,0,0,0,0,0,0,0,0,0,0,0,0,6,0,0,0,13,0,0,0,0,0,0,0,0,0,0,0,0,0,0,0
2014/2015,muswodi,musina,vhembe,30.52712,-22.57634,0,0,0,0,0,0,0,0,0,0,0,0,6,0,0,0,13,0,0,0,0,0,0,0,0,0,0,0,0,0,0,0
2015/2016,muswodi,musina,vhembe,30.52712,-22.57634,0,0,0,0,0,0,0,0,0,0,0,0,6,0,0,0,13,0,0,0,0,0,0,0,0,0,0,0,0,0,0,0
2016/2017,muswodi,musina,vhembe,30.52712,-22.57634,0,0,0,0,0,0,0,0,0,0,0,0,6,0,0,0,13,0,0,0,0,0,0,0,0,0,0,0,0,0,0,0
2017/2018,muswodi,musina,vhembe,30.52712,-22.57634,7,3,27,2,0,0,5,20,0,2,8,1,6,8,13,0,13,11,1,4,1,0,0,1,0,4,0,0,2,0,0,0
2018/2019,muswodi,musina,vhembe,30.52712,-22.57634,118,0,110,1,0,0,29,55,0,4,118,12,6,19,338,6,13,38,2,17,0,0,0,3,4,21,0,0,42,1,8,0
2019/2020,muswodi,musina,vhembe,30.52712,-22.57634,109,1,115,1,0,0,11,33,0,0,115,7,5,11,313,3,13,49,4,6,0,0,0,5,10,19,0,1,45,0,21,0
2020/2021,muswodi,musina,vhembe,30.52712,-22.57634,124,2,80,23,1,0,19,40,0,3,109,7,6,7,179,0,13,42,4,12,1,1,0,10,3,16,0,0,45,0,18,0
2021/2022,muswodi,musina,vhembe,30.52712,-22.57634,111,0,131,4,1,0,20,48,0,4,87,1,6,4,119,2,13,42,4,17,1,0,0,5,5,23,0,0,22,0,7,0
2022/2023,muswodi,musina,vhembe,30.52712,-22.57634,127,3,88,2,0,0,26,71,0,9,111,7,6,3,118,1,12,47,3,12,2,0,0,8,8,20,0,1,29,0,23,0
2023/2024,muswodi,vhembe district,vhembe district,30.52712,-22.57634,0,0,0,0,0,0,0,13,2,0,0,0,0,0,0,0,0,0,0,0,0,6,0,0,0,0,0,0,0,0,1,0
2024/2025,muswodi,vhembe district,vhembe district,30.52712,-22.57634,0,0,0,0,0,0,0,14,3,0,0,0,0,0,0,0,0,0,0,0,0,7,0,0,0,0,0,0,0,0,2,0
2008/2009,mutale,thulamela,vhembe,30.52317,-22.73445,93,14,139,2,1,0,77,125,2,3,138,28,8,2,21,0,1,54,4,29,1,0,0,4,0,34,0,0,9,0,9,0
2009/2010,mutale,thulamela,vhembe,30.52317,-22.73445,76,18,142,2,2,0,61,88,1,6,141,24,5,6,19,4,1,45,4,37,9,2,0,15,0,42,0,0,10,0,14,0
2010/2011,mutale,thulamela,vhembe,30.52317,-22.73445,57,7,122,0,4,0,66,93,0,8,122,15,8,4,6,0,1,46,2,25,4,1,0,11,0,33,0,0,4,2,8,0
2011/2012,mutale,thulamela,vhembe,30.52317,-22.73445,61,8,126,5,4,0,43,81,0,19,133,13,8,4,8,0,1,51,4,28,7,1,0,10,0,36,0,2,9,2,16,0
2012/2013,mutale,thulamela,vhembe,30.52317,-22.73445,51,9,123,1,4,0,37,85,0,10,105,7,5,13,24,2,1,48,6,27,10,4,0,23,2,36,6,0,9,0,7,0
2013/2014,mutale,thulamela,vhembe,30.52317,-22.73445,49,11,117,6,4,0,43,94,1,8,119,8,8,6,23,0,13,47,3,36,17,2,0,24,0,44,77,1,6,0,17,0
2014/2015,mutale,thulamela,vhembe,30.52317,-22.73445,45,11,90,6,3,0,75,99,0,8,103,14,10,4,30,2,14,48,3,39,11,9,0,22,2,50,165,2,3,3,6,0
2015/2016,mutale,thulamela,vhembe,30.52317,-22.73445,45,10,116,7,1,0,84,107,1,12,113,12,6,10,32,1,21,40,7,25,12,11,0,35,1,27,53,2,2,0,11,0
2016/2017,mutale,thulamela,vhembe,30.52317,-22.73445,58,5,104,3,0,0,75,149,1,16,76,12,6,30,64,2,12,46,3,15,11,4,0,25,1,16,0,2,2,1,6,0
2017/2018,mutale,thulamela,vhembe,30.52317,-22.73445,48,10,70,4,2,0,89,100,2,17,75,12,6,40,98,0,23,41,6,27,10,15,0,38,1,30,0,2,6,3,8,0
2018/2019,mutale,thulamela,vhembe,30.52317,-22.73445,30,1,72,3,2,0,56,87,1,9,46,7,4,66,75,2,21,27,6,21,6,13,0,25,1,26,0,5,4,0,4,0
2019/2020,mutale,thulamela,vhembe,30.52317,-22.73445,27,15,55,1,2,0,67,68,2,14,43,7,7,91,1,2,12,22,3,26,11,5,0,23,3,32,0,14,4,5,2,0
2020/2021,mutale,thulamela,vhembe,30.52317,-22.73445,22,2,59,4,1,0,62,72,2,16,61,4,6,48,0,7,13,15,5,26,15,12,0,42,1,28,0,6,8,3,3,0
2021/2022,mutale,thulamela,vhembe,30.52317,-22.73445,15,0,84,4,7,0,55,68,3,3,76,10,6,53,0,0,13,44,5,22,12,3,0,28,1,30,0,7,2,0,3,0
2022/2023,mutale,thulamela,vhembe,30.52317,-22.73445,34,4,101,10,2,0,48,89,2,8,43,11,6,13,0,6,12,46,5,30,13,11,0,33,1,33,1,6,4,1,3,0
2023/2024,mutale,vhembe district,vhembe district,30.52317,-22.73445,0,0,0,0,0,0,0,58,3,0,0,0,0,0,0,0,0,0,0,0,0,0,0,0,0,0,0,0,0,2,3,0
2024/2025,mutale,vhembe district,vhembe district,30.52317,-22.73445,0,0,0,0,0,0,0,71,2,0,0,0,0,0,0,0,0,0,0,0,0,5,0,0,0,0,0,0,0,2,5,0
2023/2024,muyexe,mopani district,mopani district,,,0,0,0,0,0,0,0,0,0,0,0,0,0,0,0,0,0,0,0,0,0,0,0,0,0,0,0,0,0,0,0,0
2024/2025,muyexe,mopani district,mopani district,,,0,0,0,0,0,0,0,5,0,0,0,0,0,0,0,0,0,0,0,0,0,0,0,0,0,0,0,0,0,0,1,0
2008/2009,mzamba,mbizana,alfred nzo,30.18437,-31.07529,70,6,117,11,3,0,21,122,1,5,75,16,8,10,36,27,1,41,19,35,2,2,0,13,2,44,0,0,4,2,5,0
2009/2010,mzamba,mbizana,alfred nzo,30.18437,-31.07529,88,9,130,11,6,0,35,118,3,3,79,12,5,13,22,6,1,28,19,45,3,3,0,21,2,56,0,0,15,4,6,3
2010/2011,mzamba,mbizana,alfred nzo,30.18437,-31.07529,78,9,149,12,6,0,41,127,4,16,56,23,4,11,15,17,1,52,38,48,18,11,0,39,6,62,0,1,19,1,13,0
2011/2012,mzamba,mbizana,alfred nzo,30.18437,-31.07529,81,11,125,14,4,0,35,113,2,16,70,21,4,5,17,9,1,39,31,48,14,7,0,43,2,56,0,0,32,3,5,0
2012/2013,mzamba,mbizana,alfred nzo,30.18437,-31.07529,72,6,129,14,3,0,44,133,3,12,57,19,4,2,34,8,1,43,34,66,5,9,0,33,2,73,1,0,12,6,9,0
2013/2014,mzamba,mbizana,alfred nzo,30.18437,-31.07529,82,13,166,11,2,0,22,139,2,37,73,8,6,18,35,12,12,46,29,56,11,3,0,41,6,64,1,0,10,8,8,0
2014/2015,mzamba,mbizana,alfred nzo,30.18437,-31.07529,82,8,138,9,3,0,52,156,3,8,74,18,7,7,45,11,14,51,25,50,15,7,1,49,3,57,1,0,17,4,21,0
2015/2016,mzamba,mbizana,alfred nzo,30.18437,-31.07529,66,8,127,12,0,0,48,137,1,8,49,12,7,16,65,19,14,38,27,55,15,5,0,36,2,58,1,0,9,6,11,0
2016/2017,mzamba,mbizana,alfred nzo,30.18437,-31.07529,62,5,85,10,1,0,40,133,1,15,43,8,7,13,60,13,12,30,28,42,6,5,0,21,4,48,0,0,6,3,12,0
2017/2018,mzamba,mbizana,alfred nzo,30.18437,-31.07529,48,7,111,8,1,0,50,101,1,20,23,6,7,26,38,19,23,29,36,36,14,8,0,30,8,46,0,0,10,3,3,0
2018/2019,mzamba,mbizana,alfred nzo,30.18437,-31.07529,64,9,75,8,0,0,42,85,4,9,39,7,6,16,26,32,12,38,35,49,18,6,0,39,6,55,1,0,11,0,8,0
2019/2020,mzamba,mbizana,alfred nzo,30.18437,-31.07529,55,3,82,13,0,0,36,96,2,9,53,7,4,22,7,25,13,34,28,61,27,4,0,41,8,71,0,0,25,2,4,1
2020/2021,mzamba,mbizana,alfred nzo,30.18437,-31.07529,65,7,99,17,1,0,36,105,2,19,42,8,7,15,7,19,17,25,17,45,26,14,0,60,9,56,0,0,22,1,7,0
2021/2022,mzamba,mbizana,alfred nzo,30.18437,-31.07529,48,7,105,11,2,0,35,129,3,26,45,5,6,5,20,8,17,27,29,85,14,8,0,44,16,103,0,0,14,7,4,0
2022/2023,mzamba,mbizana,alfred nzo,30.18437,-31.07529,40,4,93,10,1,0,41,60,2,21,58,6,5,14,3,11,13,21,30,58,18,7,2,44,2,64,0,0,9,4,6,0
2023/2024,mzamba,alfred nzo district,alfred nzo district,30.18437,-31.07529,0,0,0,0,0,0,0,68,3,0,0,0,0,0,0,0,0,0,0,0,0,10,0,0,0,0,0,0,0,2,7,0
2024/2025,mzamba,alfred nzo district,alfred nzo district,30.18437,-31.07529,0,0,0,0,0,0,0,44,2,0,0,0,0,0,0,0,0,0,0,0,0,8,0,0,0,0,0,0,0,3,8,0
2008/2009,nababeep,nama khoi,namakwa,17.7859,-29.58775,68,5,99,18,2,0,29,65,0,4,87,7,5,16,32,3,1,45,1,19,0,1,0,10,7,31,0,4,5,4,26,0
2009/2010,nababeep,nama khoi,namakwa,17.7859,-29.58775,75,5,79,19,0,0,42,72,0,5,89,5,5,20,39,0,1,51,7,19,0,1,0,9,6,28,0,1,17,2,17,0
2010/2011,nababeep,nama khoi,namakwa,17.7859,-29.58775,105,3,107,21,0,0,36,65,0,5,77,17,7,10,38,0,1,52,4,25,0,0,0,4,24,50,0,3,24,4,9,0
2011/2012,nababeep,nama khoi,namakwa,17.7859,-29.58775,101,5,85,19,0,0,35,57,0,10,107,9,6,7,50,1,1,56,1,13,0,2,0,8,12,25,0,4,26,5,14,0
2012/2013,nababeep,nama khoi,namakwa,17.7859,-29.58775,90,1,87,9,0,0,34,95,0,4,81,8,6,3,48,2,1,73,3,15,1,0,0,10,7,22,0,2,24,3,22,0
2013/2014,nababeep,nama khoi,namakwa,17.7859,-29.58775,95,0,106,17,0,0,53,73,0,3,80,13,4,5,62,4,12,56,4,26,0,1,0,12,15,43,0,7,7,1,17,0
2014/2015,nababeep,nama khoi,namakwa,17.7859,-29.58775,114,1,113,16,0,0,41,88,0,6,71,14,6,4,67,2,13,67,4,19,6,5,0,14,11,30,0,4,16,1,20,0
2015/2016,nababeep,nama khoi,namakwa,17.7859,-29.58775,111,1,122,18,0,0,24,129,0,10,59,16,4,6,111,0,21,67,1,17,3,3,0,14,7,26,0,1,20,1,35,0
2016/2017,nababeep,nama khoi,namakwa,17.7859,-29.58775,106,1,138,18,4,0,37,107,0,5,76,13,6,9,154,1,12,104,5,21,4,3,0,19,11,36,0,0,24,0,31,0
2017/2018,nababeep,nama khoi,namakwa,17.7859,-29.58775,76,4,104,12,0,0,44,93,0,7,51,15,6,10,155,1,12,51,1,23,1,1,0,9,7,30,0,3,19,2,22,0
2018/2019,nababeep,nama khoi,namakwa,17.7859,-29.58775,90,1,94,21,2,0,16,76,0,4,53,15,6,8,122,0,13,55,2,16,2,2,0,20,8,26,0,2,15,2,27,0
2019/2020,nababeep,nama khoi,namakwa,17.7859,-29.58775,131,1,106,8,4,0,23,137,0,3,68,22,7,4,111,1,12,65,3,10,6,2,0,17,4,19,0,4,22,0,39,0
2020/2021,nababeep,nama khoi,namakwa,17.7859,-29.58775,71,0,89,16,1,0,23,87,0,6,66,8,6,1,108,1,12,50,2,13,3,2,0,12,9,23,0,2,14,2,23,0
2021/2022,nababeep,nama khoi,namakwa,17.7859,-29.58775,70,7,94,20,2,0,13,81,0,13,75,11,4,5,92,1,21,52,3,10,5,3,0,19,9,23,0,7,13,0,11,0
2022/2023,nababeep,nama khoi,namakwa,17.7859,-29.58775,79,0,68,42,0,0,11,102,1,21,90,16,5,1,103,0,14,76,0,13,6,3,0,20,8,24,1,4,16,0,20,0
2023/2024,nababeep,namakwa district,namakwa district,17.7859,-29.58775,0,0,0,0,0,0,0,85,0,0,0,0,0,0,0,0,0,0,0,0,0,2,0,0,0,0,0,0,0,0,19,0
2024/2025,nababeep,namakwa district,namakwa district,17.7859,-29.58775,0,0,0,0,0,0,0,88,0,0,0,0,0,0,0,0,0,0,0,0,0,4,0,0,0,0,0,0,0,1,27,0
2008/2009,naboomspruit,modimolle-mookgophong,waterberg,28.71265,-24.51843,359,6,179,14,2,0,86,164,2,24,168,52,8,16,17,9,1,115,10,39,12,1,0,48,1,46,0,14,15,19,31,0
2009/2010,naboomspruit,modimolle-mookgophong,waterberg,28.71265,-24.51843,341,8,161,16,3,0,65,234,1,31,130,43,12,31,55,5,1,87,8,26,2,4,0,34,2,38,0,26,25,22,50,1
2010/2011,naboomspruit,modimolle-mookgophong,waterberg,28.71265,-24.51843,357,3,159,6,3,0,110,215,1,64,86,39,32,18,41,3,1,83,3,37,9,2,0,32,6,58,0,18,27,18,56,2
2011/2012,naboomspruit,modimolle-mookgophong,waterberg,28.71265,-24.51843,332,8,183,6,2,0,70,226,0,35,126,55,6,15,29,5,1,76,8,28,7,5,1,24,3,33,1,39,29,5,47,3
2012/2013,naboomspruit,modimolle-mookgophong,waterberg,28.71265,-24.51843,279,2,137,4,1,0,43,205,0,23,91,32,8,11,69,4,1,71,6,28,11,2,0,20,4,37,28,19,68,7,50,1
2013/2014,naboomspruit,modimolle-mookgophong,waterberg,28.71265,-24.51843,245,1,105,5,1,0,59,196,4,24,100,22,7,8,92,10,21,63,5,19,8,2,0,24,2,23,70,16,35,10,42,1
2014/2015,naboomspruit,modimolle-mookgophong,waterberg,28.71265,-24.51843,279,5,158,5,2,0,51,212,1,38,107,43,6,8,118,6,12,77,5,22,7,7,0,34,2,26,89,36,14,10,49,1
2015/2016,naboomspruit,modimolle-mookgophong,waterberg,28.71265,-24.51843,272,12,240,12,1,0,60,214,1,53,140,50,7,10,92,5,14,86,4,32,11,7,0,36,3,37,0,29,35,16,44,1
2016/2017,naboomspruit,modimolle-mookgophong,waterberg,28.71265,-24.51843,316,7,206,5,1,0,72,206,1,34,155,39,7,17,127,7,23,96,7,26,26,14,0,69,1,29,2,32,38,14,83,1
2017/2018,naboomspruit,modimolle-mookgophong,waterberg,28.71265,-24.51843,243,10,160,6,2,0,94,239,1,57,166,22,7,24,195,4,17,94,11,26,13,8,0,58,6,35,10,20,38,18,61,1
2018/2019,naboomspruit,modimolle-mookgophong,waterberg,28.71265,-24.51843,214,3,166,10,1,0,84,185,1,71,173,39,7,37,147,3,12,101,14,11,21,5,0,77,4,17,20,23,36,14,57,0
2019/2020,naboomspruit,modimolle-mookgophong,waterberg,28.71265,-24.51843,231,4,177,6,1,0,75,221,1,64,185,38,7,58,52,13,21,92,12,17,12,20,0,83,2,21,37,14,39,9,99,2
2020/2021,naboomspruit,modimolle-mookgophong,waterberg,28.71265,-24.51843,196,2,136,2,1,0,54,150,0,59,175,50,6,35,135,8,21,65,6,23,7,22,0,94,5,29,66,14,37,6,59,3
2021/2022,naboomspruit,modimolle-mookgophong,waterberg,28.71265,-24.51843,220,5,150,4,1,0,33,100,0,52,197,50,6,10,107,10,12,87,13,26,13,20,0,95,6,33,90,11,25,9,40,1
2022/2023,naboomspruit,modimolle-mookgophong,waterberg,28.71265,-24.51843,293,3,137,5,0,0,24,90,0,93,191,57,7,15,101,3,14,81,7,20,13,12,0,75,1,22,61,14,32,2,34,1
2023/2024,naboomspruit,waterberg district,waterberg district,28.71265,-24.51843,0,0,0,0,0,0,0,114,0,0,0,0,0,0,0,0,0,0,0,0,0,16,0,0,0,0,0,0,0,5,38,0
2024/2025,naboomspruit,waterberg district,waterberg district,28.71265,-24.51843,0,0,0,0,0,0,0,94,0,0,0,0,0,0,0,0,0,0,0,0,0,9,0,0,0,0,0,0,0,2,49,0
2008/2009,naledi,city of johannesburg,city of johannesburg,27.8321,-26.2545,301,9,371,25,12,0,30,248,43,18,237,84,16,20,16,5,1,198,15,82,15,32,0,233,1,105,0,100,0,76,86,0
2009/2010,naledi,city of johannesburg,city of johannesburg,27.8321,-26.2545,312,7,389,34,8,0,29,299,43,39,228,90,17,23,30,16,1,199,14,69,13,22,1,192,1,87,0,109,0,61,55,0
2010/2011,naledi,city of johannesburg,city of johannesburg,27.8321,-26.2545,243,10,341,19,4,0,43,320,16,21,198,55,11,19,25,13,1,173,12,61,16,9,0,117,1,74,0,76,0,56,62,0
2011/2012,naledi,city of johannesburg,city of johannesburg,27.8321,-26.2545,206,7,277,13,2,0,24,189,14,6,144,25,8,18,66,22,1,111,10,55,20,5,0,85,2,63,2,83,0,40,70,0
2012/2013,naledi,city of johannesburg,city of johannesburg,27.8321,-26.2545,179,4,237,18,4,0,40,215,24,22,131,36,9,25,83,12,1,100,11,55,13,8,0,94,8,72,0,89,0,53,61,1
2013/2014,naledi,city of johannesburg,city of johannesburg,27.8321,-26.2545,171,1,307,19,4,0,53,184,32,22,139,30,8,24,545,14,28,106,15,41,17,12,0,129,2,51,0,69,0,46,63,0
2014/2015,naledi,city of johannesburg,city of johannesburg,27.8321,-26.2545,220,6,315,23,4,0,51,237,54,22,177,45,6,68,582,13,17,159,24,47,20,21,0,189,2,53,1,110,0,72,82,1
2015/2016,naledi,city of johannesburg,city of johannesburg,27.8321,-26.2545,233,5,319,15,3,0,45,309,37,28,197,59,7,126,668,24,25,136,10,55,14,10,0,170,2,61,0,109,0,70,83,0
2016/2017,naledi,city of johannesburg,city of johannesburg,27.8321,-26.2545,241,9,355,21,0,0,43,254,39,35,207,54,7,125,727,46,25,138,16,45,27,11,0,215,9,55,1,57,0,37,97,1
2017/2018,naledi,city of johannesburg,city of johannesburg,27.8321,-26.2545,269,2,315,15,3,0,31,263,51,40,269,48,4,171,795,13,42,147,17,43,17,12,0,186,9,57,1,37,0,65,92,0
2018/2019,naledi,city of johannesburg,city of johannesburg,27.8321,-26.2545,262,0,282,21,6,0,51,259,40,53,322,65,5,130,416,12,4,149,19,63,11,21,0,211,11,83,1,43,0,53,125,1
2019/2020,naledi,city of johannesburg,city of johannesburg,27.8321,-26.2545,245,2,228,15,2,0,59,193,44,43,205,47,6,191,57,26,36,110,19,56,23,19,0,230,6,64,0,81,0,57,109,0
2020/2021,naledi,city of johannesburg,city of johannesburg,27.8321,-26.2545,210,0,208,13,3,0,85,155,28,50,217,47,6,15,31,9,3,138,18,40,11,16,0,145,8,51,0,38,0,48,79,0
2021/2022,naledi,city of johannesburg,city of johannesburg,27.8321,-26.2545,217,0,227,14,0,0,58,142,48,67,242,57,6,27,22,11,9,166,15,56,16,11,0,146,11,67,0,8,0,35,64,1
2022/2023,naledi,city of johannesburg,city of johannesburg,27.8321,-26.2545,259,0,240,13,4,0,30,128,73,62,243,67,6,15,55,5,92,173,11,48,13,24,1,211,7,59,0,27,0,46,48,1
2023/2024,naledi,johannesburg district,johannesburg district,27.8321,-26.2545,0,0,0,0,0,0,0,172,65,0,0,0,0,0,0,0,0,0,0,0,0,19,0,0,0,0,0,0,0,23,51,0
2024/2025,naledi,johannesburg district,johannesburg district,27.8321,-26.2545,0,0,0,0,0,0,0,164,71,0,0,0,0,0,0,0,0,0,0,0,0,14,0,0,0,0,0,0,0,25,56,0
2008/2009,namahadi,maluti a phofung,thabo mofutsanyane,28.82841,-28.58345,182,0,262,8,8,0,60,366,1,2,116,64,4,13,31,5,1,106,17,71,6,8,0,29,1,82,0,0,92,5,40,0
2009/2010,namahadi,maluti a phofung,thabo mofutsanyane,28.82841,-28.58345,162,0,250,10,2,0,63,367,2,3,114,36,8,15,57,3,1,133,14,74,20,6,0,48,3,83,0,5,86,7,55,0
2010/2011,namahadi,maluti a phofung,thabo mofutsanyane,28.82841,-28.58345,128,2,231,7,2,0,24,292,3,4,123,40,4,11,11,6,1,122,15,62,13,13,0,58,3,69,0,0,63,8,35,0
2011/2012,namahadi,maluti a phofung,thabo mofutsanyane,28.82841,-28.58345,162,4,246,13,2,0,43,281,0,2,100,42,5,8,32,2,1,125,9,47,9,16,0,67,2,54,0,0,59,1,38,0
2012/2013,namahadi,maluti a phofung,thabo mofutsanyane,28.82841,-28.58345,114,4,231,7,6,0,67,246,5,2,107,24,4,9,55,2,1,117,14,72,19,16,0,88,2,82,0,0,71,9,34,0
2013/2014,namahadi,maluti a phofung,thabo mofutsanyane,28.82841,-28.58345,94,4,227,5,1,0,58,226,4,4,118,33,4,19,59,11,23,113,10,67,32,27,0,102,2,72,0,1,62,4,34,0
2014/2015,namahadi,maluti a phofung,thabo mofutsanyane,28.82841,-28.58345,115,5,216,2,1,0,84,293,2,3,115,25,6,17,66,10,14,106,14,67,26,17,0,97,9,77,0,0,38,6,62,0
2015/2016,namahadi,maluti a phofung,thabo mofutsanyane,28.82841,-28.58345,111,9,233,7,1,0,82,264,2,2,147,27,6,15,77,5,14,109,29,72,14,21,0,97,2,75,0,0,28,9,46,0
2016/2017,namahadi,maluti a phofung,thabo mofutsanyane,28.82841,-28.58345,89,5,199,7,3,0,99,235,1,1,132,24,4,25,108,12,2,127,24,58,20,25,0,91,7,70,0,1,43,6,29,0
2017/2018,namahadi,maluti a phofung,thabo mofutsanyane,28.82841,-28.58345,108,5,223,13,3,0,83,225,1,1,146,21,6,30,103,17,12,103,19,51,20,19,0,79,6,60,0,1,60,8,31,0
2018/2019,namahadi,maluti a phofung,thabo mofutsanyane,28.82841,-28.58345,102,1,226,6,2,0,67,271,2,3,150,25,6,31,56,6,17,127,21,65,19,32,0,111,4,71,0,2,63,5,48,0
2019/2020,namahadi,maluti a phofung,thabo mofutsanyane,28.82841,-28.58345,114,0,196,10,6,0,81,263,1,1,156,18,6,22,7,9,2,131,19,52,4,33,0,106,6,64,0,1,31,10,81,0
2020/2021,namahadi,maluti a phofung,thabo mofutsanyane,28.82841,-28.58345,107,1,175,9,0,0,73,206,2,10,127,21,7,46,5,3,12,118,20,52,12,32,0,89,8,61,0,0,44,3,51,0
2021/2022,namahadi,maluti a phofung,thabo mofutsanyane,28.82841,-28.58345,87,4,184,8,0,0,108,167,4,6,82,20,7,46,3,17,14,101,45,51,9,23,0,79,3,55,0,2,48,2,25,0
2022/2023,namahadi,maluti a phofung,thabo mofutsanyane,28.82841,-28.58345,110,0,194,18,0,0,58,156,3,6,100,19,6,53,42,18,12,98,26,40,8,18,0,67,3,43,6,1,38,0,33,0
2023/2024,namahadi,thabo mofutsanyana district,thabo mofutsanyana district,28.82841,-28.58345,0,0,0,0,0,0,0,182,1,0,0,0,0,0,0,0,0,0,0,0,0,36,0,0,0,0,0,0,0,7,36,0
2024/2025,namahadi,thabo mofutsanyana district,thabo mofutsanyana district,28.82841,-28.58345,0,0,0,0,0,0,0,111,3,0,0,0,0,0,0,0,0,0,0,0,0,30,0,0,0,0,0,0,0,1,24,0
2008/2009,namakgale,ba-phalaborwa,mopani,31.02834,-23.933,145,9,185,13,1,0,124,266,7,18,106,56,5,2,14,4,1,99,10,55,2,22,0,51,1,60,0,3,10,15,31,0
2009/2010,namakgale,ba-phalaborwa,mopani,31.02834,-23.933,150,6,192,7,6,0,89,259,2,16,96,57,7,20,17,2,1,80,10,75,1,4,0,12,1,83,0,3,9,9,29,0
2010/2011,namakgale,ba-phalaborwa,mopani,31.02834,-23.933,133,5,160,11,6,0,56,239,0,12,77,53,4,51,6,2,1,98,6,71,4,7,0,15,2,81,0,0,10,9,46,0
2011/2012,namakgale,ba-phalaborwa,mopani,31.02834,-23.933,156,9,225,9,1,0,80,280,0,24,85,67,8,42,12,2,1,121,7,54,16,16,0,45,9,68,0,1,8,7,55,0
2012/2013,namakgale,ba-phalaborwa,mopani,31.02834,-23.933,161,8,187,11,5,0,101,330,2,25,88,64,5,48,55,10,1,133,11,66,25,13,0,49,10,84,3,0,10,10,33,0
2013/2014,namakgale,ba-phalaborwa,mopani,31.02834,-23.933,166,8,176,9,1,0,84,407,2,31,71,58,5,50,161,10,12,90,7,76,19,15,1,51,10,90,0,17,5,8,66,0
2014/2015,namakgale,ba-phalaborwa,mopani,31.02834,-23.933,174,2,195,2,1,0,57,403,2,27,74,62,6,83,201,13,21,81,10,52,15,5,1,43,6,59,0,31,9,15,45,0
2015/2016,namakgale,ba-phalaborwa,mopani,31.02834,-23.933,164,3,203,5,0,0,104,379,9,43,94,58,4,87,237,18,17,143,7,51,15,19,0,59,13,66,0,49,5,23,99,0
2016/2017,namakgale,ba-phalaborwa,mopani,31.02834,-23.933,195,3,135,10,0,0,99,343,2,60,50,52,6,104,193,14,12,92,4,49,22,8,0,47,4,53,1,53,3,21,81,0
2017/2018,namakgale,ba-phalaborwa,mopani,31.02834,-23.933,118,3,141,7,1,0,56,347,3,36,43,34,6,128,244,7,12,92,4,45,25,16,0,68,11,57,12,31,2,6,57,0
2018/2019,namakgale,ba-phalaborwa,mopani,31.02834,-23.933,164,5,160,8,0,0,94,431,12,31,76,40,9,133,164,14,21,91,7,54,34,15,0,86,6,65,23,41,3,26,58,0
2019/2020,namakgale,ba-phalaborwa,mopani,31.02834,-23.933,162,9,174,7,1,0,106,401,8,38,89,45,6,139,14,1,14,103,11,50,42,7,0,88,10,61,39,69,5,19,63,0
2020/2021,namakgale,ba-phalaborwa,mopani,31.02834,-23.933,196,3,162,4,1,0,78,335,6,42,81,66,7,89,47,0,2,139,3,37,11,15,0,65,13,52,53,28,10,14,60,0
2021/2022,namakgale,ba-phalaborwa,mopani,31.02834,-23.933,248,10,199,8,0,0,69,308,11,50,84,78,6,6,77,2,37,157,9,55,24,20,0,97,18,73,57,31,8,14,45,0
2022/2023,namakgale,ba-phalaborwa,mopani,31.02834,-23.933,226,5,198,9,2,0,51,270,7,54,126,64,6,25,108,1,25,130,18,82,7,17,0,60,9,93,82,53,6,7,34,0
2023/2024,namakgale,mopani district,mopani district,31.02834,-23.933,0,0,0,0,0,0,0,264,22,0,0,0,0,0,0,0,0,0,0,0,0,9,0,0,0,0,0,0,0,2,26,0
2024/2025,namakgale,mopani district,mopani district,31.02834,-23.933,0,0,0,0,0,0,0,285,10,0,0,0,0,0,0,0,0,0,0,0,0,8,0,0,0,0,0,0,0,5,165,0
2008/2009,napier,cape agulhas,overberg,19.89561,-34.4756,48,0,43,0,0,0,5,28,1,1,30,0,4,6,43,0,1,16,2,10,0,0,0,3,2,14,0,4,5,0,7,0
2009/2010,napier,cape agulhas,overberg,19.89561,-34.4756,25,0,44,0,0,0,8,27,0,2,25,1,6,11,76,2,1,9,1,9,1,2,0,3,0,9,0,0,10,1,3,0
2010/2011,napier,cape agulhas,overberg,19.89561,-34.4756,25,2,45,4,0,0,10,41,0,1,29,0,6,13,129,0,1,14,0,5,3,1,0,4,2,7,0,2,8,1,7,0
2011/2012,napier,cape agulhas,overberg,19.89561,-34.4756,43,0,51,1,1,0,6,39,0,1,31,1,6,19,163,1,1,21,1,6,0,2,0,5,5,12,0,0,6,2,5,0
2012/2013,napier,cape agulhas,overberg,19.89561,-34.4756,36,0,37,0,1,0,7,43,0,1,33,3,6,16,144,2,1,13,1,4,0,0,0,1,1,6,0,2,2,1,13,0
2013/2014,napier,cape agulhas,overberg,19.89561,-34.4756,42,1,44,0,0,0,6,48,1,0,29,2,7,14,129,1,13,12,2,5,0,2,0,6,4,10,0,0,10,2,14,0
2014/2015,napier,cape agulhas,overberg,19.89561,-34.4756,55,1,51,0,0,0,8,63,0,0,32,4,6,17,147,0,13,20,0,5,1,0,0,3,3,8,1,1,6,5,7,0
2015/2016,napier,cape agulhas,overberg,19.89561,-34.4756,59,1,38,3,1,0,12,72,0,4,33,7,7,15,266,3,13,12,2,4,1,4,0,5,3,9,1,4,8,0,16,0
2016/2017,napier,cape agulhas,overberg,19.89561,-34.4756,55,2,38,2,0,0,9,54,0,5,24,4,7,9,310,2,13,22,4,4,1,2,0,8,4,9,0,3,9,0,10,0
2017/2018,napier,cape agulhas,overberg,19.89561,-34.4756,72,0,47,0,0,0,8,63,0,2,34,1,6,13,345,3,12,21,4,6,0,4,0,4,2,8,0,3,10,1,12,0
2018/2019,napier,cape agulhas,overberg,19.89561,-34.4756,67,0,40,4,0,0,13,62,0,11,36,6,6,9,213,0,13,16,0,3,1,0,0,1,4,7,0,1,4,0,12,0
2019/2020,napier,cape agulhas,overberg,19.89561,-34.4756,51,1,52,1,0,0,5,60,0,5,28,2,7,22,142,4,21,11,3,3,0,0,0,3,4,8,0,1,9,1,8,0
2020/2021,napier,cape agulhas,overberg,19.89561,-34.4756,66,1,29,1,0,0,13,61,0,7,41,2,7,13,212,2,12,20,1,5,1,1,0,3,6,12,0,1,20,2,13,0
2021/2022,napier,cape agulhas,overberg,19.89561,-34.4756,84,2,44,2,1,0,3,59,0,15,41,1,6,14,232,1,13,28,3,7,1,0,0,2,4,12,0,1,5,0,10,0
2022/2023,napier,cape agulhas,overberg,19.89561,-34.4756,115,4,73,5,0,0,6,88,0,16,56,7,7,2,182,9,13,34,2,3,2,1,0,5,4,8,0,2,4,3,7,0
2023/2024,napier,overberg district,overberg district,19.89561,-34.4756,0,0,0,0,0,0,0,104,0,0,0,0,0,0,0,0,0,0,0,0,0,3,0,0,0,0,0,0,0,4,7,0
2024/2025,napier,overberg district,overberg district,19.89561,-34.4756,0,0,0,0,0,0,0,61,0,0,0,0,0,0,0,0,0,0,0,0,0,1,0,0,0,0,0,0,0,1,12,0
2008/2009,navalsig,mangaung,mangaung,26.23765,-29.10568,420,1,57,3,0,0,70,196,3,27,150,22,8,8,38,3,1,92,8,25,28,5,0,81,5,34,0,2,14,71,162,1
2009/2010,navalsig,mangaung,mangaung,26.23765,-29.10568,434,9,58,5,2,0,63,233,8,42,157,30,8,11,41,2,1,90,6,26,14,9,1,65,5,37,0,5,7,70,127,0
2010/2011,navalsig,mangaung,mangaung,26.23765,-29.10568,424,3,82,7,1,0,93,242,6,39,173,35,12,25,59,5,1,108,3,29,3,7,1,55,17,54,0,7,20,71,141,0
2011/2012,navalsig,mangaung,mangaung,26.23765,-29.10568,390,3,53,8,0,0,66,224,7,385,138,19,8,11,59,3,1,94,6,27,7,11,0,60,11,42,15,7,34,39,157,1
2012/2013,navalsig,mangaung,mangaung,26.23765,-29.10568,332,2,67,3,1,0,55,216,8,43,122,24,8,25,60,4,1,52,6,34,10,9,0,56,12,51,47,4,27,39,119,2
2013/2014,navalsig,mangaung,mangaung,26.23765,-29.10568,296,2,57,4,4,0,59,209,1,39,103,24,8,33,89,3,13,49,7,16,12,4,0,42,4,28,42,3,15,27,110,0
2014/2015,navalsig,mangaung,mangaung,26.23765,-29.10568,380,2,57,5,3,0,66,224,5,42,104,21,8,38,121,8,13,59,3,23,7,4,0,46,3,33,87,6,18,32,147,0
2015/2016,navalsig,mangaung,mangaung,26.23765,-29.10568,263,2,40,0,4,0,74,218,3,162,86,14,8,66,102,10,14,40,3,20,6,7,0,32,6,34,78,13,24,18,101,1
2016/2017,navalsig,mangaung,mangaung,26.23765,-29.10568,276,0,42,2,3,0,75,127,2,65,113,15,10,54,147,5,13,48,4,15,8,4,1,32,21,45,74,9,20,17,116,0
2017/2018,navalsig,mangaung,mangaung,26.23765,-29.10568,203,2,54,2,4,0,58,175,8,37,101,26,4,75,263,9,21,34,4,29,8,9,2,48,9,44,88,5,24,18,85,0
2018/2019,navalsig,mangaung,mangaung,26.23765,-29.10568,203,0,41,3,4,0,50,142,8,53,75,10,7,81,197,8,21,25,5,20,8,3,0,44,9,34,75,6,5,18,104,0
2019/2020,navalsig,mangaung,mangaung,26.23765,-29.10568,244,1,40,1,1,0,91,106,6,60,82,16,6,85,100,10,21,31,5,26,12,3,0,54,4,31,20,13,19,10,43,0
2020/2021,navalsig,mangaung,mangaung,26.23765,-29.10568,243,1,34,3,1,0,62,78,7,52,64,7,6,40,74,4,12,26,5,16,4,7,0,29,10,27,46,4,17,9,71,0
2021/2022,navalsig,mangaung,mangaung,26.23765,-29.10568,214,0,37,4,2,0,60,113,4,86,98,10,7,36,110,7,14,37,3,16,8,2,0,36,6,25,46,2,29,12,76,1
2022/2023,navalsig,mangaung,mangaung,26.23765,-29.10568,265,0,46,2,1,0,108,151,4,81,119,16,4,21,146,13,21,35,2,15,8,3,0,59,6,24,49,22,13,8,73,1
2023/2024,navalsig,mangaung district,mangaung district,26.23765,-29.10568,0,0,0,0,0,0,0,115,5,0,0,0,0,0,0,0,0,0,0,0,0,7,0,0,0,0,0,0,0,15,97,0
2024/2025,navalsig,mangaung district,mangaung district,26.23765,-29.10568,0,0,0,0,0,0,0,121,1,0,0,0,0,0,0,0,0,0,0,0,0,2,0,0,0,0,0,0,0,5,78,0
2008/2009,ndevana,buffalo city,buffalo city,27.48999,-32.91955,83,7,169,6,4,0,0,97,1,6,27,24,8,8,9,0,1,31,20,39,3,24,0,57,0,47,0,0,17,1,6,0
2009/2010,ndevana,buffalo city,buffalo city,27.48999,-32.91955,77,6,172,3,5,0,0,89,0,2,25,21,7,17,7,1,1,40,16,51,0,2,0,31,1,58,0,0,10,4,8,0
2010/2011,ndevana,buffalo city,buffalo city,27.48999,-32.91955,67,2,162,2,11,0,0,118,0,1,14,19,9,19,13,0,1,42,11,29,5,4,0,22,0,45,0,0,11,8,10,0
2011/2012,ndevana,buffalo city,buffalo city,27.48999,-32.91955,102,1,154,4,4,0,0,126,2,1,18,29,4,12,14,1,1,36,12,40,12,4,0,28,0,46,1,0,4,7,8,0
2012/2013,ndevana,buffalo city,buffalo city,27.48999,-32.91955,71,3,178,2,7,0,15,86,0,3,29,14,6,15,10,4,1,31,14,45,9,5,0,32,2,54,0,0,6,5,10,0
2013/2014,ndevana,buffalo city,buffalo city,27.48999,-32.91955,90,12,189,3,12,0,36,112,0,4,27,17,7,12,19,2,13,49,11,49,11,2,0,36,1,63,0,0,8,5,14,0
2014/2015,ndevana,buffalo city,buffalo city,27.48999,-32.91955,92,7,161,5,2,0,36,91,0,2,13,12,7,15,9,0,21,30,17,43,15,8,0,60,3,49,0,0,16,6,10,1
2015/2016,ndevana,buffalo city,buffalo city,27.48999,-32.91955,67,3,175,6,3,0,37,74,2,1,8,12,6,14,7,2,12,34,13,39,8,3,0,32,2,44,0,0,13,4,16,0
2016/2017,ndevana,buffalo city,buffalo city,27.48999,-32.91955,85,7,171,5,7,0,23,85,1,4,24,11,7,11,6,3,12,45,7,33,7,8,0,38,8,49,0,0,17,1,11,0
2017/2018,ndevana,buffalo city,buffalo city,27.48999,-32.91955,44,1,113,2,2,0,36,68,0,3,12,8,7,11,17,3,12,25,12,32,8,4,0,28,1,36,0,0,27,1,10,0
2018/2019,ndevana,buffalo city,buffalo city,27.48999,-32.91955,75,2,152,2,3,0,58,96,1,2,7,4,7,8,14,4,13,35,11,47,12,2,0,31,3,54,0,0,30,3,6,0
2019/2020,ndevana,buffalo city,buffalo city,27.48999,-32.91955,67,0,138,7,4,0,21,106,1,6,27,10,6,15,17,11,12,54,16,38,14,1,0,32,6,48,0,0,11,6,14,0
2020/2021,ndevana,buffalo city,buffalo city,27.48999,-32.91955,56,2,120,9,5,0,23,72,1,12,20,9,6,6,7,4,13,55,9,25,14,14,0,46,3,33,0,0,13,3,8,0
2021/2022,ndevana,buffalo city,buffalo city,27.48999,-32.91955,66,2,138,8,3,0,18,101,4,12,42,10,7,12,10,1,21,66,13,37,28,4,0,49,3,44,0,0,19,4,13,0
2022/2023,ndevana,buffalo city,buffalo city,27.48999,-32.91955,44,0,143,8,6,0,41,99,1,10,32,9,6,2,16,1,14,68,13,30,15,8,0,37,8,44,0,0,13,2,5,0
2023/2024,ndevana,buffalo city district,buffalo city district,27.48999,-32.91955,0,0,0,0,0,0,0,53,0,0,0,0,0,0,0,0,0,0,0,0,0,2,0,0,0,0,0,0,0,1,7,0
2024/2025,ndevana,buffalo city district,buffalo city district,27.48999,-32.91955,0,0,0,0,0,0,0,108,2,0,0,0,0,0,0,0,0,0,0,0,0,13,0,0,0,0,0,0,0,7,8,0
2008/2009,ndumo,jozini,umkhanyakude,32.26491,-26.9201,24,2,41,6,4,0,4,17,1,3,9,8,8,1,12,8,1,5,1,19,2,0,0,5,0,27,0,0,6,0,3,0
2009/2010,ndumo,jozini,umkhanyakude,32.26491,-26.9201,26,3,43,6,0,0,9,13,1,2,19,5,6,2,24,8,1,14,3,14,4,3,0,14,1,15,0,1,14,0,2,0
2010/2011,ndumo,jozini,umkhanyakude,32.26491,-26.9201,19,1,54,6,0,0,16,17,0,0,16,3,7,3,20,10,1,8,4,14,5,3,0,9,0,15,0,4,4,0,0,0
2011/2012,ndumo,jozini,umkhanyakude,32.26491,-26.9201,31,3,42,4,0,0,23,24,0,4,10,6,6,8,37,5,1,8,6,15,2,1,0,5,1,16,0,0,1,1,2,0
2012/2013,ndumo,jozini,umkhanyakude,32.26491,-26.9201,37,2,30,5,0,0,15,17,0,1,10,1,6,9,70,8,1,12,1,17,4,2,0,7,0,17,0,1,6,0,0,0
2013/2014,ndumo,jozini,umkhanyakude,32.26491,-26.9201,22,2,34,4,1,0,19,17,0,3,4,1,6,12,71,18,13,4,3,15,4,2,0,9,0,16,0,1,4,0,1,0
2014/2015,ndumo,jozini,umkhanyakude,32.26491,-26.9201,21,7,36,4,0,0,18,21,0,2,9,2,6,6,54,11,12,6,2,14,14,2,0,17,1,15,0,7,5,2,1,0
2015/2016,ndumo,jozini,umkhanyakude,32.26491,-26.9201,26,6,44,7,1,0,21,13,0,11,10,2,7,15,46,6,12,14,3,18,5,8,0,14,0,20,0,3,12,0,1,0
2016/2017,ndumo,jozini,umkhanyakude,32.26491,-26.9201,37,6,59,8,0,0,31,19,1,4,7,2,6,8,29,4,12,17,1,20,8,11,0,22,1,21,0,1,2,1,4,0
2017/2018,ndumo,jozini,umkhanyakude,32.26491,-26.9201,40,6,73,8,0,0,32,19,0,4,11,7,7,17,31,7,2,16,3,16,5,9,1,16,2,19,0,3,12,0,5,0
2018/2019,ndumo,jozini,umkhanyakude,32.26491,-26.9201,42,3,65,8,1,0,20,21,0,8,8,6,6,9,47,13,13,20,0,23,5,6,0,14,0,24,0,0,3,0,3,0
2019/2020,ndumo,jozini,umkhanyakude,32.26491,-26.9201,20,2,53,8,0,0,26,20,0,6,8,6,6,10,52,4,21,12,4,25,1,2,0,5,4,29,0,0,4,0,0,0
2020/2021,ndumo,jozini,umkhanyakude,32.26491,-26.9201,23,4,59,5,0,0,22,18,0,7,7,0,6,9,46,2,12,13,3,18,2,4,0,9,5,23,0,0,7,1,1,0
2021/2022,ndumo,jozini,umkhanyakude,32.26491,-26.9201,27,3,51,4,1,0,17,12,0,13,10,5,6,11,68,10,21,13,6,17,6,10,0,16,2,20,0,0,3,0,2,0
2022/2023,ndumo,jozini,umkhanyakude,32.26491,-26.9201,17,6,65,6,0,0,32,32,1,7,18,5,7,1,37,2,22,11,16,29,7,9,0,20,3,33,0,0,3,0,2,0
2023/2024,ndumo,umkhanyakude district,umkhanyakude district,32.26491,-26.9201,0,0,0,0,0,0,0,31,0,0,0,0,0,0,0,0,0,0,0,0,0,5,0,0,0,0,0,0,0,0,3,0
2024/2025,ndumo,umkhanyakude district,umkhanyakude district,32.26491,-26.9201,0,0,0,0,0,0,0,32,0,0,0,0,0,0,0,0,0,0,0,0,0,8,0,0,0,0,0,0,0,1,3,0
2008/2009,ndwedwe,ndwedwe,ilembe,30.93596,-29.51506,155,10,220,22,5,0,41,141,6,18,91,49,10,13,82,25,1,64,30,67,5,30,0,75,13,91,0,0,38,13,5,0
2009/2010,ndwedwe,ndwedwe,ilembe,30.93596,-29.51506,184,9,245,33,4,0,44,142,6,10,120,39,16,9,69,33,1,72,28,31,13,42,0,103,23,68,0,0,62,9,20,0
2010/2011,ndwedwe,ndwedwe,ilembe,30.93596,-29.51506,219,11,228,18,3,0,38,109,7,6,126,24,8,9,76,35,1,53,18,44,8,44,1,86,32,83,0,1,35,20,14,0
2011/2012,ndwedwe,ndwedwe,ilembe,30.93596,-29.51506,161,12,224,30,0,0,42,122,6,8,86,36,10,12,120,17,1,47,29,43,9,63,0,105,3,52,0,1,51,14,19,0
2012/2013,ndwedwe,ndwedwe,ilembe,30.93596,-29.51506,167,13,216,12,2,0,79,142,1,3,80,25,5,13,124,26,1,50,22,66,13,37,0,81,2,73,0,0,69,18,21,0
2013/2014,ndwedwe,ndwedwe,ilembe,30.93596,-29.51506,146,8,252,22,11,0,54,160,5,8,72,43,8,13,144,50,22,50,25,55,11,66,0,114,6,76,0,0,53,14,16,0
2014/2015,ndwedwe,ndwedwe,ilembe,30.93596,-29.51506,163,16,226,31,2,0,40,158,2,5,58,31,5,5,170,24,3,71,25,61,15,55,0,87,3,69,0,0,76,10,10,0
2015/2016,ndwedwe,ndwedwe,ilembe,30.93596,-29.51506,117,8,194,19,6,0,63,152,3,9,36,29,6,2,188,11,23,48,22,43,11,30,0,64,4,53,0,4,71,14,20,0
2016/2017,ndwedwe,ndwedwe,ilembe,30.93596,-29.51506,147,9,220,20,3,0,74,193,7,6,35,18,8,0,191,22,21,43,30,55,16,28,1,77,1,63,0,1,83,18,16,0
2017/2018,ndwedwe,ndwedwe,ilembe,30.93596,-29.51506,119,7,201,20,1,0,98,235,12,10,39,13,7,4,245,14,14,60,34,50,16,31,1,70,5,57,0,10,87,23,9,0
2018/2019,ndwedwe,ndwedwe,ilembe,30.93596,-29.51506,102,8,193,9,4,0,89,158,13,16,37,19,7,1,71,16,22,66,31,50,27,22,0,79,4,59,1,13,64,19,18,0
2019/2020,ndwedwe,ndwedwe,ilembe,30.93596,-29.51506,77,9,205,11,0,0,140,158,6,15,46,22,7,2,9,30,22,38,23,49,29,20,1,68,8,58,0,23,75,34,6,0
2020/2021,ndwedwe,ndwedwe,ilembe,30.93596,-29.51506,75,11,157,9,2,0,118,148,16,13,62,19,7,4,0,7,22,67,42,40,23,42,1,96,2,45,0,11,68,12,9,0
2021/2022,ndwedwe,ndwedwe,ilembe,30.93596,-29.51506,69,7,194,27,3,0,95,158,27,11,37,23,7,1,4,12,2,42,43,31,17,45,1,115,3,38,1,5,83,25,7,0
2022/2023,ndwedwe,ndwedwe,ilembe,30.93596,-29.51506,103,15,238,40,4,0,71,105,26,27,89,27,6,1,8,7,24,58,57,47,15,40,0,133,9,60,0,6,65,6,15,0
2023/2024,ndwedwe,ilembe district,ilembe district,30.93596,-29.51506,0,0,0,0,0,0,0,139,26,0,0,0,0,0,0,0,0,0,0,0,0,58,0,0,0,0,0,0,0,10,15,0
2024/2025,ndwedwe,ilembe district,ilembe district,30.93596,-29.51506,0,0,0,0,0,0,0,120,17,0,0,0,0,0,0,0,0,0,0,0,0,38,0,0,0,0,0,0,0,17,10,0
2008/2009,nebo,makhuduthamaga,sekhukhune,29.75343,-24.86798,115,4,120,26,8,0,128,100,5,19,39,27,7,26,120,28,1,73,26,73,5,8,0,47,2,84,0,0,36,17,12,0
2009/2010,nebo,makhuduthamaga,sekhukhune,29.75343,-24.86798,89,2,120,26,11,0,83,108,5,12,38,30,7,36,96,25,1,57,15,70,6,14,0,55,1,83,0,0,43,10,9,0
2010/2011,nebo,makhuduthamaga,sekhukhune,29.75343,-24.86798,118,6,168,26,11,0,107,120,7,15,34,37,7,24,131,18,1,79,15,74,12,12,0,59,2,88,0,0,55,7,12,0
2011/2012,nebo,makhuduthamaga,sekhukhune,29.75343,-24.86798,139,5,167,25,8,0,124,128,1,24,66,30,4,24,169,19,1,84,22,58,26,10,0,59,8,76,0,0,42,10,11,0
2012/2013,nebo,makhuduthamaga,sekhukhune,29.75343,-24.86798,121,5,137,14,6,0,85,146,2,10,74,29,7,22,206,8,1,70,11,39,17,8,0,39,4,50,0,0,19,15,18,0
2013/2014,nebo,makhuduthamaga,sekhukhune,29.75343,-24.86798,153,3,106,12,2,0,108,168,2,17,36,40,7,8,273,14,12,87,14,51,27,12,0,53,3,57,0,0,22,14,11,0
2014/2015,nebo,makhuduthamaga,sekhukhune,29.75343,-24.86798,147,3,142,12,4,0,138,147,3,17,53,34,6,10,322,8,22,63,12,67,20,7,0,48,5,76,13,1,36,7,22,0
2015/2016,nebo,makhuduthamaga,sekhukhune,29.75343,-24.86798,127,6,170,12,0,0,137,169,11,14,68,41,6,38,293,8,3,74,13,56,45,18,0,105,7,63,8,2,70,16,18,0
2016/2017,nebo,makhuduthamaga,sekhukhune,29.75343,-24.86798,122,8,109,13,1,0,123,206,17,11,55,32,6,58,317,20,23,52,10,47,32,33,0,100,6,54,2,1,37,19,20,1
2017/2018,nebo,makhuduthamaga,sekhukhune,29.75343,-24.86798,101,3,83,11,2,0,103,144,15,8,32,27,6,60,430,17,13,45,16,49,31,16,0,92,8,59,0,0,37,22,17,0
2018/2019,nebo,makhuduthamaga,sekhukhune,29.75343,-24.86798,75,2,72,13,2,0,119,154,11,7,48,23,6,58,272,24,12,34,20,42,30,11,0,78,5,49,0,0,25,21,14,1
2019/2020,nebo,makhuduthamaga,sekhukhune,29.75343,-24.86798,44,3,84,16,2,0,119,130,4,9,45,14,7,82,33,20,22,42,18,65,34,19,0,96,6,74,0,0,30,5,7,0
2020/2021,nebo,makhuduthamaga,sekhukhune,29.75343,-24.86798,94,3,75,14,5,0,70,134,7,20,52,23,6,50,33,8,23,40,9,50,35,20,0,89,5,60,0,0,31,14,18,0
2021/2022,nebo,makhuduthamaga,sekhukhune,29.75343,-24.86798,109,3,145,25,4,0,90,258,9,34,85,25,6,54,49,5,22,48,15,34,44,15,1,124,12,50,0,0,51,14,15,0
2022/2023,nebo,makhuduthamaga,sekhukhune,29.75343,-24.86798,174,4,176,26,8,0,76,174,20,34,105,47,6,14,109,8,25,67,20,65,46,35,0,159,7,80,0,1,78,10,12,0
2023/2024,nebo,sekhukhune district,sekhukhune district,29.75343,-24.86798,0,0,0,0,0,0,0,137,7,0,0,0,0,0,0,0,0,0,0,0,0,17,0,0,0,0,0,0,0,11,18,0
2024/2025,nebo,sekhukhune district,sekhukhune district,29.75343,-24.86798,0,0,0,0,0,0,0,178,6,0,0,0,0,0,0,0,0,0,0,0,0,28,0,0,0,0,0,0,0,8,24,0
2008/2009,nelspruit,city of mbombela,ehlanzeni,30.9792,-25.46928,1558,14,459,34,10,0,381,1102,34,600,439,142,31,157,53,9,1,303,22,83,23,38,1,252,11,123,0,508,7,190,709,1
2009/2010,nelspruit,city of mbombela,ehlanzeni,30.9792,-25.46928,1437,10,476,24,5,0,532,1229,32,746,433,154,37,102,42,18,1,348,19,85,23,65,0,306,11,119,0,422,7,158,1160,1
2010/2011,nelspruit,city of mbombela,ehlanzeni,30.9792,-25.46928,1562,18,423,35,7,0,574,1248,19,895,589,201,32,158,133,21,1,354,14,58,33,55,0,229,18,95,0,477,5,138,1117,1
2011/2012,nelspruit,city of mbombela,ehlanzeni,30.9792,-25.46928,1450,13,334,25,5,0,434,1174,15,916,493,201,8,208,155,26,1,336,15,52,38,99,1,260,6,67,3,406,5,191,1463,0
2012/2013,nelspruit,city of mbombela,ehlanzeni,30.9792,-25.46928,1390,7,271,27,2,0,367,1192,16,1242,410,219,5,215,207,35,1,275,11,55,37,50,0,205,13,73,9,400,6,143,1317,3
2013/2014,nelspruit,city of mbombela,ehlanzeni,30.9792,-25.46928,1307,6,252,28,5,0,454,924,12,848,382,187,5,169,336,31,2,172,14,58,31,59,0,195,6,72,3,440,3,106,1069,0
2014/2015,nelspruit,city of mbombela,ehlanzeni,30.9792,-25.46928,1309,2,255,9,6,0,320,994,18,812,394,196,12,113,503,27,17,184,8,57,33,71,0,266,5,75,10,450,9,122,1216,3
2015/2016,nelspruit,city of mbombela,ehlanzeni,30.9792,-25.46928,1152,6,246,11,4,0,330,916,10,628,390,172,8,109,623,33,16,121,17,40,38,46,2,229,9,57,2,455,9,103,1271,0
2016/2017,nelspruit,city of mbombela,ehlanzeni,30.9792,-25.46928,1236,5,235,24,2,0,373,907,6,763,405,232,5,179,592,26,25,148,10,39,30,47,1,237,6,50,5,469,5,123,1150,1
2017/2018,nelspruit,city of mbombela,ehlanzeni,30.9792,-25.46928,1136,10,234,25,1,0,339,843,14,697,381,217,9,99,547,28,14,138,14,36,39,37,2,219,12,54,8,382,6,159,1276,1
2018/2019,nelspruit,city of mbombela,ehlanzeni,30.9792,-25.46928,1148,2,209,27,1,0,354,880,18,668,382,243,7,75,440,35,24,159,12,51,42,57,2,319,9,62,0,372,6,126,1243,1
2019/2020,nelspruit,city of mbombela,ehlanzeni,30.9792,-25.46928,1054,4,201,25,2,0,295,1049,15,691,364,166,9,124,318,208,36,163,13,64,47,51,2,302,18,89,1,308,2,134,889,1
2020/2021,nelspruit,city of mbombela,ehlanzeni,30.9792,-25.46928,909,4,152,16,3,0,392,817,13,529,264,103,7,83,324,23,24,98,9,43,44,53,1,268,9,56,0,254,3,106,791,0
2021/2022,nelspruit,city of mbombela,ehlanzeni,30.9792,-25.46928,936,9,184,34,3,0,301,715,35,657,256,135,8,80,198,22,37,122,24,49,70,54,0,405,9,65,0,192,11,85,704,10
2022/2023,nelspruit,city of mbombela,ehlanzeni,30.9792,-25.46928,829,6,167,25,2,0,503,664,33,704,272,95,8,83,148,32,26,120,30,54,64,64,1,372,22,82,3,193,11,89,697,7
2023/2024,nelspruit,ehlanzeni district,ehlanzeni district,30.9792,-25.46928,0,0,0,0,0,0,0,546,34,0,0,0,0,0,0,0,0,0,0,0,0,47,0,0,0,0,0,0,0,94,602,0
2024/2025,nelspruit,ehlanzeni district,ehlanzeni district,30.9792,-25.46928,0,0,0,0,0,0,0,465,36,0,0,0,0,0,0,0,0,0,0,0,0,54,0,0,0,0,0,0,0,69,610,0
2008/2009,nemato,ndlambe,sarah baartman,26.89275,-33.57672,70,6,283,8,3,0,2,190,0,1,48,46,7,14,30,9,1,38,23,47,0,0,0,42,1,52,0,0,10,9,8,0
2009/2010,nemato,ndlambe,sarah baartman,26.89275,-33.57672,77,0,233,9,2,0,6,195,1,1,48,28,18,11,48,4,1,45,12,28,2,7,0,34,0,41,0,0,11,5,4,0
2010/2011,nemato,ndlambe,sarah baartman,26.89275,-33.57672,80,8,217,7,11,0,15,128,1,1,74,27,10,6,34,0,1,37,6,46,5,8,0,39,4,67,0,4,1,5,17,0
2011/2012,nemato,ndlambe,sarah baartman,26.89275,-33.57672,42,4,220,6,1,0,10,96,0,1,53,23,4,8,40,7,1,47,8,36,9,3,0,35,9,48,0,2,0,4,11,0
2012/2013,nemato,ndlambe,sarah baartman,26.89275,-33.57672,58,2,180,13,5,0,9,91,0,0,35,13,9,11,41,5,1,33,8,59,20,8,0,56,1,70,1,2,3,2,9,0
2013/2014,nemato,ndlambe,sarah baartman,26.89275,-33.57672,63,6,188,8,3,0,10,162,1,1,35,25,7,6,25,5,21,41,14,60,23,6,0,66,7,71,1,1,6,4,12,0
2014/2015,nemato,ndlambe,sarah baartman,26.89275,-33.57672,89,3,198,11,8,0,22,210,0,0,49,38,8,9,26,5,21,43,14,63,47,8,0,108,3,78,0,1,7,1,15,0
2015/2016,nemato,ndlambe,sarah baartman,26.89275,-33.57672,58,6,166,10,8,0,12,163,1,2,50,28,7,9,35,1,12,36,13,63,33,9,0,109,7,79,0,2,3,8,14,0
2016/2017,nemato,ndlambe,sarah baartman,26.89275,-33.57672,90,5,182,5,5,0,20,160,1,4,75,20,7,9,45,3,21,61,11,56,24,7,0,119,11,73,0,1,5,6,14,0
2017/2018,nemato,ndlambe,sarah baartman,26.89275,-33.57672,79,7,198,10,1,0,8,101,0,2,47,25,5,13,114,4,12,36,9,38,5,7,0,59,8,50,0,2,5,4,16,1
2018/2019,nemato,ndlambe,sarah baartman,26.89275,-33.57672,105,5,186,8,2,0,4,165,0,5,62,27,6,10,72,2,12,54,11,60,7,9,0,78,2,64,0,0,6,3,13,0
2019/2020,nemato,ndlambe,sarah baartman,26.89275,-33.57672,84,6,162,8,4,0,4,143,0,9,58,20,7,16,56,1,12,37,14,35,6,8,0,50,3,43,1,0,2,3,9,0
2020/2021,nemato,ndlambe,sarah baartman,26.89275,-33.57672,91,3,138,5,5,0,14,104,0,5,62,20,4,6,87,2,13,48,6,30,4,6,0,53,1,38,0,0,5,1,8,0
2021/2022,nemato,ndlambe,sarah baartman,26.89275,-33.57672,76,4,152,5,1,0,6,76,1,3,90,18,7,6,116,1,22,54,12,44,10,3,0,34,3,49,0,0,1,0,10,0
2022/2023,nemato,ndlambe,sarah baartman,26.89275,-33.57672,74,1,133,4,3,0,3,58,0,7,79,8,6,0,72,1,12,53,9,30,1,2,0,25,5,38,0,0,0,1,8,0
2023/2024,nemato,sarah baartman district,sarah baartman district,26.89275,-33.57672,0,0,0,0,0,0,0,46,0,0,0,0,0,0,0,0,0,0,0,0,0,2,0,0,0,0,0,0,0,0,10,0
2024/2025,nemato,sarah baartman district,sarah baartman district,26.89275,-33.57672,0,0,0,0,0,0,0,51,0,0,0,0,0,0,0,0,0,0,0,0,0,4,0,0,0,0,0,0,0,3,7,0
2008/2009,new brighton,nelson mandela bay,nelson mandela bay,25.5845,-33.90752,607,17,719,55,7,0,73,502,52,45,357,86,19,238,152,53,1,264,73,181,7,62,0,330,9,211,0,55,0,75,92,2
2009/2010,new brighton,nelson mandela bay,nelson mandela bay,25.5845,-33.90752,449,13,825,49,8,0,65,525,41,44,508,72,19,245,153,54,1,279,82,194,33,69,1,395,8,224,0,139,0,91,145,5
2010/2011,new brighton,nelson mandela bay,nelson mandela bay,25.5845,-33.90752,518,18,764,60,9,0,82,528,33,38,511,108,19,236,183,41,1,308,90,189,109,86,0,624,2,214,0,92,1,76,130,1
2011/2012,new brighton,nelson mandela bay,nelson mandela bay,25.5845,-33.90752,522,21,644,57,22,0,80,419,89,34,397,104,8,231,243,45,1,279,115,158,89,92,0,736,4,188,0,135,1,58,194,8
2012/2013,new brighton,nelson mandela bay,nelson mandela bay,25.5845,-33.90752,451,19,684,76,14,0,79,457,114,36,398,120,5,184,243,43,1,278,78,163,44,77,0,690,10,190,2,162,1,56,172,3
2013/2014,new brighton,nelson mandela bay,nelson mandela bay,25.5845,-33.90752,355,19,619,84,11,0,90,375,80,35,348,123,8,145,315,49,27,266,102,175,94,107,0,829,18,208,0,133,2,43,206,0
2014/2015,new brighton,nelson mandela bay,nelson mandela bay,25.5845,-33.90752,277,9,522,67,3,0,112,392,71,22,296,76,8,129,329,50,16,254,90,120,52,74,0,537,5,132,0,138,0,49,249,0
2015/2016,new brighton,nelson mandela bay,nelson mandela bay,25.5845,-33.90752,333,16,503,63,10,0,88,376,86,47,311,101,5,136,340,42,4,266,69,128,98,103,0,584,10,151,0,94,2,64,259,0
2016/2017,new brighton,nelson mandela bay,nelson mandela bay,25.5845,-33.90752,360,13,373,78,6,0,165,393,119,61,265,120,4,140,381,72,26,267,90,121,73,143,0,721,3,132,3,80,3,69,229,5
2017/2018,new brighton,nelson mandela bay,nelson mandela bay,25.5845,-33.90752,275,10,388,105,6,0,114,349,122,83,271,116,5,159,399,64,38,220,85,99,23,96,0,691,7,115,0,68,2,60,170,8
2018/2019,new brighton,nelson mandela bay,nelson mandela bay,25.5845,-33.90752,249,3,358,76,7,0,98,254,94,56,231,103,6,172,476,79,27,203,85,108,30,112,0,609,7,122,0,92,0,67,134,14
2019/2020,new brighton,nelson mandela bay,nelson mandela bay,25.5845,-33.90752,271,7,335,57,7,0,100,262,85,70,249,94,6,156,516,36,37,233,106,95,35,131,0,641,14,116,0,116,2,41,126,6
2020/2021,new brighton,nelson mandela bay,nelson mandela bay,25.5845,-33.90752,205,5,212,62,10,0,56,154,85,98,160,73,7,4,305,25,37,173,95,102,26,102,0,508,22,135,0,62,7,32,64,3
2021/2022,new brighton,nelson mandela bay,nelson mandela bay,25.5845,-33.90752,169,7,206,59,3,0,67,150,107,121,212,55,5,35,317,21,3,209,126,87,28,107,0,477,14,107,1,15,1,28,58,1
2022/2023,new brighton,nelson mandela bay,nelson mandela bay,25.5845,-33.90752,264,10,254,87,7,0,59,156,160,103,226,36,6,32,407,31,6,189,179,90,22,95,0,561,9,106,1,32,1,13,54,4
2023/2024,new brighton,nelson mandela district,nelson mandela district,25.5845,-33.90752,0,0,0,0,0,0,0,197,206,0,0,0,0,0,0,0,0,0,0,0,0,182,0,0,0,0,0,0,0,21,51,0
2024/2025,new brighton,nelson mandela district,nelson mandela district,25.5845,-33.90752,0,0,0,0,0,0,0,117,178,0,0,0,0,0,0,0,0,0,0,0,0,208,0,0,0,0,0,0,0,13,39,0
2008/2009,new hanover,umshwathi,umgungundlovu,30.52769,-29.35433,93,4,71,6,3,0,7,78,0,9,38,5,5,4,81,4,1,12,6,14,0,4,0,8,1,21,0,0,10,3,7,0
2009/2010,new hanover,umshwathi,umgungundlovu,30.52769,-29.35433,106,2,65,2,2,0,20,74,0,8,61,5,6,4,85,6,1,32,7,23,1,2,0,7,1,26,0,0,7,3,5,0
2010/2011,new hanover,umshwathi,umgungundlovu,30.52769,-29.35433,64,0,69,4,0,0,2,67,0,2,35,9,6,3,106,2,1,28,5,22,0,2,0,3,2,24,0,0,11,3,11,0
2011/2012,new hanover,umshwathi,umgungundlovu,30.52769,-29.35433,57,0,55,1,0,0,18,76,0,2,19,7,5,4,145,6,1,18,6,15,3,2,0,6,2,20,0,0,3,4,4,0
2012/2013,new hanover,umshwathi,umgungundlovu,30.52769,-29.35433,49,2,71,7,0,0,22,65,1,3,24,11,6,2,161,6,1,19,4,26,2,2,0,7,0,26,0,0,4,7,10,0
2013/2014,new hanover,umshwathi,umgungundlovu,30.52769,-29.35433,99,1,67,4,0,0,18,86,1,5,32,8,6,3,138,2,13,16,4,16,1,4,0,9,0,16,0,0,12,5,13,0
2014/2015,new hanover,umshwathi,umgungundlovu,30.52769,-29.35433,105,0,68,6,0,0,14,81,2,6,36,17,6,5,120,5,17,31,6,19,0,3,0,14,2,21,0,1,3,0,4,0
2015/2016,new hanover,umshwathi,umgungundlovu,30.52769,-29.35433,98,0,88,12,0,0,14,95,3,5,37,12,6,3,138,5,12,35,12,17,3,12,0,22,2,19,0,0,9,3,18,0
2016/2017,new hanover,umshwathi,umgungundlovu,30.52769,-29.35433,87,1,69,9,0,0,10,76,2,2,30,8,6,3,143,1,14,39,5,26,3,3,0,13,1,27,0,0,14,4,10,0
2017/2018,new hanover,umshwathi,umgungundlovu,30.52769,-29.35433,64,0,59,7,0,0,17,74,1,5,23,6,6,4,124,8,12,19,6,21,4,1,0,17,5,26,0,0,3,3,3,0
2018/2019,new hanover,umshwathi,umgungundlovu,30.52769,-29.35433,64,0,54,7,0,0,12,79,0,14,20,6,6,3,51,2,13,19,5,26,5,3,0,17,4,30,0,0,5,2,6,0
2019/2020,new hanover,umshwathi,umgungundlovu,30.52769,-29.35433,71,1,90,7,0,0,7,71,1,9,18,2,6,1,7,8,13,26,8,27,4,2,0,12,2,29,0,0,9,8,10,0
2020/2021,new hanover,umshwathi,umgungundlovu,30.52769,-29.35433,42,0,59,3,0,0,26,77,1,2,22,4,6,0,0,14,13,22,11,26,5,2,0,16,2,28,0,0,4,6,15,0
2021/2022,new hanover,umshwathi,umgungundlovu,30.52769,-29.35433,33,2,57,11,0,0,15,69,5,5,25,5,6,1,2,8,13,23,15,24,3,1,0,15,5,29,0,0,8,2,7,0
2022/2023,new hanover,umshwathi,umgungundlovu,30.52769,-29.35433,31,2,65,6,0,0,24,55,1,6,35,3,6,2,4,4,13,27,10,27,3,12,0,23,3,30,0,0,9,5,12,0
2023/2024,new hanover,umgungundlovu district,umgungundlovu district,30.52769,-29.35433,0,0,0,0,0,0,0,57,2,0,0,0,0,0,0,0,0,0,0,0,0,8,0,0,0,0,0,0,0,1,2,0
2024/2025,new hanover,umgungundlovu district,umgungundlovu district,30.52769,-29.35433,0,0,0,0,0,0,0,61,0,0,0,0,0,0,0,0,0,0,0,0,0,12,0,0,0,0,0,0,0,2,14,0
2008/2009,newark,mandeni,ilembe,31.4125,-29.19994,19,3,19,9,0,0,9,55,8,1,16,5,9,1,33,14,1,10,6,23,0,14,0,28,4,32,0,0,3,7,5,0
2009/2010,newark,mandeni,ilembe,31.4125,-29.19994,15,2,35,4,2,0,4,25,1,0,16,0,16,6,33,8,1,9,8,10,2,6,0,19,3,25,0,0,5,10,8,0
2010/2011,newark,mandeni,ilembe,31.4125,-29.19994,32,0,28,10,0,0,3,47,1,0,17,1,10,3,36,9,1,6,7,18,5,5,0,16,3,27,0,0,5,9,8,0
2011/2012,newark,mandeni,ilembe,31.4125,-29.19994,68,0,41,11,0,0,7,32,1,1,19,2,5,3,46,5,1,12,3,19,3,10,0,18,2,24,1,0,3,8,4,0
2012/2013,newark,mandeni,ilembe,31.4125,-29.19994,38,1,45,13,0,0,6,42,2,2,24,4,5,8,50,7,1,14,8,20,3,16,0,30,2,25,0,0,1,4,9,0
2013/2014,newark,mandeni,ilembe,31.4125,-29.19994,42,2,38,12,0,0,6,44,2,0,22,5,4,13,74,13,21,10,5,19,4,9,0,20,1,22,0,0,2,0,8,0
2014/2015,newark,mandeni,ilembe,31.4125,-29.19994,31,2,43,12,1,0,8,32,5,2,20,0,7,2,82,5,13,12,13,23,3,11,0,27,0,25,0,0,4,3,4,0
2015/2016,newark,mandeni,ilembe,31.4125,-29.19994,24,0,25,4,0,0,8,24,4,2,15,2,7,4,102,11,12,11,6,14,4,1,0,14,2,17,0,0,2,6,2,0
2016/2017,newark,mandeni,ilembe,31.4125,-29.19994,16,1,31,7,0,0,11,29,2,0,16,1,7,5,91,4,13,6,7,14,5,6,0,16,1,16,0,0,7,6,6,1
2017/2018,newark,mandeni,ilembe,31.4125,-29.19994,21,0,48,11,1,0,15,34,3,3,17,2,6,4,100,12,13,10,4,22,8,11,0,28,2,25,0,0,4,7,2,0
2018/2019,newark,mandeni,ilembe,31.4125,-29.19994,12,3,25,13,1,0,12,31,3,2,22,0,7,1,42,3,12,18,11,21,2,6,0,12,0,23,0,0,3,4,9,0
2019/2020,newark,mandeni,ilembe,31.4125,-29.19994,24,1,36,7,0,0,10,34,3,0,11,1,7,3,2,2,13,13,10,16,4,3,0,11,3,20,0,0,8,7,11,0
2020/2021,newark,mandeni,ilembe,31.4125,-29.19994,25,1,29,3,0,0,9,22,0,9,12,2,4,2,2,30,13,19,8,15,1,5,0,7,3,20,0,0,10,5,6,0
2021/2022,newark,mandeni,ilembe,31.4125,-29.19994,31,1,22,12,0,0,3,22,1,0,9,0,6,0,0,3,12,15,16,18,3,14,0,23,1,19,0,0,3,2,4,0
2022/2023,newark,mandeni,ilembe,31.4125,-29.19994,24,3,33,16,0,0,6,29,2,0,20,1,6,0,2,7,12,11,10,19,2,4,0,9,5,24,0,0,8,2,1,0
2023/2024,newark,ilembe district,ilembe district,31.4125,-29.19994,0,0,0,0,0,0,0,21,3,0,0,0,0,0,0,0,0,0,0,0,0,8,0,0,0,0,0,0,0,1,0,0
2024/2025,newark,ilembe district,ilembe district,31.4125,-29.19994,0,0,0,0,0,0,0,26,1,0,0,0,0,0,0,0,0,0,0,0,0,11,0,0,0,0,0,0,0,1,2,0
2008/2009,newcastle,newcastle,amajuba,29.93826,-27.76069,837,7,225,17,0,0,224,411,4,260,210,88,17,431,269,6,1,221,21,29,26,10,1,88,14,52,0,448,40,123,372,0
2009/2010,newcastle,newcastle,amajuba,29.93826,-27.76069,879,9,253,16,0,0,204,423,6,233,363,71,9,434,298,10,1,228,14,42,20,10,4,108,19,66,0,454,59,103,312,2
2010/2011,newcastle,newcastle,amajuba,29.93826,-27.76069,827,14,265,14,3,0,214,385,7,310,397,68,12,256,231,6,1,195,18,43,27,15,1,100,21,74,0,365,49,77,379,3
2011/2012,newcastle,newcastle,amajuba,29.93826,-27.76069,882,13,301,18,0,0,213,420,3,384,381,120,8,286,234,11,1,201,10,60,20,7,0,103,24,88,2,368,44,42,251,1
2012/2013,newcastle,newcastle,amajuba,29.93826,-27.76069,809,7,272,13,1,0,240,373,7,468,361,88,10,237,319,11,1,187,13,50,16,20,0,133,17,74,2,320,43,52,254,2
2013/2014,newcastle,newcastle,amajuba,29.93826,-27.76069,831,5,283,15,3,0,219,446,4,454,385,105,7,184,371,12,22,160,19,47,15,11,0,142,10,61,1,316,50,36,260,2
2014/2015,newcastle,newcastle,amajuba,29.93826,-27.76069,788,3,317,33,0,0,243,418,2,422,399,137,17,180,316,10,23,185,18,41,21,11,0,152,20,70,0,333,56,96,388,0
2015/2016,newcastle,newcastle,amajuba,29.93826,-27.76069,802,6,354,38,1,0,239,500,4,384,410,121,8,189,357,16,2,178,18,42,24,29,0,212,14,61,1,316,49,100,404,1
2016/2017,newcastle,newcastle,amajuba,29.93826,-27.76069,755,2,311,25,2,0,237,583,3,453,419,101,4,205,482,13,17,152,24,26,35,24,0,228,17,47,1,296,57,75,395,0
2017/2018,newcastle,newcastle,amajuba,29.93826,-27.76069,733,0,231,31,3,0,165,481,2,526,416,101,4,283,595,20,23,132,19,36,24,22,0,187,7,48,0,324,61,59,287,1
2018/2019,newcastle,newcastle,amajuba,29.93826,-27.76069,798,3,251,29,0,0,215,587,4,503,474,131,8,307,508,9,25,167,15,30,19,16,0,226,15,49,0,258,69,60,359,0
2019/2020,newcastle,newcastle,amajuba,29.93826,-27.76069,806,1,240,18,3,0,197,581,2,521,491,89,9,310,476,1,22,156,24,35,19,9,0,140,13,56,1,261,69,61,357,1
2020/2021,newcastle,newcastle,amajuba,29.93826,-27.76069,720,4,207,4,0,0,287,551,3,406,385,57,4,205,227,6,14,158,32,37,12,25,0,112,7,46,0,236,61,40,227,2
2021/2022,newcastle,newcastle,amajuba,29.93826,-27.76069,924,6,240,21,1,0,230,464,2,587,498,57,6,255,320,39,2,167,20,35,12,18,1,129,18,54,0,223,49,78,204,0
2022/2023,newcastle,newcastle,amajuba,29.93826,-27.76069,909,3,264,28,2,0,132,408,4,684,571,93,7,83,362,37,26,234,34,51,22,22,0,167,12,66,0,274,73,33,206,0
2023/2024,newcastle,amajuba district,amajuba district,29.93826,-27.76069,0,0,0,0,0,0,0,536,4,0,0,0,0,0,0,0,0,0,0,0,0,18,0,0,0,0,0,0,0,49,193,0
2024/2025,newcastle,amajuba district,amajuba district,29.93826,-27.76069,0,0,0,0,0,0,0,323,3,0,0,0,0,0,0,0,0,0,0,0,0,11,0,0,0,0,0,0,0,43,160,0
2008/2009,newlands east,ethekwini,ethekwini,30.97478,-29.78514,480,5,210,27,0,0,60,305,86,30,434,75,17,91,150,18,1,204,23,55,22,35,1,389,25,89,0,37,0,194,272,0
2009/2010,newlands east,ethekwini,ethekwini,30.97478,-29.78514,382,2,170,31,0,0,51,397,138,44,381,53,9,69,164,24,1,210,19,71,19,55,0,420,18,94,0,27,1,162,237,1
2010/2011,newlands east,ethekwini,ethekwini,30.97478,-29.78514,435,3,141,38,0,0,62,363,64,40,326,41,6,87,207,25,1,199,11,60,11,30,1,240,11,71,0,24,0,146,280,0
2011/2012,newlands east,ethekwini,ethekwini,30.97478,-29.78514,363,3,117,26,0,0,48,351,68,23,253,24,9,192,285,37,1,136,20,35,11,27,0,233,9,49,1,35,0,85,179,0
2012/2013,newlands east,ethekwini,ethekwini,30.97478,-29.78514,470,4,122,43,2,0,59,489,79,51,252,35,5,299,427,31,1,166,21,63,18,34,0,251,7,75,3,50,0,76,278,0
2013/2014,newlands east,ethekwini,ethekwini,30.97478,-29.78514,531,2,150,38,0,0,42,495,83,31,233,53,10,119,500,22,23,165,11,37,13,42,0,285,12,55,1,35,0,73,233,0
2014/2015,newlands east,ethekwini,ethekwini,30.97478,-29.78514,400,3,158,51,0,0,38,380,51,44,207,37,5,166,544,48,25,122,15,35,28,45,0,216,8,46,2,46,0,112,103,0
2015/2016,newlands east,ethekwini,ethekwini,30.97478,-29.78514,379,1,136,37,0,0,48,310,47,68,211,47,7,268,474,19,16,137,14,54,18,47,1,223,12,67,3,66,0,107,151,2
2016/2017,newlands east,ethekwini,ethekwini,30.97478,-29.78514,370,3,168,34,0,0,42,407,108,64,215,35,5,235,433,21,37,145,13,22,17,36,0,267,10,35,4,39,0,99,171,1
2017/2018,newlands east,ethekwini,ethekwini,30.97478,-29.78514,333,0,113,34,0,0,37,325,102,177,230,24,7,375,235,24,39,167,16,40,23,35,0,321,10,51,1,55,3,101,168,0
2018/2019,newlands east,ethekwini,ethekwini,30.97478,-29.78514,394,3,161,51,0,0,52,394,98,101,323,42,4,346,213,13,11,180,19,50,29,39,0,337,5,57,2,40,0,142,136,1
2019/2020,newlands east,ethekwini,ethekwini,30.97478,-29.78514,434,2,150,52,1,0,31,383,105,79,310,66,6,252,102,8,39,165,22,35,31,75,0,368,10,46,2,25,1,112,90,0
2020/2021,newlands east,ethekwini,ethekwini,30.97478,-29.78514,399,0,107,45,0,0,37,196,56,96,197,38,5,16,64,9,18,114,19,36,38,58,0,273,8,47,0,37,0,89,119,0
2021/2022,newlands east,ethekwini,ethekwini,30.97478,-29.78514,407,16,121,62,0,0,71,196,125,109,216,44,7,7,68,17,62,171,22,42,19,55,0,364,6,49,0,78,1,127,125,0
2022/2023,newlands east,ethekwini,ethekwini,30.97478,-29.78514,316,3,114,83,2,0,40,233,69,145,179,66,4,5,121,28,20,109,29,38,26,93,0,329,13,55,0,146,0,107,126,2
2023/2024,newlands east,ethekwini district,ethekwini district,30.97478,-29.78514,0,0,0,0,0,0,0,233,91,0,0,0,0,0,0,0,0,0,0,0,0,82,0,0,0,0,0,0,0,123,118,0
2024/2025,newlands east,ethekwini district,ethekwini district,30.97478,-29.78514,0,0,0,0,0,0,0,192,123,0,0,0,0,0,0,0,0,0,0,0,0,41,0,0,0,0,0,0,0,145,128,0
2008/2009,ngangelizwe,king sabata dalindyebo,o.r.tambo,28.79572,-31.60532,122,5,140,27,3,0,14,286,8,1,76,58,8,12,21,15,1,52,44,46,3,20,0,98,0,53,0,0,6,47,46,3
2009/2010,ngangelizwe,king sabata dalindyebo,o.r.tambo,28.79572,-31.60532,70,8,155,20,1,0,11,283,16,8,116,29,9,58,14,29,1,92,39,53,7,68,0,155,1,60,0,0,8,23,44,0
2010/2011,ngangelizwe,king sabata dalindyebo,o.r.tambo,28.79572,-31.60532,141,8,196,29,6,0,5,239,10,12,176,59,6,20,24,13,1,98,33,62,5,44,0,158,0,68,0,1,8,26,63,1
2011/2012,ngangelizwe,king sabata dalindyebo,o.r.tambo,28.79572,-31.60532,109,2,186,32,5,0,8,212,6,3,143,30,5,9,44,18,1,80,45,59,18,48,0,151,2,69,0,0,9,16,63,0
2012/2013,ngangelizwe,king sabata dalindyebo,o.r.tambo,28.79572,-31.60532,78,4,129,5,1,0,19,152,7,2,94,12,4,14,86,19,1,59,35,74,9,12,0,78,4,81,0,0,4,10,78,0
2013/2014,ngangelizwe,king sabata dalindyebo,o.r.tambo,28.79572,-31.60532,590,24,644,74,22,0,128,543,49,370,400,82,18,27,102,55,29,347,139,250,74,75,0,447,11,294,2,89,1,174,437,2
2014/2015,ngangelizwe,king sabata dalindyebo,o.r.tambo,28.79572,-31.60532,66,2,116,9,2,0,16,160,13,4,82,9,4,2,90,26,13,45,39,68,7,20,0,78,2,74,0,0,7,17,34,1
2015/2016,ngangelizwe,king sabata dalindyebo,o.r.tambo,28.79572,-31.60532,94,2,109,5,1,0,16,195,5,3,92,6,8,3,130,13,12,49,27,65,13,8,0,56,7,77,0,0,9,18,51,0
2016/2017,ngangelizwe,king sabata dalindyebo,o.r.tambo,28.79572,-31.60532,99,9,131,19,1,0,15,285,21,8,119,3,10,7,126,14,12,76,36,60,18,19,0,110,15,82,0,0,8,41,75,3
2017/2018,ngangelizwe,king sabata dalindyebo,o.r.tambo,28.79572,-31.60532,82,3,122,16,1,0,22,223,12,5,109,4,11,2,118,23,13,68,36,38,18,14,0,82,6,53,0,1,1,26,86,0
2018/2019,ngangelizwe,king sabata dalindyebo,o.r.tambo,28.79572,-31.60532,105,10,100,16,4,0,24,239,22,9,79,9,5,2,41,11,14,57,36,57,25,16,0,121,5,69,0,2,10,42,64,0
2019/2020,ngangelizwe,king sabata dalindyebo,o.r.tambo,28.79572,-31.60532,115,3,115,13,3,0,28,206,10,20,111,16,5,7,31,9,14,71,36,49,15,12,0,85,15,70,1,0,3,16,32,0
2020/2021,ngangelizwe,king sabata dalindyebo,o.r.tambo,28.79572,-31.60532,96,2,99,11,0,0,20,148,9,45,107,6,6,13,38,11,14,54,35,50,6,7,0,47,7,57,0,0,9,16,28,1
2021/2022,ngangelizwe,king sabata dalindyebo,o.r.tambo,28.79572,-31.60532,87,7,130,14,2,0,27,153,30,44,129,6,6,154,34,13,12,83,34,57,12,8,0,81,4,63,0,0,9,33,23,0
2022/2023,ngangelizwe,king sabata dalindyebo,o.r.tambo,28.79572,-31.60532,75,7,91,8,1,0,31,159,19,33,95,7,6,20,9,2,12,55,59,35,8,6,0,68,9,45,0,0,9,28,30,0
2023/2024,ngangelizwe,or tambo district,or tambo district,28.79572,-31.60532,0,0,0,0,0,0,0,130,11,0,0,0,0,0,0,0,0,0,0,0,0,13,0,0,0,0,0,0,0,21,40,0
2024/2025,ngangelizwe,or tambo district,or tambo district,28.79572,-31.60532,0,0,0,0,0,0,0,136,14,0,0,0,0,0,0,0,0,0,0,0,0,11,0,0,0,0,0,0,0,13,22,0
2008/2009,ngcobo,engcobo,chris hani,27.99961,-31.67635,257,11,282,19,6,0,36,189,6,40,167,56,6,22,35,27,1,93,64,69,8,11,1,57,0,75,0,67,66,37,37,0
2009/2010,ngcobo,engcobo,chris hani,27.99961,-31.67635,177,22,319,15,13,0,77,210,3,121,200,81,5,36,38,16,1,93,62,89,21,16,0,68,2,107,0,77,103,20,61,0
2010/2011,ngcobo,engcobo,chris hani,27.99961,-31.67635,218,21,290,22,11,0,86,240,9,246,177,44,9,22,25,23,1,107,82,107,51,27,5,148,0,123,0,64,107,50,119,1
2011/2012,ngcobo,engcobo,chris hani,27.99961,-31.67635,161,11,328,15,9,0,88,192,3,119,113,24,11,12,14,30,1,89,79,109,20,37,0,120,0,126,2,67,109,37,109,0
2012/2013,ngcobo,engcobo,chris hani,27.99961,-31.67635,153,14,277,27,11,0,88,181,7,167,89,30,5,7,26,31,1,93,104,131,29,26,3,138,0,145,1,54,108,75,155,2
2013/2014,ngcobo,engcobo,chris hani,27.99961,-31.67635,66,4,95,13,1,0,17,189,9,2,80,6,6,6,95,15,23,52,40,71,3,20,0,83,1,73,0,0,3,23,66,0
2014/2015,ngcobo,engcobo,chris hani,27.99961,-31.67635,124,7,233,24,3,0,53,103,3,74,52,14,5,23,96,54,12,47,80,125,38,20,0,91,2,133,0,48,53,39,94,0
2015/2016,ngcobo,engcobo,chris hani,27.99961,-31.67635,68,4,223,20,8,0,29,59,5,51,33,12,6,16,156,51,21,40,83,105,24,16,0,69,2,115,1,40,77,37,45,0
2016/2017,ngcobo,engcobo,chris hani,27.99961,-31.67635,146,19,225,29,10,0,70,151,0,80,48,22,6,17,169,71,21,78,77,118,17,9,1,56,0,128,0,36,107,35,109,0
2017/2018,ngcobo,engcobo,chris hani,27.99961,-31.67635,124,8,208,26,5,0,67,137,2,87,49,23,5,8,175,51,22,72,89,115,29,14,1,84,4,127,0,30,110,16,115,0
2018/2019,ngcobo,engcobo,chris hani,27.99961,-31.67635,129,8,257,26,13,0,58,169,8,120,40,28,7,2,51,22,17,82,103,104,21,18,3,91,4,122,0,35,110,11,144,1
2019/2020,ngcobo,engcobo,chris hani,27.99961,-31.67635,121,11,227,14,5,0,51,140,8,87,52,23,7,22,28,43,17,54,88,146,17,14,0,66,3,155,0,29,124,17,88,0
2020/2021,ngcobo,engcobo,chris hani,27.99961,-31.67635,130,6,211,13,5,0,55,82,6,93,56,19,6,16,51,43,17,64,77,106,30,13,1,68,6,117,0,27,66,4,48,0
2021/2022,ngcobo,engcobo,chris hani,27.99961,-31.67635,134,8,289,32,7,0,59,104,8,97,94,16,4,114,72,28,2,104,90,120,26,9,1,71,3,132,0,17,66,22,36,0
2022/2023,ngcobo,engcobo,chris hani,27.99961,-31.67635,129,5,289,35,8,0,71,110,11,49,91,17,4,48,66,70,16,88,126,122,26,15,0,78,6,138,0,14,45,15,46,0
2023/2024,ngcobo,chris hani district,chris hani district,27.99961,-31.67635,0,0,0,0,0,0,0,94,10,0,0,0,0,0,0,0,0,0,0,0,0,15,0,0,0,0,0,0,0,14,76,0
2024/2025,ngcobo,chris hani district,chris hani district,27.99961,-31.67635,0,0,0,0,0,0,0,87,20,0,0,0,0,0,0,0,0,0,0,0,0,15,0,0,0,0,0,0,0,20,59,0
2008/2009,ngodwana,city of mbombela,ehlanzeni,30.67429,-25.5708,71,1,36,1,1,0,12,38,2,5,27,5,6,6,4,2,1,17,1,6,2,1,0,14,0,7,0,4,3,3,8,1
2009/2010,ngodwana,city of mbombela,ehlanzeni,30.67429,-25.5708,59,3,39,0,0,0,16,47,0,6,14,2,6,7,12,1,1,11,0,2,1,1,0,7,0,2,0,5,4,4,6,0
2010/2011,ngodwana,city of mbombela,ehlanzeni,30.67429,-25.5708,50,0,36,0,0,0,9,32,0,8,17,2,6,4,18,2,1,16,2,5,1,8,0,12,1,6,0,1,3,5,0,0
2011/2012,ngodwana,city of mbombela,ehlanzeni,30.67429,-25.5708,61,1,24,1,0,0,7,14,0,5,9,1,6,13,10,3,1,7,0,5,1,3,0,4,0,5,0,3,0,2,2,0
2012/2013,ngodwana,city of mbombela,ehlanzeni,30.67429,-25.5708,75,0,26,3,0,0,5,55,1,11,19,1,6,11,27,1,1,5,3,6,4,1,0,8,0,6,0,4,0,2,5,0
2013/2014,ngodwana,city of mbombela,ehlanzeni,30.67429,-25.5708,61,0,21,0,2,0,4,24,0,7,13,2,6,12,19,1,12,6,2,7,1,1,0,4,1,10,0,1,3,2,7,1
2014/2015,ngodwana,city of mbombela,ehlanzeni,30.67429,-25.5708,49,2,15,1,0,0,1,43,0,4,7,1,6,12,36,0,13,5,2,4,3,3,0,8,0,4,0,2,3,7,11,2
2015/2016,ngodwana,city of mbombela,ehlanzeni,30.67429,-25.5708,69,2,26,1,0,0,8,34,0,4,16,2,6,8,52,0,13,7,0,10,1,2,0,4,1,11,0,3,0,0,16,0
2016/2017,ngodwana,city of mbombela,ehlanzeni,30.67429,-25.5708,61,0,24,1,0,0,5,34,0,2,12,3,6,12,37,2,24,7,1,0,1,4,0,8,1,1,3,1,4,2,23,0
2017/2018,ngodwana,city of mbombela,ehlanzeni,30.67429,-25.5708,61,0,28,1,0,0,9,28,1,8,20,3,6,15,32,0,12,9,0,4,2,3,0,8,0,4,0,3,1,3,31,0
2018/2019,ngodwana,city of mbombela,ehlanzeni,30.67429,-25.5708,82,0,36,2,0,0,14,34,0,10,22,4,6,12,4,2,12,11,3,3,4,2,0,8,0,3,0,2,1,1,30,1
2019/2020,ngodwana,city of mbombela,ehlanzeni,30.67429,-25.5708,49,2,12,0,0,0,11,29,0,14,15,2,6,11,9,1,12,5,0,6,1,3,0,10,2,8,0,0,4,5,16,0
2020/2021,ngodwana,city of mbombela,ehlanzeni,30.67429,-25.5708,54,0,18,2,0,0,10,16,0,7,19,2,7,2,1,1,13,5,3,1,3,1,0,10,0,2,0,1,7,0,14,0
2021/2022,ngodwana,city of mbombela,ehlanzeni,30.67429,-25.5708,51,1,24,0,0,0,7,8,0,7,20,3,6,2,0,0,12,14,2,6,5,0,0,14,1,7,0,7,4,1,14,0
2022/2023,ngodwana,city of mbombela,ehlanzeni,30.67429,-25.5708,36,1,21,1,0,0,8,12,0,9,40,3,6,0,0,5,12,5,1,6,3,3,0,11,2,8,0,1,2,3,15,0
2023/2024,ngodwana,ehlanzeni district,ehlanzeni district,30.67429,-25.5708,0,0,0,0,0,0,0,11,3,0,0,0,0,0,0,0,0,0,0,0,0,0,0,0,0,0,0,0,0,1,10,0
2024/2025,ngodwana,ehlanzeni district,ehlanzeni district,30.67429,-25.5708,0,0,0,0,0,0,0,11,1,0,0,0,0,0,0,0,0,0,0,0,0,5,0,0,0,0,0,0,0,0,25,0
2008/2009,ngome,abaqulusi,zululand,31.38986,-27.83284,42,7,33,3,0,0,4,23,0,0,33,4,8,1,4,2,1,13,4,10,0,1,0,8,1,15,0,0,29,0,3,0
2009/2010,ngome,abaqulusi,zululand,31.38986,-27.83284,30,3,44,3,1,0,3,23,0,1,51,3,6,0,10,4,1,8,5,10,3,3,0,13,0,11,0,0,31,0,2,0
2010/2011,ngome,abaqulusi,zululand,31.38986,-27.83284,39,1,44,7,3,0,5,29,0,0,50,5,6,1,11,5,1,15,1,11,1,2,0,5,2,16,0,1,24,1,4,0
2011/2012,ngome,abaqulusi,zululand,31.38986,-27.83284,33,2,37,4,0,0,8,22,1,1,34,2,6,3,21,5,1,7,2,15,0,0,0,3,0,15,0,0,48,1,1,0
2012/2013,ngome,abaqulusi,zululand,31.38986,-27.83284,31,2,36,2,0,0,12,18,1,3,50,1,6,2,15,5,1,8,4,12,0,1,0,4,1,13,0,0,27,0,7,0
2013/2014,ngome,abaqulusi,zululand,31.38986,-27.83284,18,5,47,2,0,0,8,24,0,0,50,3,6,0,21,4,12,12,5,3,3,1,0,6,1,4,0,0,26,1,4,0
2014/2015,ngome,abaqulusi,zululand,31.38986,-27.83284,25,2,43,3,0,0,4,15,0,0,51,1,6,3,20,8,13,12,3,7,1,0,0,2,1,8,0,0,15,0,2,0
2015/2016,ngome,abaqulusi,zululand,31.38986,-27.83284,17,0,33,2,1,0,8,10,0,1,38,3,6,8,14,2,13,19,3,9,4,0,0,8,0,10,0,0,23,0,2,0
2016/2017,ngome,abaqulusi,zululand,31.38986,-27.83284,29,1,40,3,0,0,8,8,0,0,20,4,6,15,30,2,13,13,3,5,0,0,0,4,1,6,0,0,34,0,8,0
2017/2018,ngome,abaqulusi,zululand,31.38986,-27.83284,27,2,40,5,1,0,6,16,0,3,29,2,6,24,27,10,13,11,1,14,2,1,0,5,3,18,0,0,52,0,2,0
2018/2019,ngome,abaqulusi,zululand,31.38986,-27.83284,20,0,31,0,0,0,3,7,0,0,26,3,6,56,28,12,13,13,1,10,3,0,0,7,2,12,0,0,17,0,3,0
2019/2020,ngome,abaqulusi,zululand,31.38986,-27.83284,13,0,35,1,0,0,10,7,1,0,23,0,6,114,23,3,12,12,1,9,0,0,0,1,2,11,0,0,24,1,2,0
2020/2021,ngome,abaqulusi,zululand,31.38986,-27.83284,14,0,22,2,0,0,3,12,1,2,19,0,6,8,1,3,12,13,3,9,0,1,0,4,1,10,0,0,28,1,1,0
2021/2022,ngome,abaqulusi,zululand,31.38986,-27.83284,14,0,24,4,0,0,13,2,0,2,16,1,6,13,0,0,13,11,3,12,0,1,0,2,0,12,0,0,18,0,1,0
2022/2023,ngome,abaqulusi,zululand,31.38986,-27.83284,23,0,23,3,0,0,9,7,0,3,14,0,6,18,12,1,23,8,3,10,0,1,0,2,1,11,0,0,27,0,5,0
2023/2024,ngome,zululand district,zululand district,31.38986,-27.83284,0,0,0,0,0,0,0,7,0,0,0,0,0,0,0,0,0,0,0,0,0,2,0,0,0,0,0,0,0,0,3,0
2024/2025,ngome,zululand district,zululand district,31.38986,-27.83284,0,0,0,0,0,0,0,12,0,0,0,0,0,0,0,0,0,0,0,0,0,2,0,0,0,0,0,0,0,0,2,0
2008/2009,ngqamakhwe,mnquma,amathole,27.94282,-32.20241,92,9,189,13,3,0,4,127,2,5,27,16,7,6,90,11,1,40,35,48,7,13,0,28,0,52,0,13,97,3,8,0
2009/2010,ngqamakhwe,mnquma,amathole,27.94282,-32.20241,65,14,248,10,5,0,13,132,1,7,57,12,6,8,101,11,1,51,52,71,6,16,0,32,6,82,0,8,83,5,14,0
2010/2011,ngqamakhwe,mnquma,amathole,27.94282,-32.20241,83,8,211,8,9,0,41,116,2,8,65,31,4,2,137,21,1,89,58,65,6,18,0,30,8,84,0,2,203,4,2,0
2011/2012,ngqamakhwe,mnquma,amathole,27.94282,-32.20241,66,6,240,8,4,0,48,112,1,14,53,22,8,14,159,6,1,68,37,79,4,15,0,44,2,89,0,3,104,3,6,1
2012/2013,ngqamakhwe,mnquma,amathole,27.94282,-32.20241,74,5,229,7,3,0,50,130,2,23,53,12,4,13,101,11,1,54,37,69,16,13,0,55,6,80,0,3,95,6,18,0
2013/2014,ngqamakhwe,mnquma,amathole,27.94282,-32.20241,79,15,240,10,4,0,77,109,3,10,35,15,7,4,145,9,14,59,41,67,23,28,0,71,5,77,1,1,60,9,11,0
2014/2015,ngqamakhwe,mnquma,amathole,27.94282,-32.20241,68,17,216,11,10,0,59,123,1,14,35,13,6,22,165,17,12,55,32,86,20,16,0,66,2,98,0,0,71,6,15,0
2015/2016,ngqamakhwe,mnquma,amathole,27.94282,-32.20241,81,6,252,19,9,0,58,141,3,9,52,17,7,1,158,15,25,63,51,83,14,22,0,64,9,102,0,0,78,5,10,0
2016/2017,ngqamakhwe,mnquma,amathole,27.94282,-32.20241,71,10,233,12,3,0,55,126,1,11,54,12,6,6,172,17,12,64,50,92,15,35,0,96,11,106,0,5,91,5,12,2
2017/2018,ngqamakhwe,mnquma,amathole,27.94282,-32.20241,64,7,206,7,3,0,42,93,2,8,67,11,6,8,159,10,21,63,44,66,16,35,0,76,12,81,0,1,34,2,9,0
2018/2019,ngqamakhwe,mnquma,amathole,27.94282,-32.20241,65,9,217,12,4,0,62,138,2,15,55,4,6,1,64,9,21,84,42,67,14,18,0,52,7,78,0,2,58,7,14,0
2019/2020,ngqamakhwe,mnquma,amathole,27.94282,-32.20241,95,9,203,13,8,0,66,81,2,20,58,9,6,1,18,9,21,102,57,90,19,22,0,74,8,106,0,6,81,9,4,1
2020/2021,ngqamakhwe,mnquma,amathole,27.94282,-32.20241,75,3,156,6,5,0,55,99,7,21,53,6,4,1,24,8,21,65,56,76,14,12,2,49,4,87,1,1,68,6,9,1
2021/2022,ngqamakhwe,mnquma,amathole,27.94282,-32.20241,72,6,186,13,2,0,60,73,1,15,82,14,6,1,23,1,21,58,54,69,27,10,0,53,2,73,0,7,90,10,4,0
2022/2023,ngqamakhwe,mnquma,amathole,27.94282,-32.20241,62,13,172,13,11,0,61,86,8,17,55,14,6,1,20,5,22,62,80,88,12,23,0,78,6,105,0,0,108,7,6,0
2023/2024,ngqamakhwe,amathole district,amathole district,27.94282,-32.20241,0,0,0,0,0,0,0,66,7,0,0,0,0,0,0,0,0,0,0,0,0,8,0,0,0,0,0,0,0,5,7,0
2024/2025,ngqamakhwe,amathole district,amathole district,27.94282,-32.20241,0,0,0,0,0,0,0,78,4,0,0,0,0,0,0,0,0,0,0,0,0,14,0,0,0,0,0,0,0,5,4,0
2023/2024,ngqayi,joe gqabi district,joe gqabi district,,,0,0,0,0,0,0,0,10,0,0,0,0,0,0,0,0,0,0,0,0,0,32,0,0,0,0,0,0,0,0,1,0
2024/2025,ngqayi,joe gqabi district,joe gqabi district,,,0,0,0,0,0,0,0,11,1,0,0,0,0,0,0,0,0,0,0,0,0,5,0,0,0,0,0,0,0,1,2,0
2008/2009,ngqeleni,nyandeni,o.r.tambo,29.03225,-31.67193,138,31,371,25,8,0,2,176,8,18,262,42,29,7,42,45,1,64,39,111,27,29,0,87,2,143,0,7,51,13,15,1
2009/2010,ngqeleni,nyandeni,o.r.tambo,29.03225,-31.67193,112,15,411,20,10,0,19,237,4,17,223,63,70,14,65,40,1,68,53,103,17,9,0,62,1,142,0,8,88,15,14,0
2010/2011,ngqeleni,nyandeni,o.r.tambo,29.03225,-31.67193,118,24,478,31,14,0,76,177,3,13,219,51,18,8,80,66,1,90,53,132,52,41,0,133,1,158,0,1,165,25,22,0
2011/2012,ngqeleni,nyandeni,o.r.tambo,29.03225,-31.67193,134,26,361,30,16,0,78,187,3,22,190,38,10,3,108,61,1,94,76,139,28,39,0,120,6,167,2,3,156,10,13,0
2012/2013,ngqeleni,nyandeni,o.r.tambo,29.03225,-31.67193,98,27,348,34,15,0,83,144,3,31,162,52,10,3,63,45,1,80,64,104,15,55,0,94,0,125,1,2,154,12,28,0
2013/2014,ngqeleni,nyandeni,o.r.tambo,29.03225,-31.67193,158,23,354,20,12,0,102,131,1,15,175,24,10,1,91,31,1,94,49,145,29,25,0,110,1,164,0,7,101,14,31,1
2014/2015,ngqeleni,nyandeni,o.r.tambo,29.03225,-31.67193,142,24,319,31,15,0,90,164,9,22,67,21,5,2,118,30,1,102,70,201,36,30,0,137,4,223,0,19,116,17,22,0
2015/2016,ngqeleni,nyandeni,o.r.tambo,29.03225,-31.67193,126,18,329,31,11,0,131,116,9,16,62,17,9,2,160,29,1,91,72,201,40,37,0,139,0,217,1,27,110,9,19,0
2016/2017,ngqeleni,nyandeni,o.r.tambo,29.03225,-31.67193,125,22,325,38,5,0,100,127,6,8,96,22,8,1,186,63,1,130,73,133,52,32,0,159,1,143,0,31,83,19,19,0
2017/2018,ngqeleni,nyandeni,o.r.tambo,29.03225,-31.67193,119,9,362,21,7,0,108,110,2,16,87,18,4,0,191,51,1,106,90,143,57,23,0,134,2,154,0,27,115,11,25,1
2018/2019,ngqeleni,nyandeni,o.r.tambo,29.03225,-31.67193,142,17,344,18,13,0,115,135,8,19,92,21,4,5,183,50,2,101,82,147,40,14,1,108,4,166,0,34,121,12,18,1
2019/2020,ngqeleni,nyandeni,o.r.tambo,29.03225,-31.67193,117,7,344,44,10,0,92,168,8,24,87,21,5,6,75,53,28,82,73,167,43,17,1,145,3,183,0,22,86,14,24,2
2020/2021,ngqeleni,nyandeni,o.r.tambo,29.03225,-31.67193,123,16,308,45,8,0,60,172,14,22,107,23,6,1,55,61,2,102,81,125,43,18,0,120,18,151,0,20,94,7,19,0
2021/2022,ngqeleni,nyandeni,o.r.tambo,29.03225,-31.67193,116,5,314,30,15,0,62,94,23,28,107,20,6,18,155,62,23,98,90,143,43,15,1,133,13,171,0,14,89,18,10,0
2022/2023,ngqeleni,nyandeni,o.r.tambo,29.03225,-31.67193,137,6,342,41,10,0,90,137,28,24,153,22,6,4,106,58,28,101,83,148,67,20,1,167,9,167,0,14,85,20,9,1
2023/2024,ngqeleni,or tambo district,or tambo district,29.03225,-31.67193,0,0,0,0,0,0,0,88,55,0,0,0,0,0,0,0,0,0,0,0,0,25,0,0,0,0,0,0,0,8,13,0
2024/2025,ngqeleni,or tambo district,or tambo district,29.03225,-31.67193,0,0,0,0,0,0,0,92,37,0,0,0,0,0,0,0,0,0,0,0,0,33,0,0,0,0,0,0,0,7,8,0
2008/2009,nhlanhleni,msinga,umzinyathi,30.42224,-28.55147,20,6,66,17,2,0,19,30,1,2,8,5,4,15,30,32,1,18,17,25,3,8,0,16,1,30,0,1,101,2,1,0
2009/2010,nhlanhleni,msinga,umzinyathi,30.42224,-28.55147,25,7,94,25,2,0,26,29,0,0,11,2,4,29,48,71,1,16,21,24,4,8,0,17,3,31,0,5,63,1,3,0
2010/2011,nhlanhleni,msinga,umzinyathi,30.42224,-28.55147,26,15,103,9,0,0,8,23,0,7,10,1,5,26,53,80,1,21,22,20,2,13,0,22,8,31,0,2,56,0,7,1
2011/2012,nhlanhleni,msinga,umzinyathi,30.42224,-28.55147,38,6,83,15,0,0,32,26,1,4,10,5,7,31,60,157,1,21,16,22,2,7,0,16,5,28,0,0,48,0,3,0
2012/2013,nhlanhleni,msinga,umzinyathi,30.42224,-28.55147,44,10,79,17,0,0,13,32,0,4,14,2,7,33,66,98,1,26,22,33,4,4,0,14,8,42,0,24,54,0,6,0
2013/2014,nhlanhleni,msinga,umzinyathi,30.42224,-28.55147,42,8,82,26,0,0,18,34,0,7,8,8,6,53,113,123,17,22,20,22,5,10,0,22,4,26,0,17,53,2,3,0
2014/2015,nhlanhleni,msinga,umzinyathi,30.42224,-28.55147,43,5,73,11,0,0,28,25,1,6,9,10,7,42,40,71,12,19,10,15,1,6,0,15,4,20,0,3,40,0,5,0
2015/2016,nhlanhleni,msinga,umzinyathi,30.42224,-28.55147,27,8,95,40,0,0,23,25,0,5,11,6,6,33,30,70,21,17,26,24,5,11,0,25,4,28,0,5,56,5,5,0
2016/2017,nhlanhleni,msinga,umzinyathi,30.42224,-28.55147,16,4,72,14,0,0,20,27,0,2,6,4,6,40,38,68,13,10,15,16,4,2,0,11,2,18,0,3,41,1,2,0
2017/2018,nhlanhleni,msinga,umzinyathi,30.42224,-28.55147,22,2,44,9,0,0,20,18,2,1,2,3,6,54,50,52,12,5,10,31,2,6,0,13,4,35,0,7,47,2,3,0
2018/2019,nhlanhleni,msinga,umzinyathi,30.42224,-28.55147,16,6,52,17,0,0,27,10,0,10,4,2,7,76,47,45,12,13,16,24,3,3,1,11,5,30,0,7,49,1,1,0
2019/2020,nhlanhleni,msinga,umzinyathi,30.42224,-28.55147,19,0,44,11,0,0,22,4,1,12,3,1,6,85,30,60,21,11,26,28,2,0,1,6,4,32,0,12,45,1,1,0
2020/2021,nhlanhleni,msinga,umzinyathi,30.42224,-28.55147,14,1,37,11,0,0,28,5,1,14,7,3,7,31,46,50,12,1,22,19,3,4,0,10,3,23,0,9,52,1,0,0
2021/2022,nhlanhleni,msinga,umzinyathi,30.42224,-28.55147,13,2,43,10,0,0,23,10,1,18,4,0,6,34,55,44,21,14,21,26,2,0,0,6,4,30,0,7,56,0,1,0
2022/2023,nhlanhleni,msinga,umzinyathi,30.42224,-28.55147,15,3,67,19,1,0,23,12,0,6,8,2,4,10,86,50,2,4,32,30,4,3,0,8,7,40,0,13,54,2,5,0
2023/2024,nhlanhleni,umzinyathi district,umzinyathi district,30.42224,-28.55147,0,0,0,0,0,0,0,10,1,0,0,0,0,0,0,0,0,0,0,0,0,2,0,0,0,0,0,0,0,0,2,0
2024/2025,nhlanhleni,umzinyathi district,umzinyathi district,30.42224,-28.55147,0,0,0,0,0,0,0,8,0,0,0,0,0,0,0,0,0,0,0,0,0,2,0,0,0,0,0,0,0,1,1,0
2008/2009,niekerkshoop,siyancuma,pixley ka seme,22.83759,-29.32683,13,0,15,2,0,0,6,12,0,0,15,0,6,4,18,0,1,6,4,3,0,0,0,0,1,4,0,0,10,0,1,0
2009/2010,niekerkshoop,siyancuma,pixley ka seme,22.83759,-29.32683,21,0,20,2,0,0,4,1,0,1,8,1,6,0,14,0,1,5,1,0,0,0,0,0,0,0,0,0,17,0,2,0
2010/2011,niekerkshoop,siyancuma,pixley ka seme,22.83759,-29.32683,12,0,19,0,1,0,4,11,0,2,3,1,7,0,13,0,1,7,0,0,0,0,0,0,1,3,0,0,25,0,1,0
2011/2012,niekerkshoop,siyancuma,pixley ka seme,22.83759,-29.32683,6,0,15,0,0,0,1,4,0,1,7,1,6,1,7,0,1,4,1,4,0,0,0,0,0,4,0,0,16,1,1,0
2012/2013,niekerkshoop,siyancuma,pixley ka seme,22.83759,-29.32683,8,0,22,2,1,0,3,7,0,1,2,2,6,1,4,0,1,4,2,2,0,0,0,1,0,3,0,0,11,2,1,0
2013/2014,niekerkshoop,siyancuma,pixley ka seme,22.83759,-29.32683,10,0,25,0,1,0,4,15,0,2,5,1,6,4,4,0,13,4,3,2,0,0,0,0,0,3,0,0,13,0,0,0
2014/2015,niekerkshoop,siyancuma,pixley ka seme,22.83759,-29.32683,18,0,30,2,1,0,2,13,0,1,8,0,6,0,17,0,13,12,2,6,0,0,0,0,0,7,0,0,15,0,0,0
2015/2016,niekerkshoop,siyancuma,pixley ka seme,22.83759,-29.32683,9,0,27,1,1,0,3,4,0,0,7,1,6,0,22,1,13,11,3,2,0,1,0,1,2,5,0,1,13,0,4,0
2016/2017,niekerkshoop,siyancuma,pixley ka seme,22.83759,-29.32683,10,0,28,2,0,0,5,6,0,1,4,3,6,1,19,0,13,8,1,4,0,0,0,0,0,4,0,0,13,0,0,0
2017/2018,niekerkshoop,siyancuma,pixley ka seme,22.83759,-29.32683,7,0,15,1,1,0,4,5,0,1,6,0,6,1,22,0,13,1,1,4,1,0,0,1,0,5,0,0,8,1,0,0
2018/2019,niekerkshoop,siyancuma,pixley ka seme,22.83759,-29.32683,7,0,19,1,0,0,1,4,0,1,9,0,6,0,6,0,13,3,2,3,0,0,0,0,1,4,0,0,3,0,2,0
2019/2020,niekerkshoop,siyancuma,pixley ka seme,22.83759,-29.32683,7,0,13,1,1,0,0,2,0,0,8,0,6,1,9,0,13,3,2,2,0,1,0,2,0,3,0,0,21,0,1,0
2020/2021,niekerkshoop,siyancuma,pixley ka seme,22.83759,-29.32683,1,0,15,0,0,0,2,3,0,1,5,0,6,0,2,0,13,2,1,1,0,0,0,0,0,1,0,0,12,0,0,0
2021/2022,niekerkshoop,siyancuma,pixley ka seme,22.83759,-29.32683,4,0,13,2,1,0,0,4,0,1,8,0,6,0,6,0,13,5,1,2,0,0,0,0,1,4,0,0,3,0,0,0
2022/2023,niekerkshoop,siyancuma,pixley ka seme,22.83759,-29.32683,5,0,21,4,1,0,3,8,0,2,12,0,6,0,8,0,13,0,2,3,0,0,0,0,0,4,0,0,7,1,1,0
2023/2024,niekerkshoop,pixley ka seme district,pixley ka seme district,22.83759,-29.32683,0,0,0,0,0,0,0,4,0,0,0,0,0,0,0,0,0,0,0,0,0,0,0,0,0,0,0,0,0,0,0,0
2024/2025,niekerkshoop,pixley ka seme district,pixley ka seme district,22.83759,-29.32683,0,0,0,0,0,0,0,6,0,0,0,0,0,0,0,0,0,0,0,0,0,0,0,0,0,0,0,0,0,0,0,0
2008/2009,nietverdiend,ramotshere moiloa,ngaka modiri molema,26.15879,-25.02325,39,1,22,1,0,0,12,13,0,13,14,3,7,2,4,3,1,9,0,9,4,0,0,5,0,10,0,2,26,0,7,0
2009/2010,nietverdiend,ramotshere moiloa,ngaka modiri molema,26.15879,-25.02325,26,0,15,0,3,0,6,15,0,6,12,1,6,2,7,3,1,5,1,5,2,2,0,4,0,8,0,0,17,2,0,0
2010/2011,nietverdiend,ramotshere moiloa,ngaka modiri molema,26.15879,-25.02325,20,1,15,1,0,0,1,4,0,7,10,1,7,4,13,0,1,9,0,1,1,0,0,1,0,2,0,0,25,0,5,0
2011/2012,nietverdiend,ramotshere moiloa,ngaka modiri molema,26.15879,-25.02325,21,0,16,3,1,0,5,11,1,34,12,3,6,3,1,2,1,9,1,6,2,0,0,5,1,8,0,0,20,1,4,2
2012/2013,nietverdiend,ramotshere moiloa,ngaka modiri molema,26.15879,-25.02325,27,1,12,2,0,0,4,5,0,41,7,0,6,7,3,0,1,7,1,9,1,0,0,1,0,9,0,0,35,2,3,0
2013/2014,nietverdiend,ramotshere moiloa,ngaka modiri molema,26.15879,-25.02325,14,0,19,0,0,0,11,18,0,35,8,1,6,5,8,3,13,9,2,3,2,1,0,3,2,5,0,0,20,0,2,0
2014/2015,nietverdiend,ramotshere moiloa,ngaka modiri molema,26.15879,-25.02325,23,1,15,7,1,0,4,16,0,22,13,4,6,4,7,5,13,6,2,4,1,1,0,2,0,5,0,0,23,1,5,0
2015/2016,nietverdiend,ramotshere moiloa,ngaka modiri molema,26.15879,-25.02325,20,1,15,7,2,0,3,10,0,39,13,2,6,3,11,1,13,9,0,2,0,0,0,4,0,4,0,0,16,0,1,1
2016/2017,nietverdiend,ramotshere moiloa,ngaka modiri molema,26.15879,-25.02325,11,0,8,1,1,0,9,9,0,19,12,1,6,3,8,3,12,5,1,3,2,0,0,2,0,4,0,0,21,0,2,0
2017/2018,nietverdiend,ramotshere moiloa,ngaka modiri molema,26.15879,-25.02325,16,1,11,3,3,0,4,8,0,9,19,1,6,0,8,6,13,4,0,2,0,0,0,0,1,6,0,0,19,0,0,0
2018/2019,nietverdiend,ramotshere moiloa,ngaka modiri molema,26.15879,-25.02325,20,0,17,1,0,0,5,9,0,11,16,2,6,1,12,2,21,11,0,1,0,3,0,5,1,2,0,0,41,0,1,0
2019/2020,nietverdiend,ramotshere moiloa,ngaka modiri molema,26.15879,-25.02325,13,0,12,1,0,0,9,15,1,12,11,0,6,0,0,4,12,7,1,1,0,0,0,4,0,1,0,0,24,1,5,0
2020/2021,nietverdiend,ramotshere moiloa,ngaka modiri molema,26.15879,-25.02325,15,0,8,0,0,0,5,8,0,7,11,1,6,0,0,1,13,4,0,1,2,0,0,4,1,2,0,0,16,0,0,0
2021/2022,nietverdiend,ramotshere moiloa,ngaka modiri molema,26.15879,-25.02325,8,1,8,1,0,0,7,3,0,6,10,1,6,0,3,2,13,8,0,5,1,2,0,7,0,5,0,0,27,0,3,1
2022/2023,nietverdiend,ramotshere moiloa,ngaka modiri molema,26.15879,-25.02325,24,0,12,0,2,0,11,6,1,21,15,0,6,0,0,0,12,10,1,3,0,0,0,9,1,6,0,0,19,0,4,1
2023/2024,nietverdiend,ngaka modiri molema district,ngaka modiri molema district,26.15879,-25.02325,0,0,0,0,0,0,0,8,0,0,0,0,0,0,0,0,0,0,0,0,0,0,0,0,0,0,0,0,0,6,3,0
2024/2025,nietverdiend,ngaka modiri molema district,ngaka modiri molema district,26.15879,-25.02325,0,0,0,0,0,0,0,8,0,0,0,0,0,0,0,0,0,0,0,0,0,0,0,0,0,0,0,0,0,8,2,0
2008/2009,nieuwoudtville,hantam,namakwa,19.11703,-31.37425,18,3,21,0,0,0,2,18,0,0,27,1,6,4,15,0,1,7,2,2,0,0,0,0,0,2,0,0,5,0,2,0
2009/2010,nieuwoudtville,hantam,namakwa,19.11703,-31.37425,6,0,15,3,0,0,4,12,0,1,23,2,6,9,16,1,1,3,0,2,0,0,0,0,4,6,0,0,3,1,2,0
2010/2011,nieuwoudtville,hantam,namakwa,19.11703,-31.37425,15,0,22,0,0,0,4,8,0,1,28,1,4,5,16,1,1,6,1,3,0,0,0,0,0,5,0,1,8,1,0,0
2011/2012,nieuwoudtville,hantam,namakwa,19.11703,-31.37425,16,0,17,4,1,0,4,6,0,0,22,1,6,3,11,0,1,7,0,3,0,0,0,0,0,4,0,0,3,0,2,0
2012/2013,nieuwoudtville,hantam,namakwa,19.11703,-31.37425,15,0,25,3,0,0,11,18,0,0,27,2,7,2,16,0,1,23,0,5,0,0,0,0,1,7,0,2,4,0,1,0
2013/2014,nieuwoudtville,hantam,namakwa,19.11703,-31.37425,20,1,23,1,0,0,3,13,0,3,21,1,7,2,16,0,13,14,0,2,0,0,0,0,0,3,0,0,5,1,0,0
2014/2015,nieuwoudtville,hantam,namakwa,19.11703,-31.37425,11,1,28,1,0,0,3,9,0,2,33,1,6,3,17,0,13,14,0,2,0,0,0,0,1,3,0,3,5,1,2,0
2015/2016,nieuwoudtville,hantam,namakwa,19.11703,-31.37425,13,0,14,0,0,0,8,4,0,0,12,0,6,7,32,0,13,7,0,2,0,0,0,0,1,3,0,0,0,0,4,0
2016/2017,nieuwoudtville,hantam,namakwa,19.11703,-31.37425,10,0,10,0,0,0,4,3,0,1,13,0,6,5,45,0,13,7,1,1,0,0,0,0,0,1,0,1,3,0,0,0
2017/2018,nieuwoudtville,hantam,namakwa,19.11703,-31.37425,10,0,7,1,0,0,7,8,0,3,26,0,6,5,29,0,13,5,1,1,0,0,0,0,1,2,0,0,3,0,1,0
2018/2019,nieuwoudtville,hantam,namakwa,19.11703,-31.37425,9,0,9,1,0,0,2,5,0,0,8,0,6,2,20,4,13,1,0,2,0,0,0,0,1,3,0,0,3,0,1,0
2019/2020,nieuwoudtville,hantam,namakwa,19.11703,-31.37425,3,0,9,0,0,0,1,4,0,2,4,0,6,5,4,1,13,3,0,2,0,0,0,0,0,2,0,0,2,0,1,0
2020/2021,nieuwoudtville,hantam,namakwa,19.11703,-31.37425,8,0,6,0,2,0,2,4,0,2,6,0,6,6,5,0,12,3,0,3,1,0,0,1,1,6,0,0,2,0,1,0
2021/2022,nieuwoudtville,hantam,namakwa,19.11703,-31.37425,11,1,4,0,0,0,2,3,0,2,7,1,6,5,13,0,13,2,0,1,0,0,0,0,1,2,0,1,0,0,2,0
2022/2023,nieuwoudtville,hantam,namakwa,19.11703,-31.37425,10,0,5,1,0,0,4,3,0,3,11,0,6,2,15,0,13,4,1,4,0,0,0,0,0,4,0,3,3,0,0,0
2023/2024,nieuwoudtville,namakwa district,namakwa district,19.11703,-31.37425,0,0,0,0,0,0,0,5,0,0,0,0,0,0,0,0,0,0,0,0,0,0,0,0,0,0,0,0,0,0,1,0
2024/2025,nieuwoudtville,namakwa district,namakwa district,19.11703,-31.37425,0,0,0,0,0,0,0,5,0,0,0,0,0,0,0,0,0,0,0,0,0,0,0,0,0,0,0,0,0,0,0,0
2008/2009,nigel,lesedi,sedibeng,28.47217,-26.42076,427,5,131,16,1,0,111,200,38,87,234,53,5,39,24,21,1,129,11,30,24,17,1,146,7,41,0,77,20,117,92,18
2009/2010,nigel,lesedi,sedibeng,28.47217,-26.42076,395,2,126,10,0,1,150,273,49,70,199,51,18,25,16,10,1,149,4,23,29,24,0,174,3,37,0,99,38,168,108,18
2010/2011,nigel,lesedi,sedibeng,28.47217,-26.42076,419,2,108,15,3,0,112,278,42,94,181,29,4,44,36,11,1,129,13,34,29,15,0,130,6,45,0,61,40,115,102,8
2011/2012,nigel,lesedi,sedibeng,28.47217,-26.42076,415,10,115,6,2,0,100,232,23,91,173,36,10,63,35,6,1,131,9,25,24,13,0,103,4,37,2,40,23,109,172,4
2012/2013,nigel,lesedi,sedibeng,28.47217,-26.42076,351,2,126,11,0,0,81,318,29,101,221,36,5,16,57,16,1,128,7,30,22,28,0,105,5,38,1,39,20,110,170,4
2013/2014,nigel,lesedi,sedibeng,28.47217,-26.42076,370,6,109,12,0,0,121,349,28,131,173,30,8,27,138,5,22,134,15,41,22,27,0,124,6,51,0,56,18,122,118,2
2014/2015,nigel,lesedi,sedibeng,28.47217,-26.42076,326,5,150,6,0,1,91,241,19,130,181,29,4,139,124,10,12,102,9,25,27,27,0,106,4,31,0,48,21,61,89,3
2015/2016,nigel,lesedi,sedibeng,28.47217,-26.42076,266,3,127,6,1,0,89,183,19,109,128,25,5,131,120,9,13,93,5,21,24,17,0,86,7,32,0,46,27,42,67,4
2016/2017,nigel,lesedi,sedibeng,28.47217,-26.42076,271,5,110,4,0,0,72,188,6,74,112,12,5,179,108,2,12,75,8,21,16,20,0,74,5,29,0,67,31,39,123,5
2017/2018,nigel,lesedi,sedibeng,28.47217,-26.42076,280,0,126,6,1,0,94,214,7,81,99,20,6,120,118,3,23,66,8,23,26,24,0,98,5,29,1,63,19,67,102,5
2018/2019,nigel,lesedi,sedibeng,28.47217,-26.42076,239,2,99,10,1,0,97,175,8,97,85,25,6,70,70,12,23,65,9,22,15,14,0,67,5,28,0,32,23,50,99,5
2019/2020,nigel,lesedi,sedibeng,28.47217,-26.42076,241,1,121,11,0,0,44,223,13,117,98,20,7,113,83,14,23,53,14,19,27,29,0,105,6,26,0,35,15,69,71,4
2020/2021,nigel,lesedi,sedibeng,28.47217,-26.42076,279,3,87,9,1,0,111,152,12,82,108,14,7,23,69,4,12,65,12,15,28,18,0,90,5,22,2,20,24,78,62,9
2021/2022,nigel,lesedi,sedibeng,28.47217,-26.42076,295,5,113,9,0,0,89,162,8,109,112,13,6,18,76,3,22,71,8,18,23,17,0,75,3,21,0,25,26,55,64,9
2022/2023,nigel,lesedi,sedibeng,28.47217,-26.42076,253,6,110,10,0,0,81,150,10,142,147,13,7,16,110,1,25,77,13,22,16,7,1,74,13,36,0,47,37,49,55,11
2023/2024,nigel,ekurhuleni district,ekurhuleni district,28.47217,-26.42076,0,0,0,0,0,0,0,170,12,0,0,0,0,0,0,0,0,0,0,0,0,13,0,0,0,0,0,0,0,37,51,0
2024/2025,nigel,ekurhuleni district,ekurhuleni district,28.47217,-26.42076,0,0,0,0,0,0,0,75,3,0,0,0,0,0,0,0,0,0,0,0,0,6,0,0,0,0,0,0,0,62,60,0
2008/2009,nkandla,nkandla,king cetshwayo,31.09171,-28.62028,96,9,199,12,3,0,41,111,2,13,88,17,9,9,36,17,1,41,14,43,2,5,0,24,5,56,0,12,46,16,16,0
2009/2010,nkandla,nkandla,king cetshwayo,31.09171,-28.62028,65,7,150,12,4,0,34,77,2,4,95,22,10,16,60,37,1,24,15,51,1,7,1,22,3,64,0,16,53,8,19,0
2010/2011,nkandla,nkandla,king cetshwayo,31.09171,-28.62028,37,2,139,11,2,0,24,53,0,14,63,14,4,30,42,41,1,29,15,47,2,7,2,20,3,54,0,4,41,3,6,0
2011/2012,nkandla,nkandla,king cetshwayo,31.09171,-28.62028,38,4,123,11,3,0,31,45,0,6,56,11,5,21,41,52,1,20,14,49,1,9,0,12,3,58,1,6,32,3,10,0
2012/2013,nkandla,nkandla,king cetshwayo,31.09171,-28.62028,30,0,112,12,4,0,33,36,1,9,59,7,7,31,68,47,1,18,20,36,2,8,0,15,7,48,0,32,40,2,5,0
2013/2014,nkandla,nkandla,king cetshwayo,31.09171,-28.62028,25,6,96,6,2,0,21,39,1,5,29,8,4,40,81,49,12,11,17,27,2,1,0,7,0,31,0,2,35,3,7,0
2014/2015,nkandla,nkandla,king cetshwayo,31.09171,-28.62028,25,6,89,17,0,0,18,13,0,2,18,6,6,61,121,60,23,8,15,44,6,5,0,18,0,44,0,1,40,2,3,0
2015/2016,nkandla,nkandla,king cetshwayo,31.09171,-28.62028,19,2,76,8,1,0,21,10,1,4,14,3,6,44,126,40,13,6,8,19,1,4,0,15,0,20,0,1,15,5,0,1
2016/2017,nkandla,nkandla,king cetshwayo,31.09171,-28.62028,22,0,67,10,1,0,18,24,0,11,12,1,6,23,77,14,23,14,15,18,7,2,0,13,2,21,0,2,12,8,2,0
2017/2018,nkandla,nkandla,king cetshwayo,31.09171,-28.62028,28,5,106,6,1,0,22,30,2,26,26,3,7,26,60,12,22,25,13,41,4,10,0,30,9,52,0,3,21,7,9,0
2018/2019,nkandla,nkandla,king cetshwayo,31.09171,-28.62028,24,8,117,7,3,0,17,17,0,15,16,4,7,21,46,17,14,13,18,54,3,11,0,22,8,66,0,6,27,6,4,0
2019/2020,nkandla,nkandla,king cetshwayo,31.09171,-28.62028,30,4,175,12,1,0,29,40,2,26,22,8,7,59,58,46,24,23,19,55,6,2,0,16,6,63,0,20,37,5,12,0
2020/2021,nkandla,nkandla,king cetshwayo,31.09171,-28.62028,37,5,161,17,2,0,50,48,1,39,37,8,6,70,20,34,2,29,17,45,6,9,0,26,3,50,0,13,43,4,9,1
2021/2022,nkandla,nkandla,king cetshwayo,31.09171,-28.62028,42,9,147,24,1,0,63,50,4,27,46,6,6,53,22,14,36,35,31,46,4,17,0,34,6,53,1,15,34,1,10,0
2022/2023,nkandla,nkandla,king cetshwayo,31.09171,-28.62028,44,5,158,25,3,0,36,37,3,42,53,6,5,27,9,13,2,41,29,46,6,11,0,40,7,59,0,29,37,2,12,0
2023/2024,nkandla,king cetshwayo district,king cetshwayo district,31.09171,-28.62028,0,0,0,0,0,0,0,39,1,0,0,0,0,0,0,0,0,0,0,0,0,8,0,0,0,0,0,0,0,6,11,0
2024/2025,nkandla,king cetshwayo district,king cetshwayo district,31.09171,-28.62028,0,0,0,0,0,0,0,52,1,0,0,0,0,0,0,0,0,0,0,0,0,9,0,0,0,0,0,0,0,1,13,0
2008/2009,noenieput,dawid kruiper,z f mgcawu,20.14278,-27.51294,4,0,0,0,0,0,0,3,0,0,0,0,6,0,1,0,1,1,1,0,0,0,0,0,0,0,0,0,16,0,0,0
2009/2010,noenieput,dawid kruiper,z f mgcawu,20.14278,-27.51294,9,0,0,1,0,0,2,1,0,0,3,0,6,0,0,0,1,3,0,2,0,0,0,0,0,2,0,0,21,0,0,0
2010/2011,noenieput,dawid kruiper,z f mgcawu,20.14278,-27.51294,5,0,2,0,0,0,0,3,0,0,1,0,6,0,0,0,1,0,0,1,0,0,0,0,0,1,0,0,24,0,0,0
2011/2012,noenieput,dawid kruiper,z f mgcawu,20.14278,-27.51294,3,0,1,1,0,0,0,2,0,0,4,0,6,0,1,0,1,1,1,0,0,0,0,0,0,0,0,1,7,0,2,0
2012/2013,noenieput,dawid kruiper,z f mgcawu,20.14278,-27.51294,2,0,2,0,0,0,0,2,0,0,7,0,6,0,1,0,1,0,0,0,0,0,0,0,0,0,0,0,14,0,0,0
2013/2014,noenieput,dawid kruiper,z f mgcawu,20.14278,-27.51294,1,0,1,0,0,0,1,1,0,0,3,0,6,0,1,0,13,0,0,0,0,0,0,0,0,0,0,0,4,0,0,0
2014/2015,noenieput,dawid kruiper,z f mgcawu,20.14278,-27.51294,0,0,0,1,0,0,0,1,0,0,5,0,6,0,3,0,13,1,1,1,0,0,0,0,0,1,0,0,14,1,0,0
2015/2016,noenieput,dawid kruiper,z f mgcawu,20.14278,-27.51294,2,0,1,0,0,0,0,0,0,0,4,0,6,0,2,0,13,0,0,0,0,0,0,0,0,0,0,0,4,0,0,0
2016/2017,noenieput,dawid kruiper,z f mgcawu,20.14278,-27.51294,1,0,0,0,0,0,0,0,0,0,0,0,6,0,2,0,13,0,1,0,0,0,0,0,0,0,0,0,5,0,0,0
2017/2018,noenieput,dawid kruiper,z f mgcawu,20.14278,-27.51294,1,0,2,0,0,0,0,0,0,0,2,0,6,0,1,0,13,2,0,0,0,0,0,0,0,0,0,0,2,0,0,0
2018/2019,noenieput,dawid kruiper,z f mgcawu,20.14278,-27.51294,0,0,1,0,0,0,0,0,0,0,4,0,6,0,0,0,13,1,1,1,0,0,0,0,0,1,0,0,6,0,0,0
2019/2020,noenieput,dawid kruiper,z f mgcawu,20.14278,-27.51294,0,0,0,0,1,0,0,1,0,0,0,0,6,0,1,0,13,1,1,0,0,0,0,0,0,1,0,0,4,0,0,0
2020/2021,noenieput,dawid kruiper,z f mgcawu,20.14278,-27.51294,1,0,0,0,0,0,0,0,0,0,0,0,6,0,1,0,13,0,0,0,0,0,0,0,0,0,0,0,4,0,0,0
2021/2022,noenieput,dawid kruiper,z f mgcawu,20.14278,-27.51294,1,0,0,0,0,0,0,0,0,0,0,0,6,0,1,0,13,4,0,0,0,0,0,0,0,0,0,0,0,0,0,0
2022/2023,noenieput,dawid kruiper,z f mgcawu,20.14278,-27.51294,2,0,3,0,0,0,0,0,0,0,2,0,6,0,5,0,13,0,0,0,0,0,0,0,0,0,0,0,0,0,0,0
2023/2024,noenieput,zf mgcawu district,zf mgcawu district,20.14278,-27.51294,0,0,0,0,0,0,0,1,0,0,0,0,0,0,0,0,0,0,0,0,0,0,0,0,0,0,0,0,0,0,0,0
2024/2025,noenieput,zf mgcawu district,zf mgcawu district,20.14278,-27.51294,0,0,0,0,0,0,0,3,0,0,0,0,0,0,0,0,0,0,0,0,0,0,0,0,0,0,0,0,0,0,0,0
2008/2009,nondweni,nqutu,umzinyathi,30.80476,-28.19908,32,0,48,1,1,0,6,28,0,0,9,4,8,1,7,5,1,12,2,4,0,2,0,5,0,9,0,0,9,1,7,0
2009/2010,nondweni,nqutu,umzinyathi,30.80476,-28.19908,24,1,56,3,2,0,8,52,1,2,10,12,6,1,8,3,1,11,1,17,4,1,0,7,0,19,0,0,10,1,4,0
2010/2011,nondweni,nqutu,umzinyathi,30.80476,-28.19908,18,1,47,1,3,0,7,29,0,0,12,5,7,2,10,4,1,9,2,10,1,2,0,3,0,14,0,0,7,3,3,0
2011/2012,nondweni,nqutu,umzinyathi,30.80476,-28.19908,5,1,44,1,0,0,14,24,0,4,10,8,6,4,19,3,1,12,2,6,3,1,0,6,1,7,0,0,5,3,4,0
2012/2013,nondweni,nqutu,umzinyathi,30.80476,-28.19908,15,3,52,0,5,0,10,18,0,0,5,4,6,6,21,6,1,4,6,6,1,2,0,4,1,12,0,0,12,1,3,0
2013/2014,nondweni,nqutu,umzinyathi,30.80476,-28.19908,7,2,39,3,0,0,4,22,0,0,6,5,6,4,23,4,12,13,5,10,2,2,0,5,1,11,0,0,6,1,2,0
2014/2015,nondweni,nqutu,umzinyathi,30.80476,-28.19908,10,0,42,2,0,0,8,27,0,1,9,1,6,6,32,2,12,9,4,4,2,1,0,3,0,4,0,0,8,2,15,0
2015/2016,nondweni,nqutu,umzinyathi,30.80476,-28.19908,14,1,38,0,0,0,9,24,0,3,4,4,6,3,16,1,12,10,3,12,2,2,0,4,2,14,0,0,9,2,4,0
2016/2017,nondweni,nqutu,umzinyathi,30.80476,-28.19908,27,2,47,1,1,0,3,21,0,3,1,3,6,5,20,4,13,8,0,9,2,1,0,6,1,11,0,0,6,4,1,0
2017/2018,nondweni,nqutu,umzinyathi,30.80476,-28.19908,16,0,33,1,0,0,3,28,2,3,4,5,6,10,28,2,13,6,1,13,1,0,0,6,0,13,0,0,11,0,1,0
2018/2019,nondweni,nqutu,umzinyathi,30.80476,-28.19908,14,0,36,2,0,0,7,20,0,1,4,1,6,11,11,1,13,4,3,5,1,0,0,1,0,5,0,0,6,0,1,0
2019/2020,nondweni,nqutu,umzinyathi,30.80476,-28.19908,13,0,38,1,0,0,3,18,0,1,8,1,6,9,20,0,13,5,2,7,1,0,0,2,0,7,0,0,13,0,1,0
2020/2021,nondweni,nqutu,umzinyathi,30.80476,-28.19908,12,1,49,0,0,0,4,27,0,2,11,1,6,10,22,0,21,5,3,7,0,0,0,2,0,7,0,0,9,0,1,1
2021/2022,nondweni,nqutu,umzinyathi,30.80476,-28.19908,17,1,47,0,1,0,10,16,0,5,4,4,6,10,23,3,12,11,3,13,0,1,0,2,2,16,0,0,13,1,5,0
2022/2023,nondweni,nqutu,umzinyathi,30.80476,-28.19908,12,0,27,2,0,0,4,14,0,1,14,1,7,10,15,5,21,9,5,21,1,1,0,3,4,26,0,0,9,2,3,0
2023/2024,nondweni,umzinyathi district,umzinyathi district,30.80476,-28.19908,0,0,0,0,0,0,0,11,1,0,0,0,0,0,0,0,0,0,0,0,0,0,0,0,0,0,0,0,0,0,2,0
2024/2025,nondweni,umzinyathi district,umzinyathi district,30.80476,-28.19908,0,0,0,0,0,0,0,17,0,0,0,0,0,0,0,0,0,0,0,0,0,2,0,0,0,0,0,0,0,1,1,0
2008/2009,nongoma,nongoma,zululand,31.64726,-27.89904,323,16,393,57,3,0,140,260,13,74,184,49,10,78,30,49,1,97,51,110,50,38,2,200,7,126,0,39,89,19,61,0
2009/2010,nongoma,nongoma,zululand,31.64726,-27.89904,246,27,420,75,10,1,106,200,23,94,196,60,10,85,81,65,1,127,66,124,26,41,5,158,8,148,0,49,132,14,50,0
2010/2011,nongoma,nongoma,zululand,31.64726,-27.89904,218,7,303,35,4,0,88,164,10,133,209,24,4,124,143,124,1,103,27,102,20,50,0,105,30,138,0,74,109,14,42,0
2011/2012,nongoma,nongoma,zululand,31.64726,-27.89904,186,10,292,39,0,0,112,150,5,93,158,29,5,135,158,117,1,79,35,113,23,32,1,76,31,147,0,58,110,12,50,0
2012/2013,nongoma,nongoma,zululand,31.64726,-27.89904,188,11,294,38,0,1,128,157,4,195,192,25,4,209,211,115,1,106,39,107,30,52,0,112,42,151,0,59,62,26,55,0
2013/2014,nongoma,nongoma,zululand,31.64726,-27.89904,204,11,330,28,0,0,128,230,1,109,196,28,5,112,242,109,24,88,40,106,18,21,1,68,32,141,0,87,100,9,53,0
2014/2015,nongoma,nongoma,zululand,31.64726,-27.89904,151,15,257,29,1,0,88,182,2,96,141,11,7,151,227,102,23,73,46,79,31,27,1,86,25,106,0,91,56,12,36,1
2015/2016,nongoma,nongoma,zululand,31.64726,-27.89904,148,9,294,38,0,0,90,212,4,71,125,14,6,254,209,72,14,99,54,85,55,34,0,130,24,109,0,73,67,17,30,1
2016/2017,nongoma,nongoma,zululand,31.64726,-27.89904,151,9,243,42,0,0,99,236,4,90,115,15,4,197,222,52,16,98,53,108,30,15,2,82,11,121,0,80,116,10,39,0
2017/2018,nongoma,nongoma,zululand,31.64726,-27.89904,191,21,244,37,1,0,109,211,0,93,73,14,6,246,255,80,16,91,55,130,30,34,0,102,13,144,0,78,140,19,41,1
2018/2019,nongoma,nongoma,zululand,31.64726,-27.89904,212,21,281,50,0,0,129,231,5,104,109,16,6,256,230,69,24,117,37,135,54,66,1,179,24,159,0,66,106,21,42,0
2019/2020,nongoma,nongoma,zululand,31.64726,-27.89904,173,16,314,31,0,0,126,183,4,102,122,19,4,399,281,47,16,87,59,113,20,40,0,101,15,130,0,61,104,11,31,1
2020/2021,nongoma,nongoma,zululand,31.64726,-27.89904,119,12,243,31,2,0,82,118,4,107,107,17,6,12,27,37,16,73,43,81,23,29,1,100,14,97,0,48,113,4,18,1
2021/2022,nongoma,nongoma,zululand,31.64726,-27.89904,119,8,296,46,1,0,217,115,6,65,153,19,6,50,61,71,36,112,64,115,28,21,1,80,10,126,1,37,66,7,29,0
2022/2023,nongoma,nongoma,zululand,31.64726,-27.89904,131,15,379,45,6,0,92,114,6,74,172,24,6,84,91,42,53,123,56,138,31,33,0,111,13,157,0,49,51,6,39,0
2023/2024,nongoma,zululand district,zululand district,31.64726,-27.89904,0,0,0,0,0,0,0,134,5,0,0,0,0,0,0,0,0,0,0,0,0,35,0,0,0,0,0,0,0,7,33,0
2024/2025,nongoma,zululand district,zululand district,31.64726,-27.89904,0,0,0,0,0,0,0,156,3,0,0,0,0,0,0,0,0,0,0,0,0,45,0,0,0,0,0,0,0,7,28,0
2008/2009,norkempark,ekurhuleni,ekurhuleni,28.22334,-26.05456,505,8,111,18,5,0,41,907,69,95,260,75,18,82,17,14,1,203,6,26,40,68,0,291,10,52,0,36,0,250,332,3
2009/2010,norkempark,ekurhuleni,ekurhuleni,28.22334,-26.05456,541,12,134,25,1,0,67,901,159,119,260,92,31,112,13,24,1,221,8,34,43,90,1,449,11,65,0,48,2,236,439,7
2010/2011,norkempark,ekurhuleni,ekurhuleni,28.22334,-26.05456,545,7,152,21,4,0,81,729,164,179,291,115,22,85,24,21,1,279,8,33,41,95,0,497,10,67,0,84,0,119,336,8
2011/2012,norkempark,ekurhuleni,ekurhuleni,28.22334,-26.05456,589,13,134,30,3,0,63,713,98,242,256,69,4,88,35,39,1,236,9,31,29,77,0,321,17,53,1,123,0,159,489,2
2012/2013,norkempark,ekurhuleni,ekurhuleni,28.22334,-26.05456,637,3,100,20,2,0,94,1001,54,213,201,77,5,122,71,54,1,285,7,33,34,79,0,276,9,47,3,132,0,203,452,7
2013/2014,norkempark,ekurhuleni,ekurhuleni,28.22334,-26.05456,537,4,113,21,1,1,86,970,64,194,202,91,4,126,283,25,16,171,11,42,37,89,0,389,6,51,1,178,0,240,505,8
2014/2015,norkempark,ekurhuleni,ekurhuleni,28.22334,-26.05456,622,2,94,22,2,0,76,1021,62,144,213,55,4,116,144,28,27,193,11,31,43,95,0,371,5,40,0,136,0,283,402,5
2015/2016,norkempark,ekurhuleni,ekurhuleni,28.22334,-26.05456,527,3,78,23,1,1,69,1047,93,184,225,99,7,224,148,16,27,128,8,34,31,139,0,464,11,47,1,192,0,252,524,1
2016/2017,norkempark,ekurhuleni,ekurhuleni,28.22334,-26.05456,476,0,96,16,2,0,57,1065,136,246,187,124,4,207,186,21,28,133,11,22,41,113,0,470,8,34,0,168,0,224,526,0
2017/2018,norkempark,ekurhuleni,ekurhuleni,28.22334,-26.05456,515,1,94,20,0,0,56,863,102,207,243,90,4,254,220,39,28,121,9,26,34,138,1,473,8,36,0,164,0,202,460,3
2018/2019,norkempark,ekurhuleni,ekurhuleni,28.22334,-26.05456,511,0,93,19,2,0,55,873,81,244,292,108,10,273,186,33,8,148,15,37,43,140,0,443,10,55,0,169,0,222,411,1
2019/2020,norkempark,ekurhuleni,ekurhuleni,28.22334,-26.05456,566,1,76,31,3,0,49,524,64,319,274,102,4,271,147,28,38,140,11,23,54,91,1,434,13,41,0,158,0,177,367,3
2020/2021,norkempark,ekurhuleni,ekurhuleni,28.22334,-26.05456,553,0,46,23,0,0,49,440,58,383,233,93,5,315,109,27,26,104,14,23,59,63,3,431,10,36,2,155,0,155,229,0
2021/2022,norkempark,ekurhuleni,ekurhuleni,28.22334,-26.05456,647,2,68,30,0,0,49,441,116,488,267,102,5,347,61,26,26,136,11,32,32,54,1,455,10,45,0,154,0,145,255,2
2022/2023,norkempark,ekurhuleni,ekurhuleni,28.22334,-26.05456,586,0,45,25,2,0,52,415,120,504,283,104,8,206,106,24,43,134,12,32,48,52,0,453,17,55,1,161,0,204,134,1
2023/2024,norkempark,ekurhuleni district,ekurhuleni district,28.22334,-26.05456,0,0,0,0,0,0,0,449,127,0,0,0,0,0,0,0,0,0,0,0,0,69,0,0,0,0,0,0,0,152,134,0
2024/2025,norkempark,ekurhuleni district,ekurhuleni district,28.22334,-26.05456,0,0,0,0,0,0,0,352,90,0,0,0,0,0,0,0,0,0,0,0,0,66,0,0,0,0,0,0,0,132,163,0
2008/2009,normandien,dannhauser,amajuba,29.78067,-27.98656,8,0,12,0,0,0,2,6,0,1,6,0,6,1,5,1,1,8,0,2,0,0,0,0,1,3,0,0,33,0,1,0
2009/2010,normandien,dannhauser,amajuba,29.78067,-27.98656,8,1,6,1,0,0,2,6,0,0,4,0,7,6,11,0,1,3,0,2,0,0,0,0,0,3,0,0,31,0,0,0
2010/2011,normandien,dannhauser,amajuba,29.78067,-27.98656,13,0,12,1,1,0,6,8,0,0,8,0,6,4,11,0,1,4,0,2,0,0,0,0,0,3,0,0,45,0,1,0
2011/2012,normandien,dannhauser,amajuba,29.78067,-27.98656,31,1,12,1,0,0,2,8,0,0,5,1,6,1,3,0,1,5,1,1,0,0,0,0,0,1,0,0,38,0,2,0
2012/2013,normandien,dannhauser,amajuba,29.78067,-27.98656,11,0,18,1,0,0,6,6,0,0,3,1,6,0,5,1,1,7,0,3,0,1,0,1,0,3,0,0,36,1,0,0
2013/2014,normandien,dannhauser,amajuba,29.78067,-27.98656,11,2,14,3,0,0,0,3,0,0,4,0,6,2,4,0,13,2,1,1,1,0,0,2,4,5,0,0,23,0,1,0
2014/2015,normandien,dannhauser,amajuba,29.78067,-27.98656,15,1,11,0,1,0,3,17,0,0,5,0,6,0,5,0,13,10,0,0,2,0,0,2,0,1,0,0,45,0,1,0
2015/2016,normandien,dannhauser,amajuba,29.78067,-27.98656,16,1,19,1,0,0,2,5,0,1,12,0,6,2,4,0,13,13,1,0,0,0,0,1,1,1,0,0,33,0,4,0
2016/2017,normandien,dannhauser,amajuba,29.78067,-27.98656,19,0,21,2,0,0,2,9,0,1,14,0,7,11,10,0,13,9,1,2,0,1,0,1,0,3,0,0,36,0,2,0
2017/2018,normandien,dannhauser,amajuba,29.78067,-27.98656,17,0,22,4,0,0,4,5,0,3,14,0,6,24,9,0,12,11,0,2,0,0,0,0,1,3,0,0,34,0,4,0
2018/2019,normandien,dannhauser,amajuba,29.78067,-27.98656,14,0,10,0,0,0,1,8,0,1,12,0,6,26,7,0,12,13,1,3,0,0,0,0,0,3,0,0,40,1,4,0
2019/2020,normandien,dannhauser,amajuba,29.78067,-27.98656,11,0,9,2,0,0,3,7,0,1,12,0,6,25,2,0,13,10,0,2,0,0,0,0,0,2,0,0,35,0,6,0
2020/2021,normandien,dannhauser,amajuba,29.78067,-27.98656,18,0,7,0,0,0,4,5,0,1,8,0,6,12,1,0,13,3,3,1,0,0,0,1,0,1,0,0,41,1,3,0
2021/2022,normandien,dannhauser,amajuba,29.78067,-27.98656,19,0,11,0,0,0,5,5,0,2,8,0,6,2,3,4,12,3,0,1,0,0,0,0,0,1,0,0,51,0,5,0
2022/2023,normandien,dannhauser,amajuba,29.78067,-27.98656,26,1,12,0,0,0,0,4,0,2,19,0,6,0,0,0,21,13,0,1,0,0,0,0,1,2,0,0,29,0,1,0
2023/2024,normandien,amajuba district,amajuba district,29.78067,-27.98656,0,0,0,0,0,0,0,3,0,0,0,0,0,0,0,0,0,0,0,0,0,0,0,0,0,0,0,0,0,0,2,0
2024/2025,normandien,amajuba district,amajuba district,29.78067,-27.98656,0,0,0,0,0,0,0,8,0,0,0,0,0,0,0,0,0,0,0,0,0,0,0,0,0,0,0,0,0,0,2,0
2008/2009,northam,thabazimbi,waterberg,27.26438,-24.9599,342,5,115,14,3,0,61,87,8,64,125,39,8,38,33,2,1,76,22,22,3,5,0,31,3,32,0,53,9,12,35,3
2009/2010,northam,thabazimbi,waterberg,27.26438,-24.9599,337,7,114,6,0,1,44,118,1,62,83,37,4,44,51,2,1,80,15,15,4,0,0,11,3,20,0,52,18,10,20,1
2010/2011,northam,thabazimbi,waterberg,27.26438,-24.9599,395,7,119,9,3,0,58,136,2,84,98,59,7,31,46,6,1,67,8,21,9,6,0,24,5,30,0,43,11,19,30,0
2011/2012,northam,thabazimbi,waterberg,27.26438,-24.9599,370,8,115,10,2,0,46,169,3,86,83,21,6,13,46,1,1,70,18,25,9,3,0,30,3,30,0,52,8,26,40,0
2012/2013,northam,thabazimbi,waterberg,27.26438,-24.9599,366,7,94,5,1,0,47,109,1,79,77,24,6,30,90,4,1,68,14,18,15,4,0,22,4,23,0,50,7,17,22,0
2013/2014,northam,thabazimbi,waterberg,27.26438,-24.9599,372,1,92,1,1,0,51,139,2,68,60,24,6,12,139,2,21,40,10,13,4,5,0,14,3,17,1,64,6,18,24,0
2014/2015,northam,thabazimbi,waterberg,27.26438,-24.9599,365,6,101,8,2,0,62,218,1,95,56,22,5,56,172,5,13,74,11,13,8,7,0,26,3,21,31,43,11,25,55,0
2015/2016,northam,thabazimbi,waterberg,27.26438,-24.9599,339,5,137,13,1,0,41,211,2,91,71,29,10,66,165,5,13,82,16,15,19,5,0,38,4,26,53,37,7,53,55,0
2016/2017,northam,thabazimbi,waterberg,27.26438,-24.9599,409,4,94,5,0,0,52,180,3,111,76,43,9,79,155,3,12,57,13,9,21,6,0,44,2,16,131,52,11,16,26,0
2017/2018,northam,thabazimbi,waterberg,27.26438,-24.9599,349,2,128,2,2,0,56,127,8,126,73,37,4,130,166,4,14,78,17,15,15,12,0,53,1,20,180,35,20,42,40,0
2018/2019,northam,thabazimbi,waterberg,27.26438,-24.9599,118,0,110,1,0,0,29,55,0,4,118,12,6,19,338,6,13,38,2,17,0,0,0,3,4,21,0,0,42,1,8,0
2019/2020,northam,thabazimbi,waterberg,27.26438,-24.9599,109,1,115,1,0,0,11,33,0,0,115,7,5,11,313,3,13,49,4,6,0,0,0,5,10,19,0,1,45,0,21,0
2020/2021,northam,thabazimbi,waterberg,27.26438,-24.9599,124,2,80,23,1,0,19,40,0,3,109,7,6,7,179,0,13,42,4,12,1,1,0,10,3,16,0,0,45,0,18,0
2021/2022,northam,thabazimbi,waterberg,27.26438,-24.9599,111,0,131,4,1,0,20,48,0,4,87,1,6,4,119,2,13,42,4,17,1,0,0,5,5,23,0,0,22,0,7,0
2022/2023,northam,thabazimbi,waterberg,27.26438,-24.9599,127,3,88,2,0,0,26,71,0,9,111,7,6,3,118,1,12,47,3,12,2,0,0,8,8,20,0,1,29,0,23,0
2023/2024,northam,waterberg district,waterberg district,27.26438,-24.9599,0,0,0,0,0,0,0,122,3,0,0,0,0,0,0,0,0,0,0,0,0,10,0,0,0,0,0,0,0,33,23,0
2024/2025,northam,waterberg district,waterberg district,27.26438,-24.9599,0,0,0,0,0,0,0,124,2,0,0,0,0,0,0,0,0,0,0,0,0,8,0,0,0,0,0,0,0,15,38,0
2008/2009,norvalspont,umsobomvu,pixley ka seme,25.45104,-30.63228,3,0,19,0,0,0,3,4,0,0,2,0,6,0,6,0,1,2,1,4,0,0,0,1,0,4,0,0,8,0,2,0
2009/2010,norvalspont,umsobomvu,pixley ka seme,25.45104,-30.63228,2,0,13,0,2,0,1,4,0,1,1,0,6,0,2,0,1,4,0,1,0,0,0,0,0,3,0,0,10,1,0,0
2010/2011,norvalspont,umsobomvu,pixley ka seme,25.45104,-30.63228,2,0,16,0,2,0,1,3,0,0,3,0,7,0,1,0,1,0,1,1,0,0,0,0,0,4,0,0,14,1,0,0
2011/2012,norvalspont,umsobomvu,pixley ka seme,25.45104,-30.63228,3,1,13,0,0,0,0,4,0,0,2,0,6,0,0,0,1,0,0,2,1,0,0,1,0,2,0,0,14,0,1,0
2012/2013,norvalspont,umsobomvu,pixley ka seme,25.45104,-30.63228,5,0,14,1,0,0,1,7,0,0,10,0,6,0,4,0,1,2,1,1,0,0,0,0,0,1,0,0,18,0,1,0
2013/2014,norvalspont,umsobomvu,pixley ka seme,25.45104,-30.63228,1,1,13,0,0,0,3,5,0,0,2,0,6,0,2,0,13,3,1,2,0,0,0,0,0,2,0,0,27,1,1,0
2014/2015,norvalspont,umsobomvu,pixley ka seme,25.45104,-30.63228,2,0,10,0,0,0,3,6,0,0,6,0,6,1,5,0,13,3,3,3,0,0,0,0,2,5,0,0,23,0,2,0
2015/2016,norvalspont,umsobomvu,pixley ka seme,25.45104,-30.63228,4,0,14,0,1,0,2,8,0,0,7,0,6,0,4,0,13,6,0,0,1,0,0,1,0,1,0,0,11,1,1,0
2016/2017,norvalspont,umsobomvu,pixley ka seme,25.45104,-30.63228,2,1,20,0,0,0,4,9,0,0,6,0,6,0,4,0,13,1,2,2,0,0,0,0,1,3,0,0,7,0,1,0
2017/2018,norvalspont,umsobomvu,pixley ka seme,25.45104,-30.63228,5,0,10,0,1,0,3,6,0,1,3,0,6,0,5,0,13,3,0,2,0,0,0,0,0,3,0,0,16,0,2,0
2018/2019,norvalspont,umsobomvu,pixley ka seme,25.45104,-30.63228,118,0,110,1,0,0,29,55,0,4,118,12,6,19,338,6,13,38,2,17,0,0,0,3,4,21,0,0,42,1,8,0
2019/2020,norvalspont,umsobomvu,pixley ka seme,25.45104,-30.63228,109,1,115,1,0,0,11,33,0,0,115,7,5,11,313,3,13,49,4,6,0,0,0,5,10,19,0,1,45,0,21,0
2020/2021,norvalspont,umsobomvu,pixley ka seme,25.45104,-30.63228,124,2,80,23,1,0,19,40,0,3,109,7,6,7,179,0,13,42,4,12,1,1,0,10,3,16,0,0,45,0,18,0
2021/2022,norvalspont,umsobomvu,pixley ka seme,25.45104,-30.63228,111,0,131,4,1,0,20,48,0,4,87,1,6,4,119,2,13,42,4,17,1,0,0,5,5,23,0,0,22,0,7,0
2022/2023,norvalspont,umsobomvu,pixley ka seme,25.45104,-30.63228,127,3,88,2,0,0,26,71,0,9,111,7,6,3,118,1,12,47,3,12,2,0,0,8,8,20,0,1,29,0,23,0
2023/2024,norvalspont,pixley ka seme district,pixley ka seme district,25.45104,-30.63228,0,0,0,0,0,0,0,6,0,0,0,0,0,0,0,0,0,0,0,0,0,0,0,0,0,0,0,0,0,0,1,0
2024/2025,norvalspont,pixley ka seme district,pixley ka seme district,25.45104,-30.63228,0,0,0,0,0,0,0,7,0,0,0,0,0,0,0,0,0,0,0,0,0,0,0,0,0,0,0,0,0,0,1,0
2008/2009,norwood,city of johannesburg,city of johannesburg,28.07833,-26.1612,816,6,128,17,5,0,117,355,62,278,263,94,69,72,47,19,1,190,5,19,52,70,0,371,5,74,0,204,0,318,217,1
2009/2010,norwood,city of johannesburg,city of johannesburg,28.07833,-26.1612,780,4,137,23,4,0,82,396,64,407,248,111,14,66,67,11,1,188,7,15,31,85,0,314,7,53,0,237,0,190,314,1
2010/2011,norwood,city of johannesburg,city of johannesburg,28.07833,-26.1612,778,3,122,12,1,0,83,416,27,423,214,73,12,93,67,5,1,211,7,19,20,67,0,227,6,33,0,207,0,273,320,0
2011/2012,norwood,city of johannesburg,city of johannesburg,28.07833,-26.1612,837,9,133,8,2,1,79,319,24,398,203,83,17,365,67,14,1,181,4,10,25,61,0,209,3,24,11,213,0,201,305,0
2012/2013,norwood,city of johannesburg,city of johannesburg,28.07833,-26.1612,824,4,93,10,2,0,79,306,34,372,225,94,12,292,69,15,1,202,5,19,21,62,0,212,7,35,3,177,0,206,356,0
2013/2014,norwood,city of johannesburg,city of johannesburg,28.07833,-26.1612,680,2,102,10,1,1,63,348,35,287,184,72,9,433,56,9,28,174,5,18,20,83,0,275,2,26,1,176,0,197,400,0
2014/2015,norwood,city of johannesburg,city of johannesburg,28.07833,-26.1612,678,5,111,12,3,0,54,272,18,267,195,72,7,190,36,139,2,139,5,16,14,114,2,262,4,24,1,198,0,164,321,0
2015/2016,norwood,city of johannesburg,city of johannesburg,28.07833,-26.1612,713,3,114,8,1,0,60,312,27,263,171,92,7,219,31,2,17,155,3,12,30,68,0,269,11,25,1,153,0,239,266,1
2016/2017,norwood,city of johannesburg,city of johannesburg,28.07833,-26.1612,724,1,118,15,1,0,73,335,42,250,201,94,7,205,22,10,24,173,8,13,23,64,0,299,4,19,0,121,0,359,417,0
2017/2018,norwood,city of johannesburg,city of johannesburg,28.07833,-26.1612,600,0,101,14,2,0,70,333,45,217,181,74,6,262,41,17,22,135,5,18,19,48,0,295,4,24,2,127,0,245,422,2
2018/2019,norwood,city of johannesburg,city of johannesburg,28.07833,-26.1612,588,0,78,14,3,0,66,288,33,244,185,106,7,84,23,14,25,119,4,22,27,68,0,303,5,31,1,109,0,216,402,0
2019/2020,norwood,city of johannesburg,city of johannesburg,28.07833,-26.1612,492,0,105,8,0,0,61,262,33,317,168,102,4,94,29,8,23,94,10,16,20,44,0,254,11,29,4,78,0,228,360,2
2020/2021,norwood,city of johannesburg,city of johannesburg,28.07833,-26.1612,406,3,76,11,3,0,61,220,25,239,161,105,7,11,12,6,2,76,7,16,11,36,0,173,9,29,1,93,0,147,111,0
2021/2022,norwood,city of johannesburg,city of johannesburg,28.07833,-26.1612,381,1,120,10,1,0,51,222,28,329,182,72,9,61,31,3,25,89,6,15,14,40,0,149,8,29,2,76,0,92,117,1
2022/2023,norwood,city of johannesburg,city of johannesburg,28.07833,-26.1612,444,2,108,5,1,0,69,258,12,390,231,102,7,90,57,3,3,124,0,17,22,30,0,179,6,25,0,81,0,89,191,0
2023/2024,norwood,johannesburg district,johannesburg district,28.07833,-26.1612,0,0,0,0,0,0,0,221,32,0,0,0,0,0,0,0,0,0,0,0,0,47,0,0,0,0,0,0,0,122,150,0
2024/2025,norwood,johannesburg district,johannesburg district,28.07833,-26.1612,0,0,0,0,0,0,0,168,16,0,0,0,0,0,0,0,0,0,0,0,0,31,0,0,0,0,0,0,0,76,148,0
2008/2009,nottingham road,umngeni,umgungundlovu,29.99044,-29.35132,94,0,47,4,1,0,44,86,0,1,24,5,4,18,39,1,1,21,2,4,0,2,0,7,1,8,0,4,21,8,19,0
2009/2010,nottingham road,umngeni,umgungundlovu,29.99044,-29.35132,87,2,28,4,0,0,26,60,0,6,17,2,6,11,58,4,1,15,4,4,2,3,0,10,0,4,0,4,15,10,11,1
2010/2011,nottingham road,umngeni,umgungundlovu,29.99044,-29.35132,70,1,28,2,1,0,14,54,1,8,23,1,7,10,60,12,1,20,1,11,3,3,0,17,0,13,0,4,4,5,19,1
2011/2012,nottingham road,umngeni,umgungundlovu,29.99044,-29.35132,100,1,24,4,0,0,32,67,0,7,26,4,7,21,65,8,1,16,3,2,1,2,0,22,0,3,2,6,24,16,16,1
2012/2013,nottingham road,umngeni,umgungundlovu,29.99044,-29.35132,106,1,23,2,0,0,22,110,0,7,20,2,6,20,112,0,1,17,1,7,1,2,0,7,1,8,1,0,11,19,24,0
2013/2014,nottingham road,umngeni,umgungundlovu,29.99044,-29.35132,115,1,28,1,0,0,14,124,1,4,34,0,6,23,110,1,13,18,2,1,0,1,0,12,2,3,0,4,18,12,21,1
2014/2015,nottingham road,umngeni,umgungundlovu,29.99044,-29.35132,107,2,27,4,0,0,9,127,2,9,27,3,6,13,29,2,13,19,3,4,1,2,0,5,0,4,0,6,13,4,18,0
2015/2016,nottingham road,umngeni,umgungundlovu,29.99044,-29.35132,83,0,26,2,0,0,16,65,0,9,21,2,6,14,33,0,13,12,0,6,0,1,0,3,2,8,0,5,12,9,12,0
2016/2017,nottingham road,umngeni,umgungundlovu,29.99044,-29.35132,89,0,18,1,0,0,15,88,0,10,15,3,6,12,43,4,12,8,1,3,0,3,0,6,0,3,0,14,14,3,16,0
2017/2018,nottingham road,umngeni,umgungundlovu,29.99044,-29.35132,67,2,17,2,0,0,26,83,0,6,23,2,6,25,36,9,13,9,6,1,1,6,0,12,0,1,0,8,25,4,22,0
2018/2019,nottingham road,umngeni,umgungundlovu,29.99044,-29.35132,59,0,12,1,0,0,19,48,2,13,12,1,6,18,21,0,13,12,4,0,1,1,0,8,3,3,1,10,13,3,16,2
2019/2020,nottingham road,umngeni,umgungundlovu,29.99044,-29.35132,63,0,14,4,0,0,17,32,0,13,23,6,6,24,13,4,12,8,1,4,0,2,0,5,1,5,0,9,12,4,10,0
2020/2021,nottingham road,umngeni,umgungundlovu,29.99044,-29.35132,65,0,12,0,0,0,14,31,0,24,31,3,6,15,14,0,21,8,2,2,1,1,0,8,1,3,0,12,5,0,5,0
2021/2022,nottingham road,umngeni,umgungundlovu,29.99044,-29.35132,58,0,11,4,0,0,21,50,2,19,35,1,6,7,6,2,13,8,3,3,2,0,0,12,1,4,0,4,8,3,5,4
2022/2023,nottingham road,umngeni,umgungundlovu,29.99044,-29.35132,78,0,12,3,0,0,15,53,0,24,27,4,6,7,9,0,13,7,0,2,3,0,0,5,2,4,0,10,6,1,6,0
2023/2024,nottingham road,umgungundlovu district,umgungundlovu district,29.99044,-29.35132,0,0,0,0,0,0,0,62,0,0,0,0,0,0,0,0,0,0,0,0,0,1,0,0,0,0,0,0,0,4,6,0
2024/2025,nottingham road,umgungundlovu district,umgungundlovu district,29.99044,-29.35132,0,0,0,0,0,0,0,41,0,0,0,0,0,0,0,0,0,0,0,0,0,0,0,0,0,0,0,0,0,5,11,0
2008/2009,noupoort,umsobomvu,pixley ka seme,24.95116,-31.17601,45,0,75,0,3,0,14,53,0,2,62,12,4,1,9,2,1,32,1,8,1,0,0,2,0,13,0,2,13,0,3,0
2009/2010,noupoort,umsobomvu,pixley ka seme,24.95116,-31.17601,43,1,71,1,2,0,22,51,0,6,35,3,6,2,3,0,1,35,4,7,0,0,0,1,0,9,0,2,16,1,5,0
2010/2011,noupoort,umsobomvu,pixley ka seme,24.95116,-31.17601,34,3,83,1,6,0,6,31,0,5,38,6,7,5,7,2,1,24,5,18,3,0,0,4,1,26,0,2,19,1,5,0
2011/2012,noupoort,umsobomvu,pixley ka seme,24.95116,-31.17601,31,1,95,2,4,0,8,29,0,5,31,7,6,0,12,0,1,31,6,11,1,1,0,3,4,19,0,4,26,2,10,0
2012/2013,noupoort,umsobomvu,pixley ka seme,24.95116,-31.17601,32,12,90,3,1,0,34,39,0,6,38,4,6,0,5,0,1,46,3,10,1,1,0,6,0,11,0,1,26,3,11,0
2013/2014,noupoort,umsobomvu,pixley ka seme,24.95116,-31.17601,46,2,85,3,4,0,14,32,0,5,32,0,4,1,4,0,12,33,5,7,2,0,0,3,3,16,0,4,24,0,1,0
2014/2015,noupoort,umsobomvu,pixley ka seme,24.95116,-31.17601,28,2,70,4,3,0,8,18,0,5,31,2,6,1,12,1,13,23,2,13,2,2,0,4,1,17,0,2,33,1,2,0
2015/2016,noupoort,umsobomvu,pixley ka seme,24.95116,-31.17601,37,0,58,2,2,0,13,31,0,3,23,3,6,2,7,0,13,23,3,8,1,0,0,3,0,10,0,6,45,0,5,0
2016/2017,noupoort,umsobomvu,pixley ka seme,24.95116,-31.17601,36,1,47,5,2,0,34,42,0,8,23,1,6,1,10,0,13,24,4,5,2,1,0,4,0,7,0,5,38,0,5,0
2017/2018,noupoort,umsobomvu,pixley ka seme,24.95116,-31.17601,41,1,42,2,1,0,29,33,0,6,22,6,6,0,9,0,12,18,5,8,0,1,0,3,0,9,0,2,31,0,5,0
2018/2019,noupoort,umsobomvu,pixley ka seme,24.95116,-31.17601,38,0,46,1,1,0,33,43,1,2,21,2,6,0,7,0,12,18,0,0,2,2,0,6,2,3,0,2,19,2,7,0
2019/2020,noupoort,umsobomvu,pixley ka seme,24.95116,-31.17601,40,1,40,1,4,0,39,42,0,13,11,2,4,0,8,0,12,25,2,8,2,1,0,6,1,15,0,4,20,0,12,0
2020/2021,noupoort,umsobomvu,pixley ka seme,24.95116,-31.17601,42,0,51,0,0,0,31,39,0,7,17,3,6,0,3,0,13,22,3,9,1,1,0,4,2,11,0,0,15,0,8,0
2021/2022,noupoort,umsobomvu,pixley ka seme,24.95116,-31.17601,32,1,43,4,0,0,34,24,0,3,37,4,6,0,7,0,13,16,2,10,1,0,0,5,2,12,0,1,13,1,5,0
2022/2023,noupoort,umsobomvu,pixley ka seme,24.95116,-31.17601,57,2,50,18,0,0,9,39,0,2,35,2,6,0,2,0,13,20,2,6,1,0,0,3,1,7,0,2,3,0,4,0
2023/2024,noupoort,pixley ka seme district,pixley ka seme district,24.95116,-31.17601,0,0,0,0,0,0,0,23,0,0,0,0,0,0,0,0,0,0,0,0,0,0,0,0,0,0,0,0,0,1,6,0
2024/2025,noupoort,pixley ka seme district,pixley ka seme district,24.95116,-31.17601,0,0,0,0,0,0,0,32,0,0,0,0,0,0,0,0,0,0,0,0,0,0,0,0,0,0,0,0,0,0,4,0
2023/2024,nqanqarhu,joe gqabi district,joe gqabi district,,,0,0,0,0,0,0,0,109,2,0,0,0,0,0,0,0,0,0,0,0,0,7,0,0,0,0,0,0,0,3,15,0
2024/2025,nqanqarhu,joe gqabi district,joe gqabi district,,,0,0,0,0,0,0,0,102,8,0,0,0,0,0,0,0,0,0,0,0,0,6,0,0,0,0,0,0,0,4,13,0
2008/2009,nquthu,nqutu,umzinyathi,30.67726,-28.21219,106,14,225,19,4,0,59,143,1,32,42,42,8,71,144,40,1,47,32,60,6,14,0,77,1,69,0,51,86,20,18,0
2009/2010,nquthu,nqutu,umzinyathi,30.67726,-28.21219,92,13,227,20,4,0,37,105,3,53,66,22,5,71,284,21,1,46,30,65,6,8,0,43,3,75,0,56,64,10,13,0
2010/2011,nquthu,nqutu,umzinyathi,30.67726,-28.21219,76,6,208,16,5,0,38,89,4,37,88,30,8,52,320,34,1,64,24,67,0,4,0,23,3,79,0,49,41,16,21,0
2011/2012,nquthu,nqutu,umzinyathi,30.67726,-28.21219,82,9,176,18,2,0,52,103,2,42,83,32,4,55,332,51,1,38,30,44,4,3,0,30,3,51,2,32,34,19,20,0
2012/2013,nquthu,nqutu,umzinyathi,30.67726,-28.21219,103,12,144,22,1,0,40,100,4,48,66,26,7,82,348,79,1,45,34,58,11,1,0,38,5,65,0,48,44,7,20,0
2013/2014,nquthu,nqutu,umzinyathi,30.67726,-28.21219,63,11,140,19,3,0,27,102,0,74,49,32,4,88,426,47,12,39,20,63,2,1,0,14,4,72,0,70,29,14,11,0
2014/2015,nquthu,nqutu,umzinyathi,30.67726,-28.21219,80,7,115,17,0,0,20,96,3,50,40,18,5,97,342,51,23,38,28,54,5,2,0,28,5,62,0,51,36,10,16,0
2015/2016,nquthu,nqutu,umzinyathi,30.67726,-28.21219,85,9,116,15,0,0,64,103,1,63,33,23,5,122,214,39,17,39,29,57,9,1,0,25,6,66,0,119,32,8,18,0
2016/2017,nquthu,nqutu,umzinyathi,30.67726,-28.21219,102,5,122,17,0,0,87,124,5,96,41,17,7,128,273,53,21,45,19,51,23,9,0,45,4,56,0,144,27,22,15,0
2017/2018,nquthu,nqutu,umzinyathi,30.67726,-28.21219,73,6,126,13,1,0,67,152,3,98,35,18,5,109,187,55,17,44,26,44,9,11,0,29,6,54,0,115,27,16,25,0
2018/2019,nquthu,nqutu,umzinyathi,30.67726,-28.21219,61,7,97,11,0,0,57,126,6,75,9,5,6,93,86,21,14,35,30,52,7,7,0,36,6,58,0,94,49,9,11,0
2019/2020,nquthu,nqutu,umzinyathi,30.67726,-28.21219,45,14,114,14,1,0,42,126,2,59,32,15,7,62,81,42,23,38,22,67,9,10,0,27,6,75,0,94,45,4,7,0
2020/2021,nquthu,nqutu,umzinyathi,30.67726,-28.21219,58,6,128,11,0,0,44,78,5,65,28,11,6,58,146,26,17,41,28,55,4,8,0,29,11,66,0,104,41,15,10,1
2021/2022,nquthu,nqutu,umzinyathi,30.67726,-28.21219,71,7,140,18,0,0,43,101,1,73,35,17,7,60,175,27,3,48,39,71,11,10,0,39,3,75,1,110,56,14,9,0
2022/2023,nquthu,nqutu,umzinyathi,30.67726,-28.21219,46,9,184,21,0,0,36,96,8,64,31,12,6,15,185,26,25,51,36,79,1,6,0,27,8,87,0,110,52,13,9,0
2023/2024,nquthu,umzinyathi district,umzinyathi district,30.67726,-28.21219,0,0,0,0,0,0,0,80,1,0,0,0,0,0,0,0,0,0,0,0,0,6,0,0,0,0,0,0,0,4,18,0
2024/2025,nquthu,umzinyathi district,umzinyathi district,30.67726,-28.21219,0,0,0,0,0,0,0,74,1,0,0,0,0,0,0,0,0,0,0,0,0,4,0,0,0,0,0,0,0,3,13,0
2023/2024,nqweba,sarah baartman district,sarah baartman district,,,0,0,0,0,0,0,0,111,2,0,0,0,0,0,0,0,0,0,0,0,0,6,0,0,0,0,0,0,0,4,27,0
2024/2025,nqweba,sarah baartman district,sarah baartman district,,,0,0,0,0,0,0,0,102,1,0,0,0,0,0,0,0,0,0,0,0,0,12,0,0,0,0,0,0,0,2,33,0
2008/2009,nsuze,ndwedwe,ilembe,30.94349,-29.37678,53,8,90,23,4,0,42,106,9,1,48,17,7,1,25,23,1,34,34,30,3,61,0,86,2,37,0,5,25,8,7,0
2009/2010,nsuze,ndwedwe,ilembe,30.94349,-29.37678,62,7,130,14,3,0,35,116,3,0,46,23,4,1,49,45,1,34,23,41,6,47,0,69,7,53,0,6,45,10,5,0
2010/2011,nsuze,ndwedwe,ilembe,30.94349,-29.37678,45,3,98,11,0,0,60,81,5,3,34,16,7,2,76,54,1,23,18,32,5,36,0,59,8,41,0,0,33,13,11,0
2011/2012,nsuze,ndwedwe,ilembe,30.94349,-29.37678,58,1,84,9,0,0,26,62,0,4,41,19,7,3,138,49,1,13,18,37,9,24,0,41,6,44,0,0,12,11,5,0
2012/2013,nsuze,ndwedwe,ilembe,30.94349,-29.37678,37,5,81,13,0,0,39,62,0,0,38,8,7,2,157,39,1,17,15,31,6,21,0,32,3,35,0,0,14,4,4,0
2013/2014,nsuze,ndwedwe,ilembe,30.94349,-29.37678,34,3,62,16,2,0,40,54,0,1,38,7,7,4,191,26,13,11,20,37,13,29,0,50,3,43,0,0,9,1,3,1
2014/2015,nsuze,ndwedwe,ilembe,30.94349,-29.37678,51,3,73,15,1,0,48,58,1,1,32,6,6,1,220,14,12,25,17,33,10,22,0,40,8,42,0,0,9,4,4,0
2015/2016,nsuze,ndwedwe,ilembe,30.94349,-29.37678,39,2,87,16,0,0,30,78,2,4,35,5,6,2,241,37,12,30,26,25,9,17,0,33,4,29,0,0,23,5,4,0
2016/2017,nsuze,ndwedwe,ilembe,30.94349,-29.37678,29,2,71,14,0,0,47,62,1,5,42,6,6,1,156,32,21,14,31,22,14,22,0,41,7,29,0,0,25,6,4,0
2017/2018,nsuze,ndwedwe,ilembe,30.94349,-29.37678,34,2,69,20,0,0,61,76,3,3,46,7,6,2,99,50,21,29,33,25,13,13,0,34,12,37,0,0,25,5,2,0
2018/2019,nsuze,ndwedwe,ilembe,30.94349,-29.37678,37,2,73,10,0,0,36,70,6,3,42,5,6,0,47,41,13,26,17,46,12,13,0,36,7,53,0,7,22,2,2,0
2019/2020,nsuze,ndwedwe,ilembe,30.94349,-29.37678,43,2,66,19,1,0,74,56,6,8,65,4,6,1,10,25,12,26,40,43,24,46,0,87,11,55,0,10,24,6,7,0
2020/2021,nsuze,ndwedwe,ilembe,30.94349,-29.37678,36,2,72,20,0,0,43,33,3,6,49,4,7,1,1,10,13,20,25,41,15,37,0,84,8,50,0,7,15,6,3,0
2021/2022,nsuze,ndwedwe,ilembe,30.94349,-29.37678,37,1,75,21,0,0,91,44,5,8,24,6,7,0,0,12,21,25,42,48,17,44,0,81,2,51,0,2,21,10,3,0
2022/2023,nsuze,ndwedwe,ilembe,30.94349,-29.37678,34,5,63,19,0,0,37,40,11,14,52,13,6,0,1,21,21,17,44,33,19,41,0,91,4,37,0,1,43,8,2,0
2023/2024,nsuze,ilembe district,ilembe district,30.94349,-29.37678,0,0,0,0,0,0,0,33,13,0,0,0,0,0,0,0,0,0,0,0,0,29,0,0,0,0,0,0,0,9,0,0
2024/2025,nsuze,ilembe district,ilembe district,30.94349,-29.37678,0,0,0,0,0,0,0,34,7,0,0,0,0,0,0,0,0,0,0,0,0,11,0,0,0,0,0,0,0,5,4,0
2008/2009,ntabamhlophe,inkosi langalibalele,uthukela,29.6086,-29.10312,68,6,109,12,0,0,17,102,1,1,7,11,7,1,25,13,1,22,19,30,0,12,0,15,5,36,0,0,128,5,6,0
2009/2010,ntabamhlophe,inkosi langalibalele,uthukela,29.6086,-29.10312,83,3,120,17,1,0,18,103,0,0,21,13,7,0,14,15,1,33,14,38,2,13,0,22,2,42,0,0,152,9,11,0
2010/2011,ntabamhlophe,inkosi langalibalele,uthukela,29.6086,-29.10312,64,7,126,14,2,0,19,92,0,3,19,14,9,3,14,17,1,33,17,37,4,10,0,21,1,45,0,0,80,3,8,0
2011/2012,ntabamhlophe,inkosi langalibalele,uthukela,29.6086,-29.10312,48,3,135,10,2,0,21,97,0,0,20,13,5,4,46,38,1,21,11,23,2,8,0,16,4,32,0,0,50,7,8,0
2012/2013,ntabamhlophe,inkosi langalibalele,uthukela,29.6086,-29.10312,68,3,103,13,0,0,27,109,0,2,22,7,6,1,57,16,1,36,5,32,10,10,0,28,2,34,0,0,65,3,20,0
2013/2014,ntabamhlophe,inkosi langalibalele,uthukela,29.6086,-29.10312,81,4,91,12,1,0,22,108,0,1,25,6,6,1,43,20,14,26,12,38,5,4,0,15,2,41,0,0,111,5,12,0
2014/2015,ntabamhlophe,inkosi langalibalele,uthukela,29.6086,-29.10312,68,1,118,5,4,0,14,80,0,1,22,10,7,1,66,20,13,34,12,39,5,8,0,21,2,46,0,0,113,3,11,0
2015/2016,ntabamhlophe,inkosi langalibalele,uthukela,29.6086,-29.10312,61,9,175,9,3,0,13,79,0,2,22,8,6,2,45,17,12,54,10,31,2,3,0,9,6,40,0,0,123,5,7,0
2016/2017,ntabamhlophe,inkosi langalibalele,uthukela,29.6086,-29.10312,72,1,168,4,4,0,7,91,0,2,25,15,4,10,104,15,12,52,10,41,10,6,0,17,2,49,0,0,125,2,5,0
2017/2018,ntabamhlophe,inkosi langalibalele,uthukela,29.6086,-29.10312,38,1,102,9,0,0,16,65,1,1,14,3,6,41,204,35,13,31,13,34,1,5,0,8,2,36,0,0,123,3,6,0
2018/2019,ntabamhlophe,inkosi langalibalele,uthukela,29.6086,-29.10312,59,0,126,8,0,0,20,63,0,2,9,8,6,41,151,29,12,37,12,29,10,7,0,18,4,33,0,0,148,2,7,0
2019/2020,ntabamhlophe,inkosi langalibalele,uthukela,29.6086,-29.10312,62,4,113,5,1,0,33,60,1,3,20,8,6,31,56,10,12,60,16,48,13,5,0,27,0,49,0,0,141,2,5,0
2020/2021,ntabamhlophe,inkosi langalibalele,uthukela,29.6086,-29.10312,73,0,119,12,2,0,14,85,3,8,14,5,7,33,15,7,12,41,14,37,5,8,0,18,2,42,0,0,125,1,4,0
2021/2022,ntabamhlophe,inkosi langalibalele,uthukela,29.6086,-29.10312,46,0,156,23,2,0,26,119,4,7,17,10,7,10,18,7,12,42,21,34,16,13,0,50,3,40,0,0,148,3,3,0
2022/2023,ntabamhlophe,inkosi langalibalele,uthukela,29.6086,-29.10312,54,0,145,18,3,0,19,76,1,12,32,20,7,2,18,11,23,58,27,39,10,8,0,25,3,46,0,0,134,5,11,0
2023/2024,ntabamhlophe,uthukela district,uthukela district,29.6086,-29.10312,0,0,0,0,0,0,0,82,3,0,0,0,0,0,0,0,0,0,0,0,0,7,0,0,0,0,0,0,0,5,10,0
2024/2025,ntabamhlophe,uthukela district,uthukela district,29.6086,-29.10312,0,0,0,0,0,0,0,56,0,0,0,0,0,0,0,0,0,0,0,0,0,12,0,0,0,0,0,0,0,1,6,0
2008/2009,ntabankulu,ntabankulu,alfred nzo,29.30275,-30.95517,161,17,304,25,7,0,6,199,2,17,274,55,17,4,36,6,1,78,55,50,8,14,2,55,1,67,0,4,41,15,21,0
2009/2010,ntabankulu,ntabankulu,alfred nzo,29.30275,-30.95517,129,27,326,22,7,0,1,215,3,18,248,57,11,0,41,20,1,86,57,65,22,12,0,56,0,80,0,4,77,9,27,0
2010/2011,ntabankulu,ntabankulu,alfred nzo,29.30275,-30.95517,133,22,326,21,19,0,9,183,2,17,156,58,11,10,39,9,1,78,66,51,12,18,0,59,3,81,0,1,106,5,25,0
2011/2012,ntabankulu,ntabankulu,alfred nzo,29.30275,-30.95517,125,22,316,18,15,0,8,176,1,25,137,36,8,1,35,10,1,71,50,58,14,10,0,57,2,79,2,1,66,5,19,0
2012/2013,ntabankulu,ntabankulu,alfred nzo,29.30275,-30.95517,109,22,343,12,8,0,56,132,3,41,147,38,10,4,48,17,1,71,43,62,21,6,1,63,7,83,2,6,69,7,22,0
2013/2014,ntabankulu,ntabankulu,alfred nzo,29.30275,-30.95517,88,20,316,15,8,0,63,106,5,33,128,14,5,6,54,19,14,63,49,70,33,13,0,74,5,86,1,5,57,1,13,0
2014/2015,ntabankulu,ntabankulu,alfred nzo,29.30275,-30.95517,130,15,286,18,5,0,61,102,5,14,124,24,5,11,87,12,21,73,64,77,24,14,0,70,1,86,0,21,56,2,8,0
2015/2016,ntabankulu,ntabankulu,alfred nzo,29.30275,-30.95517,142,19,331,13,12,0,60,113,1,30,100,23,5,17,80,10,21,59,59,58,15,17,0,56,1,74,0,21,56,3,15,0
2016/2017,ntabankulu,ntabankulu,alfred nzo,29.30275,-30.95517,144,36,307,13,1,1,78,141,2,25,92,12,4,13,45,14,17,65,49,63,22,11,0,57,3,69,0,30,60,8,20,0
2017/2018,ntabankulu,ntabankulu,alfred nzo,29.30275,-30.95517,131,22,344,30,3,0,67,130,5,34,111,15,4,7,65,12,22,93,65,85,18,19,0,73,8,98,1,26,71,6,23,0
2018/2019,ntabankulu,ntabankulu,alfred nzo,29.30275,-30.95517,121,25,355,16,12,0,94,111,3,44,113,17,6,13,36,6,21,72,53,81,27,16,0,67,5,98,0,35,65,1,14,0
2019/2020,ntabankulu,ntabankulu,alfred nzo,29.30275,-30.95517,101,16,303,19,5,0,53,90,1,57,114,21,7,24,9,14,25,69,64,77,26,12,0,74,6,89,0,17,58,5,16,1
2020/2021,ntabankulu,ntabankulu,alfred nzo,29.30275,-30.95517,91,13,317,26,1,0,52,69,2,29,110,7,6,18,32,17,13,59,41,63,34,10,0,69,0,64,0,27,49,6,25,0
2021/2022,ntabankulu,ntabankulu,alfred nzo,29.30275,-30.95517,84,9,309,14,10,0,46,88,2,54,109,13,6,6,15,29,17,54,57,92,20,13,0,55,4,106,0,15,38,6,25,0
2022/2023,ntabankulu,ntabankulu,alfred nzo,29.30275,-30.95517,90,10,282,19,5,0,62,86,3,33,125,4,7,8,10,41,25,62,60,83,33,13,0,59,5,94,0,26,36,8,19,0
2023/2024,ntabankulu,alfred nzo district,alfred nzo district,29.30275,-30.95517,0,0,0,0,0,0,0,80,0,0,0,0,0,0,0,0,0,0,0,0,0,7,0,0,0,0,0,0,0,1,17,0
2024/2025,ntabankulu,alfred nzo district,alfred nzo district,29.30275,-30.95517,0,0,0,0,0,0,0,105,1,0,0,0,0,0,0,0,0,0,0,0,0,6,0,0,0,0,0,0,0,6,15,0
2008/2009,ntabethemba,enoch mgijima,chris hani,26.48029,-32.03171,9,2,46,0,2,0,0,33,0,0,12,1,7,1,12,1,1,10,5,15,1,2,0,3,1,19,0,0,16,1,1,0
2009/2010,ntabethemba,enoch mgijima,chris hani,26.48029,-32.03171,7,0,69,1,2,0,0,25,0,0,8,5,4,5,6,0,1,12,2,20,0,1,0,2,0,24,0,0,4,0,0,0
2010/2011,ntabethemba,enoch mgijima,chris hani,26.48029,-32.03171,20,2,56,1,0,0,2,34,0,0,3,4,7,0,6,2,1,7,3,14,0,2,0,3,0,15,0,0,3,1,1,0
2011/2012,ntabethemba,enoch mgijima,chris hani,26.48029,-32.03171,11,2,56,1,3,0,4,14,0,0,8,3,4,2,7,1,1,7,3,14,2,1,0,5,0,19,0,0,18,0,3,0
2012/2013,ntabethemba,enoch mgijima,chris hani,26.48029,-32.03171,14,1,49,1,2,0,7,18,1,2,5,1,6,1,8,5,1,8,4,21,2,5,0,10,0,23,0,1,22,0,2,0
2013/2014,ntabethemba,enoch mgijima,chris hani,26.48029,-32.03171,12,0,56,4,1,0,8,21,0,0,3,0,6,0,6,0,13,8,5,16,1,2,0,7,1,18,0,0,20,1,1,0
2014/2015,ntabethemba,enoch mgijima,chris hani,26.48029,-32.03171,2,0,45,1,4,0,2,16,0,1,6,1,6,3,6,0,13,20,9,27,2,0,0,2,0,31,0,0,16,0,1,0
2015/2016,ntabethemba,enoch mgijima,chris hani,26.48029,-32.03171,3,0,46,1,5,0,5,21,0,0,13,1,6,0,8,0,12,11,6,16,0,2,0,5,0,21,0,0,14,0,0,0
2016/2017,ntabethemba,enoch mgijima,chris hani,26.48029,-32.03171,17,2,36,4,6,0,6,25,0,0,3,4,6,3,23,1,12,14,4,12,5,0,0,5,1,19,0,0,8,0,3,0
2017/2018,ntabethemba,enoch mgijima,chris hani,26.48029,-32.03171,15,2,32,2,5,0,8,12,0,2,9,5,6,0,23,1,13,7,4,12,2,0,0,2,0,17,0,0,19,2,1,0
2018/2019,ntabethemba,enoch mgijima,chris hani,26.48029,-32.03171,8,0,31,2,2,0,4,20,0,2,3,4,6,0,15,2,13,12,4,12,2,2,0,4,3,17,0,0,13,0,1,0
2019/2020,ntabethemba,enoch mgijima,chris hani,26.48029,-32.03171,5,0,34,2,0,0,6,24,0,2,4,2,6,0,1,0,13,13,3,16,1,1,0,2,0,16,0,0,7,0,1,0
2020/2021,ntabethemba,enoch mgijima,chris hani,26.48029,-32.03171,5,2,33,3,0,0,10,21,0,3,7,2,6,0,17,0,21,8,7,9,1,4,0,8,0,9,1,0,15,0,0,0
2021/2022,ntabethemba,enoch mgijima,chris hani,26.48029,-32.03171,18,2,39,4,0,0,3,27,0,2,8,2,6,1,15,0,13,18,9,10,1,2,0,4,2,12,0,0,26,0,3,0
2022/2023,ntabethemba,enoch mgijima,chris hani,26.48029,-32.03171,20,0,41,2,4,0,6,32,0,1,14,1,6,0,8,0,21,19,6,13,1,2,0,6,1,18,0,0,41,1,3,0
2023/2024,ntabethemba,chris hani district,chris hani district,26.48029,-32.03171,0,0,0,0,0,0,0,19,0,0,0,0,0,0,0,0,0,0,0,0,0,3,0,0,0,0,0,0,0,0,5,0
2024/2025,ntabethemba,chris hani district,chris hani district,26.48029,-32.03171,0,0,0,0,0,0,0,16,0,0,0,0,0,0,0,0,0,0,0,0,0,1,0,0,0,0,0,0,0,0,1,0
2023/2024,ntabozuko,buffalo city district,buffalo city district,,,0,0,0,0,0,0,0,26,1,0,0,0,0,0,0,0,0,0,0,0,0,0,0,0,0,0,0,0,0,2,2,0
2024/2025,ntabozuko,buffalo city district,buffalo city district,,,0,0,0,0,0,0,0,36,0,0,0,0,0,0,0,0,0,0,0,0,0,5,0,0,0,0,0,0,0,1,7,0
2008/2009,ntambanana,umhlathuze,king cetshwayo,31.74294,-28.60502,113,1,103,21,0,0,17,64,7,0,26,6,4,1,3,16,1,32,13,3,4,15,0,49,20,25,0,0,21,5,5,0
2009/2010,ntambanana,umhlathuze,king cetshwayo,31.74294,-28.60502,85,2,106,34,3,0,5,57,13,1,22,8,7,2,3,20,1,19,14,3,3,12,0,54,21,28,0,0,18,6,2,0
2010/2011,ntambanana,umhlathuze,king cetshwayo,31.74294,-28.60502,111,5,106,28,1,0,6,58,5,1,23,11,7,0,4,17,1,18,18,9,6,13,0,46,17,28,0,0,25,6,8,0
2011/2012,ntambanana,umhlathuze,king cetshwayo,31.74294,-28.60502,112,6,98,38,1,0,9,44,7,2,19,3,4,0,7,16,1,25,18,18,5,42,0,77,12,33,0,0,11,4,0,0
2012/2013,ntambanana,umhlathuze,king cetshwayo,31.74294,-28.60502,129,6,103,24,4,0,9,42,2,0,21,5,4,1,24,17,1,35,15,18,9,31,0,61,15,39,0,0,20,4,7,0
2013/2014,ntambanana,umhlathuze,king cetshwayo,31.74294,-28.60502,90,5,78,18,1,0,12,42,1,0,14,7,6,2,11,19,12,25,23,24,6,16,0,36,6,31,0,0,16,6,5,0
2014/2015,ntambanana,umhlathuze,king cetshwayo,31.74294,-28.60502,93,1,54,12,3,0,15,34,2,1,7,7,7,2,22,19,21,18,9,23,5,29,0,55,6,33,0,0,24,2,7,0
2015/2016,ntambanana,umhlathuze,king cetshwayo,31.74294,-28.60502,75,0,60,8,1,0,17,30,12,0,10,6,6,4,14,30,21,18,20,25,12,28,0,73,7,33,0,0,20,8,6,0
2016/2017,ntambanana,umhlathuze,king cetshwayo,31.74294,-28.60502,94,6,70,18,0,0,15,29,11,2,14,4,6,6,19,22,14,39,9,19,3,24,0,64,3,22,0,0,23,3,3,0
2017/2018,ntambanana,umhlathuze,king cetshwayo,31.74294,-28.60502,56,4,66,23,0,0,15,22,10,2,10,6,6,5,45,23,14,23,18,28,5,17,0,39,7,35,0,0,10,1,0,0
2018/2019,ntambanana,umhlathuze,king cetshwayo,31.74294,-28.60502,69,2,58,24,1,0,8,13,9,3,12,4,6,4,19,29,12,25,10,14,0,9,0,27,5,20,0,0,9,3,1,0
2019/2020,ntambanana,umhlathuze,king cetshwayo,31.74294,-28.60502,60,2,62,8,0,0,20,20,5,3,14,6,6,9,21,26,12,15,13,14,6,19,0,34,4,18,0,0,14,3,4,0
2020/2021,ntambanana,umhlathuze,king cetshwayo,31.74294,-28.60502,69,3,51,21,1,0,7,21,2,2,17,6,7,0,3,24,12,13,25,19,4,43,0,58,3,24,0,0,19,1,2,0
2021/2022,ntambanana,umhlathuze,king cetshwayo,31.74294,-28.60502,93,0,60,12,1,0,13,13,8,3,9,5,6,1,1,18,13,24,14,22,2,7,0,27,1,24,0,0,21,0,1,0
2022/2023,ntambanana,umhlathuze,king cetshwayo,31.74294,-28.60502,84,1,54,19,2,0,10,15,8,5,14,5,6,1,1,10,12,18,20,13,4,8,0,34,0,15,0,0,22,2,2,0
2023/2024,ntambanana,king cetshwayo district,king cetshwayo district,31.74294,-28.60502,0,0,0,0,0,0,0,10,16,0,0,0,0,0,0,0,0,0,0,0,0,19,0,0,0,0,0,0,0,3,0,0
2024/2025,ntambanana,king cetshwayo district,king cetshwayo district,31.74294,-28.60502,0,0,0,0,0,0,0,13,1,0,0,0,0,0,0,0,0,0,0,0,0,9,0,0,0,0,0,0,0,1,3,0
2008/2009,ntuzuma,ethekwini,ethekwini,30.95097,-29.7344,851,48,1249,221,18,0,170,805,120,185,971,314,47,55,172,123,1,517,300,419,33,242,1,1254,40,500,0,34,7,102,128,2
2009/2010,ntuzuma,ethekwini,ethekwini,30.95097,-29.7344,916,44,1273,186,7,0,117,835,110,368,903,244,45,112,220,122,1,486,235,370,49,198,0,1090,34,441,0,275,5,71,158,1
2010/2011,ntuzuma,ethekwini,ethekwini,30.95097,-29.7344,1046,30,924,81,5,0,84,795,84,146,841,160,19,51,174,89,1,357,97,238,35,121,1,662,34,291,0,115,4,45,123,1
2011/2012,ntuzuma,ethekwini,ethekwini,30.95097,-29.7344,573,25,783,78,2,0,41,684,23,19,607,134,6,154,268,47,1,297,76,195,5,57,0,299,28,225,0,0,7,35,72,0
2012/2013,ntuzuma,ethekwini,ethekwini,30.95097,-29.7344,492,28,750,82,2,0,79,734,40,23,509,141,8,389,349,42,1,323,64,204,28,87,0,400,22,232,0,0,4,54,85,1
2013/2014,ntuzuma,ethekwini,ethekwini,30.95097,-29.7344,485,25,773,100,1,0,71,693,55,16,398,126,4,151,568,30,8,322,64,185,77,101,1,479,20,208,0,28,3,65,65,0
2014/2015,ntuzuma,ethekwini,ethekwini,30.95097,-29.7344,480,19,768,67,4,0,67,638,46,14,356,111,9,139,702,35,65,318,97,178,29,106,0,429,11,198,1,10,4,86,95,0
2015/2016,ntuzuma,ethekwini,ethekwini,30.95097,-29.7344,396,21,787,108,1,0,71,615,45,19,283,105,9,183,868,42,15,320,76,139,46,103,0,473,17,162,0,4,5,68,86,1
2016/2017,ntuzuma,ethekwini,ethekwini,30.95097,-29.7344,411,15,796,118,1,0,60,659,82,27,316,132,9,191,957,58,43,290,85,147,38,101,0,538,29,182,2,7,0,62,68,0
2017/2018,ntuzuma,ethekwini,ethekwini,30.95097,-29.7344,404,24,846,108,1,0,82,628,69,29,358,129,4,272,958,60,15,292,69,144,22,85,0,446,19,166,0,4,6,66,71,0
2018/2019,ntuzuma,ethekwini,ethekwini,30.95097,-29.7344,364,15,728,124,2,0,50,568,94,49,413,97,4,317,788,32,48,293,74,186,21,69,0,470,17,207,2,6,8,87,56,0
2019/2020,ntuzuma,ethekwini,ethekwini,30.95097,-29.7344,397,25,675,100,3,0,66,548,91,65,570,115,4,100,699,43,67,344,70,129,38,71,0,482,18,152,0,2,15,94,75,0
2020/2021,ntuzuma,ethekwini,ethekwini,30.95097,-29.7344,307,16,607,82,4,0,60,333,90,60,466,97,7,8,218,25,91,288,76,119,27,77,0,420,19,143,0,11,7,56,64,0
2021/2022,ntuzuma,ethekwini,ethekwini,30.95097,-29.7344,277,14,631,126,3,0,102,368,119,72,466,96,7,1,217,24,61,292,111,133,38,110,0,466,22,159,0,15,8,47,57,0
2022/2023,ntuzuma,ethekwini,ethekwini,30.95097,-29.7344,274,14,711,130,10,0,61,326,113,62,442,61,8,0,295,39,76,284,118,129,32,89,0,431,17,160,0,9,8,40,44,0
2023/2024,ntuzuma,ethekwini district,ethekwini district,30.95097,-29.7344,0,0,0,0,0,0,0,318,106,0,0,0,0,0,0,0,0,0,0,0,0,118,0,0,0,0,0,0,0,32,54,0
2024/2025,ntuzuma,ethekwini district,ethekwini district,30.95097,-29.7344,0,0,0,0,0,0,0,312,103,0,0,0,0,0,0,0,0,0,0,0,0,191,0,0,0,0,0,0,0,44,56,0
2008/2009,nuwerus,matzikama,west coast,18.35712,-31.14968,17,0,6,1,0,0,1,2,0,0,24,0,7,3,18,0,1,7,1,0,0,0,0,1,1,2,0,0,0,0,1,0
2009/2010,nuwerus,matzikama,west coast,18.35712,-31.14968,5,0,9,0,1,0,4,7,0,1,23,0,6,5,19,1,1,1,0,2,0,0,0,0,4,7,0,1,2,0,0,0
2010/2011,nuwerus,matzikama,west coast,18.35712,-31.14968,9,1,11,0,2,0,4,6,0,0,22,0,6,8,31,0,1,6,2,5,0,0,0,0,3,10,0,0,3,0,0,0
2011/2012,nuwerus,matzikama,west coast,18.35712,-31.14968,6,0,6,0,0,0,4,7,0,0,27,0,4,3,38,0,1,4,1,7,0,0,0,0,0,9,0,0,2,0,1,0
2012/2013,nuwerus,matzikama,west coast,18.35712,-31.14968,6,0,9,0,0,0,4,6,0,1,19,0,6,2,21,0,1,4,0,2,0,0,0,0,0,2,0,1,1,0,2,0
2013/2014,nuwerus,matzikama,west coast,18.35712,-31.14968,4,0,11,1,0,0,9,6,0,0,17,1,6,1,26,0,12,6,0,7,0,0,0,0,3,10,0,0,0,0,1,0
2014/2015,nuwerus,matzikama,west coast,18.35712,-31.14968,9,0,16,1,0,0,1,8,0,0,22,1,6,3,21,0,13,14,0,4,0,0,0,0,0,4,0,1,3,0,0,0
2015/2016,nuwerus,matzikama,west coast,18.35712,-31.14968,4,0,11,1,1,0,3,6,0,1,20,0,6,2,30,2,13,7,0,1,0,0,0,0,1,3,0,0,3,1,0,0
2016/2017,nuwerus,matzikama,west coast,18.35712,-31.14968,9,0,7,2,1,0,10,9,0,2,20,0,6,2,38,0,13,9,0,2,0,0,0,0,2,5,0,2,0,0,4,0
2017/2018,nuwerus,matzikama,west coast,18.35712,-31.14968,7,0,7,0,0,0,6,6,0,0,15,1,6,3,42,0,13,7,0,2,0,0,0,1,1,3,0,1,2,1,5,0
2018/2019,nuwerus,matzikama,west coast,18.35712,-31.14968,11,1,19,0,0,0,9,4,0,0,21,0,6,0,15,0,13,8,1,0,0,0,0,0,1,1,0,2,1,0,7,0
2019/2020,nuwerus,matzikama,west coast,18.35712,-31.14968,9,0,18,0,0,0,8,9,0,3,21,1,6,0,19,0,13,2,0,5,0,0,0,0,0,5,0,0,1,0,6,0
2020/2021,nuwerus,matzikama,west coast,18.35712,-31.14968,9,0,11,0,0,0,4,9,0,1,26,0,4,1,31,0,12,8,1,6,0,0,0,0,1,9,0,0,5,0,3,0
2021/2022,nuwerus,matzikama,west coast,18.35712,-31.14968,13,0,15,0,0,0,2,13,0,3,23,0,6,2,24,1,13,8,0,1,0,0,0,0,0,1,0,0,2,1,3,0
2022/2023,nuwerus,matzikama,west coast,18.35712,-31.14968,24,1,14,0,1,0,9,27,0,2,36,0,7,1,16,0,12,11,1,4,0,1,0,2,1,7,0,0,4,1,1,0
2023/2024,nuwerus,west coast district,west coast district,18.35712,-31.14968,0,0,0,0,0,0,0,12,0,0,0,0,0,0,0,0,0,0,0,0,0,0,0,0,0,0,0,0,0,2,6,0
2024/2025,nuwerus,west coast district,west coast district,18.35712,-31.14968,0,0,0,0,0,0,0,9,0,0,0,0,0,0,0,0,0,0,0,0,0,0,0,0,0,0,0,0,0,0,4,0
2023/2024,nxuba,chris hani district,chris hani district,,,0,0,0,0,0,0,0,261,0,0,0,0,0,0,0,0,0,0,0,0,0,3,0,0,0,0,0,0,0,3,95,0
2024/2025,nxuba,chris hani district,chris hani district,,,0,0,0,0,0,0,0,212,2,0,0,0,0,0,0,0,0,0,0,0,0,5,0,0,0,0,0,0,0,6,84,0
2008/2009,nyanga,city of cape town,city of cape town,18.58342,-33.98896,709,31,981,142,6,0,67,553,48,45,547,317,18,313,406,116,1,460,206,230,38,74,0,657,41,288,0,7,0,96,114,3
2009/2010,nyanga,city of cape town,city of cape town,18.58342,-33.98896,583,30,919,148,12,0,105,517,63,46,707,246,31,574,388,113,1,439,215,293,64,68,0,675,44,368,0,8,0,162,153,3
2010/2011,nyanga,city of cape town,city of cape town,18.58342,-33.98896,650,35,990,141,11,0,166,484,44,69,662,309,19,646,1432,147,1,643,197,293,76,50,0,622,45,363,0,4,0,114,146,3
2011/2012,nyanga,city of cape town,city of cape town,18.58342,-33.98896,804,30,1045,161,17,0,116,569,80,92,682,400,17,458,1881,167,1,569,232,306,118,99,0,878,66,398,0,3,1,134,208,3
2012/2013,nyanga,city of cape town,city of cape town,18.58342,-33.98896,761,37,950,208,21,0,119,684,101,100,631,427,26,348,1577,160,1,729,261,309,100,108,0,885,61,412,0,4,2,116,309,6
2013/2014,nyanga,city of cape town,city of cape town,18.58342,-33.98896,821,22,918,173,15,0,85,665,102,60,588,441,17,278,1633,105,51,601,305,230,87,148,1,983,67,321,1,1,0,160,293,3
2014/2015,nyanga,city of cape town,city of cape town,18.58342,-33.98896,803,31,878,178,20,0,98,760,137,59,756,391,15,261,1424,98,41,800,300,202,59,210,0,1242,53,292,0,2,0,213,204,11
2015/2016,nyanga,city of cape town,city of cape town,18.58342,-33.98896,896,23,1053,198,22,0,68,746,238,81,1011,429,22,278,1739,142,56,878,279,247,52,329,0,1503,62,351,0,4,0,176,306,5
2016/2017,nyanga,city of cape town,city of cape town,18.58342,-33.98896,1045,24,1071,183,21,0,91,788,257,77,1111,459,32,186,2304,122,90,930,281,256,40,276,2,1498,67,356,0,4,1,121,234,5
2017/2018,nyanga,city of cape town,city of cape town,18.58342,-33.98896,800,29,870,172,25,0,87,684,276,94,1040,440,16,208,2911,168,10,1000,308,210,58,293,1,1646,63,308,0,1,0,154,310,21
2018/2019,nyanga,city of cape town,city of cape town,18.58342,-33.98896,801,26,804,164,12,0,50,520,273,112,783,378,11,165,1956,144,7,869,289,217,47,266,0,1548,57,294,0,0,0,146,275,7
2019/2020,nyanga,city of cape town,city of cape town,18.58342,-33.98896,775,19,593,115,6,0,34,345,383,100,635,384,8,204,1593,103,15,584,185,198,20,139,1,1368,34,242,1,154,1,84,276,8
2020/2021,nyanga,city of cape town,city of cape town,18.58342,-33.98896,419,9,476,155,9,0,30,205,554,110,606,369,8,30,583,76,44,550,203,155,21,139,0,1618,27,195,0,41,1,49,226,14
2021/2022,nyanga,city of cape town,city of cape town,18.58342,-33.98896,444,20,488,113,14,0,17,246,310,131,834,396,11,54,960,100,44,601,164,162,20,125,0,1259,28,212,0,51,1,69,260,4
2022/2023,nyanga,city of cape town,city of cape town,18.58342,-33.98896,503,27,637,110,12,0,18,270,501,114,827,522,9,85,1399,101,51,739,235,157,33,131,0,1534,26,200,0,54,0,83,186,5
2023/2024,nyanga,city of cape town district,city of cape town district,18.58342,-33.98896,0,0,0,0,0,0,0,212,338,0,0,0,0,0,0,0,0,0,0,0,0,98,0,0,0,0,0,0,0,62,126,0
2024/2025,nyanga,city of cape town district,city of cape town district,18.58342,-33.98896,0,0,0,0,0,0,0,277,268,0,0,0,0,0,0,0,0,0,0,0,0,113,0,0,0,0,0,0,0,42,70,0
2008/2009,nyoni,mandeni,ilembe,31.46301,-29.07975,181,5,114,16,4,0,44,75,8,9,56,14,6,25,140,47,1,20,8,26,16,21,0,85,0,30,0,6,16,6,8,0
2009/2010,nyoni,mandeni,ilembe,31.46301,-29.07975,148,3,110,6,4,0,116,65,5,13,41,6,6,19,144,58,1,40,8,27,13,14,0,55,3,34,0,2,10,5,14,0
2010/2011,nyoni,mandeni,ilembe,31.46301,-29.07975,134,6,105,8,4,0,62,79,4,11,42,16,6,7,52,41,1,23,13,26,4,17,0,55,4,34,0,4,16,5,10,0
2011/2012,nyoni,mandeni,ilembe,31.46301,-29.07975,113,3,100,8,2,0,94,54,2,8,29,13,7,24,89,71,1,21,15,29,9,9,0,41,1,33,0,8,38,6,11,0
2012/2013,nyoni,mandeni,ilembe,31.46301,-29.07975,98,6,99,7,0,0,75,55,2,6,34,8,4,30,89,90,1,30,12,37,9,16,0,45,5,44,0,8,24,1,12,0
2013/2014,nyoni,mandeni,ilembe,31.46301,-29.07975,114,4,118,12,0,0,72,66,2,6,36,13,6,22,97,32,23,22,11,20,14,6,1,42,3,23,0,0,27,2,11,0
2014/2015,nyoni,mandeni,ilembe,31.46301,-29.07975,100,4,117,19,0,0,92,49,6,2,25,5,6,37,127,31,12,23,14,25,15,11,0,55,3,28,0,1,32,2,11,0
2015/2016,nyoni,mandeni,ilembe,31.46301,-29.07975,89,5,100,24,0,0,60,60,6,9,20,7,7,35,159,18,12,29,17,29,18,12,0,56,0,30,0,2,26,5,2,0
2016/2017,nyoni,mandeni,ilembe,31.46301,-29.07975,98,4,99,15,0,0,94,53,1,5,28,9,6,34,190,33,13,22,13,27,19,14,0,50,1,28,0,3,30,4,8,0
2017/2018,nyoni,mandeni,ilembe,31.46301,-29.07975,71,1,102,7,0,0,59,66,5,7,23,9,6,27,236,13,23,23,9,23,12,14,0,45,1,24,0,1,18,1,11,0
2018/2019,nyoni,mandeni,ilembe,31.46301,-29.07975,76,3,110,13,0,0,47,73,1,12,28,7,6,4,62,18,13,23,12,18,18,14,0,57,3,21,0,0,16,5,5,0
2019/2020,nyoni,mandeni,ilembe,31.46301,-29.07975,78,12,85,14,1,0,52,65,1,9,26,7,7,8,32,12,25,19,18,30,9,19,0,43,1,33,0,0,13,2,8,0
2020/2021,nyoni,mandeni,ilembe,31.46301,-29.07975,42,4,127,24,1,0,40,80,2,13,40,5,5,1,7,8,24,35,18,39,14,20,0,45,3,46,0,0,13,4,5,0
2021/2022,nyoni,mandeni,ilembe,31.46301,-29.07975,63,7,105,20,1,0,84,58,6,6,74,6,6,3,2,14,28,44,18,32,24,13,0,72,6,39,0,0,22,4,18,0
2022/2023,nyoni,mandeni,ilembe,31.46301,-29.07975,57,5,123,23,1,0,49,58,2,7,60,9,6,3,13,18,27,41,14,44,22,29,0,77,2,47,0,1,8,5,13,0
2023/2024,nyoni,ilembe district,ilembe district,31.46301,-29.07975,0,0,0,0,0,0,0,69,0,0,0,0,0,0,0,0,0,0,0,0,0,32,0,0,0,0,0,0,0,8,15,0
2024/2025,nyoni,ilembe district,ilembe district,31.46301,-29.07975,0,0,0,0,0,0,0,76,3,0,0,0,0,0,0,0,0,0,0,0,0,75,0,0,0,0,0,0,0,4,7,0
2008/2009,ocean view,city of cape town,city of cape town,18.34645,-34.14435,402,2,163,17,2,0,54,327,1,6,200,46,33,46,292,12,1,128,12,32,14,8,0,64,11,60,0,1,0,22,171,0
2009/2010,ocean view,city of cape town,city of cape town,18.34645,-34.14435,231,4,166,11,3,0,58,204,0,7,74,29,12,37,231,14,1,116,15,30,4,4,0,31,15,55,0,1,0,22,144,0
2010/2011,ocean view,city of cape town,city of cape town,18.34645,-34.14435,228,2,198,9,2,0,67,216,0,5,63,20,12,52,330,19,1,124,16,32,9,3,0,53,16,57,0,0,0,15,185,0
2011/2012,ocean view,city of cape town,city of cape town,18.34645,-34.14435,230,2,160,13,1,0,44,163,2,12,47,25,7,37,195,13,1,126,17,41,17,3,0,51,20,63,0,0,0,26,142,0
2012/2013,ocean view,city of cape town,city of cape town,18.34645,-34.14435,277,2,255,15,3,0,35,235,0,8,91,42,8,21,198,14,1,149,18,41,16,6,0,87,16,64,0,2,0,20,166,0
2013/2014,ocean view,city of cape town,city of cape town,18.34645,-34.14435,294,2,234,18,4,0,37,226,3,15,117,55,4,17,227,16,12,167,21,33,13,9,0,86,8,47,0,1,0,25,163,0
2014/2015,ocean view,city of cape town,city of cape town,18.34645,-34.14435,326,3,275,20,1,0,49,240,5,9,106,60,6,10,231,15,21,179,26,32,18,6,0,93,7,40,0,0,0,34,173,0
2015/2016,ocean view,city of cape town,city of cape town,18.34645,-34.14435,371,6,244,20,3,0,76,213,1,16,153,52,6,12,366,7,21,172,41,42,13,2,0,75,6,51,2,0,0,27,110,0
2016/2017,ocean view,city of cape town,city of cape town,18.34645,-34.14435,342,5,263,29,2,0,66,250,2,23,189,42,6,50,583,22,13,182,29,39,23,5,0,101,4,45,0,1,0,30,93,0
2017/2018,ocean view,city of cape town,city of cape town,18.34645,-34.14435,306,3,220,40,3,0,40,239,3,30,155,54,6,27,552,17,23,179,29,26,18,15,0,146,10,39,1,0,0,42,117,0
2018/2019,ocean view,city of cape town,city of cape town,18.34645,-34.14435,299,1,210,39,6,0,44,246,4,40,156,51,7,48,296,21,21,186,30,29,9,12,0,107,6,42,0,1,0,35,109,0
2019/2020,ocean view,city of cape town,city of cape town,18.34645,-34.14435,157,8,210,28,1,0,37,181,3,32,145,57,5,74,166,16,14,180,34,40,19,20,0,145,11,55,0,0,0,55,104,0
2020/2021,ocean view,city of cape town,city of cape town,18.34645,-34.14435,103,2,187,30,2,0,30,80,3,37,137,41,7,16,139,21,3,152,30,54,12,21,0,86,6,63,0,1,0,17,70,1
2021/2022,ocean view,city of cape town,city of cape town,18.34645,-34.14435,181,3,203,24,5,0,24,72,4,51,169,22,9,29,136,20,14,173,26,47,9,16,0,77,6,63,0,2,0,40,61,0
2022/2023,ocean view,city of cape town,city of cape town,18.34645,-34.14435,232,1,160,31,7,0,51,135,3,69,195,23,6,21,113,17,21,175,38,40,7,24,0,89,13,60,0,0,0,29,83,1
2023/2024,ocean view,city of cape town district,city of cape town district,18.34645,-34.14435,0,0,0,0,0,0,0,68,4,0,0,0,0,0,0,0,0,0,0,0,0,12,0,0,0,0,0,0,0,34,46,0
2024/2025,ocean view,city of cape town district,city of cape town district,18.34645,-34.14435,0,0,0,0,0,0,0,78,4,0,0,0,0,0,0,0,0,0,0,0,0,14,0,0,0,0,0,0,0,20,43,0
2008/2009,odendaalsrus,matjhabeng,lejweleputswa,26.68751,-27.87226,683,9,462,16,6,0,145,319,2,46,497,132,10,65,43,5,1,253,22,92,12,2,0,131,11,115,0,25,45,27,74,0
2009/2010,odendaalsrus,matjhabeng,lejweleputswa,26.68751,-27.87226,656,16,466,26,15,0,153,338,4,43,448,86,9,38,63,4,1,217,31,86,27,12,0,151,5,111,0,27,56,21,60,0
2010/2011,odendaalsrus,matjhabeng,lejweleputswa,26.68751,-27.87226,553,4,439,17,12,0,130,295,0,79,439,72,9,47,61,5,1,223,21,88,31,28,0,176,13,118,0,13,49,30,65,0
2011/2012,odendaalsrus,matjhabeng,lejweleputswa,26.68751,-27.87226,625,7,436,18,13,0,112,293,4,130,431,59,5,39,35,10,1,231,17,117,39,18,0,196,21,154,0,13,36,42,65,2
2012/2013,odendaalsrus,matjhabeng,lejweleputswa,26.68751,-27.87226,591,10,418,18,5,0,104,303,4,159,542,58,17,31,37,16,1,227,36,145,41,18,0,197,18,177,0,7,33,27,56,0
2013/2014,odendaalsrus,matjhabeng,lejweleputswa,26.68751,-27.87226,535,13,427,17,5,0,114,300,4,153,465,82,9,27,52,8,2,237,35,109,27,20,0,159,21,140,0,20,33,19,59,0
2014/2015,odendaalsrus,matjhabeng,lejweleputswa,26.68751,-27.87226,583,9,431,20,6,0,94,233,1,78,470,57,12,35,43,10,3,236,35,93,19,10,0,178,8,114,0,16,44,33,78,0
2015/2016,odendaalsrus,matjhabeng,lejweleputswa,26.68751,-27.87226,528,6,380,33,7,0,91,266,9,75,405,59,8,58,67,10,25,214,41,80,16,22,0,165,13,104,1,13,47,31,59,0
2016/2017,odendaalsrus,matjhabeng,lejweleputswa,26.68751,-27.87226,483,5,374,25,2,0,85,323,5,89,445,72,4,47,86,10,22,210,27,70,26,36,0,176,15,89,5,20,52,23,67,0
2017/2018,odendaalsrus,matjhabeng,lejweleputswa,26.68751,-27.87226,375,4,351,37,5,0,96,221,5,83,384,60,9,48,88,18,24,199,30,49,40,36,0,191,7,66,5,23,70,39,52,0
2018/2019,odendaalsrus,matjhabeng,lejweleputswa,26.68751,-27.87226,568,4,356,32,4,0,105,288,9,100,426,63,4,54,93,34,14,210,26,49,22,52,0,197,13,68,1,34,59,26,69,1
2019/2020,odendaalsrus,matjhabeng,lejweleputswa,26.68751,-27.87226,554,5,314,13,3,0,136,284,6,89,432,58,8,79,79,12,27,156,15,68,32,13,0,152,20,95,5,27,46,34,67,0
2020/2021,odendaalsrus,matjhabeng,lejweleputswa,26.68751,-27.87226,426,3,276,16,5,0,94,218,7,72,343,61,7,56,75,6,17,163,26,46,26,17,0,125,19,71,1,19,37,21,32,0
2021/2022,odendaalsrus,matjhabeng,lejweleputswa,26.68751,-27.87226,423,3,307,9,4,0,87,245,4,66,383,63,5,57,61,13,24,179,20,53,34,18,0,129,12,72,3,24,45,24,32,0
2022/2023,odendaalsrus,matjhabeng,lejweleputswa,26.68751,-27.87226,527,2,345,12,8,0,78,310,9,87,444,59,10,70,121,9,8,190,15,41,48,17,0,232,11,66,2,21,30,20,57,0
2023/2024,odendaalsrus,lejweleputswa district,lejweleputswa district,26.68751,-27.87226,0,0,0,0,0,0,0,232,10,0,0,0,0,0,0,0,0,0,0,0,0,30,0,0,0,0,0,0,0,10,49,0
2024/2025,odendaalsrus,lejweleputswa district,lejweleputswa district,26.68751,-27.87226,0,0,0,0,0,0,0,268,3,0,0,0,0,0,0,0,0,0,0,0,0,33,0,0,0,0,0,0,0,8,42,0
2008/2009,ogies,victor khanye,nkangala,29.05272,-26.05064,492,5,148,14,3,2,93,201,23,25,176,80,9,41,40,4,1,85,13,30,51,8,0,138,1,39,0,14,8,45,78,8
2009/2010,ogies,victor khanye,nkangala,29.05272,-26.05064,437,3,174,8,4,1,45,199,21,20,183,55,5,27,30,6,1,122,10,31,29,8,0,136,2,40,0,17,13,71,62,19
2010/2011,ogies,victor khanye,nkangala,29.05272,-26.05064,366,2,180,6,6,1,106,171,4,19,155,50,7,32,56,5,1,86,12,33,42,4,0,114,4,44,0,9,16,42,60,17
2011/2012,ogies,victor khanye,nkangala,29.05272,-26.05064,360,4,165,0,4,0,82,209,6,33,158,39,4,39,55,3,1,93,11,25,37,7,1,98,1,32,1,13,6,28,75,19
2012/2013,ogies,victor khanye,nkangala,29.05272,-26.05064,343,4,116,7,1,0,81,218,4,36,120,54,7,29,79,8,1,96,11,24,24,12,0,94,1,27,0,11,11,36,78,18
2013/2014,ogies,victor khanye,nkangala,29.05272,-26.05064,361,6,167,7,2,0,91,234,12,24,161,54,6,26,72,3,14,125,9,23,32,9,0,100,2,27,0,5,8,30,104,14
2014/2015,ogies,victor khanye,nkangala,29.05272,-26.05064,498,4,174,21,5,0,125,257,16,23,185,45,7,30,67,6,14,124,15,33,33,12,1,156,4,43,0,4,23,56,111,19
2015/2016,ogies,victor khanye,nkangala,29.05272,-26.05064,507,11,182,8,2,0,104,174,23,37,160,32,6,27,67,11,8,121,13,25,36,13,0,169,3,30,0,20,13,52,92,31
2016/2017,ogies,victor khanye,nkangala,29.05272,-26.05064,433,4,126,10,1,0,126,134,15,35,98,30,6,43,57,10,17,80,15,19,29,7,1,124,0,20,0,7,26,35,100,24
2017/2018,ogies,victor khanye,nkangala,29.05272,-26.05064,312,3,57,9,0,0,34,36,7,25,35,9,6,26,24,12,13,28,11,10,15,3,0,45,2,12,0,3,21,9,53,2
2018/2019,ogies,victor khanye,nkangala,29.05272,-26.05064,190,1,48,8,0,0,54,26,6,31,25,18,6,22,31,3,13,30,7,7,31,2,0,58,2,9,0,2,12,20,111,2
2019/2020,ogies,victor khanye,nkangala,29.05272,-26.05064,216,5,51,3,0,0,58,16,8,24,21,10,6,37,8,1,21,37,6,6,25,3,0,70,2,8,0,1,24,14,78,0
2020/2021,ogies,victor khanye,nkangala,29.05272,-26.05064,194,2,43,6,0,0,53,19,12,34,17,11,6,5,3,2,13,36,6,11,29,1,0,77,2,13,0,3,12,14,71,1
2021/2022,ogies,victor khanye,nkangala,29.05272,-26.05064,214,3,36,6,2,0,41,9,8,46,17,10,6,6,1,2,14,41,6,12,35,4,0,85,1,15,0,3,9,11,61,3
2022/2023,ogies,victor khanye,nkangala,29.05272,-26.05064,196,1,32,10,1,0,50,18,10,32,28,12,6,2,12,6,14,23,7,5,43,4,0,85,2,8,0,2,16,14,56,7
2023/2024,ogies,nkangala district,nkangala district,29.05272,-26.05064,0,0,0,0,0,0,0,16,29,0,0,0,0,0,0,0,0,0,0,0,0,0,0,0,0,0,0,0,0,10,71,0
2024/2025,ogies,nkangala district,nkangala district,29.05272,-26.05064,0,0,0,0,0,0,0,12,16,0,0,0,0,0,0,0,0,0,0,0,0,2,0,0,0,0,0,0,0,7,28,0
2008/2009,ohrigstad,fetakgomo tubatse,sekhukhune,30.55652,-24.75191,49,0,9,1,0,0,15,17,1,0,9,1,4,2,8,1,1,12,0,0,0,2,0,9,0,2,0,4,0,3,1,0
2009/2010,ohrigstad,fetakgomo tubatse,sekhukhune,30.55652,-24.75191,38,1,8,0,0,0,5,20,1,7,12,0,6,1,4,0,1,2,1,4,0,1,0,2,0,4,0,3,1,2,2,0
2010/2011,ohrigstad,fetakgomo tubatse,sekhukhune,30.55652,-24.75191,65,0,15,1,0,0,19,25,0,3,10,4,6,1,5,0,1,10,1,2,0,1,0,1,0,2,0,1,4,1,2,0
2011/2012,ohrigstad,fetakgomo tubatse,sekhukhune,30.55652,-24.75191,31,0,11,0,0,0,11,15,0,1,8,2,6,7,7,1,1,5,0,0,1,0,0,2,0,0,0,2,2,2,5,0
2012/2013,ohrigstad,fetakgomo tubatse,sekhukhune,30.55652,-24.75191,38,0,10,1,0,0,10,19,1,1,10,2,6,5,17,0,1,6,0,0,0,0,0,3,0,0,0,0,0,2,4,0
2013/2014,ohrigstad,fetakgomo tubatse,sekhukhune,30.55652,-24.75191,31,0,6,0,0,0,6,15,1,0,8,1,6,4,2,0,12,2,1,0,1,1,0,5,0,0,0,0,4,0,0,0
2014/2015,ohrigstad,fetakgomo tubatse,sekhukhune,30.55652,-24.75191,29,0,7,0,0,0,12,10,1,2,9,14,6,2,7,1,13,6,0,0,4,1,0,8,0,0,0,0,2,1,1,0
2015/2016,ohrigstad,fetakgomo tubatse,sekhukhune,30.55652,-24.75191,38,1,4,3,0,0,3,14,0,2,6,1,6,5,7,0,12,3,1,3,1,3,0,11,0,3,0,0,3,0,3,0
2016/2017,ohrigstad,fetakgomo tubatse,sekhukhune,30.55652,-24.75191,49,1,5,1,0,0,8,16,1,1,4,0,6,1,21,0,23,7,2,3,1,0,0,7,1,4,0,0,3,1,3,0
2017/2018,ohrigstad,fetakgomo tubatse,sekhukhune,30.55652,-24.75191,41,0,8,2,0,0,11,18,1,6,5,3,7,16,37,2,13,4,1,1,2,0,0,8,0,2,0,0,1,3,4,0
2018/2019,ohrigstad,fetakgomo tubatse,sekhukhune,30.55652,-24.75191,33,0,9,1,0,0,3,19,3,2,7,0,6,25,24,0,13,4,2,2,1,0,0,6,1,3,0,0,7,2,4,0
2019/2020,ohrigstad,fetakgomo tubatse,sekhukhune,30.55652,-24.75191,32,0,7,0,0,0,3,16,0,6,11,2,6,26,3,4,13,3,1,0,2,2,0,13,0,0,0,0,14,0,3,0
2020/2021,ohrigstad,fetakgomo tubatse,sekhukhune,30.55652,-24.75191,29,0,2,4,0,0,10,15,1,2,9,4,7,17,0,3,13,4,1,1,0,1,0,5,1,3,0,0,0,4,0,0
2021/2022,ohrigstad,fetakgomo tubatse,sekhukhune,30.55652,-24.75191,21,0,5,0,0,0,6,8,0,7,6,1,6,6,8,0,13,5,0,1,2,2,0,10,1,2,0,2,3,1,1,1
2022/2023,ohrigstad,fetakgomo tubatse,sekhukhune,30.55652,-24.75191,32,1,10,1,0,0,10,7,1,3,3,0,6,9,16,0,13,5,0,3,0,1,0,4,0,3,8,2,3,3,3,0
2023/2024,ohrigstad,sekhukhune district,sekhukhune district,30.55652,-24.75191,0,0,0,0,0,0,0,5,0,0,0,0,0,0,0,0,0,0,0,0,0,0,0,0,0,0,0,0,0,1,3,0
2024/2025,ohrigstad,sekhukhune district,sekhukhune district,30.55652,-24.75191,0,0,0,0,0,0,0,5,3,0,0,0,0,0,0,0,0,0,0,0,0,0,0,0,0,0,0,0,0,0,3,0
2008/2009,olievenhoutbosch,city of tshwane,city of tshwane,28.0955,-25.9176,0,0,0,0,0,0,0,0,0,0,0,0,6,0,0,0,1,0,0,0,0,0,0,0,0,0,0,0,0,0,0,0
2009/2010,olievenhoutbosch,city of tshwane,city of tshwane,28.0955,-25.9176,0,0,0,0,0,0,0,0,0,0,0,0,6,0,0,0,1,0,0,0,0,0,0,0,0,0,0,0,0,0,0,0
2010/2011,olievenhoutbosch,city of tshwane,city of tshwane,28.0955,-25.9176,0,0,0,0,0,0,0,0,0,0,0,0,6,0,0,0,1,0,0,0,0,0,0,0,0,0,0,0,0,0,0,0
2011/2012,olievenhoutbosch,city of tshwane,city of tshwane,28.0955,-25.9176,313,11,301,27,2,0,23,333,26,51,187,97,7,17,21,8,1,188,33,49,30,82,0,277,2,54,12,5,0,72,113,4
2012/2013,olievenhoutbosch,city of tshwane,city of tshwane,28.0955,-25.9176,608,23,371,42,3,0,51,418,55,118,175,79,4,38,38,10,1,251,40,57,49,121,0,357,9,71,19,19,1,116,285,6
2013/2014,olievenhoutbosch,city of tshwane,city of tshwane,28.0955,-25.9176,751,17,350,46,4,0,120,523,30,112,258,105,6,26,85,7,24,299,40,82,84,70,0,353,6,92,1,27,0,84,268,8
2014/2015,olievenhoutbosch,city of tshwane,city of tshwane,28.0955,-25.9176,792,13,381,43,0,0,123,548,51,151,307,94,8,41,103,16,28,312,37,68,63,111,0,421,8,80,4,129,2,125,374,12
2015/2016,olievenhoutbosch,city of tshwane,city of tshwane,28.0955,-25.9176,635,17,356,36,0,0,98,575,52,159,377,136,8,32,230,13,16,282,37,53,64,75,1,347,11,68,4,121,3,135,344,11
2016/2017,olievenhoutbosch,city of tshwane,city of tshwane,28.0955,-25.9176,624,7,298,103,1,0,160,483,127,163,338,103,6,38,337,11,17,283,67,63,109,80,0,533,7,71,1,115,1,183,344,3
2017/2018,olievenhoutbosch,city of tshwane,city of tshwane,28.0955,-25.9176,599,8,293,78,1,0,160,353,82,153,355,121,6,105,454,31,3,242,50,57,113,167,1,604,10,68,2,112,0,121,331,7
2018/2019,olievenhoutbosch,city of tshwane,city of tshwane,28.0955,-25.9176,630,1,325,81,0,0,110,282,65,180,369,118,6,143,270,11,2,302,54,77,62,129,0,481,12,89,0,115,2,116,486,3
2019/2020,olievenhoutbosch,city of tshwane,city of tshwane,28.0955,-25.9176,581,4,318,88,1,0,127,212,99,167,403,135,8,109,275,25,16,253,72,67,66,107,1,478,18,90,0,71,7,185,479,8
2020/2021,olievenhoutbosch,city of tshwane,city of tshwane,28.0955,-25.9176,433,5,278,84,0,0,116,143,151,224,384,107,7,50,103,6,25,235,64,78,54,126,0,551,9,88,0,60,4,120,304,14
2021/2022,olievenhoutbosch,city of tshwane,city of tshwane,28.0955,-25.9176,489,10,296,95,0,0,92,210,164,295,380,110,8,134,113,8,51,239,77,88,74,128,4,592,14,106,0,71,5,184,270,12
2022/2023,olievenhoutbosch,city of tshwane,city of tshwane,28.0955,-25.9176,506,5,281,128,0,0,120,161,248,302,333,99,4,93,136,39,90,224,103,94,77,142,0,756,13,109,8,85,3,217,250,20
2023/2024,olievenhoutbosch,tshwane district,tshwane district,28.0955,-25.9176,0,0,0,0,0,0,0,186,268,0,0,0,0,0,0,0,0,0,0,0,0,95,0,0,0,0,0,0,0,176,337,0
2024/2025,olievenhoutbosch,tshwane district,tshwane district,28.0955,-25.9176,0,0,0,0,0,0,0,124,137,0,0,0,0,0,0,0,0,0,0,0,0,72,0,0,0,0,0,0,0,134,306,0
2008/2009,olifantsfontein,ekurhuleni,ekurhuleni,28.23211,-25.95135,263,0,82,14,7,0,85,129,36,40,132,54,5,21,2,0,1,51,8,34,17,10,1,195,0,44,0,8,3,42,76,28
2009/2010,olifantsfontein,ekurhuleni,ekurhuleni,28.23211,-25.95135,231,3,71,13,3,0,92,188,36,38,116,44,19,40,10,3,1,60,7,43,39,30,1,242,0,60,0,7,9,33,44,26
2010/2011,olifantsfontein,ekurhuleni,ekurhuleni,28.23211,-25.95135,382,10,69,19,2,0,104,151,53,61,118,48,38,44,12,5,1,112,6,34,29,20,0,242,2,62,0,5,4,30,154,13
2011/2012,olifantsfontein,ekurhuleni,ekurhuleni,28.23211,-25.95135,537,2,53,10,1,0,77,143,46,66,112,46,5,120,31,14,1,92,8,36,27,17,0,184,5,45,5,4,7,44,186,4
2012/2013,olifantsfontein,ekurhuleni,ekurhuleni,28.23211,-25.95135,465,8,74,15,5,0,76,174,46,52,131,42,7,166,37,14,1,124,13,30,35,24,0,200,1,37,14,8,8,25,256,7
2013/2014,olifantsfontein,ekurhuleni,ekurhuleni,28.23211,-25.95135,464,3,80,12,3,0,55,162,58,74,90,42,7,243,63,21,23,66,12,31,35,25,0,195,2,37,7,27,2,31,235,5
2014/2015,olifantsfontein,ekurhuleni,ekurhuleni,28.23211,-25.95135,501,4,90,19,3,0,71,234,76,63,97,54,7,293,38,9,3,81,13,33,46,42,0,341,3,40,3,29,1,57,214,32
2015/2016,olifantsfontein,ekurhuleni,ekurhuleni,28.23211,-25.95135,404,3,66,20,3,0,105,215,87,80,132,62,6,254,17,22,37,55,21,30,43,25,0,324,3,36,4,55,3,47,234,21
2016/2017,olifantsfontein,ekurhuleni,ekurhuleni,28.23211,-25.95135,383,1,69,19,0,0,51,207,72,73,103,55,4,208,25,18,25,45,12,20,25,26,0,265,4,26,1,53,5,50,277,27
2017/2018,olifantsfontein,ekurhuleni,ekurhuleni,28.23211,-25.95135,322,0,69,12,2,0,55,164,66,122,105,49,7,256,40,16,28,60,5,27,34,16,1,303,4,34,0,26,1,50,126,23
2018/2019,olifantsfontein,ekurhuleni,ekurhuleni,28.23211,-25.95135,302,2,73,13,1,0,30,95,70,126,120,54,7,303,19,14,43,72,13,39,29,8,1,293,2,43,1,31,8,18,138,17
2019/2020,olifantsfontein,ekurhuleni,ekurhuleni,28.23211,-25.95135,222,4,78,17,1,0,64,68,74,188,104,54,7,300,4,13,23,56,10,25,36,17,0,300,4,31,2,43,3,42,156,16
2020/2021,olifantsfontein,ekurhuleni,ekurhuleni,28.23211,-25.95135,195,7,76,11,0,0,53,61,55,155,108,35,6,55,1,8,17,57,12,22,28,31,0,289,4,26,1,20,7,42,122,33
2021/2022,olifantsfontein,ekurhuleni,ekurhuleni,28.23211,-25.95135,272,2,93,24,0,0,59,57,64,217,99,33,6,111,5,11,27,126,11,14,29,18,0,323,2,16,0,9,0,31,141,47
2022/2023,olifantsfontein,ekurhuleni,ekurhuleni,28.23211,-25.95135,300,3,75,30,2,0,64,66,69,235,95,37,4,144,6,20,90,71,24,24,35,11,0,312,3,31,0,12,1,41,118,27
2023/2024,olifantsfontein,ekurhuleni district,ekurhuleni district,28.23211,-25.95135,0,0,0,0,0,0,0,84,59,0,0,0,0,0,0,0,0,0,0,0,0,8,0,0,0,0,0,0,0,37,135,0
2024/2025,olifantsfontein,ekurhuleni district,ekurhuleni district,28.23211,-25.95135,0,0,0,0,0,0,0,100,87,0,0,0,0,0,0,0,0,0,0,0,0,22,0,0,0,0,0,0,0,29,115,0
2008/2009,olifantshoek,tsantsabane,z f mgcawu,22.73744,-27.94753,52,0,70,16,2,0,30,31,1,1,31,5,5,7,7,1,1,15,10,10,2,1,0,4,2,17,0,2,18,0,7,0
2009/2010,olifantshoek,tsantsabane,z f mgcawu,22.73744,-27.94753,27,0,71,9,1,0,28,20,0,1,27,3,6,5,9,0,1,11,7,14,2,0,0,3,0,15,0,1,35,0,6,0
2010/2011,olifantshoek,tsantsabane,z f mgcawu,22.73744,-27.94753,28,1,70,12,1,0,19,12,0,2,19,3,6,8,11,1,1,14,6,13,2,0,0,3,3,17,0,1,14,0,2,0
2011/2012,olifantshoek,tsantsabane,z f mgcawu,22.73744,-27.94753,31,1,102,8,4,0,26,19,0,1,19,10,7,5,11,0,1,18,4,13,4,0,0,6,1,19,0,0,18,2,7,0
2012/2013,olifantshoek,tsantsabane,z f mgcawu,22.73744,-27.94753,47,8,90,10,2,0,37,47,0,4,29,9,5,7,6,1,1,55,6,21,3,3,0,6,2,28,0,2,21,7,14,0
2013/2014,olifantshoek,tsantsabane,z f mgcawu,22.73744,-27.94753,29,0,79,3,4,0,20,59,0,2,21,5,6,0,4,0,12,18,7,15,7,0,0,7,4,23,0,3,32,4,10,0
2014/2015,olifantshoek,tsantsabane,z f mgcawu,22.73744,-27.94753,23,1,68,8,3,0,11,61,1,5,12,9,7,6,10,2,12,10,3,10,2,2,0,11,3,17,0,2,21,3,11,0
2015/2016,olifantshoek,tsantsabane,z f mgcawu,22.73744,-27.94753,36,3,63,8,3,0,20,56,0,2,15,4,6,9,11,0,13,11,5,17,4,0,0,9,0,20,0,1,29,1,13,0
2016/2017,olifantshoek,tsantsabane,z f mgcawu,22.73744,-27.94753,32,0,55,8,3,0,11,37,0,6,16,8,6,10,7,3,13,13,2,10,2,2,0,6,1,14,0,1,16,2,6,0
2017/2018,olifantshoek,tsantsabane,z f mgcawu,22.73744,-27.94753,33,0,55,0,0,0,13,25,0,5,9,1,6,3,10,0,13,5,6,10,4,0,0,6,2,12,0,1,31,2,7,0
2018/2019,olifantshoek,tsantsabane,z f mgcawu,22.73744,-27.94753,32,2,48,2,3,0,7,19,0,5,7,5,6,5,3,0,13,8,3,10,2,2,0,9,0,13,0,0,14,0,7,0
2019/2020,olifantshoek,tsantsabane,z f mgcawu,22.73744,-27.94753,25,0,47,3,2,0,15,16,0,7,7,5,6,5,2,0,12,5,2,7,1,0,0,5,3,12,0,0,14,2,7,0
2020/2021,olifantshoek,tsantsabane,z f mgcawu,22.73744,-27.94753,13,0,24,2,0,0,11,27,0,7,11,2,6,12,6,1,13,9,1,5,0,0,0,2,1,6,0,0,4,0,6,0
2021/2022,olifantshoek,tsantsabane,z f mgcawu,22.73744,-27.94753,23,0,22,3,1,0,13,24,0,8,10,0,6,1,11,0,13,1,5,7,0,0,0,2,1,9,0,1,2,1,10,0
2022/2023,olifantshoek,tsantsabane,z f mgcawu,22.73744,-27.94753,40,1,50,6,1,0,17,35,0,9,13,1,6,0,12,0,13,7,5,10,3,1,0,8,1,12,0,0,14,1,8,0
2023/2024,olifantshoek,john taolo gaetsewe district,john taolo gaetsewe district,22.73744,-27.94753,0,0,0,0,0,0,0,36,0,0,0,0,0,0,0,0,0,0,0,0,0,0,0,0,0,0,0,0,0,2,4,0
2024/2025,olifantshoek,john taolo gaetsewe district,john taolo gaetsewe district,22.73744,-27.94753,0,0,0,0,0,0,0,27,0,0,0,0,0,0,0,0,0,0,0,0,0,0,0,0,0,0,0,0,0,0,4,0
2008/2009,onseepkans,khâi-ma,namakwa,19.30395,-28.74154,4,0,11,1,0,0,1,0,0,0,1,0,6,1,4,0,1,1,0,7,0,0,0,0,0,7,0,0,3,0,0,0
2009/2010,onseepkans,khâi-ma,namakwa,19.30395,-28.74154,3,2,9,3,0,0,2,0,0,0,3,0,6,0,8,1,1,3,1,4,0,0,0,0,0,4,0,0,4,0,0,0
2010/2011,onseepkans,khâi-ma,namakwa,19.30395,-28.74154,2,1,8,1,0,0,2,0,0,1,3,1,6,2,10,0,1,2,1,4,0,0,0,0,0,4,0,0,2,1,0,0
2011/2012,onseepkans,khâi-ma,namakwa,19.30395,-28.74154,4,0,14,0,0,0,0,1,0,1,3,0,6,1,6,1,1,4,0,4,0,0,0,0,0,4,0,0,2,0,0,0
2012/2013,onseepkans,khâi-ma,namakwa,19.30395,-28.74154,5,0,8,0,0,0,2,7,0,0,4,0,6,1,8,1,1,3,1,4,0,0,0,0,0,4,0,0,2,0,0,0
2013/2014,onseepkans,khâi-ma,namakwa,19.30395,-28.74154,18,0,14,1,0,0,1,3,0,0,5,0,6,1,6,0,13,5,3,7,0,0,0,0,0,7,0,0,3,0,3,0
2014/2015,onseepkans,khâi-ma,namakwa,19.30395,-28.74154,5,0,11,1,0,0,3,4,0,0,1,0,7,0,11,3,13,1,1,1,0,0,0,0,4,6,0,0,5,0,0,0
2015/2016,onseepkans,khâi-ma,namakwa,19.30395,-28.74154,8,0,15,0,0,0,2,1,0,2,5,0,6,1,7,0,13,1,0,6,0,0,0,0,0,6,0,0,2,0,1,0
2016/2017,onseepkans,khâi-ma,namakwa,19.30395,-28.74154,3,1,14,1,0,0,1,2,0,1,3,0,6,2,6,0,13,2,0,6,0,0,0,0,0,6,0,0,3,0,1,0
2017/2018,onseepkans,khâi-ma,namakwa,19.30395,-28.74154,10,0,11,0,0,0,0,3,0,0,7,0,6,1,1,0,12,1,0,5,0,0,0,0,0,5,0,0,3,1,0,0
2018/2019,onseepkans,khâi-ma,namakwa,19.30395,-28.74154,118,0,110,1,0,0,29,55,0,4,118,12,6,19,338,6,13,38,2,17,0,0,0,3,4,21,0,0,42,1,8,0
2019/2020,onseepkans,khâi-ma,namakwa,19.30395,-28.74154,109,1,115,1,0,0,11,33,0,0,115,7,5,11,313,3,13,49,4,6,0,0,0,5,10,19,0,1,45,0,21,0
2020/2021,onseepkans,khâi-ma,namakwa,19.30395,-28.74154,124,2,80,23,1,0,19,40,0,3,109,7,6,7,179,0,13,42,4,12,1,1,0,10,3,16,0,0,45,0,18,0
2021/2022,onseepkans,khâi-ma,namakwa,19.30395,-28.74154,111,0,131,4,1,0,20,48,0,4,87,1,6,4,119,2,13,42,4,17,1,0,0,5,5,23,0,0,22,0,7,0
2022/2023,onseepkans,khâi-ma,namakwa,19.30395,-28.74154,127,3,88,2,0,0,26,71,0,9,111,7,6,3,118,1,12,47,3,12,2,0,0,8,8,20,0,1,29,0,23,0
2023/2024,onseepkans,namakwa district,namakwa district,19.30395,-28.74154,0,0,0,0,0,0,0,3,0,0,0,0,0,0,0,0,0,0,0,0,0,0,0,0,0,0,0,0,0,0,1,0
2024/2025,onseepkans,namakwa district,namakwa district,19.30395,-28.74154,0,0,0,0,0,0,0,10,0,0,0,0,0,0,0,0,0,0,0,0,0,1,0,0,0,0,0,0,0,0,0,0
2008/2009,or tambo intern airp,ekurhuleni,ekurhuleni,28.22985,-26.13293,1998,0,15,0,0,0,31,16,0,280,101,21,12,4,704,2,1,86,0,0,0,0,0,10,2,9,0,4,0,73,151,0
2009/2010,or tambo intern airp,ekurhuleni,ekurhuleni,28.22985,-26.13293,1989,0,20,3,1,0,29,8,3,331,89,20,17,10,510,5,1,85,1,0,1,0,0,23,7,17,0,8,0,85,156,1
2010/2011,or tambo intern airp,ekurhuleni,ekurhuleni,28.22985,-26.13293,1691,0,8,0,1,0,11,8,1,226,89,14,5,2,265,3,1,71,0,1,0,0,0,5,2,7,0,11,0,76,118,0
2011/2012,or tambo intern airp,ekurhuleni,ekurhuleni,28.22985,-26.13293,1575,0,9,1,0,0,18,5,2,261,55,7,6,1,438,7,1,48,0,1,0,0,0,6,3,4,0,2,0,45,97,0
2012/2013,or tambo intern airp,ekurhuleni,ekurhuleni,28.22985,-26.13293,1658,0,15,1,0,0,8,2,0,286,59,16,6,2,345,3,1,69,0,0,0,0,0,4,1,1,2,1,0,32,77,0
2013/2014,or tambo intern airp,ekurhuleni,ekurhuleni,28.22985,-26.13293,1533,0,7,1,0,0,16,1,0,168,84,9,4,2,243,12,13,54,0,1,1,0,0,7,5,8,0,9,0,38,61,0
2014/2015,or tambo intern airp,ekurhuleni,ekurhuleni,28.22985,-26.13293,1396,1,13,0,0,0,8,0,0,170,72,16,7,0,115,4,12,44,0,0,0,0,1,5,4,5,0,4,0,26,67,1
2015/2016,or tambo intern airp,ekurhuleni,ekurhuleni,28.22985,-26.13293,1373,0,6,0,0,0,6,2,1,190,84,14,7,6,62,4,28,67,1,0,1,0,0,13,1,2,0,2,0,27,64,1
2016/2017,or tambo intern airp,ekurhuleni,ekurhuleni,28.22985,-26.13293,1367,0,5,0,0,0,9,1,1,202,71,20,7,3,100,2,18,75,0,2,5,0,0,18,2,5,0,6,0,37,55,1
2017/2018,or tambo intern airp,ekurhuleni,ekurhuleni,28.22985,-26.13293,1323,0,3,2,1,0,1,0,4,213,69,20,7,7,77,5,25,81,1,0,2,0,0,22,5,7,0,2,0,59,45,0
2018/2019,or tambo intern airp,ekurhuleni,ekurhuleni,28.22985,-26.13293,1166,0,4,1,3,0,4,1,2,183,74,13,7,20,93,0,17,72,1,0,1,0,0,13,3,7,2,7,0,61,42,0
2019/2020,or tambo intern airp,ekurhuleni,ekurhuleni,28.22985,-26.13293,1237,1,9,2,0,0,1,1,2,175,50,9,7,25,63,4,21,59,0,1,2,0,0,18,1,3,1,1,0,51,40,1
2020/2021,or tambo intern airp,ekurhuleni,ekurhuleni,28.22985,-26.13293,235,0,1,1,0,0,4,0,3,40,11,2,6,15,8,0,13,33,0,0,0,0,0,5,0,0,0,0,0,27,6,0
2021/2022,or tambo intern airp,ekurhuleni,ekurhuleni,28.22985,-26.13293,375,0,4,0,3,0,0,0,0,65,22,1,6,4,24,0,13,35,0,2,0,0,0,3,1,6,0,1,0,49,14,0
2022/2023,or tambo intern airp,ekurhuleni,ekurhuleni,28.22985,-26.13293,540,0,7,0,1,0,0,1,3,56,25,3,6,7,39,0,23,40,0,0,0,0,0,8,1,2,0,2,0,49,30,0
2023/2024,or tambo intern airp,gauteng: ports of entry: air,gauteng: ports of entry: air,28.22985,-26.13293,0,0,0,0,0,0,0,1,2,0,0,0,0,0,0,0,0,0,0,0,0,0,0,0,0,0,0,0,0,59,11,0
2024/2025,or tambo intern airp,gauteng: ports of entry: air,gauteng: ports of entry: air,28.22985,-26.13293,0,0,0,0,0,0,0,0,5,0,0,0,0,0,0,0,0,0,0,0,0,0,0,0,0,0,0,0,0,34,43,0
2008/2009,orange farms,emfuleni,sedibeng,27.8672,-26.47848,320,13,493,37,4,0,73,741,45,19,313,125,3,8,202,49,1,194,58,218,19,19,1,285,2,237,0,55,13,104,91,7
2009/2010,orange farms,emfuleni,sedibeng,27.8672,-26.47848,368,16,587,41,11,0,87,687,44,11,404,102,3,26,236,61,1,237,50,199,38,27,1,247,2,225,0,41,20,117,104,4
2010/2011,orange farms,emfuleni,sedibeng,27.8672,-26.47848,399,17,587,39,4,0,97,680,28,20,391,108,3,15,216,41,1,226,58,181,41,21,1,180,0,198,0,117,9,156,90,2
2011/2012,orange farms,emfuleni,sedibeng,27.8672,-26.47848,460,13,674,36,5,0,111,647,31,15,473,124,7,39,306,56,1,277,61,186,47,44,2,241,3,195,0,92,24,189,107,3
2012/2013,orange farms,emfuleni,sedibeng,27.8672,-26.47848,434,15,649,50,11,0,127,736,35,29,373,129,5,99,714,80,1,256,56,161,40,70,0,278,10,185,0,78,22,156,139,3
2013/2014,orange farms,emfuleni,sedibeng,27.8672,-26.47848,458,7,727,44,9,0,104,727,47,22,425,132,7,199,1287,60,9,279,60,138,51,107,1,395,8,156,2,95,17,130,142,1
2014/2015,orange farms,emfuleni,sedibeng,27.8672,-26.47848,441,12,750,52,10,0,114,678,66,57,416,137,7,253,1511,97,62,329,68,159,117,65,0,498,10,180,1,157,17,130,147,5
2015/2016,orange farms,emfuleni,sedibeng,27.8672,-26.47848,480,16,864,56,6,0,113,738,73,125,345,151,7,307,1193,69,9,366,65,150,93,51,1,471,6,163,0,170,16,176,196,6
2016/2017,orange farms,emfuleni,sedibeng,27.8672,-26.47848,369,8,739,62,4,0,110,712,92,97,368,144,6,201,1370,81,66,353,79,173,110,63,1,544,7,184,0,100,18,157,161,7
2017/2018,orange farms,emfuleni,sedibeng,27.8672,-26.47848,357,7,786,52,4,0,113,630,52,94,395,112,6,413,1835,100,19,302,95,176,100,53,2,520,15,195,1,82,8,139,121,7
2018/2019,orange farms,emfuleni,sedibeng,27.8672,-26.47848,326,6,557,85,8,0,101,525,87,114,319,93,5,431,1533,57,53,240,95,204,69,90,0,557,11,226,1,59,22,97,136,9
2019/2020,orange farms,emfuleni,sedibeng,27.8672,-26.47848,278,1,523,67,7,0,103,435,86,141,306,86,9,303,1062,76,33,208,96,149,64,92,2,511,22,183,0,98,15,117,118,9
2020/2021,orange farms,emfuleni,sedibeng,27.8672,-26.47848,271,3,448,49,2,0,100,303,119,121,295,51,6,91,416,74,10,217,79,132,68,72,0,448,18,152,0,38,15,78,72,31
2021/2022,orange farms,emfuleni,sedibeng,27.8672,-26.47848,231,7,520,70,3,0,75,251,205,133,306,52,7,164,451,64,89,237,126,141,58,102,0,589,24,169,1,58,16,68,66,52
2022/2023,orange farms,emfuleni,sedibeng,27.8672,-26.47848,230,2,433,79,5,0,101,237,188,131,242,51,6,194,608,89,86,214,164,148,68,86,0,642,18,171,2,88,15,53,70,48
2023/2024,orange farms,sedibeng district,sedibeng district,27.8672,-26.47848,0,0,0,0,0,0,0,250,245,0,0,0,0,0,0,0,0,0,0,0,0,93,0,0,0,0,0,0,0,72,71,0
2024/2025,orange farms,sedibeng district,sedibeng district,27.8672,-26.47848,0,0,0,0,0,0,0,254,246,0,0,0,0,0,0,0,0,0,0,0,0,121,0,0,0,0,0,0,0,46,94,0
2008/2009,oranjeville,metsimaholo,fezile dabi,28.20446,-26.98908,51,0,27,2,1,0,9,50,0,1,77,2,6,3,6,0,1,16,0,5,3,0,0,5,4,10,0,0,6,4,4,0
2009/2010,oranjeville,metsimaholo,fezile dabi,28.20446,-26.98908,39,0,18,3,2,0,5,41,0,5,46,1,7,5,14,1,1,11,1,11,0,0,0,0,0,14,0,0,6,1,1,0
2010/2011,oranjeville,metsimaholo,fezile dabi,28.20446,-26.98908,22,1,20,2,1,0,7,37,0,0,37,2,6,2,10,0,1,10,0,5,1,0,0,4,2,8,0,0,17,4,2,1
2011/2012,oranjeville,metsimaholo,fezile dabi,28.20446,-26.98908,26,1,20,3,0,0,5,18,1,5,49,1,6,3,19,2,1,3,2,2,2,1,0,5,1,3,0,0,8,4,2,0
2012/2013,oranjeville,metsimaholo,fezile dabi,28.20446,-26.98908,29,1,32,1,0,0,7,42,0,2,49,2,7,3,22,2,1,13,1,4,1,0,0,1,3,8,0,1,4,2,1,0
2013/2014,oranjeville,metsimaholo,fezile dabi,28.20446,-26.98908,35,0,17,5,0,0,7,32,0,3,49,0,6,7,27,0,13,11,1,24,0,0,0,0,2,26,0,0,10,1,3,0
2014/2015,oranjeville,metsimaholo,fezile dabi,28.20446,-26.98908,21,0,30,0,0,0,11,22,1,1,41,1,6,10,30,0,13,7,1,5,1,1,0,4,1,6,0,0,20,3,2,0
2015/2016,oranjeville,metsimaholo,fezile dabi,28.20446,-26.98908,16,2,9,3,0,0,9,18,0,1,37,3,6,13,25,2,13,8,0,4,3,1,0,4,0,4,0,0,15,3,2,0
2016/2017,oranjeville,metsimaholo,fezile dabi,28.20446,-26.98908,32,0,23,3,0,0,4,22,0,2,24,1,6,7,27,0,13,7,0,7,2,0,0,3,1,8,0,0,15,3,1,0
2017/2018,oranjeville,metsimaholo,fezile dabi,28.20446,-26.98908,18,0,32,2,0,0,9,21,0,1,28,0,6,8,24,1,13,6,0,5,4,3,0,8,0,5,0,0,18,0,0,0
2018/2019,oranjeville,metsimaholo,fezile dabi,28.20446,-26.98908,25,1,21,1,0,0,13,38,0,4,25,4,6,7,33,4,13,14,1,3,7,2,0,11,1,4,0,0,24,2,6,0
2019/2020,oranjeville,metsimaholo,fezile dabi,28.20446,-26.98908,14,1,31,0,0,0,7,56,0,3,32,0,6,1,8,0,13,13,2,6,3,2,0,7,1,7,0,0,15,4,4,0
2020/2021,oranjeville,metsimaholo,fezile dabi,28.20446,-26.98908,12,0,14,2,0,0,12,37,1,8,37,0,6,2,7,1,13,10,3,4,1,3,0,5,1,5,0,0,3,3,2,0
2021/2022,oranjeville,metsimaholo,fezile dabi,28.20446,-26.98908,27,1,22,1,0,0,16,38,0,0,39,3,6,2,2,1,12,11,3,4,3,1,0,5,0,4,0,0,12,3,1,0
2022/2023,oranjeville,metsimaholo,fezile dabi,28.20446,-26.98908,31,0,39,1,0,0,14,56,0,2,47,0,6,2,7,0,13,14,0,5,0,1,0,1,0,5,0,0,9,5,5,0
2023/2024,oranjeville,fezile dabi district,fezile dabi district,28.20446,-26.98908,0,0,0,0,0,0,0,46,0,0,0,0,0,0,0,0,0,0,0,0,0,2,0,0,0,0,0,0,0,1,3,0
2024/2025,oranjeville,fezile dabi district,fezile dabi district,28.20446,-26.98908,0,0,0,0,0,0,0,56,0,0,0,0,0,0,0,0,0,0,0,0,0,0,0,0,0,0,0,0,0,1,12,0
2008/2009,orkney,city of matlosana,dr kenneth kaunda,26.66994,-26.97781,416,5,109,11,2,1,81,268,2,62,107,31,5,154,142,3,1,100,7,42,3,1,0,39,9,56,0,64,11,32,67,0
2009/2010,orkney,city of matlosana,dr kenneth kaunda,26.66994,-26.97781,295,0,109,13,6,1,91,183,5,115,72,27,4,180,151,4,1,82,7,30,9,4,0,41,11,49,0,63,11,25,58,0
2010/2011,orkney,city of matlosana,dr kenneth kaunda,26.66994,-26.97781,290,4,83,5,3,1,54,193,3,101,69,21,7,62,142,4,1,38,4,29,7,3,0,39,4,37,0,58,12,28,61,0
2011/2012,orkney,city of matlosana,dr kenneth kaunda,26.66994,-26.97781,289,4,70,9,1,0,60,154,1,51,60,35,6,61,136,0,1,55,2,16,6,0,0,33,2,19,0,67,22,38,52,0
2012/2013,orkney,city of matlosana,dr kenneth kaunda,26.66994,-26.97781,276,2,93,13,2,0,58,226,0,111,54,30,6,30,85,2,1,62,5,30,4,6,0,31,8,40,0,31,17,48,56,0
2013/2014,orkney,city of matlosana,dr kenneth kaunda,26.66994,-26.97781,310,0,55,13,2,0,41,204,0,64,55,15,7,41,83,5,13,67,5,18,8,4,0,48,5,26,0,71,16,41,43,0
2014/2015,orkney,city of matlosana,dr kenneth kaunda,26.66994,-26.97781,221,0,41,7,1,0,55,189,1,65,54,23,4,44,69,9,13,43,7,25,8,3,0,43,3,31,0,31,17,13,39,0
2015/2016,orkney,city of matlosana,dr kenneth kaunda,26.66994,-26.97781,227,0,50,13,2,0,48,215,3,55,35,16,4,28,46,16,13,38,4,13,13,7,0,60,0,17,0,31,9,20,33,0
2016/2017,orkney,city of matlosana,dr kenneth kaunda,26.66994,-26.97781,243,6,45,15,1,0,80,234,1,37,46,14,4,18,24,13,13,45,11,18,21,8,0,64,8,29,0,27,24,19,42,0
2017/2018,orkney,city of matlosana,dr kenneth kaunda,26.66994,-26.97781,172,1,42,10,0,0,63,227,3,63,70,22,6,18,26,0,3,47,4,27,5,16,1,53,2,29,0,31,15,14,60,0
2018/2019,orkney,city of matlosana,dr kenneth kaunda,26.66994,-26.97781,118,0,110,1,0,0,29,55,0,4,118,12,6,19,338,6,13,38,2,17,0,0,0,3,4,21,0,0,42,1,8,0
2019/2020,orkney,city of matlosana,dr kenneth kaunda,26.66994,-26.97781,109,1,115,1,0,0,11,33,0,0,115,7,5,11,313,3,13,49,4,6,0,0,0,5,10,19,0,1,45,0,21,0
2020/2021,orkney,city of matlosana,dr kenneth kaunda,26.66994,-26.97781,124,2,80,23,1,0,19,40,0,3,109,7,6,7,179,0,13,42,4,12,1,1,0,10,3,16,0,0,45,0,18,0
2021/2022,orkney,city of matlosana,dr kenneth kaunda,26.66994,-26.97781,111,0,131,4,1,0,20,48,0,4,87,1,6,4,119,2,13,42,4,17,1,0,0,5,5,23,0,0,22,0,7,0
2022/2023,orkney,city of matlosana,dr kenneth kaunda,26.66994,-26.97781,127,3,88,2,0,0,26,71,0,9,111,7,6,3,118,1,12,47,3,12,2,0,0,8,8,20,0,1,29,0,23,0
2023/2024,orkney,dr kenneth kaunda district,dr kenneth kaunda district,26.66994,-26.97781,0,0,0,0,0,0,0,154,15,0,0,0,0,0,0,0,0,0,0,0,0,13,0,0,0,0,0,0,0,14,30,0
2024/2025,orkney,dr kenneth kaunda district,dr kenneth kaunda district,26.66994,-26.97781,0,0,0,0,0,0,0,120,7,0,0,0,0,0,0,0,0,0,0,0,0,5,0,0,0,0,0,0,0,7,32,0
2008/2009,orlando,city of johannesburg,city of johannesburg,27.91915,-26.23877,565,10,490,30,4,1,76,338,67,92,552,128,10,78,161,30,1,272,28,137,45,18,2,364,32,179,0,152,0,90,104,0
2009/2010,orlando,city of johannesburg,city of johannesburg,27.91915,-26.23877,544,14,549,35,6,0,129,509,64,159,568,108,9,154,163,27,1,286,33,113,38,19,1,338,26,150,0,188,0,116,148,0
2010/2011,orlando,city of johannesburg,city of johannesburg,27.91915,-26.23877,674,13,579,29,13,0,115,580,41,136,501,133,4,527,226,37,1,297,29,111,38,23,1,303,16,142,0,166,0,118,165,0
2011/2012,orlando,city of johannesburg,city of johannesburg,27.91915,-26.23877,570,13,599,33,13,0,122,487,61,110,421,112,4,287,262,87,1,294,41,86,71,19,0,317,9,110,1,105,0,156,188,1
2012/2013,orlando,city of johannesburg,city of johannesburg,27.91915,-26.23877,578,25,566,33,22,0,162,549,70,123,364,129,6,280,435,25,1,260,29,102,60,21,0,305,19,143,0,101,0,135,148,0
2013/2014,orlando,city of johannesburg,city of johannesburg,27.91915,-26.23877,602,11,614,36,13,0,151,495,58,106,461,126,7,557,1033,16,15,285,39,119,49,26,0,328,11,144,0,78,0,151,163,1
2014/2015,orlando,city of johannesburg,city of johannesburg,27.91915,-26.23877,691,12,628,53,16,0,175,586,48,123,465,133,6,434,997,28,30,316,37,94,76,28,0,378,14,124,0,76,0,154,171,0
2015/2016,orlando,city of johannesburg,city of johannesburg,27.91915,-26.23877,725,21,643,59,13,0,117,528,72,157,545,130,7,674,838,33,42,406,37,105,58,19,0,431,14,133,0,104,1,166,196,0
2016/2017,orlando,city of johannesburg,city of johannesburg,27.91915,-26.23877,723,5,564,43,5,0,120,526,72,130,478,140,6,747,999,44,9,400,39,111,56,27,0,473,7,123,1,163,0,148,222,1
2017/2018,orlando,city of johannesburg,city of johannesburg,27.91915,-26.23877,665,1,554,49,8,0,93,542,103,115,527,131,7,646,1018,63,29,370,38,98,72,38,0,510,14,121,1,118,0,154,185,1
2018/2019,orlando,city of johannesburg,city of johannesburg,27.91915,-26.23877,118,0,110,1,0,0,29,55,0,4,118,12,6,19,338,6,13,38,2,17,0,0,0,3,4,21,0,0,42,1,8,0
2019/2020,orlando,city of johannesburg,city of johannesburg,27.91915,-26.23877,109,1,115,1,0,0,11,33,0,0,115,7,5,11,313,3,13,49,4,6,0,0,0,5,10,19,0,1,45,0,21,0
2020/2021,orlando,city of johannesburg,city of johannesburg,27.91915,-26.23877,124,2,80,23,1,0,19,40,0,3,109,7,6,7,179,0,13,42,4,12,1,1,0,10,3,16,0,0,45,0,18,0
2021/2022,orlando,city of johannesburg,city of johannesburg,27.91915,-26.23877,111,0,131,4,1,0,20,48,0,4,87,1,6,4,119,2,13,42,4,17,1,0,0,5,5,23,0,0,22,0,7,0
2022/2023,orlando,city of johannesburg,city of johannesburg,27.91915,-26.23877,127,3,88,2,0,0,26,71,0,9,111,7,6,3,118,1,12,47,3,12,2,0,0,8,8,20,0,1,29,0,23,0
2023/2024,orlando,johannesburg district,johannesburg district,27.91915,-26.23877,0,0,0,0,0,0,0,286,52,0,0,0,0,0,0,0,0,0,0,0,0,38,0,0,0,0,0,0,0,83,95,0
2024/2025,orlando,johannesburg district,johannesburg district,27.91915,-26.23877,0,0,0,0,0,0,0,293,71,0,0,0,0,0,0,0,0,0,0,0,0,68,0,0,0,0,0,0,0,81,96,0
2008/2009,osizweni,dannhauser,amajuba,30.12937,-27.79043,289,4,377,16,12,0,71,486,13,27,261,72,17,71,129,24,1,158,38,134,25,30,0,145,4,159,0,86,60,42,45,0
2009/2010,osizweni,dannhauser,amajuba,30.12937,-27.79043,303,5,412,21,4,0,117,537,11,22,332,72,11,92,131,14,1,159,30,145,52,33,2,191,13,170,0,66,60,38,77,0
2010/2011,osizweni,dannhauser,amajuba,30.12937,-27.79043,255,2,453,23,3,0,108,484,11,25,339,74,11,110,154,16,1,167,29,131,40,15,0,165,20,162,0,33,55,29,78,0
2011/2012,osizweni,dannhauser,amajuba,30.12937,-27.79043,238,5,448,18,2,0,106,522,6,33,364,93,6,131,189,28,1,170,33,156,48,21,0,195,31,189,0,17,56,22,90,0
2012/2013,osizweni,dannhauser,amajuba,30.12937,-27.79043,306,9,431,26,0,0,75,539,9,35,362,115,6,145,214,17,1,163,34,140,53,19,0,214,36,176,0,22,92,35,99,0
2013/2014,osizweni,dannhauser,amajuba,30.12937,-27.79043,355,9,489,36,3,0,100,598,12,30,358,106,6,163,274,25,4,176,35,101,45,24,0,262,29,133,0,19,79,51,101,0
2014/2015,osizweni,dannhauser,amajuba,30.12937,-27.79043,367,7,563,39,2,0,136,657,16,48,404,112,5,90,159,28,26,222,44,109,67,34,0,372,21,135,0,14,75,70,117,0
2015/2016,osizweni,dannhauser,amajuba,30.12937,-27.79043,313,10,580,50,1,0,117,643,18,39,400,105,6,125,204,21,30,241,44,148,61,45,0,331,14,163,0,15,102,47,148,0
2016/2017,osizweni,dannhauser,amajuba,30.12937,-27.79043,329,10,602,44,0,0,130,781,19,44,334,123,5,144,302,47,26,228,49,154,42,45,0,377,15,172,0,18,103,58,114,0
2017/2018,osizweni,dannhauser,amajuba,30.12937,-27.79043,332,7,499,30,0,0,112,739,15,37,373,103,6,251,317,34,39,194,53,146,19,28,0,307,16,162,0,35,99,78,101,0
2018/2019,osizweni,dannhauser,amajuba,30.12937,-27.79043,118,0,110,1,0,0,29,55,0,4,118,12,6,19,338,6,13,38,2,17,0,0,0,3,4,21,0,0,42,1,8,0
2019/2020,osizweni,dannhauser,amajuba,30.12937,-27.79043,109,1,115,1,0,0,11,33,0,0,115,7,5,11,313,3,13,49,4,6,0,0,0,5,10,19,0,1,45,0,21,0
2020/2021,osizweni,dannhauser,amajuba,30.12937,-27.79043,124,2,80,23,1,0,19,40,0,3,109,7,6,7,179,0,13,42,4,12,1,1,0,10,3,16,0,0,45,0,18,0
2021/2022,osizweni,dannhauser,amajuba,30.12937,-27.79043,111,0,131,4,1,0,20,48,0,4,87,1,6,4,119,2,13,42,4,17,1,0,0,5,5,23,0,0,22,0,7,0
2022/2023,osizweni,dannhauser,amajuba,30.12937,-27.79043,127,3,88,2,0,0,26,71,0,9,111,7,6,3,118,1,12,47,3,12,2,0,0,8,8,20,0,1,29,0,23,0
2023/2024,osizweni,amajuba district,amajuba district,30.12937,-27.79043,0,0,0,0,0,0,0,302,13,0,0,0,0,0,0,0,0,0,0,0,0,47,0,0,0,0,0,0,0,31,73,0
2024/2025,osizweni,amajuba district,amajuba district,30.12937,-27.79043,0,0,0,0,0,0,0,326,4,0,0,0,0,0,0,0,0,0,0,0,0,40,0,0,0,0,0,0,0,34,59,0
2008/2009,ottosdal,tswaing,ngaka modiri molema,25.99991,-26.81203,68,2,54,4,4,0,28,62,0,8,21,3,5,3,48,2,1,26,2,36,0,3,0,4,0,43,0,3,44,1,8,0
2009/2010,ottosdal,tswaing,ngaka modiri molema,25.99991,-26.81203,67,1,42,4,1,0,22,74,0,11,25,4,4,9,46,7,1,19,6,38,1,2,0,6,0,41,0,2,57,4,5,0
2010/2011,ottosdal,tswaing,ngaka modiri molema,25.99991,-26.81203,83,2,49,3,2,0,38,79,0,8,28,0,4,4,50,1,1,28,6,30,3,0,0,4,1,35,0,0,37,3,11,0
2011/2012,ottosdal,tswaing,ngaka modiri molema,25.99991,-26.81203,69,2,58,0,0,0,31,67,0,10,19,1,7,4,85,0,1,16,15,36,5,2,0,9,3,40,0,1,32,2,18,0
2012/2013,ottosdal,tswaing,ngaka modiri molema,25.99991,-26.81203,65,3,50,1,0,0,24,39,0,19,19,7,6,14,104,2,1,17,7,34,5,0,0,7,1,35,0,6,26,7,5,0
2013/2014,ottosdal,tswaing,ngaka modiri molema,25.99991,-26.81203,89,0,44,0,0,0,25,55,0,7,22,4,6,16,127,2,13,12,5,19,2,2,0,5,0,19,0,3,30,4,17,1
2014/2015,ottosdal,tswaing,ngaka modiri molema,25.99991,-26.81203,66,5,41,2,0,0,17,54,0,6,17,3,6,12,144,2,13,14,7,21,6,0,0,7,1,22,0,4,42,7,10,0
2015/2016,ottosdal,tswaing,ngaka modiri molema,25.99991,-26.81203,68,2,66,1,0,0,35,53,2,6,15,2,6,9,133,2,13,20,12,27,5,3,0,13,1,28,0,1,45,6,3,0
2016/2017,ottosdal,tswaing,ngaka modiri molema,25.99991,-26.81203,55,1,44,3,0,0,33,42,1,55,24,4,6,2,125,2,13,18,6,33,7,2,0,14,2,35,0,1,32,3,3,3
2017/2018,ottosdal,tswaing,ngaka modiri molema,25.99991,-26.81203,60,0,47,5,1,0,35,56,0,7,23,7,6,0,178,6,13,22,8,36,4,0,0,8,1,38,0,0,31,2,4,0
2018/2019,ottosdal,tswaing,ngaka modiri molema,25.99991,-26.81203,83,4,84,6,1,0,55,81,0,10,49,14,6,0,30,7,13,39,9,35,3,4,0,22,1,37,0,0,65,6,8,0
2019/2020,ottosdal,tswaing,ngaka modiri molema,25.99991,-26.81203,58,10,139,4,1,0,62,70,0,14,52,21,7,0,9,1,12,35,6,42,4,3,0,22,1,45,0,0,22,8,17,0
2020/2021,ottosdal,tswaing,ngaka modiri molema,25.99991,-26.81203,55,3,91,1,1,0,36,42,0,10,46,12,6,2,29,1,13,31,7,17,1,5,0,14,2,20,0,2,19,1,13,0
2021/2022,ottosdal,tswaing,ngaka modiri molema,25.99991,-26.81203,43,2,96,3,0,0,35,46,0,9,34,8,6,6,11,1,12,21,8,21,8,5,0,15,1,22,0,1,12,2,5,0
2022/2023,ottosdal,tswaing,ngaka modiri molema,25.99991,-26.81203,74,0,99,2,2,0,41,71,0,8,53,7,6,0,4,7,12,30,8,27,8,3,0,19,3,32,0,2,15,2,14,0
2023/2024,ottosdal,ngaka modiri molema district,ngaka modiri molema district,25.99991,-26.81203,0,0,0,0,0,0,0,73,1,0,0,0,0,0,0,0,0,0,0,0,0,3,0,0,0,0,0,0,0,8,19,0
2024/2025,ottosdal,ngaka modiri molema district,ngaka modiri molema district,25.99991,-26.81203,0,0,0,0,0,0,0,76,1,0,0,0,0,0,0,0,0,0,0,0,0,1,0,0,0,0,0,0,0,1,17,0
2008/2009,ottoshoop,mafikeng,ngaka modiri molema,25.96256,-25.75138,49,3,14,2,0,0,11,23,0,1,49,7,7,4,4,0,1,6,4,18,0,2,0,2,0,19,0,1,25,0,5,0
2009/2010,ottoshoop,mafikeng,ngaka modiri molema,25.96256,-25.75138,35,1,18,4,1,0,11,42,0,0,26,0,6,7,2,0,1,8,0,3,0,0,0,2,1,5,0,0,24,1,2,0
2010/2011,ottoshoop,mafikeng,ngaka modiri molema,25.96256,-25.75138,27,0,24,2,0,0,8,22,0,0,11,3,7,2,4,1,1,9,2,6,0,0,0,1,2,9,0,0,30,1,1,0
2011/2012,ottoshoop,mafikeng,ngaka modiri molema,25.96256,-25.75138,33,1,8,1,2,0,6,29,0,1,24,2,6,2,3,1,1,11,1,8,1,0,0,1,0,10,0,0,30,0,2,0
2012/2013,ottoshoop,mafikeng,ngaka modiri molema,25.96256,-25.75138,34,1,19,1,1,0,4,32,1,3,18,3,6,4,2,2,1,5,1,6,0,2,0,4,1,8,0,0,28,5,4,0
2013/2014,ottoshoop,mafikeng,ngaka modiri molema,25.96256,-25.75138,27,1,28,2,0,0,9,23,0,1,26,0,5,2,4,1,13,10,3,3,3,1,0,4,0,6,0,0,22,3,2,0
2014/2015,ottoshoop,mafikeng,ngaka modiri molema,25.96256,-25.75138,45,2,13,3,1,0,9,22,0,0,21,7,6,1,8,0,12,6,3,6,0,1,0,1,0,7,0,0,20,3,8,0
2015/2016,ottoshoop,mafikeng,ngaka modiri molema,25.96256,-25.75138,29,2,21,0,0,0,15,20,0,1,26,3,7,4,6,0,13,8,2,5,2,2,0,4,1,7,0,0,14,1,3,0
2016/2017,ottoshoop,mafikeng,ngaka modiri molema,25.96256,-25.75138,32,3,33,3,0,0,16,31,1,0,8,3,6,2,6,2,13,14,0,8,1,2,1,6,1,9,0,0,19,1,4,0
2017/2018,ottoshoop,mafikeng,ngaka modiri molema,25.96256,-25.75138,29,3,27,2,0,0,14,27,1,1,12,3,6,7,23,0,13,12,1,6,2,1,1,9,1,7,0,0,7,3,3,0
2018/2019,ottoshoop,mafikeng,ngaka modiri molema,25.96256,-25.75138,32,1,16,2,1,0,12,29,1,2,10,0,6,10,18,0,13,12,0,4,3,1,0,7,1,6,0,0,18,0,6,0
2019/2020,ottoshoop,mafikeng,ngaka modiri molema,25.96256,-25.75138,26,1,15,0,0,0,8,50,0,3,10,2,6,37,1,0,13,6,1,7,0,0,0,0,1,8,0,0,28,1,0,0
2020/2021,ottoshoop,mafikeng,ngaka modiri molema,25.96256,-25.75138,34,0,18,1,0,0,10,24,1,1,5,3,6,3,4,0,12,9,1,5,0,0,0,1,0,5,0,1,23,1,3,0
2021/2022,ottoshoop,mafikeng,ngaka modiri molema,25.96256,-25.75138,22,0,32,1,0,0,19,19,0,1,2,0,6,11,2,0,12,11,1,2,1,1,0,3,0,2,1,0,23,0,2,0
2022/2023,ottoshoop,mafikeng,ngaka modiri molema,25.96256,-25.75138,17,1,20,4,0,0,6,18,0,10,5,0,6,6,2,2,14,7,1,11,1,0,0,2,0,11,0,0,47,4,4,0
2023/2024,ottoshoop,ngaka modiri molema district,ngaka modiri molema district,25.96256,-25.75138,0,0,0,0,0,0,0,17,0,0,0,0,0,0,0,0,0,0,0,0,0,1,0,0,0,0,0,0,0,0,4,0
2024/2025,ottoshoop,ngaka modiri molema district,ngaka modiri molema district,25.96256,-25.75138,0,0,0,0,0,0,0,14,0,0,0,0,0,0,0,0,0,0,0,0,0,0,0,0,0,0,0,0,0,2,3,0
2008/2009,oudtshoorn,oudtshoorn,garden route,22.20401,-33.58986,661,5,402,4,6,0,138,250,0,125,289,57,7,257,791,14,1,206,17,45,0,3,0,25,20,72,0,250,48,15,178,0
2009/2010,oudtshoorn,oudtshoorn,garden route,22.20401,-33.58986,755,15,423,14,2,0,259,372,0,136,342,79,8,241,783,7,1,205,14,68,4,2,0,40,26,100,0,246,65,15,163,0
2010/2011,oudtshoorn,oudtshoorn,garden route,22.20401,-33.58986,698,11,482,10,3,0,244,427,0,95,394,88,11,171,757,6,1,231,23,68,6,4,0,65,21,100,0,174,33,12,223,0
2011/2012,oudtshoorn,oudtshoorn,garden route,22.20401,-33.58986,953,8,537,14,5,0,226,554,0,90,505,131,9,111,552,4,1,291,11,88,7,6,0,70,20,118,3,204,23,13,255,0
2012/2013,oudtshoorn,oudtshoorn,garden route,22.20401,-33.58986,1021,14,537,15,5,0,349,651,0,117,533,238,5,79,725,4,1,310,20,59,21,4,0,109,26,93,2,209,34,18,380,0
2013/2014,oudtshoorn,oudtshoorn,garden route,22.20401,-33.58986,1106,16,572,11,7,0,278,692,0,108,696,209,8,84,857,4,13,405,11,44,10,15,0,108,19,74,1,194,15,23,393,0
2014/2015,oudtshoorn,oudtshoorn,garden route,22.20401,-33.58986,1147,14,608,12,3,0,311,601,0,80,728,229,4,79,998,13,23,434,19,36,27,9,0,157,21,62,0,196,15,16,320,0
2015/2016,oudtshoorn,oudtshoorn,garden route,22.20401,-33.58986,1168,4,615,14,3,0,290,704,2,104,834,208,4,79,1069,8,25,486,15,45,9,12,0,123,18,68,1,195,19,11,409,0
2016/2017,oudtshoorn,oudtshoorn,garden route,22.20401,-33.58986,1065,9,633,10,6,0,237,557,1,111,805,252,5,72,1589,11,22,479,14,70,24,14,0,182,36,115,0,177,29,13,392,0
2017/2018,oudtshoorn,oudtshoorn,garden route,22.20401,-33.58986,886,11,511,23,8,0,199,525,1,123,746,164,6,86,1968,133,14,434,14,70,13,9,0,148,24,102,0,186,20,5,409,1
2018/2019,oudtshoorn,oudtshoorn,garden route,22.20401,-33.58986,969,17,570,22,7,0,203,604,0,96,733,183,5,87,1737,19,26,440,12,75,6,13,0,162,36,121,1,236,31,19,401,0
2019/2020,oudtshoorn,oudtshoorn,garden route,22.20401,-33.58986,918,8,592,20,6,0,226,526,3,129,747,175,7,78,1199,15,17,417,15,59,9,14,0,140,29,95,0,201,55,5,329,0
2020/2021,oudtshoorn,oudtshoorn,garden route,22.20401,-33.58986,840,12,474,110,7,0,201,423,0,128,577,104,6,28,507,10,27,388,8,59,14,11,0,142,32,98,0,155,31,10,326,0
2021/2022,oudtshoorn,oudtshoorn,garden route,22.20401,-33.58986,915,14,504,118,8,0,209,365,1,148,540,84,9,25,610,11,28,356,12,70,23,9,1,117,20,103,0,142,27,6,223,0
2022/2023,oudtshoorn,oudtshoorn,garden route,22.20401,-33.58986,846,11,573,81,4,0,176,374,0,194,604,103,9,85,927,17,27,409,13,68,6,11,0,132,33,110,2,282,36,6,205,0
2023/2024,oudtshoorn,garden route district,garden route district,22.20401,-33.58986,0,0,0,0,0,0,0,314,0,0,0,0,0,0,0,0,0,0,0,0,0,3,0,0,0,0,0,0,0,4,147,0
2024/2025,oudtshoorn,garden route district,garden route district,22.20401,-33.58986,0,0,0,0,0,0,0,287,0,0,0,0,0,0,0,0,0,0,0,0,0,2,0,0,0,0,0,0,0,4,159,0
2008/2009,paarl,drakenstein,cape winelands,18.96916,-33.73854,1160,2,160,4,1,0,138,293,0,204,212,14,12,180,392,10,1,227,8,43,5,1,0,29,5,56,0,362,9,68,219,0
2009/2010,paarl,drakenstein,cape winelands,18.96916,-33.73854,1353,2,180,3,4,0,272,563,1,249,282,49,31,214,447,8,1,290,9,97,4,11,0,58,15,135,0,435,14,85,383,0
2010/2011,paarl,drakenstein,cape winelands,18.96916,-33.73854,1465,3,187,4,4,0,298,674,0,235,264,85,12,247,484,11,1,319,12,75,5,4,1,88,8,94,0,421,15,105,437,0
2011/2012,paarl,drakenstein,cape winelands,18.96916,-33.73854,1544,7,196,9,3,0,311,633,1,214,308,106,16,152,559,7,1,328,4,61,10,8,0,111,8,82,3,445,13,127,563,1
2012/2013,paarl,drakenstein,cape winelands,18.96916,-33.73854,1506,6,153,4,5,0,337,724,3,362,246,101,9,117,576,2,1,327,10,49,13,5,0,102,26,85,3,367,13,114,540,0
2013/2014,paarl,drakenstein,cape winelands,18.96916,-33.73854,1440,3,161,9,3,0,399,591,1,231,286,135,8,111,650,9,21,338,12,58,15,9,0,82,6,71,0,308,7,124,552,0
2014/2015,paarl,drakenstein,cape winelands,18.96916,-33.73854,1683,10,146,5,10,0,587,659,9,253,277,116,5,99,784,4,24,334,12,38,15,6,0,126,9,60,1,374,8,142,889,0
2015/2016,paarl,drakenstein,cape winelands,18.96916,-33.73854,1618,2,138,12,8,0,504,667,8,306,347,114,4,82,843,9,14,371,4,45,20,25,0,171,14,69,1,380,5,108,860,1
2016/2017,paarl,drakenstein,cape winelands,18.96916,-33.73854,1442,8,136,20,5,0,505,542,6,359,397,114,4,56,1032,8,23,364,16,34,23,15,1,152,11,52,0,396,10,77,861,1
2017/2018,paarl,drakenstein,cape winelands,18.96916,-33.73854,1208,1,117,34,4,0,392,465,7,287,333,130,10,54,1035,16,22,304,4,61,22,10,0,136,11,82,0,374,12,96,1049,6
2018/2019,paarl,drakenstein,cape winelands,18.96916,-33.73854,1185,8,122,36,3,0,330,449,3,332,315,146,4,99,771,19,23,266,9,64,12,15,0,156,13,82,0,434,12,80,814,0
2019/2020,paarl,drakenstein,cape winelands,18.96916,-33.73854,975,2,136,55,5,0,326,418,6,355,330,124,6,55,640,16,16,267,20,29,36,18,0,186,15,49,2,427,3,91,733,2
2020/2021,paarl,drakenstein,cape winelands,18.96916,-33.73854,997,4,90,24,5,0,277,340,10,333,288,93,7,26,454,10,25,245,7,25,28,15,1,116,10,41,1,274,6,60,497,3
2021/2022,paarl,drakenstein,cape winelands,18.96916,-33.73854,1173,2,106,37,3,0,304,327,2,458,370,120,8,22,740,17,2,358,11,22,16,11,0,109,24,53,0,303,22,35,491,3
2022/2023,paarl,drakenstein,cape winelands,18.96916,-33.73854,1233,2,119,44,4,0,310,305,2,372,361,129,7,43,718,16,36,288,6,36,22,13,0,127,16,57,1,304,30,64,543,11
2023/2024,paarl,cape winelands district,cape winelands district,18.96916,-33.73854,0,0,0,0,0,0,0,308,6,0,0,0,0,0,0,0,0,0,0,0,0,14,0,0,0,0,0,0,0,69,655,0
2024/2025,paarl,cape winelands district,cape winelands district,18.96916,-33.73854,0,0,0,0,0,0,0,218,4,0,0,0,0,0,0,0,0,0,0,0,0,12,0,0,0,0,0,0,0,47,484,0
2008/2009,paarl east,drakenstein,cape winelands,18.99406,-33.71148,479,2,332,10,3,0,65,352,0,6,200,72,32,70,719,23,1,231,27,39,3,1,1,56,12,66,0,37,0,19,225,1
2009/2010,paarl east,drakenstein,cape winelands,18.99406,-33.71148,681,5,420,12,5,0,85,365,2,18,289,76,47,78,731,28,1,306,23,76,1,4,0,104,25,129,0,90,0,13,273,0
2010/2011,paarl east,drakenstein,cape winelands,18.99406,-33.71148,750,9,458,12,3,0,98,368,0,33,358,146,17,83,737,26,1,298,20,90,5,3,0,107,35,137,0,75,0,18,228,0
2011/2012,paarl east,drakenstein,cape winelands,18.99406,-33.71148,910,12,535,24,3,0,85,391,0,29,415,147,12,47,628,21,1,397,22,73,7,5,0,139,34,117,1,70,0,16,242,0
2012/2013,paarl east,drakenstein,cape winelands,18.99406,-33.71148,1009,10,495,26,4,0,89,504,1,59,495,179,18,37,658,21,1,500,21,86,18,8,0,166,37,138,2,103,0,20,352,0
2013/2014,paarl east,drakenstein,cape winelands,18.99406,-33.71148,1058,11,484,19,6,0,87,504,3,50,551,150,12,41,734,8,23,514,18,74,8,6,0,135,36,123,0,96,0,14,361,0
2014/2015,paarl east,drakenstein,cape winelands,18.99406,-33.71148,1044,10,501,16,7,0,91,482,2,46,569,142,8,32,881,13,23,534,25,79,19,3,0,141,35,125,0,95,0,26,377,0
2015/2016,paarl east,drakenstein,cape winelands,18.99406,-33.71148,1019,13,472,20,13,0,98,372,4,45,614,135,7,36,649,8,23,700,22,49,5,1,0,128,19,82,1,69,0,20,336,0
2016/2017,paarl east,drakenstein,cape winelands,18.99406,-33.71148,965,9,492,52,4,0,96,423,8,46,635,120,8,38,825,41,21,701,39,71,12,3,0,165,33,112,1,102,0,17,300,0
2017/2018,paarl east,drakenstein,cape winelands,18.99406,-33.71148,904,3,424,62,2,0,74,385,6,47,665,115,5,32,870,37,12,580,31,59,16,2,0,167,37,101,2,89,0,24,284,0
2018/2019,paarl east,drakenstein,cape winelands,18.99406,-33.71148,1035,12,499,62,7,0,72,488,3,47,670,150,9,23,717,49,17,594,44,59,13,10,0,199,25,96,0,76,0,12,337,0
2019/2020,paarl east,drakenstein,cape winelands,18.99406,-33.71148,952,12,523,52,5,0,72,491,4,81,756,167,11,25,908,36,12,591,37,74,13,14,0,245,21,108,2,131,0,25,366,0
2020/2021,paarl east,drakenstein,cape winelands,18.99406,-33.71148,727,17,451,58,8,0,59,320,4,79,674,134,12,19,447,41,24,510,40,52,13,8,1,167,18,85,0,78,0,15,229,0
2021/2022,paarl east,drakenstein,cape winelands,18.99406,-33.71148,827,12,387,47,8,0,44,294,3,125,587,114,9,11,716,40,2,507,38,68,6,6,0,145,28,109,1,69,1,22,184,0
2022/2023,paarl east,drakenstein,cape winelands,18.99406,-33.71148,950,8,441,30,5,0,62,318,8,92,739,118,5,15,816,36,23,549,43,66,6,11,0,147,25,99,1,77,0,19,158,0
2023/2024,paarl east,cape winelands district,cape winelands district,18.99406,-33.71148,0,0,0,0,0,0,0,323,7,0,0,0,0,0,0,0,0,0,0,0,0,9,0,0,0,0,0,0,0,27,156,0
2024/2025,paarl east,cape winelands district,cape winelands district,18.99406,-33.71148,0,0,0,0,0,0,0,294,5,0,0,0,0,0,0,0,0,0,0,0,0,7,0,0,0,0,0,0,0,20,184,0
2008/2009,pabalello,dawid kruiper,z f mgcawu,21.2221,-28.44386,66,4,194,14,1,0,17,71,0,1,63,15,5,34,31,1,1,48,6,11,0,0,0,6,6,21,0,3,4,2,13,0
2009/2010,pabalello,dawid kruiper,z f mgcawu,21.2221,-28.44386,76,0,190,16,0,0,25,86,0,1,89,12,5,26,55,1,1,45,2,20,0,0,0,4,1,24,0,4,3,2,12,0
2010/2011,pabalello,dawid kruiper,z f mgcawu,21.2221,-28.44386,61,2,150,22,2,0,20,71,0,0,90,11,6,17,42,0,1,53,7,18,1,0,0,7,5,25,0,1,3,2,12,0
2011/2012,pabalello,dawid kruiper,z f mgcawu,21.2221,-28.44386,65,5,142,13,0,0,21,78,0,3,85,12,4,8,62,0,1,54,9,15,0,3,0,8,6,23,0,2,0,2,34,0
2012/2013,pabalello,dawid kruiper,z f mgcawu,21.2221,-28.44386,65,6,130,11,7,0,28,124,0,3,64,11,7,15,83,1,1,38,8,25,0,2,0,11,6,39,0,1,3,1,25,0
2013/2014,pabalello,dawid kruiper,z f mgcawu,21.2221,-28.44386,88,3,142,10,2,0,32,134,0,5,103,11,4,3,55,2,13,59,7,11,2,0,0,7,2,17,0,0,1,2,17,0
2014/2015,pabalello,dawid kruiper,z f mgcawu,21.2221,-28.44386,86,7,151,9,0,0,26,143,0,2,89,13,6,5,75,2,21,77,7,24,2,0,0,8,4,28,0,0,1,0,18,0
2015/2016,pabalello,dawid kruiper,z f mgcawu,21.2221,-28.44386,63,8,151,9,1,0,21,150,0,4,64,20,6,2,90,3,13,42,6,17,4,2,0,22,3,21,0,0,2,0,20,0
2016/2017,pabalello,dawid kruiper,z f mgcawu,21.2221,-28.44386,84,3,165,5,3,0,21,156,0,5,54,15,7,5,123,1,13,52,5,10,2,2,0,11,5,19,0,0,2,2,24,0
2017/2018,pabalello,dawid kruiper,z f mgcawu,21.2221,-28.44386,98,3,127,10,1,0,26,164,0,5,61,14,7,11,129,1,13,41,6,13,2,1,0,20,5,20,0,0,1,3,30,0
2018/2019,pabalello,dawid kruiper,z f mgcawu,21.2221,-28.44386,84,3,129,21,0,0,46,114,0,3,64,12,6,4,96,1,13,44,4,21,2,4,0,23,5,26,0,0,3,1,31,0
2019/2020,pabalello,dawid kruiper,z f mgcawu,21.2221,-28.44386,87,2,175,23,1,0,28,117,0,3,69,14,6,6,91,4,13,61,11,18,3,0,0,21,7,26,0,0,0,0,20,0
2020/2021,pabalello,dawid kruiper,z f mgcawu,21.2221,-28.44386,70,5,157,23,2,0,30,111,0,7,81,25,6,6,82,0,12,72,2,9,3,6,0,21,6,17,0,0,0,0,26,0
2021/2022,pabalello,dawid kruiper,z f mgcawu,21.2221,-28.44386,80,5,151,45,0,0,28,127,0,4,72,13,4,3,39,2,13,82,3,14,2,4,0,17,5,21,0,0,1,0,32,0
2022/2023,pabalello,dawid kruiper,z f mgcawu,21.2221,-28.44386,89,7,151,36,1,0,33,167,0,5,77,22,7,4,59,2,21,80,2,19,7,5,0,35,8,29,0,0,0,4,36,0
2023/2024,pabalello,zf mgcawu district,zf mgcawu district,21.2221,-28.44386,0,0,0,0,0,0,0,128,0,0,0,0,0,0,0,0,0,0,0,0,0,2,0,0,0,0,0,0,0,0,30,0
2024/2025,pabalello,zf mgcawu district,zf mgcawu district,21.2221,-28.44386,0,0,0,0,0,0,0,131,0,0,0,0,0,0,0,0,0,0,0,0,0,3,0,0,0,0,0,0,0,1,13,0
2008/2009,pacaltsdorp,george,garden route,22.45031,-34.02196,145,2,105,3,1,0,22,149,0,8,127,20,7,155,269,5,1,82,10,32,1,0,0,4,14,48,0,1,5,5,42,0
2009/2010,pacaltsdorp,george,garden route,22.45031,-34.02196,136,1,123,1,0,0,30,146,0,4,160,24,8,191,332,3,1,72,10,33,3,3,0,9,12,49,0,1,6,3,49,0
2010/2011,pacaltsdorp,george,garden route,22.45031,-34.02196,125,0,104,1,2,0,28,147,0,4,133,20,7,120,362,3,1,60,9,43,3,3,0,14,13,59,0,4,2,2,76,0
2011/2012,pacaltsdorp,george,garden route,22.45031,-34.02196,181,5,88,6,2,0,25,193,0,9,117,22,5,95,252,5,1,56,5,31,2,0,0,7,10,46,0,2,6,2,48,0
2012/2013,pacaltsdorp,george,garden route,22.45031,-34.02196,208,3,108,8,2,0,53,198,0,4,154,31,8,89,270,7,1,79,9,50,5,1,0,16,17,73,0,5,8,4,69,0
2013/2014,pacaltsdorp,george,garden route,22.45031,-34.02196,204,3,117,4,3,0,43,215,0,8,215,30,17,105,289,1,13,98,7,50,10,2,0,28,12,74,1,3,2,3,115,0
2014/2015,pacaltsdorp,george,garden route,22.45031,-34.02196,265,5,150,6,3,0,56,298,1,5,275,37,9,82,411,5,12,128,7,56,4,4,0,36,11,75,0,3,2,4,135,0
2015/2016,pacaltsdorp,george,garden route,22.45031,-34.02196,284,7,150,6,0,0,65,304,2,10,347,43,7,106,515,2,14,147,6,41,15,6,0,66,16,58,0,7,7,9,138,1
2016/2017,pacaltsdorp,george,garden route,22.45031,-34.02196,260,7,121,5,7,0,41,300,0,15,285,35,8,147,489,8,13,150,11,53,6,4,0,64,20,84,1,2,5,6,102,0
2017/2018,pacaltsdorp,george,garden route,22.45031,-34.02196,266,4,169,2,4,0,39,258,0,12,260,32,5,230,442,3,12,135,8,49,8,4,0,73,19,75,0,6,3,3,77,0
2018/2019,pacaltsdorp,george,garden route,22.45031,-34.02196,276,7,160,4,4,0,49,273,1,15,269,29,12,230,306,1,12,139,15,47,6,5,0,74,19,77,0,2,10,8,115,0
2019/2020,pacaltsdorp,george,garden route,22.45031,-34.02196,264,4,169,5,4,0,54,253,0,22,263,47,5,192,264,3,12,160,7,34,5,4,0,63,11,52,0,2,21,5,105,0
2020/2021,pacaltsdorp,george,garden route,22.45031,-34.02196,177,1,140,27,3,0,40,141,1,23,247,20,4,64,177,5,23,166,10,33,14,4,0,59,14,52,0,5,5,3,80,0
2021/2022,pacaltsdorp,george,garden route,22.45031,-34.02196,256,7,179,10,3,0,51,246,1,53,321,17,6,59,336,3,22,204,8,47,13,2,0,48,16,66,0,0,5,7,89,0
2022/2023,pacaltsdorp,george,garden route,22.45031,-34.02196,329,6,192,15,5,0,26,221,1,59,363,29,4,88,460,2,21,180,8,38,4,9,0,56,16,61,0,4,6,11,66,0
2023/2024,pacaltsdorp,garden route district,garden route district,22.45031,-34.02196,0,0,0,0,0,0,0,195,0,0,0,0,0,0,0,0,0,0,0,0,0,6,0,0,0,0,0,0,0,8,69,0
2024/2025,pacaltsdorp,garden route district,garden route district,22.45031,-34.02196,0,0,0,0,0,0,0,171,0,0,0,0,0,0,0,0,0,0,0,0,0,5,0,0,0,0,0,0,0,1,71,0
2008/2009,paddock,ray nkonyeni,ugu,30.2498,-30.7586,102,0,58,19,2,0,12,71,2,1,19,5,4,13,42,3,1,20,7,20,2,8,0,20,2,26,0,0,2,7,4,0
2009/2010,paddock,ray nkonyeni,ugu,30.2498,-30.7586,54,2,70,15,5,0,15,96,1,0,19,8,4,23,106,10,1,24,4,19,1,4,0,18,3,29,0,1,3,2,4,0
2010/2011,paddock,ray nkonyeni,ugu,30.2498,-30.7586,53,5,77,9,3,0,21,77,0,3,16,5,4,12,161,11,1,24,10,18,0,4,0,14,1,24,0,0,6,3,5,0
2011/2012,paddock,ray nkonyeni,ugu,30.2498,-30.7586,54,0,57,8,3,0,21,88,1,2,25,4,4,4,209,7,1,21,11,18,4,10,0,26,0,23,0,0,8,2,9,0
2012/2013,paddock,ray nkonyeni,ugu,30.2498,-30.7586,45,0,57,4,2,0,15,72,0,0,23,8,6,5,217,1,1,32,12,19,7,3,0,14,0,21,0,0,6,4,7,0
2013/2014,paddock,ray nkonyeni,ugu,30.2498,-30.7586,52,2,78,2,2,0,13,90,0,2,31,9,6,5,287,1,14,31,8,10,7,6,0,23,0,12,0,0,3,1,7,0
2014/2015,paddock,ray nkonyeni,ugu,30.2498,-30.7586,52,3,71,1,0,0,10,102,3,2,29,11,6,3,316,5,12,19,7,9,3,6,0,20,0,9,0,0,7,1,14,0
2015/2016,paddock,ray nkonyeni,ugu,30.2498,-30.7586,58,3,57,7,2,0,11,120,1,2,51,10,6,2,326,3,13,15,9,13,6,10,0,32,3,18,0,1,3,3,6,0
2016/2017,paddock,ray nkonyeni,ugu,30.2498,-30.7586,58,2,38,8,0,0,20,96,0,2,43,12,6,3,330,8,13,27,5,12,5,6,0,18,2,14,0,0,7,2,11,1
2017/2018,paddock,ray nkonyeni,ugu,30.2498,-30.7586,68,4,86,10,1,0,16,138,1,3,67,10,6,16,326,9,14,26,8,10,9,7,0,31,1,12,0,0,3,4,7,0
2018/2019,paddock,ray nkonyeni,ugu,30.2498,-30.7586,75,2,75,7,3,0,21,110,0,4,49,11,6,26,179,2,13,29,4,23,3,4,0,14,2,28,0,0,7,7,7,0
2019/2020,paddock,ray nkonyeni,ugu,30.2498,-30.7586,79,0,67,6,6,0,19,84,1,3,48,11,6,34,15,3,13,27,11,26,3,4,0,17,1,33,0,0,10,1,15,0
2020/2021,paddock,ray nkonyeni,ugu,30.2498,-30.7586,49,1,48,8,2,0,14,66,2,11,43,6,6,35,25,4,23,20,6,9,3,6,0,18,1,12,0,1,5,2,7,0
2021/2022,paddock,ray nkonyeni,ugu,30.2498,-30.7586,48,0,71,10,4,0,12,52,0,14,37,8,6,11,11,5,12,24,9,15,6,6,0,21,2,21,0,0,4,1,3,0
2022/2023,paddock,ray nkonyeni,ugu,30.2498,-30.7586,55,6,73,8,2,0,15,82,1,6,33,7,6,6,14,1,13,28,10,24,3,11,0,33,4,30,0,0,3,2,11,0
2023/2024,paddock,ugu district,ugu district,30.2498,-30.7586,0,0,0,0,0,0,0,72,2,0,0,0,0,0,0,0,0,0,0,0,0,3,0,0,0,0,0,0,0,2,8,0
2024/2025,paddock,ugu district,ugu district,30.2498,-30.7586,0,0,0,0,0,0,0,85,1,0,0,0,0,0,0,0,0,0,0,0,0,5,0,0,0,0,0,0,0,2,11,0
2008/2009,palmietfontein,senqu,joe gqabi,27.54181,-30.42178,12,4,105,4,6,0,7,53,0,7,16,7,12,5,78,2,1,25,11,22,4,1,0,5,1,36,0,0,13,0,1,0
2009/2010,palmietfontein,senqu,joe gqabi,27.54181,-30.42178,6,3,111,2,6,0,2,38,0,2,18,6,5,3,78,5,1,19,8,20,2,0,0,3,0,29,0,0,18,1,2,0
2010/2011,palmietfontein,senqu,joe gqabi,27.54181,-30.42178,16,2,120,2,2,0,4,31,0,2,23,6,7,2,79,2,1,22,5,26,7,1,0,10,4,33,0,0,11,0,5,0
2011/2012,palmietfontein,senqu,joe gqabi,27.54181,-30.42178,27,2,101,2,2,0,9,23,0,2,17,3,6,1,69,3,1,28,10,23,4,0,0,6,3,28,0,2,17,0,4,0
2012/2013,palmietfontein,senqu,joe gqabi,27.54181,-30.42178,19,3,109,7,1,0,18,37,1,0,10,6,6,0,39,4,1,23,12,29,14,4,0,19,5,35,0,0,9,2,6,0
2013/2014,palmietfontein,senqu,joe gqabi,27.54181,-30.42178,18,4,123,7,1,0,2,42,1,3,15,1,6,0,35,3,13,23,8,36,3,3,0,10,4,41,0,0,12,0,2,0
2014/2015,palmietfontein,senqu,joe gqabi,27.54181,-30.42178,17,3,110,2,5,0,4,32,2,3,7,6,6,1,36,1,13,21,9,34,7,1,0,15,3,42,0,0,8,1,3,0
2015/2016,palmietfontein,senqu,joe gqabi,27.54181,-30.42178,17,6,130,8,4,0,13,42,1,0,17,4,6,0,59,3,12,29,20,34,7,2,0,15,7,45,0,1,7,0,1,0
2016/2017,palmietfontein,senqu,joe gqabi,27.54181,-30.42178,23,14,110,8,2,0,20,28,0,0,13,1,6,1,41,3,23,30,17,39,9,1,0,15,3,44,0,0,13,1,1,0
2017/2018,palmietfontein,senqu,joe gqabi,27.54181,-30.42178,17,2,138,6,1,0,5,32,2,2,15,9,6,0,48,3,12,30,12,41,5,1,0,13,5,47,0,1,11,1,1,0
2018/2019,palmietfontein,senqu,joe gqabi,27.54181,-30.42178,14,3,147,1,2,0,9,45,1,3,20,3,6,2,50,3,21,30,14,18,9,4,0,20,6,26,0,0,7,2,3,2
2019/2020,palmietfontein,senqu,joe gqabi,27.54181,-30.42178,28,4,133,4,3,0,8,43,1,11,17,4,6,4,26,1,13,28,20,32,8,4,0,16,3,38,0,0,9,4,2,0
2020/2021,palmietfontein,senqu,joe gqabi,27.54181,-30.42178,21,2,100,6,2,0,11,36,0,8,23,5,7,2,18,2,21,36,12,25,4,9,0,20,3,31,0,0,11,0,3,0
2021/2022,palmietfontein,senqu,joe gqabi,27.54181,-30.42178,22,4,148,14,3,0,12,42,1,8,24,10,6,0,16,9,21,29,11,23,4,1,0,15,4,30,0,0,15,2,4,0
2022/2023,palmietfontein,senqu,joe gqabi,27.54181,-30.42178,11,2,158,7,2,0,21,36,2,11,24,7,7,1,11,6,14,32,16,23,5,4,0,18,6,32,0,0,13,1,2,0
2023/2024,palmietfontein,joe gqabi district,joe gqabi district,27.54181,-30.42178,0,0,0,0,0,0,0,32,0,0,0,0,0,0,0,0,0,0,0,0,0,5,0,0,0,0,0,0,0,1,4,0
2024/2025,palmietfontein,joe gqabi district,joe gqabi district,27.54181,-30.42178,0,0,0,0,0,0,0,28,0,0,0,0,0,0,0,0,0,0,0,0,0,3,0,0,0,0,0,0,0,1,2,0
2008/2009,pampierstat,phokwane,frances baard,24.69018,-27.77091,59,12,249,8,10,0,19,135,0,4,91,51,8,5,31,1,1,53,1,57,7,1,0,16,9,80,0,0,14,5,6,0
2009/2010,pampierstat,phokwane,frances baard,24.69018,-27.77091,49,8,191,7,5,0,23,139,0,7,64,46,5,5,21,0,1,60,7,49,4,1,0,11,3,60,0,3,11,2,12,0
2010/2011,pampierstat,phokwane,frances baard,24.69018,-27.77091,51,2,208,5,5,0,38,131,0,2,69,25,9,3,18,0,1,34,4,64,11,0,0,15,1,75,0,0,44,0,16,0
2011/2012,pampierstat,phokwane,frances baard,24.69018,-27.77091,48,6,208,3,4,0,35,134,1,4,59,28,8,3,29,3,1,44,8,30,11,6,0,24,2,40,0,4,39,0,7,0
2012/2013,pampierstat,phokwane,frances baard,24.69018,-27.77091,48,2,180,5,7,0,41,143,0,6,49,15,6,0,19,0,1,40,3,48,6,3,0,18,3,58,0,4,32,0,10,0
2013/2014,pampierstat,phokwane,frances baard,24.69018,-27.77091,34,1,178,1,8,0,37,148,0,4,63,29,4,0,23,0,12,42,6,31,12,3,0,30,1,42,0,3,32,1,10,0
2014/2015,pampierstat,phokwane,frances baard,24.69018,-27.77091,54,3,157,0,1,0,48,171,0,3,52,36,5,0,11,6,12,35,7,31,9,2,0,16,3,38,0,1,29,0,12,0
2015/2016,pampierstat,phokwane,frances baard,24.69018,-27.77091,43,0,196,1,0,0,48,225,0,7,49,30,6,0,27,5,13,47,1,27,12,3,0,27,1,28,0,6,25,1,15,0
2016/2017,pampierstat,phokwane,frances baard,24.69018,-27.77091,54,0,135,1,4,0,35,140,0,10,52,24,7,4,34,7,12,46,7,35,29,1,0,36,0,40,0,4,22,3,12,0
2017/2018,pampierstat,phokwane,frances baard,24.69018,-27.77091,49,1,142,4,5,0,33,199,1,8,64,41,6,2,43,3,14,45,8,35,11,6,0,34,3,43,0,2,62,1,23,0
2018/2019,pampierstat,phokwane,frances baard,24.69018,-27.77091,89,2,155,8,2,0,64,214,1,7,72,46,6,4,35,3,13,69,9,41,18,4,1,38,2,45,0,1,39,1,43,0
2019/2020,pampierstat,phokwane,frances baard,24.69018,-27.77091,115,6,190,4,4,0,54,228,3,13,68,47,7,1,18,0,21,55,10,39,10,10,0,40,4,48,1,2,47,1,32,0
2020/2021,pampierstat,phokwane,frances baard,24.69018,-27.77091,83,2,121,6,3,0,42,172,2,3,75,29,6,2,15,0,14,61,6,37,10,9,0,26,3,43,0,2,24,4,39,0
2021/2022,pampierstat,phokwane,frances baard,24.69018,-27.77091,109,3,171,7,1,0,52,168,1,8,90,24,6,0,15,2,17,82,4,27,12,16,0,40,1,29,0,6,26,3,19,0
2022/2023,pampierstat,phokwane,frances baard,24.69018,-27.77091,104,2,210,14,4,0,46,192,1,11,139,20,6,0,13,1,23,108,14,26,12,10,0,40,2,32,0,3,24,5,19,0
2023/2024,pampierstat,frances baard district,frances baard district,24.69018,-27.77091,0,0,0,0,0,0,0,73,1,0,0,0,0,0,0,0,0,0,0,0,0,1,0,0,0,0,0,0,0,2,11,0
2024/2025,pampierstat,frances baard district,frances baard district,24.69018,-27.77091,0,0,0,0,0,0,0,61,0,0,0,0,0,0,0,0,0,0,0,0,0,3,0,0,0,0,0,0,0,0,7,0
2008/2009,park road,mangaung,mangaung,26.21159,-29.11994,3316,6,365,49,6,0,918,1123,45,1243,1193,617,14,70,294,20,1,647,25,53,65,51,3,887,21,107,0,943,16,919,1969,2
2009/2010,park road,mangaung,mangaung,26.21159,-29.11994,3101,10,326,42,10,0,632,1073,41,1085,1198,612,20,112,386,19,1,623,22,71,91,45,1,717,27,134,0,965,16,773,1506,1
2010/2011,park road,mangaung,mangaung,26.21159,-29.11994,3013,8,312,26,12,0,741,1175,40,1291,1060,585,21,115,278,15,1,421,20,77,55,50,2,542,50,170,0,920,12,653,1211,0
2011/2012,park road,mangaung,mangaung,26.21159,-29.11994,2679,4,346,31,15,0,583,1284,37,1351,997,563,18,113,255,7,1,411,25,110,50,42,2,523,46,182,3,945,15,407,1284,2
2012/2013,park road,mangaung,mangaung,26.21159,-29.11994,3116,5,391,44,7,0,623,1829,19,1557,1026,608,22,128,425,14,1,443,20,105,110,77,1,731,37,169,3,986,27,378,1750,0
2013/2014,park road,mangaung,mangaung,26.21159,-29.11994,2927,2,375,30,16,0,668,1890,39,1246,986,606,30,138,509,15,29,436,26,82,66,56,1,694,39,166,24,994,24,391,1753,0
2014/2015,park road,mangaung,mangaung,26.21159,-29.11994,2297,9,330,21,5,0,550,1923,44,1247,925,681,33,151,551,18,29,361,29,64,53,50,0,619,25,109,45,988,6,308,1522,0
2015/2016,park road,mangaung,mangaung,26.21159,-29.11994,2103,5,268,44,8,0,488,1397,29,1052,885,533,47,193,737,17,4,327,22,81,57,45,0,566,36,148,115,1031,15,285,1127,0
2016/2017,park road,mangaung,mangaung,26.21159,-29.11994,2095,8,256,33,3,0,463,1014,31,1398,804,471,15,175,819,30,15,318,14,97,58,61,2,549,35,152,95,983,5,268,1039,2
2017/2018,park road,mangaung,mangaung,26.21159,-29.11994,1831,15,217,33,11,1,480,1288,20,1047,790,634,32,113,649,29,65,306,20,80,57,45,3,615,40,143,50,827,6,219,1140,0
2018/2019,park road,mangaung,mangaung,26.21159,-29.11994,2357,2,240,37,6,0,559,1344,30,1291,782,586,32,159,526,21,51,314,26,92,62,49,1,643,40,150,101,778,12,222,1321,1
2019/2020,park road,mangaung,mangaung,26.21159,-29.11994,2090,2,253,37,12,0,521,1142,18,1089,703,565,19,232,598,11,19,328,17,102,37,46,2,569,36,164,162,836,14,226,1132,1
2020/2021,park road,mangaung,mangaung,26.21159,-29.11994,1347,2,139,36,4,0,399,859,17,935,541,271,18,176,496,9,38,224,16,70,49,40,0,359,23,108,179,736,9,109,590,0
2021/2022,park road,mangaung,mangaung,26.21159,-29.11994,1666,7,167,39,14,0,330,892,12,1049,600,389,10,183,579,15,18,242,23,73,66,42,0,463,29,122,249,668,6,127,589,0
2022/2023,park road,mangaung,mangaung,26.21159,-29.11994,2024,6,216,60,7,0,399,878,30,838,634,431,19,133,656,25,19,295,23,92,73,48,2,606,37,150,254,585,3,152,902,0
2023/2024,park road,mangaung district,mangaung district,26.21159,-29.11994,0,0,0,0,0,0,0,724,24,0,0,0,0,0,0,0,0,0,0,0,0,74,0,0,0,0,0,0,0,104,991,0
2024/2025,park road,mangaung district,mangaung district,26.21159,-29.11994,0,0,0,0,0,0,0,553,21,0,0,0,0,0,0,0,0,0,0,0,0,30,0,0,0,0,0,0,0,111,923,0
2008/2009,parkview,city of johannesburg,city of johannesburg,28.02657,-26.15951,763,3,75,7,1,2,84,568,30,143,122,71,17,48,24,13,1,222,4,14,40,108,0,355,1,25,0,12,0,469,415,0
2009/2010,parkview,city of johannesburg,city of johannesburg,28.02657,-26.15951,754,2,71,8,3,0,126,541,30,142,126,69,18,65,49,14,1,168,4,6,25,95,0,263,0,20,0,27,0,335,367,0
2010/2011,parkview,city of johannesburg,city of johannesburg,28.02657,-26.15951,802,0,48,7,1,0,126,451,13,149,145,55,11,85,40,4,1,154,4,16,17,59,0,154,4,29,0,16,0,428,330,1
2011/2012,parkview,city of johannesburg,city of johannesburg,28.02657,-26.15951,848,0,34,5,1,0,120,407,15,146,120,51,4,143,49,6,1,144,3,9,22,89,0,194,1,13,3,10,0,320,435,1
2012/2013,parkview,city of johannesburg,city of johannesburg,28.02657,-26.15951,841,3,35,7,1,0,115,537,11,127,98,93,4,336,47,6,1,139,2,6,13,92,0,213,2,11,5,14,0,416,540,0
2013/2014,parkview,city of johannesburg,city of johannesburg,28.02657,-26.15951,782,1,66,5,1,0,101,312,18,93,112,99,4,229,61,4,22,145,3,8,14,115,0,273,1,12,3,11,0,428,581,0
2014/2015,parkview,city of johannesburg,city of johannesburg,28.02657,-26.15951,732,1,49,6,2,0,106,338,12,83,104,87,6,186,44,5,21,130,6,6,18,142,0,308,3,11,1,6,0,450,644,0
2015/2016,parkview,city of johannesburg,city of johannesburg,28.02657,-26.15951,773,0,37,4,0,0,92,283,12,76,79,112,7,474,28,1,14,105,1,10,18,74,0,226,4,15,2,11,0,429,476,0
2016/2017,parkview,city of johannesburg,city of johannesburg,28.02657,-26.15951,611,0,44,4,0,0,98,277,16,97,75,67,7,158,24,3,17,158,4,3,14,72,0,241,7,11,1,6,0,408,503,0
2017/2018,parkview,city of johannesburg,city of johannesburg,28.02657,-26.15951,489,0,44,5,0,0,71,278,26,138,58,97,7,161,28,7,12,111,1,5,7,79,0,253,6,12,0,6,0,432,594,0
2018/2019,parkview,city of johannesburg,city of johannesburg,28.02657,-26.15951,547,0,26,8,0,0,96,320,23,146,47,137,6,136,20,2,12,159,2,7,18,83,0,288,7,14,0,3,0,367,545,0
2019/2020,parkview,city of johannesburg,city of johannesburg,28.02657,-26.15951,408,1,37,4,0,0,68,269,8,138,59,168,7,114,17,10,23,89,1,6,12,61,0,224,2,9,0,8,0,402,406,0
2020/2021,parkview,city of johannesburg,city of johannesburg,28.02657,-26.15951,300,1,44,4,0,0,84,214,10,139,59,161,7,11,4,5,13,44,2,6,8,49,0,177,5,12,0,1,0,199,154,0
2021/2022,parkview,city of johannesburg,city of johannesburg,28.02657,-26.15951,359,0,24,7,0,0,46,255,5,157,49,168,6,29,15,13,21,40,1,4,30,77,0,204,9,13,0,5,0,201,219,0
2022/2023,parkview,city of johannesburg,city of johannesburg,28.02657,-26.15951,350,0,29,3,0,0,53,183,6,206,61,179,6,102,20,8,23,41,3,6,8,35,0,118,9,15,1,5,0,155,252,0
2023/2024,parkview,johannesburg district,johannesburg district,28.02657,-26.15951,0,0,0,0,0,0,0,235,16,0,0,0,0,0,0,0,0,0,0,0,0,49,0,0,0,0,0,0,0,191,238,0
2024/2025,parkview,johannesburg district,johannesburg district,28.02657,-26.15951,0,0,0,0,0,0,0,142,4,0,0,0,0,0,0,0,0,0,0,0,0,29,0,0,0,0,0,0,0,109,215,0
2008/2009,parow,city of cape town,city of cape town,18.59561,-33.90469,1913,1,81,13,2,0,240,626,8,336,313,127,12,156,528,18,1,359,6,30,20,15,0,243,20,59,0,678,0,453,559,0
2009/2010,parow,city of cape town,city of cape town,18.59561,-33.90469,1840,2,99,6,4,0,254,696,4,297,395,162,22,212,624,13,1,302,6,43,16,25,1,254,20,87,0,734,0,427,599,0
2010/2011,parow,city of cape town,city of cape town,18.59561,-33.90469,1544,3,98,9,2,0,329,744,3,326,365,291,12,202,680,16,1,319,11,47,27,30,0,259,23,79,0,594,0,484,824,0
2011/2012,parow,city of cape town,city of cape town,18.59561,-33.90469,1795,2,127,13,3,0,398,868,4,395,329,324,6,352,651,14,1,373,4,34,16,17,0,263,12,49,18,529,0,469,1031,0
2012/2013,parow,city of cape town,city of cape town,18.59561,-33.90469,1692,6,99,9,4,0,386,955,6,343,343,458,5,234,394,22,1,332,7,31,19,25,2,328,15,53,5,566,0,366,1021,0
2013/2014,parow,city of cape town,city of cape town,18.59561,-33.90469,1946,2,95,13,1,0,467,1017,21,325,330,552,6,169,442,8,16,309,8,34,34,33,1,433,14,49,3,444,0,440,1091,0
2014/2015,parow,city of cape town,city of cape town,18.59561,-33.90469,1892,3,99,18,2,0,390,944,41,308,376,679,5,154,663,10,2,380,12,19,32,42,0,617,12,36,10,498,0,413,1196,0
2015/2016,parow,city of cape town,city of cape town,18.59561,-33.90469,1693,4,105,13,3,0,393,877,40,275,374,493,8,111,859,11,2,343,7,18,31,23,0,571,22,47,108,532,0,334,985,0
2016/2017,parow,city of cape town,city of cape town,18.59561,-33.90469,1211,5,81,8,0,0,301,740,42,329,347,414,8,125,1049,15,22,311,11,22,28,27,2,512,14,40,107,726,0,284,856,0
2017/2018,parow,city of cape town,city of cape town,18.59561,-33.90469,1095,9,75,18,1,0,285,576,52,334,286,504,5,108,1313,11,3,301,10,30,31,40,3,562,4,38,19,557,0,252,786,0
2018/2019,parow,city of cape town,city of cape town,18.59561,-33.90469,1069,8,75,11,3,0,218,516,39,339,224,393,8,170,1199,8,22,255,10,29,35,14,0,417,12,48,46,370,0,185,804,1
2019/2020,parow,city of cape town,city of cape town,18.59561,-33.90469,903,4,60,19,1,0,152,531,46,305,249,372,9,128,1014,14,3,239,14,29,27,22,0,441,10,45,57,394,0,167,707,5
2020/2021,parow,city of cape town,city of cape town,18.59561,-33.90469,662,6,63,17,0,0,178,348,30,320,220,236,6,50,690,12,24,208,10,26,22,24,2,365,15,41,2,426,0,122,441,1
2021/2022,parow,city of cape town,city of cape town,18.59561,-33.90469,733,4,90,19,1,0,172,381,18,422,285,289,7,55,949,17,36,198,15,25,33,29,0,414,20,47,0,333,0,125,452,0
2022/2023,parow,city of cape town,city of cape town,18.59561,-33.90469,852,2,80,21,1,0,157,382,29,488,373,335,5,172,1018,28,37,243,22,33,20,33,1,467,12,49,0,174,0,157,503,2
2023/2024,parow,city of cape town district,city of cape town district,18.59561,-33.90469,0,0,0,0,0,0,0,311,35,0,0,0,0,0,0,0,0,0,0,0,0,19,0,0,0,0,0,0,0,177,559,0
2024/2025,parow,city of cape town district,city of cape town district,18.59561,-33.90469,0,0,0,0,0,0,0,244,23,0,0,0,0,0,0,0,0,0,0,0,0,25,0,0,0,0,0,0,0,159,441,0
2008/2009,parys,ngwathe,fezile dabi,27.4567,-26.89837,300,0,49,6,0,0,59,114,4,30,111,15,4,15,79,3,1,68,3,16,5,1,0,28,7,25,0,47,22,62,50,1
2009/2010,parys,ngwathe,fezile dabi,27.4567,-26.89837,244,2,32,4,3,0,75,119,4,42,105,9,5,26,50,1,1,63,4,9,4,4,0,22,5,20,0,37,33,25,26,1
2010/2011,parys,ngwathe,fezile dabi,27.4567,-26.89837,221,0,21,4,1,0,85,124,1,57,88,10,7,21,42,3,1,44,2,7,3,6,0,28,8,17,0,36,30,34,33,3
2011/2012,parys,ngwathe,fezile dabi,27.4567,-26.89837,219,3,21,6,0,0,50,82,1,58,86,7,7,17,86,5,1,35,2,4,2,2,0,19,3,8,1,41,26,37,45,4
2012/2013,parys,ngwathe,fezile dabi,27.4567,-26.89837,191,2,20,2,1,0,104,155,0,91,87,14,5,22,118,1,1,45,4,2,3,2,0,17,2,8,1,34,27,53,49,3
2013/2014,parys,ngwathe,fezile dabi,27.4567,-26.89837,221,0,20,3,1,0,53,157,1,51,109,8,10,27,153,2,21,24,2,3,6,3,0,22,3,13,2,50,14,57,61,3
2014/2015,parys,ngwathe,fezile dabi,27.4567,-26.89837,223,0,11,1,0,0,53,108,0,66,96,6,4,30,189,10,13,14,3,10,7,6,0,20,2,14,2,36,7,35,31,2
2015/2016,parys,ngwathe,fezile dabi,27.4567,-26.89837,229,0,25,0,0,0,74,125,2,40,89,12,7,36,150,5,12,28,3,15,8,3,0,33,1,17,1,52,16,29,20,9
2016/2017,parys,ngwathe,fezile dabi,27.4567,-26.89837,227,1,18,1,0,0,62,127,2,39,74,5,4,47,156,3,13,21,4,4,11,17,0,42,2,8,0,102,29,47,51,2
2017/2018,parys,ngwathe,fezile dabi,27.4567,-26.89837,217,0,16,1,0,0,70,82,2,41,71,2,6,49,158,4,13,14,3,8,8,8,0,24,1,9,0,65,26,50,56,3
2018/2019,parys,ngwathe,fezile dabi,27.4567,-26.89837,220,1,24,3,0,0,89,99,4,54,77,2,4,59,92,1,12,17,4,16,6,3,0,26,14,32,0,62,26,32,49,6
2019/2020,parys,ngwathe,fezile dabi,27.4567,-26.89837,328,1,21,4,0,0,89,163,0,41,64,5,6,37,42,4,21,16,3,7,5,1,0,29,7,14,0,67,29,22,47,3
2020/2021,parys,ngwathe,fezile dabi,27.4567,-26.89837,250,0,5,3,0,0,90,156,2,34,51,5,7,36,31,8,23,14,2,5,6,3,0,31,0,6,0,47,17,14,43,10
2021/2022,parys,ngwathe,fezile dabi,27.4567,-26.89837,299,0,14,1,0,0,108,155,6,67,68,1,7,31,44,4,17,26,1,10,4,6,0,42,8,19,0,43,19,17,56,15
2022/2023,parys,ngwathe,fezile dabi,27.4567,-26.89837,320,1,10,10,0,0,94,129,6,45,60,8,8,19,76,11,3,18,6,12,4,4,0,29,2,18,0,56,22,12,31,8
2023/2024,parys,fezile dabi district,fezile dabi district,27.4567,-26.89837,0,0,0,0,0,0,0,135,5,0,0,0,0,0,0,0,0,0,0,0,0,3,0,0,0,0,0,0,0,23,66,0
2024/2025,parys,fezile dabi district,fezile dabi district,27.4567,-26.89837,0,0,0,0,0,0,0,84,6,0,0,0,0,0,0,0,0,0,0,0,0,9,0,0,0,0,0,0,0,10,59,0
2008/2009,patensie,kouga,sarah baartman,24.81577,-33.75645,90,0,147,0,5,0,20,48,0,5,91,2,6,7,51,0,1,23,4,23,1,1,0,3,2,30,0,36,8,2,8,0
2009/2010,patensie,kouga,sarah baartman,24.81577,-33.75645,134,2,164,1,2,0,18,53,0,6,92,9,7,13,41,1,1,33,5,38,1,3,0,5,2,43,0,17,8,2,2,0
2010/2011,patensie,kouga,sarah baartman,24.81577,-33.75645,116,1,153,1,9,0,10,57,0,6,103,6,7,21,60,3,1,26,8,29,0,1,0,1,1,40,0,10,2,1,18,0
2011/2012,patensie,kouga,sarah baartman,24.81577,-33.75645,115,0,125,2,2,0,16,37,0,2,75,3,6,17,69,0,1,18,7,30,2,0,0,4,2,34,0,7,0,5,8,0
2012/2013,patensie,kouga,sarah baartman,24.81577,-33.75645,85,0,92,1,3,0,6,23,0,5,37,1,6,17,74,0,1,21,3,10,1,0,0,1,0,13,0,10,3,1,5,0
2013/2014,patensie,kouga,sarah baartman,24.81577,-33.75645,91,1,98,0,2,0,13,31,0,3,33,3,6,23,83,1,13,20,6,30,0,0,0,1,2,34,0,5,3,1,4,0
2014/2015,patensie,kouga,sarah baartman,24.81577,-33.75645,78,0,94,0,0,0,10,31,0,4,33,1,6,13,98,0,13,25,5,14,2,0,0,2,3,17,0,7,0,1,8,0
2015/2016,patensie,kouga,sarah baartman,24.81577,-33.75645,59,0,82,1,0,0,26,49,1,3,39,8,6,11,75,1,13,20,10,29,1,0,0,5,3,32,0,2,4,0,11,0
2016/2017,patensie,kouga,sarah baartman,24.81577,-33.75645,64,1,87,2,2,0,30,66,0,2,55,2,6,7,86,1,13,23,9,14,0,1,0,6,1,17,0,2,7,1,17,0
2017/2018,patensie,kouga,sarah baartman,24.81577,-33.75645,70,1,93,2,3,0,17,64,0,2,42,2,6,10,88,3,13,23,11,20,0,1,0,8,0,23,0,1,4,1,11,0
2018/2019,patensie,kouga,sarah baartman,24.81577,-33.75645,49,0,88,0,2,0,16,50,0,3,53,6,6,11,92,0,12,23,6,23,1,1,0,7,0,25,0,10,0,0,11,0
2019/2020,patensie,kouga,sarah baartman,24.81577,-33.75645,71,2,72,2,3,0,14,55,0,4,68,8,4,20,30,0,12,19,3,21,0,0,0,6,4,30,0,8,3,0,12,0
2020/2021,patensie,kouga,sarah baartman,24.81577,-33.75645,52,2,64,2,1,0,13,46,0,8,49,4,6,9,37,2,21,26,7,8,0,2,0,6,0,9,0,3,2,0,11,0
2021/2022,patensie,kouga,sarah baartman,24.81577,-33.75645,62,2,58,1,0,0,8,39,0,8,56,5,6,12,44,3,21,25,5,10,2,2,0,7,1,11,0,1,0,0,19,0
2022/2023,patensie,kouga,sarah baartman,24.81577,-33.75645,94,2,57,4,1,0,20,37,0,8,48,5,6,2,45,2,13,21,2,21,1,1,0,6,2,24,0,4,2,0,19,0
2023/2024,patensie,sarah baartman district,sarah baartman district,24.81577,-33.75645,0,0,0,0,0,0,0,42,0,0,0,0,0,0,0,0,0,0,0,0,0,3,0,0,0,0,0,0,0,0,5,0
2024/2025,patensie,sarah baartman district,sarah baartman district,24.81577,-33.75645,0,0,0,0,0,0,0,39,0,0,0,0,0,0,0,0,0,0,0,0,0,3,0,0,0,0,0,0,0,1,8,0
2008/2009,paterson,sundays river valley,sarah baartman,25.96983,-33.43978,53,0,112,5,2,0,10,51,0,5,49,13,4,14,12,0,1,24,5,10,0,0,0,0,1,15,0,7,15,0,3,0
2009/2010,paterson,sundays river valley,sarah baartman,25.96983,-33.43978,58,2,90,1,2,0,16,47,0,4,47,4,4,4,12,5,1,11,4,14,1,0,0,6,1,19,0,2,17,3,13,0
2010/2011,paterson,sundays river valley,sarah baartman,25.96983,-33.43978,68,2,90,0,3,0,5,72,1,16,46,1,7,6,17,2,1,25,1,10,6,1,0,9,1,15,0,2,9,3,7,1
2011/2012,paterson,sundays river valley,sarah baartman,25.96983,-33.43978,31,1,54,3,4,0,9,34,0,4,32,4,7,5,15,1,1,18,0,10,7,0,0,9,0,15,0,2,9,1,4,0
2012/2013,paterson,sundays river valley,sarah baartman,25.96983,-33.43978,41,2,54,1,1,0,16,32,1,3,28,0,6,4,22,0,1,9,2,12,2,1,0,7,3,16,1,2,13,2,6,0
2013/2014,paterson,sundays river valley,sarah baartman,25.96983,-33.43978,29,1,22,1,1,0,10,27,1,3,11,3,6,4,28,1,13,22,1,9,3,1,0,7,1,11,0,0,18,0,7,0
2014/2015,paterson,sundays river valley,sarah baartman,25.96983,-33.43978,33,0,42,0,0,0,16,36,0,3,11,0,6,2,27,0,13,10,3,5,4,1,0,10,1,6,0,2,11,3,7,2
2015/2016,paterson,sundays river valley,sarah baartman,25.96983,-33.43978,27,1,21,1,0,0,10,32,0,3,16,3,6,1,27,1,12,10,5,4,1,1,0,3,0,4,0,0,8,1,9,1
2016/2017,paterson,sundays river valley,sarah baartman,25.96983,-33.43978,33,1,19,0,0,0,6,37,2,1,7,1,6,4,38,1,13,10,2,9,3,2,0,10,0,9,0,1,8,0,6,0
2017/2018,paterson,sundays river valley,sarah baartman,25.96983,-33.43978,34,2,30,10,0,0,7,29,4,5,25,2,6,5,40,3,22,9,2,9,3,2,0,10,0,9,0,0,13,0,7,0
2018/2019,paterson,sundays river valley,sarah baartman,25.96983,-33.43978,46,2,47,2,2,0,14,56,0,6,42,1,6,5,22,3,13,16,3,7,3,1,0,7,0,9,0,0,23,1,23,0
2019/2020,paterson,sundays river valley,sarah baartman,25.96983,-33.43978,68,2,63,2,1,0,28,47,1,3,62,1,6,8,24,0,13,27,1,14,0,0,0,7,0,15,0,0,17,0,13,1
2020/2021,paterson,sundays river valley,sarah baartman,25.96983,-33.43978,50,3,39,5,0,0,27,45,1,1,28,5,6,8,29,3,13,43,2,4,1,1,0,10,0,4,0,0,18,0,28,5
2021/2022,paterson,sundays river valley,sarah baartman,25.96983,-33.43978,57,1,48,2,0,0,10,21,1,5,54,3,6,2,39,4,13,25,0,6,2,0,0,8,0,6,0,0,11,1,21,3
2022/2023,paterson,sundays river valley,sarah baartman,25.96983,-33.43978,69,1,38,4,1,0,8,36,0,4,58,5,6,3,34,1,13,31,4,7,5,1,0,10,0,8,0,0,5,0,21,1
2023/2024,paterson,sarah baartman district,sarah baartman district,25.96983,-33.43978,0,0,0,0,0,0,0,33,1,0,0,0,0,0,0,0,0,0,0,0,0,1,0,0,0,0,0,0,0,1,16,0
2024/2025,paterson,sarah baartman district,sarah baartman district,25.96983,-33.43978,0,0,0,0,0,0,0,54,0,0,0,0,0,0,0,0,0,0,0,0,0,0,0,0,0,0,0,0,0,0,21,0
2008/2009,paul roux,dihlabeng,thabo mofutsanyane,27.95304,-28.29686,48,0,51,3,0,0,18,43,0,1,27,11,7,5,19,0,1,15,2,5,0,0,0,1,3,9,0,2,41,3,3,0
2009/2010,paul roux,dihlabeng,thabo mofutsanyane,27.95304,-28.29686,64,0,42,3,5,1,24,35,0,2,49,6,6,7,42,1,1,15,1,8,2,1,0,5,0,13,0,2,26,1,4,0
2010/2011,paul roux,dihlabeng,thabo mofutsanyane,27.95304,-28.29686,45,0,38,4,1,1,8,23,0,3,34,2,7,5,7,1,1,11,2,5,6,1,0,11,2,9,0,0,37,4,1,0
2011/2012,paul roux,dihlabeng,thabo mofutsanyane,27.95304,-28.29686,43,0,35,3,0,0,5,29,0,5,32,2,5,5,10,0,1,14,0,10,2,1,0,3,2,15,0,1,49,2,3,0
2012/2013,paul roux,dihlabeng,thabo mofutsanyane,27.95304,-28.29686,29,4,27,3,0,0,17,37,0,1,32,7,6,1,24,2,1,11,3,7,4,1,0,5,1,8,0,0,33,0,5,0
2013/2014,paul roux,dihlabeng,thabo mofutsanyane,27.95304,-28.29686,55,2,29,2,1,0,9,41,1,1,26,4,6,5,15,5,14,18,1,5,2,0,0,4,3,9,0,0,45,0,7,0
2014/2015,paul roux,dihlabeng,thabo mofutsanyane,27.95304,-28.29686,35,6,22,1,3,0,13,25,1,5,27,3,6,5,16,2,13,14,0,2,1,1,0,4,2,7,0,0,53,3,3,0
2015/2016,paul roux,dihlabeng,thabo mofutsanyane,27.95304,-28.29686,21,2,34,5,1,0,15,37,2,6,34,8,7,4,22,0,13,19,0,9,2,2,0,6,3,14,0,0,22,1,2,0
2016/2017,paul roux,dihlabeng,thabo mofutsanyane,27.95304,-28.29686,24,0,42,2,1,0,14,34,0,3,47,5,6,4,17,0,21,14,1,7,1,0,0,2,5,13,0,0,32,3,7,0
2017/2018,paul roux,dihlabeng,thabo mofutsanyane,27.95304,-28.29686,29,0,28,3,1,1,9,33,0,3,48,2,7,7,33,1,13,5,4,3,1,2,0,5,2,7,1,0,68,3,5,1
2018/2019,paul roux,dihlabeng,thabo mofutsanyane,27.95304,-28.29686,17,1,33,3,1,0,16,20,0,4,26,3,6,13,43,2,13,15,0,11,1,1,0,2,2,14,0,0,39,1,1,0
2019/2020,paul roux,dihlabeng,thabo mofutsanyane,27.95304,-28.29686,20,0,45,1,1,0,16,37,1,1,35,2,6,31,28,1,13,22,0,8,1,0,0,2,0,9,0,0,61,0,7,0
2020/2021,paul roux,dihlabeng,thabo mofutsanyane,27.95304,-28.29686,43,0,33,3,5,0,17,30,1,7,48,1,6,12,6,0,13,20,3,5,3,1,0,6,4,14,0,0,28,0,3,0
2021/2022,paul roux,dihlabeng,thabo mofutsanyane,27.95304,-28.29686,42,1,32,0,0,0,15,47,0,6,62,1,6,16,21,2,21,19,2,3,4,1,0,8,2,5,0,0,31,0,0,0
2022/2023,paul roux,dihlabeng,thabo mofutsanyane,27.95304,-28.29686,44,1,44,4,0,0,7,45,0,8,76,4,6,20,35,3,13,20,0,6,2,1,0,6,3,9,1,0,33,0,6,0
2023/2024,paul roux,thabo mofutsanyana district,thabo mofutsanyana district,27.95304,-28.29686,0,0,0,0,0,0,0,42,0,0,0,0,0,0,0,0,0,0,0,0,0,0,0,0,0,0,0,0,0,0,5,0
2024/2025,paul roux,thabo mofutsanyana district,thabo mofutsanyana district,27.95304,-28.29686,0,0,0,0,0,0,0,44,0,0,0,0,0,0,0,0,0,0,0,0,0,0,0,0,0,0,0,0,0,0,0,0
2008/2009,paulpietersburg,edumbe,zululand,30.81722,-27.42332,167,7,139,12,0,0,57,125,0,12,93,29,8,10,56,10,1,40,20,38,12,0,0,37,5,47,0,19,110,18,16,1
2009/2010,paulpietersburg,edumbe,zululand,30.81722,-27.42332,147,5,157,19,1,0,68,138,1,12,75,25,7,13,79,15,1,43,15,51,22,5,0,37,5,58,0,33,125,16,9,0
2010/2011,paulpietersburg,edumbe,zululand,30.81722,-27.42332,128,4,170,15,5,0,90,162,0,10,70,40,5,14,63,13,1,46,12,54,11,9,1,28,4,66,0,44,129,39,17,0
2011/2012,paulpietersburg,edumbe,zululand,30.81722,-27.42332,148,6,170,10,5,0,73,154,3,23,64,28,6,24,63,8,1,50,17,50,20,13,0,43,1,56,0,51,128,33,13,0
2012/2013,paulpietersburg,edumbe,zululand,30.81722,-27.42332,167,9,174,25,1,0,96,241,1,24,70,26,6,38,97,13,1,59,25,54,24,14,0,57,3,58,1,64,115,22,30,0
2013/2014,paulpietersburg,edumbe,zululand,30.81722,-27.42332,134,7,154,12,3,0,92,201,1,19,44,22,6,50,139,15,28,54,18,65,14,27,0,65,8,76,0,38,105,16,36,0
2014/2015,paulpietersburg,edumbe,zululand,30.81722,-27.42332,153,5,183,14,1,0,80,171,0,24,47,21,6,30,169,7,14,77,19,61,19,24,0,52,2,64,0,20,105,25,26,0
2015/2016,paulpietersburg,edumbe,zululand,30.81722,-27.42332,130,5,161,10,3,0,39,174,3,16,57,19,6,36,151,15,12,41,15,49,27,38,0,82,8,60,0,27,81,29,40,0
2016/2017,paulpietersburg,edumbe,zululand,30.81722,-27.42332,114,3,104,13,8,0,55,108,1,15,44,17,6,91,115,6,14,38,27,33,34,11,0,58,2,43,0,44,55,6,22,0
2017/2018,paulpietersburg,edumbe,zululand,30.81722,-27.42332,117,6,139,12,0,0,53,143,0,20,50,22,7,109,139,21,17,52,22,49,13,20,0,56,9,59,0,28,79,8,19,0
2018/2019,paulpietersburg,edumbe,zululand,30.81722,-27.42332,110,10,159,16,1,0,73,164,0,42,61,16,7,107,113,24,21,42,23,54,19,13,0,53,7,63,0,25,55,8,14,0
2019/2020,paulpietersburg,edumbe,zululand,30.81722,-27.42332,125,12,177,21,2,0,60,133,1,41,72,17,5,192,49,31,28,45,25,53,8,11,0,41,6,64,0,47,84,8,20,0
2020/2021,paulpietersburg,edumbe,zululand,30.81722,-27.42332,120,4,145,10,0,0,72,114,3,67,91,20,6,32,34,13,12,58,26,43,10,9,0,42,7,50,0,38,103,6,11,0
2021/2022,paulpietersburg,edumbe,zululand,30.81722,-27.42332,125,9,155,15,0,0,56,91,0,70,70,13,7,37,51,11,28,63,21,37,6,6,0,37,9,47,0,36,100,6,25,0
2022/2023,paulpietersburg,edumbe,zululand,30.81722,-27.42332,112,5,136,31,1,0,48,99,1,51,90,20,6,16,83,16,27,74,38,36,16,16,0,67,3,40,0,69,60,5,24,0
2023/2024,paulpietersburg,zululand district,zululand district,30.81722,-27.42332,0,0,0,0,0,0,0,140,1,0,0,0,0,0,0,0,0,0,0,0,0,8,0,0,0,0,0,0,0,2,16,0
2024/2025,paulpietersburg,zululand district,zululand district,30.81722,-27.42332,0,0,0,0,0,0,0,154,0,0,0,0,0,0,0,0,0,0,0,0,0,14,0,0,0,0,0,0,0,4,8,0
2008/2009,pearston,blue crane route,sarah baartman,25.13783,-32.58076,20,0,42,4,0,0,2,31,0,3,25,2,7,3,6,0,1,8,7,9,0,0,0,2,0,10,0,0,59,0,3,0
2009/2010,pearston,blue crane route,sarah baartman,25.13783,-32.58076,15,0,19,0,1,0,4,31,0,3,33,3,6,4,14,1,1,12,2,9,1,1,0,4,0,10,0,0,46,1,1,0
2010/2011,pearston,blue crane route,sarah baartman,25.13783,-32.58076,19,0,30,0,0,0,3,24,0,0,18,1,6,4,18,0,1,12,3,10,1,0,0,1,0,10,0,0,39,2,1,0
2011/2012,pearston,blue crane route,sarah baartman,25.13783,-32.58076,24,0,26,1,0,0,6,12,0,3,22,3,6,4,14,0,1,12,4,9,0,0,0,3,0,9,0,0,32,2,1,0
2012/2013,pearston,blue crane route,sarah baartman,25.13783,-32.58076,17,0,43,4,0,0,14,37,0,6,29,1,6,1,10,0,1,7,3,9,1,1,0,2,1,10,0,0,33,1,1,0
2013/2014,pearston,blue crane route,sarah baartman,25.13783,-32.58076,27,0,49,2,0,0,11,14,0,0,21,0,6,2,12,0,13,15,3,7,0,1,0,1,2,9,0,0,36,0,3,0
2014/2015,pearston,blue crane route,sarah baartman,25.13783,-32.58076,12,0,31,3,1,0,11,20,0,3,20,0,6,3,34,0,13,14,3,5,1,1,0,4,0,6,0,0,25,0,5,0
2015/2016,pearston,blue crane route,sarah baartman,25.13783,-32.58076,15,0,29,1,0,0,4,28,0,2,25,0,6,0,51,0,13,9,2,10,1,0,1,4,1,11,0,0,18,0,4,0
2016/2017,pearston,blue crane route,sarah baartman,25.13783,-32.58076,32,1,45,1,1,0,7,25,0,4,32,1,7,4,67,1,13,23,1,7,2,0,0,3,0,9,0,0,20,0,6,0
2017/2018,pearston,blue crane route,sarah baartman,25.13783,-32.58076,31,0,38,0,0,0,9,29,0,2,20,2,6,5,31,1,13,16,2,9,0,0,0,4,0,9,0,0,32,0,5,0
2018/2019,pearston,blue crane route,sarah baartman,25.13783,-32.58076,31,0,38,0,0,0,7,34,0,0,16,4,6,0,32,2,13,15,5,9,3,0,0,3,1,10,0,0,20,2,6,0
2019/2020,pearston,blue crane route,sarah baartman,25.13783,-32.58076,18,1,29,2,1,0,11,45,0,7,20,4,4,1,29,1,13,13,2,2,2,1,0,4,0,5,0,2,34,0,7,0
2020/2021,pearston,blue crane route,sarah baartman,25.13783,-32.58076,24,1,26,2,0,0,8,24,0,0,18,3,6,0,47,2,21,16,2,4,2,1,0,3,1,5,0,2,29,0,7,0
2021/2022,pearston,blue crane route,sarah baartman,25.13783,-32.58076,21,2,38,1,0,0,4,19,0,5,16,1,6,0,46,1,13,14,4,6,0,0,0,2,0,6,0,2,28,0,6,0
2022/2023,pearston,blue crane route,sarah baartman,25.13783,-32.58076,29,1,26,0,2,0,6,26,0,4,15,2,7,0,49,0,13,18,1,2,1,0,0,1,1,6,0,0,23,0,2,0
2023/2024,pearston,sarah baartman district,sarah baartman district,25.13783,-32.58076,0,0,0,0,0,0,0,19,0,0,0,0,0,0,0,0,0,0,0,0,0,0,0,0,0,0,0,0,0,0,7,0
2024/2025,pearston,sarah baartman district,sarah baartman district,25.13783,-32.58076,0,0,0,0,0,0,0,17,0,0,0,0,0,0,0,0,0,0,0,0,0,0,0,0,0,0,0,0,0,0,5,0
2008/2009,peddie,ngqushwa,amathole,27.11446,-33.19855,76,1,148,2,1,0,26,78,3,31,34,9,6,53,41,7,1,47,11,34,5,4,0,23,2,37,0,22,54,6,9,2
2009/2010,peddie,ngqushwa,amathole,27.11446,-33.19855,67,6,165,3,0,0,15,71,2,28,34,10,4,63,16,5,1,46,10,25,2,2,1,12,5,32,0,21,68,5,6,1
2010/2011,peddie,ngqushwa,amathole,27.11446,-33.19855,81,3,163,3,0,0,11,73,1,18,27,18,4,23,20,5,1,36,5,26,7,9,1,27,3,31,0,17,35,11,13,0
2011/2012,peddie,ngqushwa,amathole,27.11446,-33.19855,77,2,143,1,6,0,11,78,1,23,27,13,7,49,14,3,1,31,12,40,23,4,0,32,2,49,1,8,41,3,9,0
2012/2013,peddie,ngqushwa,amathole,27.11446,-33.19855,58,2,128,7,6,0,24,102,0,13,28,8,7,43,11,7,1,30,10,47,18,1,0,24,0,54,1,5,63,10,12,0
2013/2014,peddie,ngqushwa,amathole,27.11446,-33.19855,53,3,120,2,2,0,19,94,2,2,8,9,5,28,36,4,13,24,13,34,11,7,0,33,0,39,0,6,49,8,16,0
2014/2015,peddie,ngqushwa,amathole,27.11446,-33.19855,58,2,115,0,3,0,7,120,0,11,7,6,8,11,22,1,21,21,9,41,12,2,0,28,4,52,0,3,47,9,9,0
2015/2016,peddie,ngqushwa,amathole,27.11446,-33.19855,47,3,97,11,4,0,31,135,1,10,12,8,7,12,33,10,14,38,10,35,31,4,0,47,4,44,0,5,32,5,9,0
2016/2017,peddie,ngqushwa,amathole,27.11446,-33.19855,59,2,124,10,1,0,22,95,1,13,10,16,6,17,35,14,21,34,14,32,6,5,0,18,4,37,0,10,66,3,8,2
2017/2018,peddie,ngqushwa,amathole,27.11446,-33.19855,48,2,116,11,3,0,36,81,1,16,9,7,68,7,46,9,13,22,27,27,13,10,0,40,3,32,0,5,102,1,6,0
2018/2019,peddie,ngqushwa,amathole,27.11446,-33.19855,30,2,122,7,0,0,30,97,0,12,17,4,7,6,28,4,13,22,17,35,16,14,0,44,3,39,0,8,72,1,10,0
2019/2020,peddie,ngqushwa,amathole,27.11446,-33.19855,41,2,100,11,4,0,35,98,1,17,18,8,4,1,7,10,21,29,19,43,16,16,0,65,4,53,0,6,68,4,6,0
2020/2021,peddie,ngqushwa,amathole,27.11446,-33.19855,54,6,67,11,4,0,23,88,1,17,25,8,5,1,11,7,2,47,20,28,19,10,0,41,5,40,0,3,37,1,5,0
2021/2022,peddie,ngqushwa,amathole,27.11446,-33.19855,55,2,91,10,1,0,23,95,0,18,30,3,4,1,10,2,14,39,13,18,22,10,0,44,2,23,0,6,50,5,25,0
2022/2023,peddie,ngqushwa,amathole,27.11446,-33.19855,63,4,140,13,2,0,45,71,1,27,17,3,6,0,22,4,21,49,32,32,18,6,0,47,4,38,0,5,45,3,29,0
2023/2024,peddie,amathole district,amathole district,27.11446,-33.19855,0,0,0,0,0,0,0,85,2,0,0,0,0,0,0,0,0,0,0,0,0,7,0,0,0,0,0,0,0,5,45,0
2024/2025,peddie,amathole district,amathole district,27.11446,-33.19855,0,0,0,0,0,0,0,88,2,0,0,0,0,0,0,0,0,0,0,0,0,6,0,0,0,0,0,0,0,2,46,0
2008/2009,pella,khâi-ma,namakwa,19.15277,-29.0335,5,0,18,0,0,0,5,0,0,0,12,0,6,8,9,2,1,1,0,2,0,0,0,0,0,2,0,0,1,0,0,0
2009/2010,pella,khâi-ma,namakwa,19.15277,-29.0335,5,1,8,0,0,0,2,4,0,0,3,0,6,11,5,0,1,1,0,5,0,0,0,0,0,5,0,0,3,0,0,0
2010/2011,pella,khâi-ma,namakwa,19.15277,-29.0335,9,0,11,1,1,0,1,2,0,0,15,0,4,5,8,0,1,2,4,5,0,0,0,0,2,10,0,0,4,0,0,0
2011/2012,pella,khâi-ma,namakwa,19.15277,-29.0335,2,0,7,3,0,0,3,2,0,0,14,0,6,3,17,0,1,4,1,5,0,0,0,0,3,8,0,1,5,1,0,0
2012/2013,pella,khâi-ma,namakwa,19.15277,-29.0335,2,1,11,0,0,0,1,7,0,0,9,0,6,8,17,0,1,5,1,5,0,0,0,0,0,5,0,0,1,0,0,0
2013/2014,pella,khâi-ma,namakwa,19.15277,-29.0335,4,0,9,2,0,0,0,2,0,0,3,0,6,7,21,0,13,4,0,8,0,0,0,0,1,9,0,0,1,0,0,0
2014/2015,pella,khâi-ma,namakwa,19.15277,-29.0335,6,0,8,0,3,0,2,5,0,1,1,1,6,4,4,0,13,5,0,3,0,0,0,0,2,8,0,0,1,1,0,0
2015/2016,pella,khâi-ma,namakwa,19.15277,-29.0335,3,1,7,3,1,0,3,7,0,0,8,0,6,4,7,0,13,6,0,2,0,0,0,0,1,4,0,0,1,0,3,0
2016/2017,pella,khâi-ma,namakwa,19.15277,-29.0335,3,0,7,0,0,0,2,6,0,2,2,3,6,8,23,0,13,3,0,2,0,0,0,0,3,5,0,1,0,0,1,0
2017/2018,pella,khâi-ma,namakwa,19.15277,-29.0335,2,0,12,2,0,0,1,4,0,0,10,0,6,14,33,0,13,5,0,5,0,0,0,0,1,6,0,0,4,0,0,0
2018/2019,pella,khâi-ma,namakwa,19.15277,-29.0335,14,0,12,0,0,0,1,4,0,2,12,0,6,4,30,3,13,11,0,4,0,0,0,0,1,5,0,0,4,0,2,0
2019/2020,pella,khâi-ma,namakwa,19.15277,-29.0335,11,1,10,0,1,0,3,2,0,0,9,2,6,3,8,0,13,5,0,12,0,0,0,1,1,14,0,0,4,1,1,0
2020/2021,pella,khâi-ma,namakwa,19.15277,-29.0335,15,3,9,0,1,0,6,4,0,1,14,3,6,3,10,0,13,6,0,1,0,0,0,1,1,3,0,0,3,1,1,0
2021/2022,pella,khâi-ma,namakwa,19.15277,-29.0335,17,0,28,1,0,0,1,3,0,1,27,0,6,1,8,0,13,12,1,3,0,0,0,1,2,5,0,2,3,0,1,0
2022/2023,pella,khâi-ma,namakwa,19.15277,-29.0335,13,2,15,3,1,0,6,6,0,2,24,2,7,1,8,0,13,14,2,3,1,0,0,3,1,6,0,0,7,0,0,0
2023/2024,pella,namakwa district,namakwa district,19.15277,-29.0335,0,0,0,0,0,0,0,10,0,0,0,0,0,0,0,0,0,0,0,0,0,0,0,0,0,0,0,0,0,0,0,0
2024/2025,pella,namakwa district,namakwa district,19.15277,-29.0335,0,0,0,0,0,0,0,8,0,0,0,0,0,0,0,0,0,0,0,0,0,3,0,0,0,0,0,0,0,1,3,0
2008/2009,perdekop,dr pixley ka isaka seme,gert sibande,29.62148,-27.16835,30,0,13,0,0,0,3,27,1,0,15,1,6,9,1,1,1,13,0,3,1,0,0,2,0,3,0,0,26,2,2,0
2009/2010,perdekop,dr pixley ka isaka seme,gert sibande,29.62148,-27.16835,24,1,23,4,0,0,2,32,1,3,10,1,6,3,1,0,1,9,0,6,2,0,0,7,1,7,0,0,39,0,4,1
2010/2011,perdekop,dr pixley ka isaka seme,gert sibande,29.62148,-27.16835,36,3,28,0,2,0,3,33,0,2,25,5,7,2,1,0,1,22,4,3,0,0,0,0,0,6,0,1,37,4,5,0
2011/2012,perdekop,dr pixley ka isaka seme,gert sibande,29.62148,-27.16835,47,0,18,1,0,0,5,29,0,1,29,2,6,2,6,2,1,13,0,4,0,0,0,1,1,5,0,0,48,3,3,0
2012/2013,perdekop,dr pixley ka isaka seme,gert sibande,29.62148,-27.16835,54,0,22,1,0,0,12,26,0,2,20,1,7,6,7,0,1,7,1,3,2,1,0,5,2,6,0,0,32,3,3,0
2013/2014,perdekop,dr pixley ka isaka seme,gert sibande,29.62148,-27.16835,40,1,18,1,0,0,2,17,0,2,11,2,7,7,5,2,13,13,0,8,0,0,0,1,0,9,1,0,27,0,9,1
2014/2015,perdekop,dr pixley ka isaka seme,gert sibande,29.62148,-27.16835,24,1,18,1,0,0,2,15,0,0,32,4,7,12,6,0,13,13,2,9,0,1,0,4,1,11,0,0,20,2,4,3
2015/2016,perdekop,dr pixley ka isaka seme,gert sibande,29.62148,-27.16835,32,0,25,0,0,0,1,41,1,3,22,2,6,7,9,2,13,9,0,8,0,0,0,6,1,9,0,0,25,0,4,4
2016/2017,perdekop,dr pixley ka isaka seme,gert sibande,29.62148,-27.16835,25,2,24,2,0,0,2,28,0,0,26,2,6,9,11,0,13,15,0,5,3,0,0,4,1,6,1,0,42,1,3,1
2017/2018,perdekop,dr pixley ka isaka seme,gert sibande,29.62148,-27.16835,38,0,23,0,0,0,7,42,0,3,33,2,6,6,13,0,13,9,0,6,2,1,0,7,1,7,0,1,56,0,2,0
2018/2019,perdekop,dr pixley ka isaka seme,gert sibande,29.62148,-27.16835,29,1,27,3,0,0,1,45,2,3,29,2,6,14,17,2,13,13,2,6,0,0,0,3,0,6,1,1,29,0,9,0
2019/2020,perdekop,dr pixley ka isaka seme,gert sibande,29.62148,-27.16835,23,1,29,3,2,0,2,29,1,7,32,3,6,11,22,2,21,15,1,2,0,0,0,1,4,8,0,0,23,0,10,0
2020/2021,perdekop,dr pixley ka isaka seme,gert sibande,29.62148,-27.16835,25,0,18,0,2,0,2,28,0,4,17,2,6,3,2,0,13,9,0,4,0,0,0,0,1,7,0,1,33,3,2,0
2021/2022,perdekop,dr pixley ka isaka seme,gert sibande,29.62148,-27.16835,19,0,28,0,0,0,8,19,0,4,32,3,4,1,8,0,13,9,1,3,2,0,0,3,3,8,0,0,33,2,7,0
2022/2023,perdekop,dr pixley ka isaka seme,gert sibande,29.62148,-27.16835,21,0,37,0,1,0,6,45,0,3,26,2,7,0,17,0,12,15,0,3,2,0,0,2,3,8,0,0,37,0,9,0
2023/2024,perdekop,gert sibande district,gert sibande district,29.62148,-27.16835,0,0,0,0,0,0,0,23,2,0,0,0,0,0,0,0,0,0,0,0,0,1,0,0,0,0,0,0,0,1,2,0
2024/2025,perdekop,gert sibande district,gert sibande district,29.62148,-27.16835,0,0,0,0,0,0,0,34,0,0,0,0,0,0,0,0,0,0,0,0,0,0,0,0,0,0,0,0,0,0,3,0
2008/2009,petrus steyn,nketoana,thabo mofutsanyane,28.13161,-27.64711,73,0,40,4,1,0,26,33,1,4,49,5,7,9,45,1,1,22,3,13,0,3,0,7,0,15,0,0,30,2,8,0
2009/2010,petrus steyn,nketoana,thabo mofutsanyane,28.13161,-27.64711,57,0,32,6,1,0,16,37,1,6,38,4,12,15,46,2,1,21,2,19,4,1,0,9,2,29,0,3,17,3,4,0
2010/2011,petrus steyn,nketoana,thabo mofutsanyane,28.13161,-27.64711,59,0,41,3,1,0,21,54,0,6,48,1,5,10,41,3,1,18,6,8,6,0,0,7,2,14,0,3,29,2,5,0
2011/2012,petrus steyn,nketoana,thabo mofutsanyane,28.13161,-27.64711,51,1,36,0,0,0,16,32,1,5,50,3,10,10,15,3,1,22,4,13,3,1,0,5,1,20,0,3,25,1,4,0
2012/2013,petrus steyn,nketoana,thabo mofutsanyane,28.13161,-27.64711,38,0,27,1,2,0,19,36,0,3,32,2,4,17,40,3,1,13,0,12,4,1,0,6,1,17,0,3,17,2,9,0
2013/2014,petrus steyn,nketoana,thabo mofutsanyane,28.13161,-27.64711,48,0,17,0,0,0,22,31,0,8,28,3,9,21,56,0,13,19,4,10,2,1,0,3,2,17,0,1,24,2,4,0
2014/2015,petrus steyn,nketoana,thabo mofutsanyane,28.13161,-27.64711,53,0,33,1,0,0,28,39,0,13,44,1,6,17,64,3,12,15,2,12,2,4,0,6,0,12,1,1,14,9,1,0
2015/2016,petrus steyn,nketoana,thabo mofutsanyane,28.13161,-27.64711,144,1,31,0,0,0,20,44,0,10,25,1,7,21,76,3,13,13,1,10,1,0,0,1,3,14,0,0,21,4,1,0
2016/2017,petrus steyn,nketoana,thabo mofutsanyane,28.13161,-27.64711,44,1,29,2,1,0,14,44,1,5,23,2,4,15,97,0,13,13,3,11,2,2,0,6,2,16,1,0,24,2,3,0
2017/2018,petrus steyn,nketoana,thabo mofutsanyane,28.13161,-27.64711,36,0,20,0,0,0,24,41,1,2,35,1,6,27,122,2,13,13,6,11,1,0,0,4,0,11,0,1,30,3,1,0
2018/2019,petrus steyn,nketoana,thabo mofutsanyane,28.13161,-27.64711,26,1,22,2,2,0,20,17,0,14,39,2,7,35,73,1,14,17,2,8,3,1,0,5,0,11,0,0,5,2,1,0
2019/2020,petrus steyn,nketoana,thabo mofutsanyane,28.13161,-27.64711,27,1,32,2,2,0,33,22,2,17,35,1,6,22,4,2,21,11,3,18,2,0,0,4,4,24,0,1,20,5,5,0
2020/2021,petrus steyn,nketoana,thabo mofutsanyane,28.13161,-27.64711,25,0,31,0,1,0,20,40,0,17,28,2,6,6,3,0,21,17,2,4,0,4,0,5,0,5,0,1,7,3,4,0
2021/2022,petrus steyn,nketoana,thabo mofutsanyane,28.13161,-27.64711,31,1,37,2,1,0,25,57,0,6,49,4,6,13,9,5,12,26,6,13,4,0,0,6,1,15,0,3,12,2,4,0
2022/2023,petrus steyn,nketoana,thabo mofutsanyane,28.13161,-27.64711,28,0,41,1,0,0,24,28,1,8,57,9,7,30,19,0,13,17,4,14,0,0,0,4,1,16,2,0,12,4,7,0
2023/2024,petrus steyn,thabo mofutsanyana district,thabo mofutsanyana district,28.13161,-27.64711,0,0,0,0,0,0,0,31,0,0,0,0,0,0,0,0,0,0,0,0,0,0,0,0,0,0,0,0,0,2,7,0
2024/2025,petrus steyn,thabo mofutsanyana district,thabo mofutsanyana district,28.13161,-27.64711,0,0,0,0,0,0,0,22,0,0,0,0,0,0,0,0,0,0,0,0,0,1,0,0,0,0,0,0,0,6,4,0
2008/2009,petrusburg,letsemeng,xhariep,25.41366,-29.11293,94,5,107,4,10,0,12,103,0,2,88,12,7,1,9,0,1,25,2,20,1,0,1,5,3,34,0,2,39,4,17,0
2009/2010,petrusburg,letsemeng,xhariep,25.41366,-29.11293,79,2,110,4,4,0,14,71,1,3,52,14,6,2,15,0,1,21,4,17,3,1,0,6,4,25,0,5,38,3,11,0
2010/2011,petrusburg,letsemeng,xhariep,25.41366,-29.11293,88,0,119,0,3,0,19,57,0,5,72,12,7,3,16,1,1,30,5,19,2,1,0,4,0,23,0,2,43,2,9,0
2011/2012,petrusburg,letsemeng,xhariep,25.41366,-29.11293,85,1,98,2,1,0,10,59,0,5,49,13,7,4,7,1,1,29,4,21,7,1,0,9,0,23,0,2,46,1,9,0
2012/2013,petrusburg,letsemeng,xhariep,25.41366,-29.11293,71,5,93,0,1,0,21,61,0,6,39,3,6,0,10,4,1,25,1,20,2,0,0,3,0,21,0,1,25,0,7,1
2013/2014,petrusburg,letsemeng,xhariep,25.41366,-29.11293,49,0,92,0,2,0,20,74,0,3,52,3,4,1,16,4,12,17,7,16,3,2,0,6,4,24,0,0,15,0,4,0
2014/2015,petrusburg,letsemeng,xhariep,25.41366,-29.11293,50,0,82,1,2,0,17,75,1,9,22,8,6,1,23,1,13,10,5,20,1,2,0,4,0,22,0,1,27,1,2,0
2015/2016,petrusburg,letsemeng,xhariep,25.41366,-29.11293,42,1,66,2,2,0,15,75,0,5,23,4,6,3,28,3,13,14,3,13,0,1,0,2,1,16,0,0,28,5,2,0
2016/2017,petrusburg,letsemeng,xhariep,25.41366,-29.11293,28,1,44,2,2,0,15,79,0,10,30,6,6,5,125,3,13,12,4,23,1,2,0,5,2,27,0,2,11,2,5,1
2017/2018,petrusburg,letsemeng,xhariep,25.41366,-29.11293,42,0,50,4,1,0,34,41,1,8,30,5,6,4,205,7,13,15,4,9,4,3,0,10,3,13,1,0,29,1,6,1
2018/2019,petrusburg,letsemeng,xhariep,25.41366,-29.11293,28,2,66,4,4,0,25,31,0,6,26,5,6,8,79,0,13,7,2,8,3,1,0,6,1,13,0,0,22,0,8,0
2019/2020,petrusburg,letsemeng,xhariep,25.41366,-29.11293,33,0,51,2,1,0,12,26,0,4,20,1,7,3,20,3,12,5,3,8,2,2,0,4,1,11,0,1,19,2,0,0
2020/2021,petrusburg,letsemeng,xhariep,25.41366,-29.11293,33,1,52,0,0,0,18,21,0,5,25,1,6,5,21,0,13,13,3,16,1,1,0,5,2,18,0,1,29,2,3,0
2021/2022,petrusburg,letsemeng,xhariep,25.41366,-29.11293,56,0,74,2,0,0,9,35,0,6,35,2,5,4,16,0,13,24,2,14,0,0,0,10,0,17,0,0,15,4,7,1
2022/2023,petrusburg,letsemeng,xhariep,25.41366,-29.11293,79,1,105,2,2,0,31,46,1,16,72,8,6,9,23,1,13,26,0,15,0,0,0,7,3,20,1,0,17,2,3,0
2023/2024,petrusburg,xhariep district,xhariep district,25.41366,-29.11293,0,0,0,0,0,0,0,64,0,0,0,0,0,0,0,0,0,0,0,0,0,1,0,0,0,0,0,0,0,4,7,0
2024/2025,petrusburg,xhariep district,xhariep district,25.41366,-29.11293,0,0,0,0,0,0,0,56,0,0,0,0,0,0,0,0,0,0,0,0,0,2,0,0,0,0,0,0,0,1,14,0
2008/2009,petrusville,renosterberg,pixley ka seme,24.65858,-30.07724,16,1,46,4,0,0,14,10,0,0,19,1,6,3,8,0,1,11,2,7,0,0,0,0,0,7,0,0,7,0,5,0
2009/2010,petrusville,renosterberg,pixley ka seme,24.65858,-30.07724,23,1,79,4,1,0,14,24,0,3,32,3,6,8,7,0,1,14,3,7,0,0,0,1,0,8,0,0,19,0,3,0
2010/2011,petrusville,renosterberg,pixley ka seme,24.65858,-30.07724,23,0,99,1,0,0,16,24,0,4,37,2,6,3,15,1,1,20,3,11,0,0,0,0,2,13,0,2,10,3,6,0
2011/2012,petrusville,renosterberg,pixley ka seme,24.65858,-30.07724,21,2,119,2,4,0,19,14,0,3,66,3,6,4,14,0,1,16,1,7,2,0,0,2,3,14,0,2,10,0,1,0
2012/2013,petrusville,renosterberg,pixley ka seme,24.65858,-30.07724,20,0,73,3,2,0,17,12,0,5,37,0,6,4,11,0,1,11,0,10,1,1,0,2,0,12,0,0,14,1,2,0
2013/2014,petrusville,renosterberg,pixley ka seme,24.65858,-30.07724,14,1,74,6,1,0,12,25,0,7,43,1,6,1,9,0,13,11,2,5,2,0,0,2,3,9,0,1,13,1,3,0
2014/2015,petrusville,renosterberg,pixley ka seme,24.65858,-30.07724,19,1,76,4,0,0,14,34,0,4,46,3,6,0,9,0,12,15,0,6,2,0,0,4,0,6,0,0,17,0,0,0
2015/2016,petrusville,renosterberg,pixley ka seme,24.65858,-30.07724,20,0,79,2,6,0,4,34,0,2,28,5,6,2,7,1,13,15,4,10,0,0,0,2,1,17,0,1,18,0,0,0
2016/2017,petrusville,renosterberg,pixley ka seme,24.65858,-30.07724,19,1,66,1,1,0,2,35,0,4,32,0,7,10,9,0,13,14,2,9,0,0,0,1,2,13,0,0,17,1,4,0
2017/2018,petrusville,renosterberg,pixley ka seme,24.65858,-30.07724,17,0,42,3,0,0,3,13,0,1,26,2,6,8,21,0,13,9,2,4,1,0,0,1,0,4,0,0,18,0,4,0
2018/2019,petrusville,renosterberg,pixley ka seme,24.65858,-30.07724,7,1,37,1,1,0,4,22,0,3,26,1,6,9,7,1,13,8,3,6,1,0,0,1,0,7,0,0,10,0,1,0
2019/2020,petrusville,renosterberg,pixley ka seme,24.65858,-30.07724,12,1,30,1,2,0,2,5,0,2,22,1,6,1,10,1,13,6,1,4,1,1,0,2,0,6,0,0,6,2,0,0
2020/2021,petrusville,renosterberg,pixley ka seme,24.65858,-30.07724,15,0,34,1,0,0,10,12,0,2,31,1,6,2,3,0,13,12,0,6,0,0,0,0,3,9,0,0,17,0,3,0
2021/2022,petrusville,renosterberg,pixley ka seme,24.65858,-30.07724,19,1,48,4,1,0,10,18,0,8,36,1,6,4,7,0,13,17,1,4,1,0,0,1,1,6,0,2,13,0,2,0
2022/2023,petrusville,renosterberg,pixley ka seme,24.65858,-30.07724,18,2,48,17,3,0,12,34,0,4,45,3,6,1,11,0,13,11,2,8,0,1,0,3,2,13,0,0,16,1,1,0
2023/2024,petrusville,pixley ka seme district,pixley ka seme district,24.65858,-30.07724,0,0,0,0,0,0,0,28,0,0,0,0,0,0,0,0,0,0,0,0,0,1,0,0,0,0,0,0,0,0,3,0
2024/2025,petrusville,pixley ka seme district,pixley ka seme district,24.65858,-30.07724,0,0,0,0,0,0,0,19,0,0,0,0,0,0,0,0,0,0,0,0,0,0,0,0,0,0,0,0,0,0,6,0
2008/2009,phalaborwa,ba-phalaborwa,mopani,31.13608,-23.95261,443,1,51,2,0,0,59,120,2,108,124,20,10,10,33,4,1,74,1,8,3,4,0,13,8,22,0,194,0,7,53,1
2009/2010,phalaborwa,ba-phalaborwa,mopani,31.13608,-23.95261,356,2,32,7,0,0,57,99,0,100,102,14,5,16,15,4,1,70,0,4,2,0,0,5,5,12,0,208,3,8,100,0
2010/2011,phalaborwa,ba-phalaborwa,mopani,31.13608,-23.95261,349,2,34,6,0,0,43,114,0,62,68,20,8,26,16,4,1,65,0,10,1,2,0,5,5,19,0,151,3,4,136,0
2011/2012,phalaborwa,ba-phalaborwa,mopani,31.13608,-23.95261,401,1,31,3,0,0,36,136,1,89,74,29,5,13,9,3,1,74,1,8,1,2,0,9,6,17,1,105,1,14,219,0
2012/2013,phalaborwa,ba-phalaborwa,mopani,31.13608,-23.95261,272,2,39,2,3,0,43,87,0,108,103,13,5,38,22,11,1,56,0,5,1,6,0,8,2,13,40,124,3,6,72,0
2013/2014,phalaborwa,ba-phalaborwa,mopani,31.13608,-23.95261,261,0,26,1,1,0,57,90,0,107,80,26,5,32,21,10,13,62,2,1,4,2,0,12,2,7,17,114,1,10,133,0
2014/2015,phalaborwa,ba-phalaborwa,mopani,31.13608,-23.95261,289,1,25,3,0,0,53,105,0,86,53,25,7,11,35,5,12,52,0,6,4,7,0,25,3,10,64,69,3,4,109,0
2015/2016,phalaborwa,ba-phalaborwa,mopani,31.13608,-23.95261,318,3,27,0,0,0,52,158,0,76,59,29,8,9,21,14,13,54,1,2,7,10,0,28,1,7,51,77,4,5,87,1
2016/2017,phalaborwa,ba-phalaborwa,mopani,31.13608,-23.95261,349,1,27,5,1,0,82,138,1,96,46,26,6,60,38,10,17,57,5,5,13,5,0,31,3,9,4,73,0,13,57,0
2017/2018,phalaborwa,ba-phalaborwa,mopani,31.13608,-23.95261,300,1,30,1,0,0,67,178,1,102,44,27,6,86,37,9,12,68,1,5,10,6,0,44,4,9,0,84,0,17,53,0
2018/2019,phalaborwa,ba-phalaborwa,mopani,31.13608,-23.95261,322,2,15,4,1,0,91,169,1,113,35,24,4,111,30,10,13,61,0,6,6,4,0,30,1,10,39,83,0,16,55,0
2019/2020,phalaborwa,ba-phalaborwa,mopani,31.13608,-23.95261,324,2,25,1,0,0,67,137,2,106,28,8,4,122,19,3,23,72,1,13,9,5,0,34,4,19,73,88,0,25,70,0
2020/2021,phalaborwa,ba-phalaborwa,mopani,31.13608,-23.95261,222,2,8,1,0,0,58,152,1,58,14,9,6,84,41,3,12,39,1,7,4,6,0,24,5,12,95,49,2,18,48,0
2021/2022,phalaborwa,ba-phalaborwa,mopani,31.13608,-23.95261,148,1,21,1,0,0,45,143,1,60,20,6,6,14,54,3,12,16,2,12,6,7,0,25,5,17,115,54,0,8,37,0
2022/2023,phalaborwa,ba-phalaborwa,mopani,31.13608,-23.95261,193,0,21,1,0,0,81,157,1,72,41,8,6,9,70,0,12,42,2,7,0,4,0,12,5,12,132,53,2,17,62,0
2023/2024,phalaborwa,mopani district,mopani district,31.13608,-23.95261,0,0,0,0,0,0,0,162,0,0,0,0,0,0,0,0,0,0,0,0,0,2,0,0,0,0,0,0,0,17,50,0
2024/2025,phalaborwa,mopani district,mopani district,31.13608,-23.95261,0,0,0,0,0,0,0,149,1,0,0,0,0,0,0,0,0,0,0,0,0,2,0,0,0,0,0,0,0,7,64,0
2023/2024,phaudi,capricorn district,capricorn district,,,0,0,0,0,0,0,0,0,0,0,0,0,0,0,0,0,0,0,0,0,0,0,0,0,0,0,0,0,0,0,0,0
2024/2025,phaudi,capricorn district,capricorn district,,,0,0,0,0,0,0,0,3,0,0,0,0,0,0,0,0,0,0,0,0,0,2,0,0,0,0,0,0,0,0,0,0
2008/2009,philadelphia,city of cape town,city of cape town,18.58239,-33.66565,52,1,25,1,0,0,20,47,1,16,21,9,8,64,37,2,1,13,3,7,0,0,0,20,2,13,0,0,9,6,21,0
2009/2010,philadelphia,city of cape town,city of cape town,18.58239,-33.66565,66,0,29,4,0,0,15,36,0,10,30,12,9,98,58,0,1,24,4,6,0,4,0,46,4,15,0,0,13,4,28,0
2010/2011,philadelphia,city of cape town,city of cape town,18.58239,-33.66565,69,2,41,3,2,0,9,35,1,7,37,4,7,161,85,5,1,26,3,11,0,0,0,27,4,18,0,0,7,1,11,0
2011/2012,philadelphia,city of cape town,city of cape town,18.58239,-33.66565,85,0,42,3,2,0,18,38,2,2,20,6,4,59,95,0,1,24,2,11,5,2,0,41,1,16,0,0,14,2,16,0
2012/2013,philadelphia,city of cape town,city of cape town,18.58239,-33.66565,87,2,60,3,3,0,22,37,0,6,20,3,4,71,71,2,1,27,1,8,2,2,0,45,2,15,0,0,9,4,23,0
2013/2014,philadelphia,city of cape town,city of cape town,18.58239,-33.66565,87,3,42,5,0,0,15,66,0,12,19,4,6,49,71,1,13,21,4,7,7,4,0,22,3,10,0,1,3,6,25,0
2014/2015,philadelphia,city of cape town,city of cape town,18.58239,-33.66565,123,1,61,2,0,0,11,68,0,18,23,3,6,43,114,0,12,36,4,3,0,6,0,14,2,5,0,1,5,3,34,1
2015/2016,philadelphia,city of cape town,city of cape town,18.58239,-33.66565,145,2,39,1,0,0,11,92,3,10,32,5,6,24,87,2,13,64,1,6,2,7,0,24,5,11,0,1,2,8,28,0
2016/2017,philadelphia,city of cape town,city of cape town,18.58239,-33.66565,130,0,46,1,3,0,10,94,1,12,36,13,7,39,136,2,13,46,3,11,1,6,0,14,1,16,0,0,4,1,16,0
2017/2018,philadelphia,city of cape town,city of cape town,18.58239,-33.66565,81,0,46,1,3,0,10,59,0,9,27,7,6,33,143,2,13,23,9,10,5,15,0,33,0,13,0,0,11,6,13,0
2018/2019,philadelphia,city of cape town,city of cape town,18.58239,-33.66565,163,2,50,4,0,0,16,51,2,13,32,5,4,40,80,3,13,41,6,7,3,1,0,18,6,15,1,0,11,2,13,1
2019/2020,philadelphia,city of cape town,city of cape town,18.58239,-33.66565,170,3,56,2,1,0,15,50,1,24,19,6,6,44,44,2,13,43,1,5,6,5,0,27,3,9,0,0,4,8,12,1
2020/2021,philadelphia,city of cape town,city of cape town,18.58239,-33.66565,88,0,48,4,0,0,6,33,0,17,28,3,6,6,30,2,13,43,4,6,4,0,0,18,3,9,0,0,3,6,13,3
2021/2022,philadelphia,city of cape town,city of cape town,18.58239,-33.66565,75,2,40,0,1,0,5,34,0,18,25,4,6,10,10,1,13,33,4,7,3,1,1,13,2,10,0,0,9,0,14,1
2022/2023,philadelphia,city of cape town,city of cape town,18.58239,-33.66565,73,2,42,1,3,0,9,35,2,18,18,6,6,22,13,1,14,30,4,4,1,2,0,13,3,10,1,0,7,2,11,0
2023/2024,philadelphia,city of cape town district,city of cape town district,18.58239,-33.66565,0,0,0,0,0,0,0,35,0,0,0,0,0,0,0,0,0,0,0,0,0,5,0,0,0,0,0,0,0,8,10,0
2024/2025,philadelphia,city of cape town district,city of cape town district,18.58239,-33.66565,0,0,0,0,0,0,0,58,1,0,0,0,0,0,0,0,0,0,0,0,0,7,0,0,0,0,0,0,0,5,8,0
2008/2009,philippi,city of cape town,city of cape town,18.54054,-34.00107,1128,3,101,27,3,0,90,261,12,28,341,104,48,86,1013,34,1,268,19,56,6,8,0,89,19,113,0,131,6,58,235,1
2009/2010,philippi,city of cape town,city of cape town,18.54054,-34.00107,855,2,106,22,5,0,122,346,6,28,366,96,27,85,1108,48,1,280,17,64,6,6,0,123,31,125,0,164,13,53,358,0
2010/2011,philippi,city of cape town,city of cape town,18.54054,-34.00107,1211,3,111,59,2,0,161,265,6,21,392,101,10,121,1342,64,1,348,31,45,8,5,2,157,24,77,0,143,6,49,281,0
2011/2012,philippi,city of cape town,city of cape town,18.54054,-34.00107,1155,5,114,67,3,0,161,368,10,40,380,114,10,136,1608,102,1,317,35,42,9,6,0,129,33,84,3,135,9,47,264,0
2012/2013,philippi,city of cape town,city of cape town,18.54054,-34.00107,1137,3,114,126,3,0,103,245,10,40,346,104,5,91,1834,189,1,318,71,34,18,8,0,154,31,71,0,185,27,46,210,0
2013/2014,philippi,city of cape town,city of cape town,18.54054,-34.00107,1125,5,103,90,3,0,91,288,14,51,353,146,4,85,1944,102,17,395,61,41,26,6,1,169,24,70,2,158,14,64,478,1
2014/2015,philippi,city of cape town,city of cape town,18.54054,-34.00107,1072,11,110,105,3,0,179,262,19,45,409,120,5,54,2067,147,28,363,74,32,21,12,0,265,28,66,1,133,12,72,486,1
2015/2016,philippi,city of cape town,city of cape town,18.54054,-34.00107,830,15,102,99,2,0,135,297,21,36,326,130,4,99,2030,122,28,361,67,55,23,5,0,231,35,94,1,119,19,64,369,0
2016/2017,philippi,city of cape town,city of cape town,18.54054,-34.00107,704,6,100,91,2,0,140,257,26,40,342,119,5,67,1925,100,2,320,65,44,10,9,0,210,20,69,0,128,19,55,305,0
2017/2018,philippi,city of cape town,city of cape town,18.54054,-34.00107,589,4,100,76,1,0,132,239,29,45,335,119,5,111,1760,114,14,292,87,51,23,7,0,261,33,88,0,149,30,50,193,2
2018/2019,philippi,city of cape town,city of cape town,18.54054,-34.00107,531,9,106,118,1,0,95,188,34,52,318,80,4,145,1394,108,23,281,86,39,18,8,0,280,23,65,1,88,20,52,230,5
2019/2020,philippi,city of cape town,city of cape town,18.54054,-34.00107,625,5,127,74,0,0,60,172,41,20,319,105,6,122,922,93,17,358,78,42,13,10,0,237,25,67,0,48,35,40,188,5
2020/2021,philippi,city of cape town,city of cape town,18.54054,-34.00107,488,9,124,98,4,0,71,135,30,56,255,64,6,14,727,59,25,326,67,51,22,17,0,216,28,83,0,52,8,42,110,4
2021/2022,philippi,city of cape town,city of cape town,18.54054,-34.00107,515,9,133,73,3,0,75,126,23,96,313,45,6,38,1137,80,23,336,64,37,14,9,0,151,16,56,0,71,5,41,101,1
2022/2023,philippi,city of cape town,city of cape town,18.54054,-34.00107,505,9,155,98,2,0,47,142,31,73,371,83,6,37,1123,127,23,360,81,34,11,2,0,149,19,55,0,104,6,44,95,3
2023/2024,philippi,city of cape town district,city of cape town district,18.54054,-34.00107,0,0,0,0,0,0,0,147,37,0,0,0,0,0,0,0,0,0,0,0,0,8,0,0,0,0,0,0,0,29,84,0
2024/2025,philippi,city of cape town district,city of cape town district,18.54054,-34.00107,0,0,0,0,0,0,0,139,43,0,0,0,0,0,0,0,0,0,0,0,0,8,0,0,0,0,0,0,0,22,91,0
2008/2009,philippi east,city of cape town,city of cape town,18.60685,-34.01031,163,11,196,50,8,0,43,151,23,21,72,42,32,190,300,47,1,76,67,81,21,24,1,188,5,106,0,52,0,65,25,0
2009/2010,philippi east,city of cape town,city of cape town,18.60685,-34.01031,229,12,228,43,1,0,39,119,29,26,81,43,16,251,355,47,1,87,56,95,17,18,1,200,14,120,0,97,0,80,53,0
2010/2011,philippi east,city of cape town,city of cape town,18.60685,-34.01031,229,10,226,36,4,0,47,186,22,49,105,59,16,348,428,49,1,104,42,99,22,19,0,163,10,123,0,83,0,58,80,0
2011/2012,philippi east,city of cape town,city of cape town,18.60685,-34.01031,279,11,308,40,4,0,27,200,29,40,135,69,12,394,502,52,1,224,57,88,32,24,0,218,13,112,0,54,0,69,96,1
2012/2013,philippi east,city of cape town,city of cape town,18.60685,-34.01031,231,4,226,38,9,0,34,201,39,49,139,48,10,498,586,37,1,225,47,86,22,46,0,236,18,119,1,97,0,38,70,0
2013/2014,philippi east,city of cape town,city of cape town,18.60685,-34.01031,217,10,216,33,2,0,38,162,37,32,111,77,8,467,626,51,28,185,73,98,43,38,2,262,12,116,0,45,0,80,107,0
2014/2015,philippi east,city of cape town,city of cape town,18.60685,-34.01031,250,9,244,59,11,0,55,147,63,38,130,64,9,276,660,52,42,233,87,88,34,59,0,365,24,128,0,24,0,115,152,0
2015/2016,philippi east,city of cape town,city of cape town,18.60685,-34.01031,199,16,283,68,13,0,51,201,114,46,196,89,5,236,732,76,4,263,122,88,35,105,1,473,22,126,0,46,0,64,79,3
2016/2017,philippi east,city of cape town,city of cape town,18.60685,-34.01031,233,9,306,98,5,0,44,240,136,57,289,65,17,241,851,53,29,280,150,111,68,105,2,619,16,141,0,52,0,81,80,3
2017/2018,philippi east,city of cape town,city of cape town,18.60685,-34.01031,252,11,324,118,11,1,65,250,107,79,447,129,5,348,1150,72,4,438,205,123,72,157,1,789,26,163,1,82,0,84,81,10
2018/2019,philippi east,city of cape town,city of cape town,18.60685,-34.01031,222,14,256,97,7,0,44,210,99,98,286,102,8,257,730,65,17,281,185,128,47,155,1,654,19,158,1,82,0,106,67,2
2019/2020,philippi east,city of cape town,city of cape town,18.60685,-34.01031,188,9,273,129,7,0,35,169,214,80,331,73,16,221,249,43,37,265,156,146,40,124,0,805,14,177,1,49,0,121,86,5
2020/2021,philippi east,city of cape town,city of cape town,18.60685,-34.01031,132,6,185,145,4,0,24,92,194,66,266,82,8,60,162,42,43,272,183,98,27,171,0,825,21,127,0,39,0,78,47,2
2021/2022,philippi east,city of cape town,city of cape town,18.60685,-34.01031,199,8,213,68,7,0,13,139,285,72,378,80,5,50,178,37,9,291,110,105,27,151,0,851,11,126,0,63,1,70,45,1
2022/2023,philippi east,city of cape town,city of cape town,18.60685,-34.01031,210,9,186,77,7,0,13,114,275,77,478,132,4,137,359,49,8,347,165,94,10,117,0,878,13,116,0,37,0,51,41,1
2023/2024,philippi east,city of cape town district,city of cape town district,18.60685,-34.01031,0,0,0,0,0,0,0,100,298,0,0,0,0,0,0,0,0,0,0,0,0,100,0,0,0,0,0,0,0,35,47,0
2024/2025,philippi east,city of cape town district,city of cape town district,18.60685,-34.01031,0,0,0,0,0,0,0,84,251,0,0,0,0,0,0,0,0,0,0,0,0,95,0,0,0,0,0,0,0,28,37,0
2008/2009,philippolis,kopanong,xhariep,25.27314,-30.26739,28,1,80,4,2,0,8,21,0,3,55,2,6,1,5,7,1,19,3,6,0,0,0,2,1,9,0,0,23,1,6,0
2009/2010,philippolis,kopanong,xhariep,25.27314,-30.26739,36,0,50,1,1,0,4,25,0,5,51,0,7,0,4,0,1,13,0,7,0,0,0,0,1,10,0,1,19,0,2,0
2010/2011,philippolis,kopanong,xhariep,25.27314,-30.26739,15,0,58,3,3,0,8,14,0,1,56,2,6,1,4,0,1,7,1,5,0,1,0,1,1,9,0,0,19,1,1,0
2011/2012,philippolis,kopanong,xhariep,25.27314,-30.26739,28,0,48,0,3,0,8,35,0,7,52,0,6,2,5,0,1,9,0,9,1,0,0,1,0,12,0,0,14,0,1,0
2012/2013,philippolis,kopanong,xhariep,25.27314,-30.26739,19,1,37,3,0,0,9,27,0,1,42,1,7,0,3,0,1,10,0,13,1,0,0,1,1,15,0,1,10,1,1,0
2013/2014,philippolis,kopanong,xhariep,25.27314,-30.26739,14,0,48,1,0,0,3,18,0,0,31,1,6,3,13,0,13,9,0,15,0,0,0,0,2,17,0,3,19,0,1,0
2014/2015,philippolis,kopanong,xhariep,25.27314,-30.26739,16,0,26,0,2,0,17,10,0,3,23,0,6,1,13,0,13,5,2,4,0,0,0,1,0,6,0,3,13,0,4,0
2015/2016,philippolis,kopanong,xhariep,25.27314,-30.26739,17,1,36,1,0,0,7,16,0,1,25,2,6,2,15,1,13,10,1,3,1,0,0,1,1,4,0,2,16,0,1,0
2016/2017,philippolis,kopanong,xhariep,25.27314,-30.26739,5,0,26,0,1,0,11,26,0,3,26,0,6,1,13,2,13,7,0,2,1,0,0,1,1,4,0,0,11,0,5,0
2017/2018,philippolis,kopanong,xhariep,25.27314,-30.26739,10,1,36,0,0,0,5,18,0,0,14,1,6,0,7,0,13,6,1,6,2,1,0,4,4,10,0,0,11,0,5,0
2018/2019,philippolis,kopanong,xhariep,25.27314,-30.26739,6,0,34,0,1,0,16,16,0,2,19,1,6,1,4,0,13,8,0,2,0,0,0,0,0,3,0,0,11,0,1,0
2019/2020,philippolis,kopanong,xhariep,25.27314,-30.26739,13,1,22,0,1,0,12,21,0,6,19,1,6,1,4,0,13,7,1,5,0,0,0,0,1,7,0,0,18,1,0,0
2020/2021,philippolis,kopanong,xhariep,25.27314,-30.26739,14,0,17,0,2,0,4,20,0,3,11,0,6,1,0,2,13,10,2,0,0,0,0,0,2,4,0,0,12,0,1,0
2021/2022,philippolis,kopanong,xhariep,25.27314,-30.26739,9,0,22,0,0,0,20,17,0,3,18,0,6,0,4,0,13,9,4,7,0,1,0,2,2,9,0,0,16,0,1,0
2022/2023,philippolis,kopanong,xhariep,25.27314,-30.26739,19,0,26,0,0,0,9,25,0,4,15,0,6,3,5,2,13,9,1,5,1,0,0,1,0,5,0,0,10,1,0,0
2023/2024,philippolis,xhariep district,xhariep district,25.27314,-30.26739,0,0,0,0,0,0,0,23,0,0,0,0,0,0,0,0,0,0,0,0,0,0,0,0,0,0,0,0,0,0,1,0
2024/2025,philippolis,xhariep district,xhariep district,25.27314,-30.26739,0,0,0,0,0,0,0,27,0,0,0,0,0,0,0,0,0,0,0,0,0,1,0,0,0,0,0,0,0,0,1,0
2008/2009,philipstown,renosterberg,pixley ka seme,24.47417,-30.43415,9,0,35,1,0,0,4,17,0,1,17,2,6,0,10,0,1,11,0,2,3,0,0,3,0,2,0,0,12,0,1,0
2009/2010,philipstown,renosterberg,pixley ka seme,24.47417,-30.43415,14,0,26,5,0,0,0,13,0,0,16,2,6,1,9,0,1,8,5,6,0,0,0,0,0,6,0,1,3,0,0,0
2010/2011,philipstown,renosterberg,pixley ka seme,24.47417,-30.43415,9,0,27,4,1,0,1,10,0,1,15,0,4,1,12,0,1,5,3,3,0,2,0,2,1,7,0,1,6,1,0,0
2011/2012,philipstown,renosterberg,pixley ka seme,24.47417,-30.43415,11,0,35,1,0,0,7,15,0,1,14,0,6,0,0,0,1,9,0,6,0,0,0,0,0,6,0,0,6,0,2,0
2012/2013,philipstown,renosterberg,pixley ka seme,24.47417,-30.43415,9,0,50,3,1,0,5,22,0,0,34,1,6,4,4,0,1,13,4,11,0,0,0,1,1,13,0,0,11,2,0,0
2013/2014,philipstown,renosterberg,pixley ka seme,24.47417,-30.43415,6,1,58,6,1,0,9,9,0,1,26,1,6,0,5,0,13,12,3,7,0,0,0,0,1,9,0,2,7,0,2,0
2014/2015,philipstown,renosterberg,pixley ka seme,24.47417,-30.43415,10,0,43,2,1,0,10,21,0,0,23,5,6,1,9,0,13,19,2,5,2,1,0,4,0,6,0,1,10,1,2,0
2015/2016,philipstown,renosterberg,pixley ka seme,24.47417,-30.43415,8,0,48,3,1,0,7,18,0,0,20,4,6,1,7,0,13,9,2,5,1,1,0,2,0,6,0,2,5,0,2,0
2016/2017,philipstown,renosterberg,pixley ka seme,24.47417,-30.43415,19,0,44,1,0,0,4,9,0,2,19,2,6,0,4,0,13,7,2,4,1,0,0,2,1,5,0,3,8,0,3,0
2017/2018,philipstown,renosterberg,pixley ka seme,24.47417,-30.43415,18,1,43,5,0,0,8,14,0,5,15,4,6,1,6,0,13,7,2,1,1,0,0,1,0,1,0,1,10,0,4,0
2018/2019,philipstown,renosterberg,pixley ka seme,24.47417,-30.43415,11,1,54,0,0,0,12,17,0,2,19,3,6,1,3,0,13,15,1,2,0,0,0,0,2,4,0,0,21,1,4,0
2019/2020,philipstown,renosterberg,pixley ka seme,24.47417,-30.43415,10,1,45,4,1,0,3,26,0,0,22,1,6,1,9,1,13,9,4,7,0,1,0,1,5,13,0,6,8,1,5,0
2020/2021,philipstown,renosterberg,pixley ka seme,24.47417,-30.43415,11,0,38,1,1,0,7,18,0,1,34,0,6,1,2,0,12,7,0,0,2,1,0,3,0,1,0,2,14,0,5,0
2021/2022,philipstown,renosterberg,pixley ka seme,24.47417,-30.43415,12,1,27,5,0,0,11,13,0,4,17,2,7,0,4,0,13,11,4,2,1,0,0,2,0,3,0,3,13,1,2,0
2022/2023,philipstown,renosterberg,pixley ka seme,24.47417,-30.43415,8,2,28,8,0,0,19,21,0,1,12,1,6,1,10,0,13,5,1,4,0,1,0,1,1,5,0,2,12,0,4,0
2023/2024,philipstown,pixley ka seme district,pixley ka seme district,24.47417,-30.43415,0,0,0,0,0,0,0,21,0,0,0,0,0,0,0,0,0,0,0,0,0,0,0,0,0,0,0,0,0,0,1,0
2024/2025,philipstown,pixley ka seme district,pixley ka seme district,24.47417,-30.43415,0,0,0,0,0,0,0,17,0,0,0,0,0,0,0,0,0,0,0,0,0,1,0,0,0,0,0,0,0,0,2,0
2008/2009,phoenix,ethekwini,ethekwini,31.00799,-29.70143,1558,16,537,113,2,0,200,663,157,253,1450,186,55,350,622,95,1,778,48,116,76,77,3,859,51,227,0,373,1,441,467,3
2009/2010,phoenix,ethekwini,ethekwini,31.00799,-29.70143,1567,24,589,105,4,0,146,935,138,338,1801,182,13,191,1085,72,1,883,44,144,39,82,2,711,48,245,0,651,1,458,636,0
2010/2011,phoenix,ethekwini,ethekwini,31.00799,-29.70143,1906,13,548,111,3,0,165,738,89,312,1870,165,43,138,1180,43,1,767,32,149,61,64,2,561,75,292,0,453,0,359,546,2
2011/2012,phoenix,ethekwini,ethekwini,31.00799,-29.70143,2222,26,527,105,7,0,177,769,68,283,1881,173,5,228,1452,45,1,754,30,95,45,52,1,571,81,186,42,395,0,409,584,2
2012/2013,phoenix,ethekwini,ethekwini,31.00799,-29.70143,2166,12,614,99,11,0,190,903,64,315,1786,211,32,174,1785,53,1,804,32,98,41,87,1,641,59,180,17,453,0,314,679,2
2013/2014,phoenix,ethekwini,ethekwini,31.00799,-29.70143,2077,9,581,102,1,0,156,930,82,311,1464,221,9,164,2043,51,31,785,40,90,56,99,0,754,49,145,61,413,3,322,713,2
2014/2015,phoenix,ethekwini,ethekwini,31.00799,-29.70143,2104,5,529,79,7,0,180,844,75,332,1401,224,16,198,2323,40,66,684,31,82,46,78,0,727,56,155,115,451,2,384,647,0
2015/2016,phoenix,ethekwini,ethekwini,31.00799,-29.70143,1919,1,351,76,2,0,151,696,68,341,1426,219,4,264,2653,33,9,742,34,78,52,88,1,609,30,112,168,427,1,438,505,0
2016/2017,phoenix,ethekwini,ethekwini,31.00799,-29.70143,2009,4,267,73,6,0,138,678,62,324,950,203,4,309,3224,70,38,531,38,59,46,74,1,649,22,89,195,386,1,323,439,1
2017/2018,phoenix,ethekwini,ethekwini,31.00799,-29.70143,1407,1,273,68,1,0,165,723,101,318,1096,186,12,480,2184,46,42,475,33,53,69,67,0,602,20,81,101,360,0,341,493,0
2018/2019,phoenix,ethekwini,ethekwini,31.00799,-29.70143,1330,6,228,70,4,0,162,611,50,456,1093,210,9,106,1712,43,36,431,33,48,66,84,0,555,17,74,47,367,1,267,391,1
2019/2020,phoenix,ethekwini,ethekwini,31.00799,-29.70143,1508,10,214,65,1,0,125,684,58,472,1305,250,5,156,1672,36,39,501,43,45,72,89,0,674,23,72,70,376,0,361,439,0
2020/2021,phoenix,ethekwini,ethekwini,31.00799,-29.70143,1041,3,162,56,0,0,113,622,49,404,808,136,4,30,1336,19,16,435,41,48,51,70,0,528,24,74,38,291,0,293,315,0
2021/2022,phoenix,ethekwini,ethekwini,31.00799,-29.70143,1470,15,235,153,1,0,180,671,65,606,1062,194,5,48,673,37,6,698,79,43,58,57,0,620,25,72,16,422,0,235,311,0
2022/2023,phoenix,ethekwini,ethekwini,31.00799,-29.70143,1749,3,243,77,2,0,142,692,53,499,1043,269,4,51,771,60,7,453,56,51,48,62,0,587,30,85,24,484,0,177,357,2
2023/2024,phoenix,ethekwini district,ethekwini district,31.00799,-29.70143,0,0,0,0,0,0,0,500,76,0,0,0,0,0,0,0,0,0,0,0,0,83,0,0,0,0,0,0,0,386,317,0
2024/2025,phoenix,ethekwini district,ethekwini district,31.00799,-29.70143,0,0,0,0,0,0,0,494,58,0,0,0,0,0,0,0,0,0,0,0,0,66,0,0,0,0,0,0,0,281,324,0
2008/2009,phokeng,rustenburg,bojanala,27.16254,-25.57313,655,12,568,29,18,1,273,429,9,50,306,96,4,16,246,16,1,243,46,159,75,54,0,281,13,192,0,3,50,160,66,0
2009/2010,phokeng,rustenburg,bojanala,27.16254,-25.57313,728,13,532,31,10,0,277,458,19,75,379,84,10,21,275,10,1,235,46,137,56,29,0,216,8,161,0,8,78,195,65,1
2010/2011,phokeng,rustenburg,bojanala,27.16254,-25.57313,595,12,371,27,8,0,201,381,5,99,237,57,5,28,185,9,1,154,37,112,54,20,0,161,9,132,0,3,59,182,85,0
2011/2012,phokeng,rustenburg,bojanala,27.16254,-25.57313,614,9,401,27,6,0,195,359,12,48,261,42,7,14,163,10,1,187,30,116,83,15,0,186,12,135,0,4,58,131,87,1
2012/2013,phokeng,rustenburg,bojanala,27.16254,-25.57313,561,6,350,33,9,0,199,270,13,86,243,41,4,20,134,10,1,153,37,103,80,33,0,216,9,123,1,10,49,78,79,0
2013/2014,phokeng,rustenburg,bojanala,27.16254,-25.57313,655,6,258,60,13,0,169,407,10,55,211,38,4,19,169,11,24,156,56,112,46,32,0,139,5,132,0,5,38,64,78,0
2014/2015,phokeng,rustenburg,bojanala,27.16254,-25.57313,704,9,235,48,7,0,232,325,8,20,218,46,5,35,195,30,21,182,40,108,49,19,0,145,8,126,0,1,40,107,95,0
2015/2016,phokeng,rustenburg,bojanala,27.16254,-25.57313,627,8,270,44,13,0,133,362,10,82,180,39,5,39,168,37,21,130,36,102,74,24,0,169,9,127,0,21,51,126,85,0
2016/2017,phokeng,rustenburg,bojanala,27.16254,-25.57313,539,6,309,32,7,0,179,492,13,111,287,51,5,48,182,35,25,135,42,99,72,45,1,217,4,113,0,20,127,105,118,1
2017/2018,phokeng,rustenburg,bojanala,27.16254,-25.57313,312,5,324,39,5,0,181,508,23,101,243,45,7,70,270,10,28,136,52,102,50,45,4,194,7,115,0,32,106,134,91,0
2018/2019,phokeng,rustenburg,bojanala,27.16254,-25.57313,320,8,320,40,12,0,183,439,25,97,242,41,4,72,151,6,27,142,52,127,49,38,1,194,9,150,0,27,87,131,87,0
2019/2020,phokeng,rustenburg,bojanala,27.16254,-25.57313,344,8,280,34,9,0,199,345,23,85,211,33,6,47,46,25,29,125,52,89,76,27,0,232,10,108,1,40,61,107,75,0
2020/2021,phokeng,rustenburg,bojanala,27.16254,-25.57313,261,0,298,38,5,0,126,257,18,114,204,52,7,10,34,15,24,153,36,82,43,35,0,156,8,96,0,31,41,135,95,4
2021/2022,phokeng,rustenburg,bojanala,27.16254,-25.57313,307,7,405,34,7,0,131,221,25,177,269,45,10,24,51,51,43,172,54,78,54,30,0,194,11,102,0,31,71,147,100,1
2022/2023,phokeng,rustenburg,bojanala,27.16254,-25.57313,298,2,494,44,11,0,161,260,29,166,382,51,7,23,43,14,11,194,70,88,43,33,0,221,10,110,3,39,104,171,138,3
2023/2024,phokeng,bojanala district,bojanala district,27.16254,-25.57313,0,0,0,0,0,0,0,282,34,0,0,0,0,0,0,0,0,0,0,0,0,44,0,0,0,0,0,0,0,130,73,0
2024/2025,phokeng,bojanala district,bojanala district,27.16254,-25.57313,0,0,0,0,0,0,0,289,29,0,0,0,0,0,0,0,0,0,0,0,0,25,0,0,0,0,0,0,0,64,114,0
2008/2009,phola,emalahleni,nkangala,29.03488,-26.01096,0,0,0,0,0,0,0,0,0,0,0,0,6,0,0,0,1,0,0,0,0,0,0,0,0,0,0,0,0,0,0,0
2009/2010,phola,emalahleni,nkangala,29.03488,-26.01096,0,0,0,0,0,0,0,0,0,0,0,0,6,0,0,0,1,0,0,0,0,0,0,0,0,0,0,0,0,0,0,0
2010/2011,phola,emalahleni,nkangala,29.03488,-26.01096,0,0,0,0,0,0,0,0,0,0,0,0,6,0,0,0,1,0,0,0,0,0,0,0,0,0,0,0,0,0,0,0
2011/2012,phola,emalahleni,nkangala,29.03488,-26.01096,0,0,0,0,0,0,0,0,0,0,0,0,6,0,0,0,1,0,0,0,0,0,0,0,0,0,0,0,0,0,0,0
2012/2013,phola,emalahleni,nkangala,29.03488,-26.01096,0,0,0,0,0,0,0,0,0,0,0,0,6,0,0,0,1,0,0,0,0,0,0,0,0,0,0,0,0,0,0,0
2013/2014,phola,emalahleni,nkangala,29.03488,-26.01096,0,0,0,0,0,0,0,0,0,0,0,0,6,0,0,0,13,0,0,0,0,0,0,0,0,0,0,0,0,0,0,0
2014/2015,phola,emalahleni,nkangala,29.03488,-26.01096,0,0,0,0,0,0,0,0,0,0,0,0,6,0,0,0,13,0,0,0,0,0,0,0,0,0,0,0,0,0,0,0
2015/2016,phola,emalahleni,nkangala,29.03488,-26.01096,0,0,0,0,0,0,0,0,0,0,0,0,6,0,0,0,13,0,0,0,0,0,0,0,0,0,0,0,0,0,0,0
2016/2017,phola,emalahleni,nkangala,29.03488,-26.01096,30,0,18,1,0,0,12,18,1,3,8,6,6,0,9,2,13,20,1,2,4,2,0,21,0,2,0,4,0,4,8,3
2017/2018,phola,emalahleni,nkangala,29.03488,-26.01096,153,1,106,13,2,0,56,118,39,12,93,26,6,18,34,2,14,67,7,17,16,5,0,108,0,19,0,4,17,17,42,9
2018/2019,phola,emalahleni,nkangala,29.03488,-26.01096,156,7,127,6,1,0,66,155,48,23,97,40,7,17,59,14,22,74,9,16,12,2,0,138,11,29,0,5,19,24,65,5
2019/2020,phola,emalahleni,nkangala,29.03488,-26.01096,143,0,118,4,1,0,35,95,22,22,53,12,6,25,81,6,14,51,13,16,10,4,0,90,7,24,0,8,12,23,36,3
2020/2021,phola,emalahleni,nkangala,29.03488,-26.01096,108,1,130,8,0,0,39,66,26,17,77,10,6,16,45,1,21,41,12,12,23,3,0,95,6,18,0,5,7,21,30,5
2021/2022,phola,emalahleni,nkangala,29.03488,-26.01096,122,1,160,11,0,0,38,62,33,34,130,8,6,13,55,12,18,83,10,15,17,8,0,110,3,18,0,4,13,17,20,2
2022/2023,phola,emalahleni,nkangala,29.03488,-26.01096,123,3,151,13,0,0,31,92,26,24,149,14,6,4,79,11,38,74,20,11,13,6,0,115,4,15,0,4,11,8,29,9
2023/2024,phola,nkangala district,nkangala district,29.03488,-26.01096,0,0,0,0,0,0,0,111,47,0,0,0,0,0,0,0,0,0,0,0,0,12,0,0,0,0,0,0,0,17,27,0
2024/2025,phola,nkangala district,nkangala district,29.03488,-26.01096,0,0,0,0,0,0,0,91,35,0,0,0,0,0,0,0,0,0,0,0,0,13,0,0,0,0,0,0,0,27,18,0
2023/2024,pholile,alfred nzo district,alfred nzo district,,,0,0,0,0,0,0,0,6,0,0,0,0,0,0,0,0,0,0,0,0,0,1,0,0,0,0,0,0,0,0,1,0
2024/2025,pholile,alfred nzo district,alfred nzo district,,,0,0,0,0,0,0,0,12,0,0,0,0,0,0,0,0,0,0,0,0,0,2,0,0,0,0,0,0,0,0,0,0
2008/2009,phumalanga,senqu,joe gqabi,27.57751,-30.57749,10,1,54,3,0,0,5,33,0,0,11,3,7,0,37,3,1,13,3,8,2,0,0,4,2,11,0,0,8,1,0,0
2009/2010,phumalanga,senqu,joe gqabi,27.57751,-30.57749,19,0,77,4,3,0,3,23,0,3,17,3,7,0,32,2,1,9,4,11,1,1,0,3,0,15,0,0,8,0,2,0
2010/2011,phumalanga,senqu,joe gqabi,27.57751,-30.57749,7,0,57,0,1,0,5,19,0,2,5,3,7,0,22,2,1,14,5,18,4,1,0,5,2,22,0,0,4,0,1,0
2011/2012,phumalanga,senqu,joe gqabi,27.57751,-30.57749,16,1,56,3,0,0,10,19,0,2,11,3,6,0,15,0,1,16,4,14,1,1,0,4,3,17,0,0,11,1,1,0
2012/2013,phumalanga,senqu,joe gqabi,27.57751,-30.57749,7,3,59,2,0,0,9,13,0,0,7,0,7,1,14,2,1,8,5,11,2,0,0,2,3,15,0,0,2,0,4,0
2013/2014,phumalanga,senqu,joe gqabi,27.57751,-30.57749,3,4,42,1,3,0,12,15,0,0,5,1,6,0,16,1,13,10,5,12,2,2,0,4,4,19,0,0,8,0,0,0
2014/2015,phumalanga,senqu,joe gqabi,27.57751,-30.57749,6,1,62,0,2,0,11,12,0,0,8,1,7,0,16,2,13,10,7,6,2,3,0,7,1,10,0,0,10,0,0,0
2015/2016,phumalanga,senqu,joe gqabi,27.57751,-30.57749,5,3,61,0,1,0,11,17,0,1,4,0,6,0,22,1,13,12,8,5,1,0,0,3,6,12,0,0,6,0,2,0
2016/2017,phumalanga,senqu,joe gqabi,27.57751,-30.57749,7,0,49,1,0,0,10,19,0,0,5,0,6,0,13,3,13,7,6,12,0,0,0,3,4,16,0,0,5,1,0,0
2017/2018,phumalanga,senqu,joe gqabi,27.57751,-30.57749,3,6,50,2,1,0,7,6,0,0,8,1,6,0,4,0,12,10,5,16,1,0,0,2,4,21,0,0,9,0,0,0
2018/2019,phumalanga,senqu,joe gqabi,27.57751,-30.57749,5,1,33,0,0,0,5,5,0,0,6,0,6,0,6,0,13,6,5,8,0,1,0,1,1,9,0,0,4,1,1,0
2019/2020,phumalanga,senqu,joe gqabi,27.57751,-30.57749,2,2,59,0,1,0,16,5,0,0,8,1,6,0,0,0,13,9,4,8,2,3,0,5,3,12,0,0,3,0,2,0
2020/2021,phumalanga,senqu,joe gqabi,27.57751,-30.57749,13,1,45,2,0,0,3,5,0,2,4,0,6,0,2,0,13,10,3,9,3,1,0,4,1,10,0,0,8,0,0,0
2021/2022,phumalanga,senqu,joe gqabi,27.57751,-30.57749,16,1,37,1,2,0,0,9,0,1,4,2,6,0,4,0,13,4,7,8,1,2,0,3,0,10,0,0,15,0,0,0
2022/2023,phumalanga,senqu,joe gqabi,27.57751,-30.57749,8,1,52,0,0,0,3,9,0,1,4,1,6,0,1,0,13,4,6,11,0,1,0,1,4,15,0,0,8,1,0,0
2023/2024,phumalanga,joe gqabi district,joe gqabi district,27.57751,-30.57749,0,0,0,0,0,0,0,15,0,0,0,0,0,0,0,0,0,0,0,0,0,1,0,0,0,0,0,0,0,1,0,0
2024/2025,phumalanga,joe gqabi district,joe gqabi district,27.57751,-30.57749,0,0,0,0,0,0,0,7,0,0,0,0,0,0,0,0,0,0,0,0,0,1,0,0,0,0,0,0,0,0,0,0
2008/2009,phuthaditjhaba,maluti a phofung,thabo mofutsanyane,28.82656,-28.51524,523,6,286,17,8,0,111,291,9,166,253,72,22,64,136,4,1,181,24,63,16,9,1,179,4,95,0,240,97,38,67,0
2009/2010,phuthaditjhaba,maluti a phofung,thabo mofutsanyane,28.82656,-28.51524,407,6,324,26,5,0,143,349,12,181,329,55,37,47,188,11,1,255,26,84,20,23,3,193,13,120,0,232,125,25,93,0
2010/2011,phuthaditjhaba,maluti a phofung,thabo mofutsanyane,28.82656,-28.51524,512,11,408,22,2,0,115,496,10,120,343,101,19,60,94,16,1,265,27,123,27,18,2,196,10,149,0,250,77,61,82,1
2011/2012,phuthaditjhaba,maluti a phofung,thabo mofutsanyane,28.82656,-28.51524,525,9,357,24,2,0,88,606,9,600,383,81,10,64,179,5,1,291,27,110,17,19,0,195,4,122,3,171,76,50,76,0
2012/2013,phuthaditjhaba,maluti a phofung,thabo mofutsanyane,28.82656,-28.51524,479,9,405,24,3,0,149,546,14,266,420,75,8,58,75,14,1,297,35,100,15,25,1,189,7,114,0,206,108,32,68,0
2013/2014,phuthaditjhaba,maluti a phofung,thabo mofutsanyane,28.82656,-28.51524,542,6,379,21,3,0,94,454,8,126,361,65,4,86,121,8,38,241,25,103,16,15,0,146,12,120,0,220,101,38,87,1
2014/2015,phuthaditjhaba,maluti a phofung,thabo mofutsanyane,28.82656,-28.51524,467,8,441,20,7,0,146,467,13,112,325,63,7,77,179,6,29,263,26,82,27,38,0,244,10,100,1,249,81,44,96,0
2015/2016,phuthaditjhaba,maluti a phofung,thabo mofutsanyane,28.82656,-28.51524,485,10,384,16,5,0,146,406,10,85,377,78,9,64,346,7,38,267,26,85,13,33,1,212,14,109,1,211,80,55,100,0
2016/2017,phuthaditjhaba,maluti a phofung,thabo mofutsanyane,28.82656,-28.51524,530,8,343,26,6,0,137,452,4,115,393,52,4,154,362,9,10,250,18,72,27,31,1,217,14,94,18,229,74,48,106,0
2017/2018,phuthaditjhaba,maluti a phofung,thabo mofutsanyane,28.82656,-28.51524,441,0,252,16,2,0,139,417,11,128,386,69,4,90,335,17,38,173,29,71,24,39,4,215,9,84,23,288,77,44,87,0
2018/2019,phuthaditjhaba,maluti a phofung,thabo mofutsanyane,28.82656,-28.51524,481,2,271,33,8,0,155,447,12,83,405,69,7,64,272,21,26,150,25,69,28,42,0,232,15,93,37,278,92,40,152,0
2019/2020,phuthaditjhaba,maluti a phofung,thabo mofutsanyane,28.82656,-28.51524,516,3,308,25,5,0,208,450,9,72,437,71,8,137,73,13,8,139,26,115,18,44,1,279,13,137,75,207,68,30,141,0
2020/2021,phuthaditjhaba,maluti a phofung,thabo mofutsanyane,28.82656,-28.51524,500,2,246,19,3,0,156,392,12,54,447,71,5,97,31,3,15,119,30,57,23,45,0,229,11,74,72,183,63,25,146,0
2021/2022,phuthaditjhaba,maluti a phofung,thabo mofutsanyane,28.82656,-28.51524,474,2,277,16,6,0,126,271,6,56,383,86,7,129,32,17,27,154,54,72,23,45,1,222,11,90,48,138,77,15,115,0
2022/2023,phuthaditjhaba,maluti a phofung,thabo mofutsanyane,28.82656,-28.51524,496,3,300,29,3,0,181,280,15,46,407,77,6,144,104,11,43,186,55,86,42,44,2,264,10,99,72,142,72,19,108,0
2023/2024,phuthaditjhaba,thabo mofutsanyana district,thabo mofutsanyana district,28.82656,-28.51524,0,0,0,0,0,0,0,268,9,0,0,0,0,0,0,0,0,0,0,0,0,50,0,0,0,0,0,0,0,18,159,0
2024/2025,phuthaditjhaba,thabo mofutsanyana district,thabo mofutsanyana district,28.82656,-28.51524,0,0,0,0,0,0,0,230,10,0,0,0,0,0,0,0,0,0,0,0,0,51,0,0,0,0,0,0,0,22,132,0
2008/2009,pienaar,city of mbombela,ehlanzeni,31.1846,-25.43437,0,0,0,0,0,0,0,0,0,0,0,0,6,0,0,0,1,0,0,0,0,0,0,0,0,0,0,0,0,0,0,0
2009/2010,pienaar,city of mbombela,ehlanzeni,31.1846,-25.43437,0,0,0,0,0,0,0,0,0,0,0,0,6,0,0,0,1,0,0,0,0,0,0,0,0,0,0,0,0,0,0,0
2010/2011,pienaar,city of mbombela,ehlanzeni,31.1846,-25.43437,0,0,0,0,0,0,0,0,0,0,0,0,6,0,0,0,1,0,0,0,0,0,0,0,0,0,0,0,0,0,0,0
2011/2012,pienaar,city of mbombela,ehlanzeni,31.1846,-25.43437,311,7,417,39,15,0,123,311,26,5,217,49,7,19,35,52,1,161,19,167,58,78,0,308,7,190,0,0,5,13,63,0
2012/2013,pienaar,city of mbombela,ehlanzeni,31.1846,-25.43437,397,6,417,33,7,0,118,426,11,7,215,59,7,38,98,53,1,123,26,159,48,79,0,282,2,169,0,0,6,25,44,1
2013/2014,pienaar,city of mbombela,ehlanzeni,31.1846,-25.43437,266,1,344,33,1,0,119,470,3,6,165,44,4,45,90,64,74,93,23,186,44,62,0,221,4,193,0,0,16,12,59,0
2014/2015,pienaar,city of mbombela,ehlanzeni,31.1846,-25.43437,174,6,332,19,6,0,99,437,21,7,153,46,5,34,85,50,88,95,30,135,28,55,0,209,1,145,0,1,9,22,75,1
2015/2016,pienaar,city of mbombela,ehlanzeni,31.1846,-25.43437,226,9,364,29,6,0,112,447,20,22,198,39,6,59,98,38,16,141,38,137,36,49,1,229,5,148,0,37,8,26,56,1
2016/2017,pienaar,city of mbombela,ehlanzeni,31.1846,-25.43437,211,3,369,40,5,0,95,387,11,43,209,60,6,23,176,36,37,148,37,110,35,57,1,209,6,121,0,43,6,43,88,0
2017/2018,pienaar,city of mbombela,ehlanzeni,31.1846,-25.43437,220,3,407,33,10,0,71,425,11,34,208,54,6,12,213,34,38,175,30,88,27,38,1,185,6,104,0,28,5,41,73,0
2018/2019,pienaar,city of mbombela,ehlanzeni,31.1846,-25.43437,195,4,409,49,5,0,105,393,26,30,231,57,6,24,174,32,4,191,35,110,32,48,2,233,10,125,0,14,9,23,69,0
2019/2020,pienaar,city of mbombela,ehlanzeni,31.1846,-25.43437,197,3,377,45,4,0,105,369,15,37,229,41,7,80,54,31,4,183,39,142,49,73,0,257,6,153,0,37,11,21,48,0
2020/2021,pienaar,city of mbombela,ehlanzeni,31.1846,-25.43437,127,4,333,28,7,0,74,202,12,28,183,32,6,69,31,21,26,148,33,115,31,61,1,198,1,123,0,29,10,25,43,2
2021/2022,pienaar,city of mbombela,ehlanzeni,31.1846,-25.43437,130,10,358,61,10,0,84,257,23,51,224,28,6,43,36,57,5,161,42,136,52,80,0,260,14,160,2,25,12,16,37,1
2022/2023,pienaar,city of mbombela,ehlanzeni,31.1846,-25.43437,139,8,367,82,0,0,76,215,41,64,239,34,6,20,22,37,33,161,47,155,67,76,1,320,13,168,0,42,10,11,24,5
2023/2024,pienaar,ehlanzeni district,ehlanzeni district,31.1846,-25.43437,0,0,0,0,0,0,0,185,35,0,0,0,0,0,0,0,0,0,0,0,0,82,0,0,0,0,0,0,0,5,35,0
2024/2025,pienaar,ehlanzeni district,ehlanzeni district,31.1846,-25.43437,0,0,0,0,0,0,0,213,18,0,0,0,0,0,0,0,0,0,0,0,0,147,0,0,0,0,0,0,0,14,44,0
2008/2009,pienaarsrivier,bela-bela,waterberg,28.2964,-25.20246,60,1,9,2,1,0,2,30,2,7,13,3,7,21,2,0,1,8,1,4,1,0,0,11,1,7,0,1,7,1,8,2
2009/2010,pienaarsrivier,bela-bela,waterberg,28.2964,-25.20246,41,1,6,2,0,0,1,30,1,7,16,4,6,16,0,1,1,11,0,3,0,2,0,18,0,3,0,0,7,2,8,4
2010/2011,pienaarsrivier,bela-bela,waterberg,28.2964,-25.20246,44,1,8,1,0,0,1,23,1,3,13,7,6,5,3,3,1,6,0,3,2,0,0,15,0,3,0,0,16,2,11,1
2011/2012,pienaarsrivier,bela-bela,waterberg,28.2964,-25.20246,59,2,8,0,0,0,1,13,1,6,17,5,6,9,8,0,1,14,0,1,0,1,0,10,3,4,21,0,7,5,10,1
2012/2013,pienaarsrivier,bela-bela,waterberg,28.2964,-25.20246,49,0,8,2,0,0,0,16,0,5,14,2,6,15,30,2,1,8,0,1,0,0,0,12,0,1,14,0,5,3,15,4
2013/2014,pienaarsrivier,bela-bela,waterberg,28.2964,-25.20246,51,0,10,0,0,0,0,23,0,1,16,9,6,15,40,0,13,13,0,2,0,0,0,8,1,3,6,0,6,0,12,2
2014/2015,pienaarsrivier,bela-bela,waterberg,28.2964,-25.20246,47,1,7,0,1,0,3,17,4,3,11,9,6,22,46,1,13,9,1,0,2,0,0,18,1,2,16,0,8,2,14,3
2015/2016,pienaarsrivier,bela-bela,waterberg,28.2964,-25.20246,48,0,6,3,0,0,3,32,1,4,12,4,6,12,26,0,13,11,1,2,4,1,0,35,0,2,0,1,7,4,11,2
2016/2017,pienaarsrivier,bela-bela,waterberg,28.2964,-25.20246,30,0,5,2,0,0,3,33,2,5,8,8,6,36,31,1,14,5,1,3,5,4,0,30,0,3,2,1,23,2,10,3
2017/2018,pienaarsrivier,bela-bela,waterberg,28.2964,-25.20246,32,0,7,4,0,0,1,26,2,4,11,4,6,43,40,2,12,5,0,0,0,1,0,21,1,1,1,0,25,1,9,5
2018/2019,pienaarsrivier,bela-bela,waterberg,28.2964,-25.20246,52,2,5,4,0,0,8,35,3,2,4,2,6,33,16,0,13,8,2,2,2,3,0,36,0,2,10,0,12,1,12,5
2019/2020,pienaarsrivier,bela-bela,waterberg,28.2964,-25.20246,30,0,12,1,1,0,6,15,2,4,14,2,4,48,2,1,13,13,0,1,4,4,0,32,1,5,32,0,10,3,20,3
2020/2021,pienaarsrivier,bela-bela,waterberg,28.2964,-25.20246,34,1,8,0,0,0,3,9,0,2,15,4,6,38,18,0,13,12,0,0,1,2,0,9,1,1,50,0,9,0,11,0
2021/2022,pienaarsrivier,bela-bela,waterberg,28.2964,-25.20246,26,0,5,3,0,0,3,15,0,8,6,2,6,51,33,1,13,11,2,3,2,0,0,12,0,3,66,0,13,1,9,2
2022/2023,pienaarsrivier,bela-bela,waterberg,28.2964,-25.20246,11,1,9,3,0,0,5,11,3,4,12,2,6,22,45,0,12,10,0,2,8,0,0,32,1,3,86,0,9,3,4,3
2023/2024,pienaarsrivier,waterberg district,waterberg district,28.2964,-25.20246,0,0,0,0,0,0,0,10,1,0,0,0,0,0,0,0,0,0,0,0,0,2,0,0,0,0,0,0,0,0,4,0
2024/2025,pienaarsrivier,waterberg district,waterberg district,28.2964,-25.20246,0,0,0,0,0,0,0,16,2,0,0,0,0,0,0,0,0,0,0,0,0,1,0,0,0,0,0,0,0,2,3,0
2008/2009,piet plessis,kagisano/molopo,dr ruth segomotsi mompati,24.40795,-26.1624,17,0,16,0,0,0,0,4,0,1,2,1,7,0,9,0,1,1,1,3,0,0,0,0,0,4,0,0,14,0,0,0
2009/2010,piet plessis,kagisano/molopo,dr ruth segomotsi mompati,24.40795,-26.1624,5,1,11,0,1,0,2,3,0,0,1,0,6,0,1,0,1,4,2,2,0,0,0,0,1,4,0,0,19,2,1,0
2010/2011,piet plessis,kagisano/molopo,dr ruth segomotsi mompati,24.40795,-26.1624,11,0,9,2,1,0,0,7,0,0,7,0,4,0,7,0,1,1,1,7,0,0,0,1,0,10,0,0,15,1,0,0
2011/2012,piet plessis,kagisano/molopo,dr ruth segomotsi mompati,24.40795,-26.1624,24,1,9,1,0,0,3,6,0,1,8,1,7,0,2,0,1,5,2,0,0,0,0,0,2,3,0,0,17,0,1,0
2012/2013,piet plessis,kagisano/molopo,dr ruth segomotsi mompati,24.40795,-26.1624,30,1,8,0,0,0,0,19,0,0,8,0,6,0,3,1,1,0,2,12,1,0,0,1,1,13,0,0,34,1,0,0
2013/2014,piet plessis,kagisano/molopo,dr ruth segomotsi mompati,24.40795,-26.1624,26,0,14,1,0,0,1,10,0,0,4,1,6,0,0,0,13,1,0,2,0,0,0,0,1,3,0,0,17,3,0,0
2014/2015,piet plessis,kagisano/molopo,dr ruth segomotsi mompati,24.40795,-26.1624,26,0,11,0,0,0,5,12,0,0,2,0,6,0,3,0,13,5,0,4,0,2,0,2,1,5,0,0,37,1,1,0
2015/2016,piet plessis,kagisano/molopo,dr ruth segomotsi mompati,24.40795,-26.1624,11,0,11,0,1,0,1,8,0,0,5,1,6,0,2,0,13,2,2,2,0,0,0,0,0,3,0,0,19,0,1,0
2016/2017,piet plessis,kagisano/molopo,dr ruth segomotsi mompati,24.40795,-26.1624,13,2,12,0,1,0,10,27,0,1,4,1,7,0,0,5,13,11,0,0,0,0,0,0,0,2,0,0,25,1,2,0
2017/2018,piet plessis,kagisano/molopo,dr ruth segomotsi mompati,24.40795,-26.1624,20,0,20,0,0,0,4,6,0,0,8,0,6,0,1,0,13,5,1,4,1,0,0,1,0,4,0,0,33,0,1,0
2018/2019,piet plessis,kagisano/molopo,dr ruth segomotsi mompati,24.40795,-26.1624,21,1,7,0,0,0,6,9,0,1,6,1,6,0,0,0,13,6,0,3,0,1,0,1,0,3,0,0,40,0,1,0
2019/2020,piet plessis,kagisano/molopo,dr ruth segomotsi mompati,24.40795,-26.1624,9,0,14,0,0,0,7,10,0,0,4,0,6,0,0,0,13,8,0,2,1,0,0,1,0,2,0,0,20,0,1,0
2020/2021,piet plessis,kagisano/molopo,dr ruth segomotsi mompati,24.40795,-26.1624,24,0,8,1,0,0,9,10,0,1,4,0,6,0,1,1,13,12,0,2,0,0,0,0,0,2,0,0,43,1,0,0
2021/2022,piet plessis,kagisano/molopo,dr ruth segomotsi mompati,24.40795,-26.1624,16,0,9,1,1,0,3,11,0,1,8,1,6,0,1,0,13,12,0,5,0,0,0,0,0,6,1,0,71,0,1,0
2022/2023,piet plessis,kagisano/molopo,dr ruth segomotsi mompati,24.40795,-26.1624,15,3,10,0,0,0,1,6,0,2,4,0,6,0,2,0,13,5,3,5,0,0,0,0,1,6,0,0,59,0,0,0
2023/2024,piet plessis,dr ruth segomotsi mompati district,dr ruth segomotsi mompati district,24.40795,-26.1624,0,0,0,0,0,0,0,7,0,0,0,0,0,0,0,0,0,0,0,0,0,0,0,0,0,0,0,0,0,0,0,0
2024/2025,piet plessis,dr ruth segomotsi mompati district,dr ruth segomotsi mompati district,24.40795,-26.1624,0,0,0,0,0,0,0,8,0,0,0,0,0,0,0,0,0,0,0,0,0,0,0,0,0,0,0,0,0,0,1,0
2008/2009,piet retief,mkhondo,gert sibande,30.80584,-27.00637,438,11,393,27,6,0,62,491,8,78,211,110,31,78,45,9,1,239,35,97,7,14,1,114,3,125,0,93,101,111,96,1
2009/2010,piet retief,mkhondo,gert sibande,30.80584,-27.00637,452,15,379,42,7,0,128,472,7,79,216,121,18,96,35,10,1,240,26,86,6,15,0,112,16,120,0,79,76,99,83,1
2010/2011,piet retief,mkhondo,gert sibande,30.80584,-27.00637,463,6,309,20,11,0,74,479,7,81,192,93,18,52,44,9,1,175,29,70,13,19,0,112,26,118,0,79,58,112,65,1
2011/2012,piet retief,mkhondo,gert sibande,30.80584,-27.00637,457,6,313,21,7,1,84,397,7,92,291,101,10,105,54,14,1,202,25,67,39,28,0,173,18,98,0,71,78,68,127,1
2012/2013,piet retief,mkhondo,gert sibande,30.80584,-27.00637,369,10,297,16,6,0,95,449,3,205,210,77,12,111,119,28,1,174,22,59,26,36,0,118,8,80,15,66,72,66,113,0
2013/2014,piet retief,mkhondo,gert sibande,30.80584,-27.00637,309,12,290,8,2,0,57,476,6,180,183,79,9,78,179,19,2,181,30,101,20,24,0,105,11,119,3,53,86,70,143,0
2014/2015,piet retief,mkhondo,gert sibande,30.80584,-27.00637,365,10,299,14,6,0,84,488,1,163,140,90,5,79,207,12,17,179,23,73,24,29,0,111,11,93,4,67,76,57,122,3
2015/2016,piet retief,mkhondo,gert sibande,30.80584,-27.00637,385,12,267,9,7,0,106,489,4,186,126,71,10,118,264,11,23,124,36,88,20,20,0,108,7,108,0,70,117,49,166,3
2016/2017,piet retief,mkhondo,gert sibande,30.80584,-27.00637,366,15,258,14,8,0,104,485,5,212,130,96,11,125,303,5,3,159,22,98,28,17,0,109,10,124,2,86,155,34,140,1
2017/2018,piet retief,mkhondo,gert sibande,30.80584,-27.00637,354,12,269,20,2,0,87,520,4,196,141,75,9,181,354,9,2,195,30,110,14,20,0,100,14,131,2,92,156,55,143,1
2018/2019,piet retief,mkhondo,gert sibande,30.80584,-27.00637,343,7,280,27,4,0,120,467,3,239,161,73,17,252,339,10,2,206,43,101,18,12,0,127,22,136,0,113,125,29,118,0
2019/2020,piet retief,mkhondo,gert sibande,30.80584,-27.00637,291,3,290,18,2,0,97,454,3,246,130,72,7,333,289,21,16,195,45,120,17,13,0,149,17,140,1,100,114,53,94,0
2020/2021,piet retief,mkhondo,gert sibande,30.80584,-27.00637,208,5,188,10,4,0,149,356,6,193,77,38,5,82,368,12,28,125,27,92,20,18,0,109,14,113,0,107,110,36,75,0
2021/2022,piet retief,mkhondo,gert sibande,30.80584,-27.00637,210,10,217,12,0,0,117,397,3,241,102,44,12,155,254,4,8,147,37,112,22,19,0,116,17,136,0,94,109,57,81,1
2022/2023,piet retief,mkhondo,gert sibande,30.80584,-27.00637,210,8,223,24,4,0,143,395,4,211,93,45,12,90,252,18,30,139,56,102,42,29,0,160,15,128,0,148,93,31,86,0
2023/2024,piet retief,gert sibande district,gert sibande district,30.80584,-27.00637,0,0,0,0,0,0,0,338,5,0,0,0,0,0,0,0,0,0,0,0,0,34,0,0,0,0,0,0,0,43,85,0
2024/2025,piet retief,gert sibande district,gert sibande district,30.80584,-27.00637,0,0,0,0,0,0,0,297,3,0,0,0,0,0,0,0,0,0,0,0,0,35,0,0,0,0,0,0,0,41,73,0
2008/2009,pietermaritzburg,the msunduzi,umgungundlovu,30.37979,-29.60476,1173,1,222,26,3,0,287,138,10,974,296,209,8,532,689,46,1,231,42,44,115,23,1,564,12,63,0,765,0,330,365,1
2009/2010,pietermaritzburg,the msunduzi,umgungundlovu,30.37979,-29.60476,1070,7,179,18,0,0,249,147,15,967,323,159,12,722,776,35,1,200,36,62,68,10,0,379,12,81,0,927,0,249,364,0
2010/2011,pietermaritzburg,the msunduzi,umgungundlovu,30.37979,-29.60476,1074,1,233,13,2,0,262,103,7,941,447,117,17,96,804,36,1,202,30,44,37,10,0,314,12,67,0,757,0,203,410,0
2011/2012,pietermaritzburg,the msunduzi,umgungundlovu,30.37979,-29.60476,1195,4,237,16,0,0,338,123,7,606,415,180,5,95,835,40,1,230,30,50,33,12,0,346,10,63,0,741,0,175,368,0
2012/2013,pietermaritzburg,the msunduzi,umgungundlovu,30.37979,-29.60476,1211,1,233,26,2,0,320,125,8,498,465,367,4,92,880,45,1,226,43,60,39,15,1,433,15,79,133,798,0,163,401,2
2013/2014,pietermaritzburg,the msunduzi,umgungundlovu,30.37979,-29.60476,1394,0,186,17,0,0,378,144,7,561,424,501,5,85,922,34,3,182,26,41,37,14,0,564,12,56,97,678,0,127,750,1
2014/2015,pietermaritzburg,the msunduzi,umgungundlovu,30.37979,-29.60476,1459,1,253,40,2,0,343,229,6,393,562,479,7,120,1131,39,37,188,35,54,40,10,0,596,16,73,196,714,0,123,741,0
2015/2016,pietermaritzburg,the msunduzi,umgungundlovu,30.37979,-29.60476,1202,1,193,17,0,0,391,260,13,353,458,348,5,165,1259,31,2,205,34,48,48,12,0,461,14,65,461,718,0,138,766,1
2016/2017,pietermaritzburg,the msunduzi,umgungundlovu,30.37979,-29.60476,1022,3,181,21,0,0,416,158,41,480,358,275,5,166,1477,45,43,168,30,46,42,8,1,486,12,61,876,742,1,90,478,1
2017/2018,pietermaritzburg,the msunduzi,umgungundlovu,30.37979,-29.60476,1011,1,183,33,0,0,395,128,20,360,357,301,7,143,1852,38,17,174,41,44,37,18,0,457,9,54,523,531,0,114,599,1
2018/2019,pietermaritzburg,the msunduzi,umgungundlovu,30.37979,-29.60476,1148,1,203,41,0,0,309,162,23,477,360,312,4,152,1100,46,22,158,44,49,35,10,0,427,9,60,303,579,0,132,561,1
2019/2020,pietermaritzburg,the msunduzi,umgungundlovu,30.37979,-29.60476,952,0,217,24,0,0,312,119,19,423,390,255,7,536,1318,44,26,137,44,54,33,5,0,315,14,69,217,572,0,98,398,0
2020/2021,pietermaritzburg,the msunduzi,umgungundlovu,30.37979,-29.60476,762,0,165,29,0,0,302,125,25,329,234,175,5,102,670,20,36,121,28,37,50,15,0,250,6,46,127,358,0,68,288,0
2021/2022,pietermaritzburg,the msunduzi,umgungundlovu,30.37979,-29.60476,809,11,152,51,0,0,451,79,34,289,302,198,7,117,668,34,36,146,48,55,110,16,4,386,11,67,65,297,0,82,382,0
2022/2023,pietermaritzburg,the msunduzi,umgungundlovu,30.37979,-29.60476,854,1,172,54,1,0,245,78,33,593,374,278,5,32,700,52,5,148,58,60,171,18,3,529,11,75,110,361,0,87,450,0
2023/2024,pietermaritzburg,umgungundlovu district,umgungundlovu district,30.37979,-29.60476,0,0,0,0,0,0,0,114,19,0,0,0,0,0,0,0,0,0,0,0,0,33,0,0,0,0,0,0,0,98,310,0
2024/2025,pietermaritzburg,umgungundlovu district,umgungundlovu district,30.37979,-29.60476,0,0,0,0,0,0,0,74,11,0,0,0,0,0,0,0,0,0,0,0,0,16,0,0,0,0,0,0,0,61,251,0
2008/2009,piketberg,bergrivier,west coast,18.75449,-32.90627,105,1,110,1,0,0,33,35,0,3,88,0,4,19,152,3,1,35,6,22,4,0,0,5,4,28,0,87,2,2,9,0
2009/2010,piketberg,bergrivier,west coast,18.75449,-32.90627,84,0,90,2,1,0,30,36,0,9,81,5,7,27,217,0,1,43,10,13,1,0,0,2,12,27,0,89,11,6,12,0
2010/2011,piketberg,bergrivier,west coast,18.75449,-32.90627,119,1,107,2,3,0,44,38,0,3,89,6,7,39,319,0,1,29,6,15,1,0,0,4,4,23,0,53,7,4,21,0
2011/2012,piketberg,bergrivier,west coast,18.75449,-32.90627,113,0,109,5,5,0,28,45,0,5,99,1,6,26,417,1,1,34,6,9,1,2,0,5,6,20,0,74,4,1,22,0
2012/2013,piketberg,bergrivier,west coast,18.75449,-32.90627,81,2,106,4,7,0,32,69,0,11,99,10,6,14,424,0,1,41,3,16,0,0,0,2,8,31,0,92,8,4,26,0
2013/2014,piketberg,bergrivier,west coast,18.75449,-32.90627,109,2,117,1,3,0,35,58,0,6,109,0,4,20,350,2,12,47,4,14,0,0,0,7,8,27,0,80,3,4,13,0
2014/2015,piketberg,bergrivier,west coast,18.75449,-32.90627,111,1,126,2,2,0,21,74,0,7,103,4,7,32,331,6,12,40,5,22,0,1,0,3,3,28,0,44,5,3,29,0
2015/2016,piketberg,bergrivier,west coast,18.75449,-32.90627,124,1,102,3,3,0,46,64,0,16,98,5,7,34,370,3,21,45,4,11,2,0,0,4,9,24,0,52,16,3,27,0
2016/2017,piketberg,bergrivier,west coast,18.75449,-32.90627,98,2,85,3,4,0,42,67,0,11,81,1,6,25,441,1,13,38,5,13,2,3,0,10,2,19,0,45,0,2,25,0
2017/2018,piketberg,bergrivier,west coast,18.75449,-32.90627,88,1,69,2,4,0,35,64,0,19,77,4,6,48,656,8,13,31,7,17,0,0,0,3,2,23,0,48,1,3,34,0
2018/2019,piketberg,bergrivier,west coast,18.75449,-32.90627,90,0,75,1,1,0,23,50,0,18,56,2,6,47,632,4,13,29,8,9,1,1,0,2,5,15,0,39,4,2,26,0
2019/2020,piketberg,bergrivier,west coast,18.75449,-32.90627,93,2,67,2,1,0,53,55,0,20,85,8,6,48,471,4,12,26,4,16,2,1,0,5,4,21,1,51,6,1,42,0
2020/2021,piketberg,bergrivier,west coast,18.75449,-32.90627,87,0,71,3,1,0,44,49,0,18,66,3,7,43,155,5,12,33,3,13,3,1,0,5,5,20,1,49,5,3,27,0
2021/2022,piketberg,bergrivier,west coast,18.75449,-32.90627,113,0,101,4,1,0,36,61,0,28,108,1,4,50,284,3,13,56,8,12,3,1,0,12,7,22,1,43,3,3,28,0
2022/2023,piketberg,bergrivier,west coast,18.75449,-32.90627,122,0,130,8,3,0,37,82,0,37,103,6,6,60,296,0,12,78,3,11,5,1,0,9,5,19,0,92,0,2,28,0
2023/2024,piketberg,west coast district,west coast district,18.75449,-32.90627,0,0,0,0,0,0,0,80,0,0,0,0,0,0,0,0,0,0,0,0,0,2,0,0,0,0,0,0,0,0,29,0
2024/2025,piketberg,west coast district,west coast district,18.75449,-32.90627,0,0,0,0,0,0,0,62,2,0,0,0,0,0,0,0,0,0,0,0,0,0,0,0,0,0,0,0,0,2,33,0
2008/2009,pilgrim's rest,thaba chweu,ehlanzeni,30.7564,-24.90998,38,1,22,3,0,0,22,30,0,3,18,4,6,2,0,0,1,11,0,3,0,0,0,3,0,3,0,0,0,0,3,0
2009/2010,pilgrim's rest,thaba chweu,ehlanzeni,30.7564,-24.90998,44,0,13,0,0,0,16,19,0,2,22,3,6,2,0,0,1,8,0,3,0,2,0,2,0,3,0,0,6,2,5,0
2010/2011,pilgrim's rest,thaba chweu,ehlanzeni,30.7564,-24.90998,21,1,4,2,0,0,19,13,1,5,13,1,6,3,10,0,1,12,1,1,2,3,0,10,1,2,0,0,1,2,3,1
2011/2012,pilgrim's rest,thaba chweu,ehlanzeni,30.7564,-24.90998,30,0,9,1,0,0,8,28,0,0,8,0,6,0,11,0,1,5,0,2,0,0,0,1,1,3,0,0,0,1,15,0
2012/2013,pilgrim's rest,thaba chweu,ehlanzeni,30.7564,-24.90998,18,1,7,1,0,0,8,17,0,1,7,0,6,1,15,0,1,9,1,1,0,0,0,0,0,1,0,1,0,1,8,0
2013/2014,pilgrim's rest,thaba chweu,ehlanzeni,30.7564,-24.90998,14,0,9,1,0,0,9,9,0,1,6,0,6,3,15,1,13,4,1,0,0,3,0,3,0,0,0,0,0,1,7,0
2014/2015,pilgrim's rest,thaba chweu,ehlanzeni,30.7564,-24.90998,18,0,7,1,0,0,9,7,0,29,11,0,6,0,23,0,13,0,0,0,0,0,0,2,0,0,0,0,1,0,8,0
2015/2016,pilgrim's rest,thaba chweu,ehlanzeni,30.7564,-24.90998,22,0,9,1,0,0,16,11,0,1,9,1,6,4,37,2,13,7,0,2,1,1,0,6,0,2,0,0,1,0,4,0
2016/2017,pilgrim's rest,thaba chweu,ehlanzeni,30.7564,-24.90998,15,0,2,2,1,0,7,10,0,0,3,0,6,1,45,6,13,2,0,0,0,2,0,2,0,1,0,0,3,1,7,0
2017/2018,pilgrim's rest,thaba chweu,ehlanzeni,30.7564,-24.90998,6,2,9,2,1,0,4,8,1,0,8,0,6,1,58,6,13,2,2,0,0,0,0,1,0,1,0,0,0,0,2,0
2018/2019,pilgrim's rest,thaba chweu,ehlanzeni,30.7564,-24.90998,14,1,5,3,0,0,4,3,0,1,9,0,6,0,63,2,13,1,2,0,1,2,0,6,1,1,0,0,2,1,3,0
2019/2020,pilgrim's rest,thaba chweu,ehlanzeni,30.7564,-24.90998,5,0,16,2,0,0,7,3,0,1,7,0,6,1,26,2,13,2,3,3,0,4,0,9,1,4,0,0,0,2,2,0
2020/2021,pilgrim's rest,thaba chweu,ehlanzeni,30.7564,-24.90998,9,1,8,2,1,0,5,5,0,2,9,0,6,3,2,0,13,4,2,0,0,1,0,1,0,1,0,0,1,0,1,0
2021/2022,pilgrim's rest,thaba chweu,ehlanzeni,30.7564,-24.90998,9,2,2,1,0,0,3,1,0,2,8,1,6,4,1,2,13,1,1,1,0,0,0,3,1,2,0,0,1,0,2,0
2022/2023,pilgrim's rest,thaba chweu,ehlanzeni,30.7564,-24.90998,6,1,4,0,0,0,5,2,1,2,6,0,7,1,5,2,13,5,2,2,2,0,0,4,0,3,0,0,0,0,2,0
2023/2024,pilgrim's rest,ehlanzeni district,ehlanzeni district,30.7564,-24.90998,0,0,0,0,0,0,0,3,0,0,0,0,0,0,0,0,0,0,0,0,0,0,0,0,0,0,0,0,0,1,2,0
2024/2025,pilgrim's rest,ehlanzeni district,ehlanzeni district,30.7564,-24.90998,0,0,0,0,0,0,0,5,0,0,0,0,0,0,0,0,0,0,0,0,0,0,0,0,0,0,0,0,0,0,2,0
2008/2009,pinelands,city of cape town,city of cape town,18.50137,-33.92691,757,0,23,5,1,0,85,371,8,211,142,63,4,32,93,1,1,130,2,2,9,16,0,155,7,12,0,65,0,106,378,2
2009/2010,pinelands,city of cape town,city of cape town,18.50137,-33.92691,685,0,25,2,0,0,106,303,11,170,153,68,5,42,105,4,1,71,1,6,8,17,0,132,5,14,0,74,0,114,430,0
2010/2011,pinelands,city of cape town,city of cape town,18.50137,-33.92691,650,3,24,0,4,0,87,311,0,131,164,59,7,57,107,5,1,60,2,6,4,19,1,101,8,19,0,35,0,112,421,0
2011/2012,pinelands,city of cape town,city of cape town,18.50137,-33.92691,607,2,23,4,0,0,65,254,3,121,123,70,6,59,143,4,1,60,4,15,5,11,1,101,8,23,2,56,0,83,374,1
2012/2013,pinelands,city of cape town,city of cape town,18.50137,-33.92691,652,0,15,1,0,0,73,308,4,119,125,64,6,63,189,4,1,60,0,2,5,14,0,91,6,8,0,23,0,126,365,0
2013/2014,pinelands,city of cape town,city of cape town,18.50137,-33.92691,689,0,15,2,0,0,61,376,2,154,96,58,4,59,207,2,13,44,1,3,3,18,0,91,5,10,1,31,0,83,399,0
2014/2015,pinelands,city of cape town,city of cape town,18.50137,-33.92691,664,1,16,1,0,0,61,289,6,104,83,51,6,70,236,4,13,34,1,6,7,11,0,114,6,12,0,37,0,93,248,0
2015/2016,pinelands,city of cape town,city of cape town,18.50137,-33.92691,599,0,15,3,0,0,76,247,2,146,68,45,6,73,212,4,12,49,1,1,4,9,0,106,3,4,0,40,0,101,275,0
2016/2017,pinelands,city of cape town,city of cape town,18.50137,-33.92691,681,1,22,2,0,0,62,240,4,109,65,81,6,80,209,2,12,42,0,6,8,10,1,113,3,9,0,29,0,76,283,0
2017/2018,pinelands,city of cape town,city of cape town,18.50137,-33.92691,687,0,24,3,1,0,75,216,8,125,81,59,7,50,164,3,22,56,4,7,4,9,0,145,2,11,0,28,0,55,252,2
2018/2019,pinelands,city of cape town,city of cape town,18.50137,-33.92691,460,0,15,5,0,0,79,222,8,125,65,39,6,36,65,2,13,46,3,3,4,8,0,132,4,7,0,31,0,81,242,1
2019/2020,pinelands,city of cape town,city of cape town,18.50137,-33.92691,381,1,10,1,0,0,69,168,5,132,74,50,4,43,31,2,21,34,1,7,8,10,1,164,3,12,0,32,0,63,321,1
2020/2021,pinelands,city of cape town,city of cape town,18.50137,-33.92691,283,2,7,4,1,0,56,156,3,120,47,31,6,11,45,1,12,25,0,8,3,8,1,76,6,15,0,23,0,64,218,1
2021/2022,pinelands,city of cape town,city of cape town,18.50137,-33.92691,438,1,5,2,0,0,45,135,1,160,44,35,7,14,73,1,21,27,5,4,5,4,0,63,2,7,0,17,0,48,226,0
2022/2023,pinelands,city of cape town,city of cape town,18.50137,-33.92691,413,0,16,3,0,0,66,159,11,177,62,36,6,21,48,1,21,38,3,3,9,8,0,82,3,6,0,21,0,55,242,2
2023/2024,pinelands,city of cape town district,city of cape town district,18.50137,-33.92691,0,0,0,0,0,0,0,152,5,0,0,0,0,0,0,0,0,0,0,0,0,11,0,0,0,0,0,0,0,64,222,0
2024/2025,pinelands,city of cape town district,city of cape town district,18.50137,-33.92691,0,0,0,0,0,0,0,112,5,0,0,0,0,0,0,0,0,0,0,0,0,6,0,0,0,0,0,0,0,36,205,0
2008/2009,pinetown,ethekwini,ethekwini,30.87201,-29.81797,1331,12,254,73,1,2,704,1088,191,896,506,266,47,168,164,32,1,380,24,89,141,128,4,931,31,144,0,615,0,687,426,1
2009/2010,pinetown,ethekwini,ethekwini,30.87201,-29.81797,1379,16,229,54,2,0,605,1625,212,969,569,289,45,188,344,32,1,403,30,56,108,148,0,861,30,118,0,847,0,710,522,5
2010/2011,pinetown,ethekwini,ethekwini,30.87201,-29.81797,1362,6,213,40,4,0,567,1406,184,976,638,315,36,171,420,27,1,361,25,55,94,149,0,825,29,104,0,736,0,584,583,5
2011/2012,pinetown,ethekwini,ethekwini,30.87201,-29.81797,1433,2,220,47,4,0,491,1305,139,864,560,414,17,323,466,26,1,366,20,34,58,143,0,708,24,71,4,585,0,500,812,2
2012/2013,pinetown,ethekwini,ethekwini,30.87201,-29.81797,1387,8,232,62,1,0,715,1374,234,983,504,483,17,312,526,32,1,407,26,40,123,155,1,1015,22,72,2,677,0,479,1141,1
2013/2014,pinetown,ethekwini,ethekwini,30.87201,-29.81797,1415,7,239,53,2,0,564,869,202,815,557,449,10,187,563,37,37,331,22,39,96,149,1,1035,27,74,3,753,0,401,830,0
2014/2015,pinetown,ethekwini,ethekwini,30.87201,-29.81797,1414,1,256,70,2,0,531,745,147,733,547,460,9,123,525,38,16,358,42,24,79,96,2,1013,18,49,3,797,0,406,943,0
2015/2016,pinetown,ethekwini,ethekwini,30.87201,-29.81797,1289,3,238,42,1,0,556,1014,146,839,464,380,5,115,625,35,27,324,25,42,82,109,2,1019,10,56,48,786,0,254,1053,1
2016/2017,pinetown,ethekwini,ethekwini,30.87201,-29.81797,1320,2,211,73,1,0,671,887,238,749,449,455,10,238,581,31,37,328,33,53,119,125,2,1346,14,74,48,487,1,294,1071,0
2017/2018,pinetown,ethekwini,ethekwini,30.87201,-29.81797,1348,0,154,55,1,0,585,822,117,696,462,387,7,338,553,47,27,280,31,43,127,107,0,1030,20,65,2,440,8,290,820,4
2018/2019,pinetown,ethekwini,ethekwini,30.87201,-29.81797,1398,5,136,36,3,0,567,878,91,834,444,266,6,231,322,10,37,229,31,50,107,136,0,974,16,69,5,397,1,202,741,1
2019/2020,pinetown,ethekwini,ethekwini,30.87201,-29.81797,1331,4,181,50,0,0,440,757,121,873,448,297,5,227,325,33,18,219,44,42,154,172,0,1127,16,61,16,355,2,260,796,3
2020/2021,pinetown,ethekwini,ethekwini,30.87201,-29.81797,1005,9,144,50,2,0,343,611,74,830,386,250,6,35,464,45,8,248,35,36,169,91,1,851,18,56,2,220,1,176,702,2
2021/2022,pinetown,ethekwini,ethekwini,30.87201,-29.81797,1007,21,148,73,0,0,686,612,151,780,403,263,5,21,561,36,50,333,65,33,125,93,1,1061,17,53,12,180,0,196,550,5
2022/2023,pinetown,ethekwini,ethekwini,30.87201,-29.81797,1043,8,138,112,3,0,299,562,166,929,447,302,6,25,492,54,87,250,81,34,168,92,3,1093,9,46,1,201,0,151,539,4
2023/2024,pinetown,ethekwini district,ethekwini district,30.87201,-29.81797,0,0,0,0,0,0,0,503,113,0,0,0,0,0,0,0,0,0,0,0,0,94,0,0,0,0,0,0,0,175,537,0
2024/2025,pinetown,ethekwini district,ethekwini district,30.87201,-29.81797,0,0,0,0,0,0,0,474,74,0,0,0,0,0,0,0,0,0,0,0,0,88,0,0,0,0,0,0,0,240,490,0
2008/2009,plessislaer,the msunduzi,umgungundlovu,30.33879,-29.64513,952,21,602,61,0,0,115,708,43,28,1253,118,8,68,764,80,1,435,133,224,4,61,0,327,17,245,0,1,106,75,118,0
2009/2010,plessislaer,the msunduzi,umgungundlovu,30.33879,-29.64513,897,24,726,79,0,0,109,842,28,101,1420,140,9,53,1063,85,1,455,138,380,30,80,0,328,45,430,0,7,103,82,113,1
2010/2011,plessislaer,the msunduzi,umgungundlovu,30.33879,-29.64513,871,23,812,64,0,0,99,805,14,167,1355,138,9,66,1095,90,1,456,124,317,14,57,2,244,38,360,0,9,78,90,143,0
2011/2012,plessislaer,the msunduzi,umgungundlovu,30.33879,-29.64513,864,16,761,52,0,0,71,877,14,144,1310,135,8,75,1137,71,1,438,91,307,11,48,0,251,25,336,0,61,64,104,197,0
2012/2013,plessislaer,the msunduzi,umgungundlovu,30.33879,-29.64513,770,8,685,36,0,0,107,930,16,220,1140,138,4,114,1179,73,1,390,105,279,24,46,1,301,32,313,1,136,62,110,167,0
2013/2014,plessislaer,the msunduzi,umgungundlovu,30.33879,-29.64513,806,20,712,57,0,0,114,1148,16,128,907,133,7,131,1279,50,37,405,92,212,42,30,0,338,21,234,0,180,47,124,210,0
2014/2015,plessislaer,the msunduzi,umgungundlovu,30.33879,-29.64513,797,10,791,39,1,0,155,1136,22,87,800,128,7,132,1316,46,36,399,87,219,79,39,0,377,24,245,1,124,57,154,194,0
2015/2016,plessislaer,the msunduzi,umgungundlovu,30.33879,-29.64513,926,17,867,67,0,0,179,1402,30,98,868,145,10,138,1374,52,39,400,94,234,54,56,0,390,41,281,2,145,82,134,198,0
2016/2017,plessislaer,the msunduzi,umgungundlovu,30.33879,-29.64513,863,6,755,77,6,0,127,1291,61,118,889,148,6,135,1460,67,43,455,129,179,88,42,0,438,15,200,0,124,90,136,204,3
2017/2018,plessislaer,the msunduzi,umgungundlovu,30.33879,-29.64513,902,19,726,119,2,0,166,1226,80,156,894,172,8,152,1559,87,5,514,104,177,118,91,0,594,21,204,0,139,124,175,269,1
2018/2019,plessislaer,the msunduzi,umgungundlovu,30.33879,-29.64513,917,14,780,116,3,0,171,1219,81,138,884,169,7,79,948,123,18,490,166,179,102,96,0,599,22,205,0,159,120,103,186,0
2019/2020,plessislaer,the msunduzi,umgungundlovu,30.33879,-29.64513,960,14,836,74,5,0,153,1025,102,137,964,149,5,75,501,113,44,490,161,236,117,130,0,578,29,273,3,207,159,79,201,0
2020/2021,plessislaer,the msunduzi,umgungundlovu,30.33879,-29.64513,831,14,733,107,4,0,166,836,141,163,914,120,4,36,676,71,30,503,203,159,173,209,1,780,25,190,2,147,136,98,150,0
2021/2022,plessislaer,the msunduzi,umgungundlovu,30.33879,-29.64513,746,12,715,178,3,0,143,744,110,157,1097,149,7,21,761,139,9,587,265,180,87,291,4,800,31,215,1,68,87,73,121,2
2022/2023,plessislaer,the msunduzi,umgungundlovu,30.33879,-29.64513,682,16,676,206,6,0,95,845,96,153,850,148,6,15,927,126,63,478,268,194,86,484,0,1063,21,221,1,63,64,55,117,4
2023/2024,plessislaer,umgungundlovu district,umgungundlovu district,30.33879,-29.64513,0,0,0,0,0,0,0,852,49,0,0,0,0,0,0,0,0,0,0,0,0,344,0,0,0,0,0,0,0,66,88,0
2024/2025,plessislaer,umgungundlovu district,umgungundlovu district,30.33879,-29.64513,0,0,0,0,0,0,0,780,38,0,0,0,0,0,0,0,0,0,0,0,0,184,0,0,0,0,0,0,0,36,122,0
2008/2009,plettenberg bay,bitou,garden route,23.37196,-34.05783,436,2,190,1,2,0,51,495,2,44,157,24,5,131,256,7,1,171,7,12,6,8,0,24,3,20,0,185,5,6,196,0
2009/2010,plettenberg bay,bitou,garden route,23.37196,-34.05783,439,5,134,2,1,0,119,468,0,52,121,21,18,159,314,2,1,136,7,30,5,7,0,20,5,47,0,158,4,8,214,0
2010/2011,plettenberg bay,bitou,garden route,23.37196,-34.05783,354,5,139,5,3,0,87,438,0,42,127,30,5,135,335,3,1,102,8,27,8,13,0,48,9,42,0,88,2,16,241,0
2011/2012,plettenberg bay,bitou,garden route,23.37196,-34.05783,441,6,176,8,0,0,91,462,1,25,147,39,9,137,328,2,1,159,5,31,15,8,0,70,3,39,0,99,7,13,207,0
2012/2013,plettenberg bay,bitou,garden route,23.37196,-34.05783,477,6,150,4,4,0,148,689,0,37,175,42,4,117,317,2,1,115,5,25,9,15,0,61,7,38,0,105,6,16,397,0
2013/2014,plettenberg bay,bitou,garden route,23.37196,-34.05783,484,3,191,4,7,0,110,686,0,53,200,34,5,88,399,10,12,98,4,31,3,14,0,44,20,61,0,68,1,21,436,0
2014/2015,plettenberg bay,bitou,garden route,23.37196,-34.05783,553,2,187,7,0,0,101,497,1,45,230,61,5,71,486,5,12,165,6,37,18,13,0,92,12,52,1,42,4,10,415,0
2015/2016,plettenberg bay,bitou,garden route,23.37196,-34.05783,488,5,190,8,2,0,126,554,1,73,259,59,4,85,564,7,25,155,8,23,25,14,0,87,17,44,0,81,2,7,337,0
2016/2017,plettenberg bay,bitou,garden route,23.37196,-34.05783,433,5,193,3,3,0,93,492,3,75,251,55,6,49,503,7,17,149,9,21,25,8,0,89,19,43,0,81,2,15,240,0
2017/2018,plettenberg bay,bitou,garden route,23.37196,-34.05783,398,4,243,6,7,0,91,364,0,75,189,46,6,39,506,3,23,130,8,39,10,7,0,81,18,64,0,55,2,9,202,0
2018/2019,plettenberg bay,bitou,garden route,23.37196,-34.05783,403,9,231,4,4,0,91,317,0,85,209,41,5,41,251,6,21,177,11,40,9,17,0,77,14,61,0,60,1,10,190,0
2019/2020,plettenberg bay,bitou,garden route,23.37196,-34.05783,379,8,244,7,2,0,93,390,0,96,200,36,4,57,183,2,23,164,11,35,10,12,0,79,14,53,0,77,5,8,203,0
2020/2021,plettenberg bay,bitou,garden route,23.37196,-34.05783,303,7,165,14,0,0,102,343,0,95,165,18,4,26,187,6,14,163,6,32,10,15,0,45,14,48,0,67,5,5,173,0
2021/2022,plettenberg bay,bitou,garden route,23.37196,-34.05783,330,4,146,9,2,0,56,279,0,126,225,23,8,39,199,7,14,161,11,18,5,5,0,34,12,36,0,59,4,6,118,1
2022/2023,plettenberg bay,bitou,garden route,23.37196,-34.05783,319,4,140,2,3,0,53,263,0,155,182,23,4,89,265,2,13,119,6,19,9,4,0,30,9,33,0,42,0,7,141,0
2023/2024,plettenberg bay,garden route district,garden route district,23.37196,-34.05783,0,0,0,0,0,0,0,247,0,0,0,0,0,0,0,0,0,0,0,0,0,2,0,0,0,0,0,0,0,7,89,0
2024/2025,plettenberg bay,garden route district,garden route district,23.37196,-34.05783,0,0,0,0,0,0,0,182,0,0,0,0,0,0,0,0,0,0,0,0,0,2,0,0,0,0,0,0,0,3,77,0
2008/2009,plooysburg,sol plaatje,frances baard,24.23761,-29.02645,11,0,10,0,0,0,2,3,0,0,0,0,6,1,0,0,1,1,0,0,0,0,0,0,0,0,0,0,7,0,0,0
2009/2010,plooysburg,sol plaatje,frances baard,24.23761,-29.02645,4,0,9,0,0,0,1,7,0,0,1,0,6,2,0,0,1,1,0,4,0,0,0,0,1,5,0,0,4,1,1,0
2010/2011,plooysburg,sol plaatje,frances baard,24.23761,-29.02645,11,0,11,1,1,0,0,2,0,0,8,0,6,0,0,0,1,0,2,2,0,0,0,0,0,3,0,0,5,0,0,0
2011/2012,plooysburg,sol plaatje,frances baard,24.23761,-29.02645,7,0,3,0,1,0,1,1,0,0,0,0,6,1,3,0,1,1,3,1,0,0,0,0,0,2,0,0,13,0,0,0
2012/2013,plooysburg,sol plaatje,frances baard,24.23761,-29.02645,6,0,4,0,0,0,0,4,0,0,1,0,6,0,27,0,1,2,0,1,1,0,0,1,0,1,0,0,7,1,0,0
2013/2014,plooysburg,sol plaatje,frances baard,24.23761,-29.02645,2,0,8,3,0,0,1,5,0,0,1,0,6,0,25,0,13,2,0,0,0,0,0,1,1,1,0,0,5,2,0,0
2014/2015,plooysburg,sol plaatje,frances baard,24.23761,-29.02645,19,0,2,0,0,0,0,6,1,0,0,1,6,2,7,0,13,2,1,1,1,0,0,2,0,1,0,0,7,1,0,0
2015/2016,plooysburg,sol plaatje,frances baard,24.23761,-29.02645,4,0,9,0,0,0,3,3,0,0,6,0,6,1,10,0,13,1,0,1,1,1,0,2,0,1,0,0,2,1,1,0
2016/2017,plooysburg,sol plaatje,frances baard,24.23761,-29.02645,4,0,8,0,1,0,4,3,0,0,2,0,6,0,8,0,13,3,0,2,0,0,0,0,1,4,0,0,2,2,0,0
2017/2018,plooysburg,sol plaatje,frances baard,24.23761,-29.02645,3,0,4,0,0,0,3,0,0,0,0,0,6,0,8,0,13,0,0,2,0,0,0,0,0,2,0,0,3,1,0,0
2018/2019,plooysburg,sol plaatje,frances baard,24.23761,-29.02645,7,0,6,0,0,0,4,3,0,1,2,0,6,0,4,0,13,1,1,0,0,0,0,0,0,0,0,0,1,0,0,0
2019/2020,plooysburg,sol plaatje,frances baard,24.23761,-29.02645,2,0,7,1,0,0,4,1,0,0,1,0,6,0,0,0,13,1,1,2,0,0,0,0,0,2,0,0,2,0,0,0
2020/2021,plooysburg,sol plaatje,frances baard,24.23761,-29.02645,5,0,3,1,0,0,1,3,0,0,2,0,6,0,1,0,13,3,1,2,0,0,0,0,0,2,0,0,5,2,0,0
2021/2022,plooysburg,sol plaatje,frances baard,24.23761,-29.02645,4,0,3,0,1,0,1,1,0,2,2,0,6,0,0,0,13,1,0,1,0,0,0,0,0,2,0,0,1,0,1,0
2022/2023,plooysburg,sol plaatje,frances baard,24.23761,-29.02645,4,0,3,0,0,0,0,0,0,0,5,0,6,0,1,0,13,1,0,1,0,0,0,0,0,1,0,0,1,0,0,0
2023/2024,plooysburg,pixley ka seme district,pixley ka seme district,24.23761,-29.02645,0,0,0,0,0,0,0,0,0,0,0,0,0,0,0,0,0,0,0,0,0,0,0,0,0,0,0,0,0,0,0,0
2024/2025,plooysburg,pixley ka seme district,pixley ka seme district,24.23761,-29.02645,0,0,0,0,0,0,0,1,0,0,0,0,0,0,0,0,0,0,0,0,0,0,0,0,0,0,0,0,0,1,0,0
2008/2009,pofadder,kai !garib,z f mgcawu,19.39496,-29.12586,12,1,18,3,0,0,5,13,0,3,27,1,7,4,9,0,1,6,2,8,0,0,0,0,0,9,0,2,5,0,1,0
2009/2010,pofadder,kai !garib,z f mgcawu,19.39496,-29.12586,22,0,34,6,0,0,9,14,0,4,44,3,6,8,13,0,1,10,2,3,0,0,0,0,2,5,0,2,9,2,0,0
2010/2011,pofadder,kai !garib,z f mgcawu,19.39496,-29.12586,21,1,23,3,1,1,4,23,0,5,29,1,6,5,10,0,1,14,0,3,0,0,0,1,1,5,0,1,5,1,2,0
2011/2012,pofadder,kai !garib,z f mgcawu,19.39496,-29.12586,17,1,15,1,0,0,4,11,0,0,24,1,6,5,9,0,1,7,1,7,0,0,0,0,2,9,0,4,11,0,0,0
2012/2013,pofadder,kai !garib,z f mgcawu,19.39496,-29.12586,27,0,26,3,1,0,5,8,0,2,34,2,7,6,19,0,1,12,0,3,0,0,0,0,1,6,0,0,3,0,0,0
2013/2014,pofadder,kai !garib,z f mgcawu,19.39496,-29.12586,33,1,43,1,1,0,2,21,0,0,43,4,7,6,28,0,13,13,1,5,0,0,0,1,4,11,0,3,2,0,7,0
2014/2015,pofadder,kai !garib,z f mgcawu,19.39496,-29.12586,46,1,38,0,0,0,10,39,0,3,36,3,7,8,39,1,13,18,0,5,0,1,0,3,3,9,0,1,4,2,6,0
2015/2016,pofadder,kai !garib,z f mgcawu,19.39496,-29.12586,40,1,38,0,2,0,7,33,0,4,33,4,6,6,36,0,21,19,3,10,1,1,0,4,4,16,0,9,10,0,5,0
2016/2017,pofadder,kai !garib,z f mgcawu,19.39496,-29.12586,29,0,37,0,4,0,6,43,1,3,18,8,6,9,53,0,13,11,0,3,0,0,0,2,0,7,0,8,8,0,7,0
2017/2018,pofadder,kai !garib,z f mgcawu,19.39496,-29.12586,31,0,30,0,0,0,8,29,0,4,8,3,6,15,68,0,13,7,1,3,0,0,0,2,0,3,0,8,19,2,4,0
2018/2019,pofadder,kai !garib,z f mgcawu,19.39496,-29.12586,24,0,26,1,0,0,3,25,0,3,11,2,6,12,58,0,13,10,1,4,0,0,0,0,2,6,0,7,6,0,0,0
2019/2020,pofadder,kai !garib,z f mgcawu,19.39496,-29.12586,26,0,34,1,0,0,1,34,0,2,10,2,6,7,33,0,13,10,3,6,0,0,0,0,1,7,0,5,6,0,4,0
2020/2021,pofadder,kai !garib,z f mgcawu,19.39496,-29.12586,34,0,34,0,1,0,2,33,0,3,22,3,6,14,47,1,13,9,3,4,0,1,0,1,3,8,0,2,9,0,5,0
2021/2022,pofadder,kai !garib,z f mgcawu,19.39496,-29.12586,37,0,36,0,2,0,6,39,0,4,29,5,6,16,25,0,12,15,1,6,0,0,0,1,4,12,0,6,7,1,5,0
2022/2023,pofadder,kai !garib,z f mgcawu,19.39496,-29.12586,40,1,46,2,0,0,9,39,0,7,37,3,6,6,27,1,13,16,4,2,0,0,0,2,4,6,0,13,13,0,2,0
2023/2024,pofadder,namakwa district,namakwa district,19.39496,-29.12586,0,0,0,0,0,0,0,56,0,0,0,0,0,0,0,0,0,0,0,0,0,0,0,0,0,0,0,0,0,1,5,0
2024/2025,pofadder,namakwa district,namakwa district,19.39496,-29.12586,0,0,0,0,0,0,0,28,0,0,0,0,0,0,0,0,0,0,0,0,0,0,0,0,0,0,0,0,0,0,8,0
2008/2009,point,ethekwini,ethekwini,31.03983,-29.86189,1095,6,269,17,1,0,146,175,13,449,433,255,67,305,1093,50,1,218,18,74,19,2,0,393,11,145,0,207,0,338,286,1
2009/2010,point,ethekwini,ethekwini,31.03983,-29.86189,932,1,239,12,3,0,217,214,16,372,432,231,21,250,1243,43,1,197,10,69,12,5,0,286,10,113,0,200,0,318,461,1
2010/2011,point,ethekwini,ethekwini,31.03983,-29.86189,912,1,190,15,1,0,101,152,5,465,388,187,15,463,1384,12,1,179,10,61,12,0,0,221,11,90,0,176,0,220,584,1
2011/2012,point,ethekwini,ethekwini,31.03983,-29.86189,872,3,185,11,4,0,108,127,3,392,352,223,9,506,1531,17,1,159,5,50,12,6,0,200,18,77,8,166,0,190,488,1
2012/2013,point,ethekwini,ethekwini,31.03983,-29.86189,905,1,168,13,2,0,83,71,1,363,343,246,7,701,1518,19,1,143,8,43,10,3,0,192,6,52,11,162,0,163,671,0
2013/2014,point,ethekwini,ethekwini,31.03983,-29.86189,878,0,163,13,2,0,93,102,4,265,332,293,6,664,1697,26,28,141,12,31,8,2,0,225,10,43,50,163,0,136,630,0
2014/2015,point,ethekwini,ethekwini,31.03983,-29.86189,688,0,172,9,0,0,63,114,2,272,239,238,4,614,1987,7,21,169,11,26,13,4,0,163,4,32,168,145,0,144,719,0
2015/2016,point,ethekwini,ethekwini,31.03983,-29.86189,649,0,152,12,0,0,172,103,3,257,296,266,7,521,1873,12,25,152,10,24,7,2,0,169,8,33,312,134,0,142,564,0
2016/2017,point,ethekwini,ethekwini,31.03983,-29.86189,653,0,146,13,0,0,122,74,4,484,230,243,4,369,1780,15,22,152,6,32,18,7,0,191,12,46,268,116,0,200,475,0
2017/2018,point,ethekwini,ethekwini,31.03983,-29.86189,618,1,116,17,0,0,71,59,17,333,240,265,4,763,1866,13,36,112,10,25,24,4,0,190,4,31,224,85,0,156,607,1
2018/2019,point,ethekwini,ethekwini,31.03983,-29.86189,499,0,118,16,0,0,60,61,5,290,234,381,6,861,1068,15,25,95,13,20,18,0,0,185,7,27,159,85,0,232,425,0
2019/2020,point,ethekwini,ethekwini,31.03983,-29.86189,424,0,115,22,0,0,64,82,18,232,232,235,6,727,1095,18,25,97,9,28,14,0,0,159,9,37,178,78,0,231,382,0
2020/2021,point,ethekwini,ethekwini,31.03983,-29.86189,222,0,60,12,0,0,52,63,8,198,147,105,6,41,842,6,25,59,4,31,13,2,0,105,5,36,120,32,0,91,151,0
2021/2022,point,ethekwini,ethekwini,31.03983,-29.86189,324,0,88,12,0,0,94,44,7,262,178,207,6,44,762,11,24,87,22,37,20,3,0,187,6,43,160,32,0,110,242,0
2022/2023,point,ethekwini,ethekwini,31.03983,-29.86189,359,1,90,16,3,0,62,32,6,194,225,219,6,31,699,7,16,77,22,28,18,1,0,207,6,37,8,75,0,163,270,0
2023/2024,point,ethekwini district,ethekwini district,31.03983,-29.86189,0,0,0,0,0,0,0,31,21,0,0,0,0,0,0,0,0,0,0,0,0,2,0,0,0,0,0,0,0,141,274,0
2024/2025,point,ethekwini district,ethekwini district,31.03983,-29.86189,0,0,0,0,0,0,0,22,10,0,0,0,0,0,0,0,0,0,0,0,0,1,0,0,0,0,0,0,0,95,238,0
2008/2009,polokwane,polokwane,capricorn,29.45481,-23.91312,1711,14,374,34,6,0,456,845,49,469,544,232,64,222,128,22,1,435,44,102,45,42,5,244,11,285,0,741,34,252,768,1
2009/2010,polokwane,polokwane,capricorn,29.45481,-23.91312,1666,10,287,35,12,0,407,918,34,453,386,202,65,263,190,12,1,334,40,122,43,53,2,354,15,257,0,961,37,187,897,1
2010/2011,polokwane,polokwane,capricorn,29.45481,-23.91312,1391,18,284,20,5,0,467,941,10,499,411,218,66,494,185,13,1,324,27,115,17,37,0,226,20,244,0,770,27,100,810,1
2011/2012,polokwane,polokwane,capricorn,29.45481,-23.91312,2440,22,438,40,6,0,563,1447,10,767,823,399,10,673,208,22,1,465,37,122,36,31,0,378,19,153,263,676,33,189,1319,0
2012/2013,polokwane,polokwane,capricorn,29.45481,-23.91312,1450,5,185,15,3,0,256,906,9,627,435,193,7,103,321,12,1,198,6,46,17,32,2,230,18,68,93,789,14,118,851,1
2013/2014,polokwane,polokwane,capricorn,29.45481,-23.91312,1887,5,183,13,2,0,233,859,5,621,409,246,6,67,414,6,27,174,12,48,17,32,0,313,10,60,33,815,26,134,1031,0
2014/2015,polokwane,polokwane,capricorn,29.45481,-23.91312,1936,3,175,8,4,0,318,890,10,571,392,221,7,109,511,20,28,189,11,42,30,33,0,432,8,55,1,764,16,85,997,2
2015/2016,polokwane,polokwane,capricorn,29.45481,-23.91312,1834,3,144,8,2,0,372,699,9,581,401,227,7,209,508,7,24,186,14,34,35,23,0,421,9,46,1,722,14,75,989,0
2016/2017,polokwane,polokwane,capricorn,29.45481,-23.91312,1566,2,129,15,1,0,450,593,14,525,321,210,4,323,720,10,14,193,13,33,30,20,0,404,9,45,20,699,20,81,1008,0
2017/2018,polokwane,polokwane,capricorn,29.45481,-23.91312,1263,1,150,17,2,0,381,520,8,523,256,144,6,406,985,14,6,164,21,29,33,20,0,279,15,46,91,575,30,63,806,0
2018/2019,polokwane,polokwane,capricorn,29.45481,-23.91312,1713,5,148,17,2,0,319,609,15,569,266,178,7,453,925,10,25,174,18,34,22,34,0,323,19,56,192,664,31,62,703,0
2019/2020,polokwane,polokwane,capricorn,29.45481,-23.91312,1500,0,122,19,3,0,313,724,7,657,243,189,7,566,1084,15,24,138,11,31,24,40,0,400,9,44,277,600,13,81,725,2
2020/2021,polokwane,polokwane,capricorn,29.45481,-23.91312,1002,0,101,10,0,0,381,472,7,566,245,100,6,164,1308,16,25,155,11,36,12,23,0,232,9,45,359,433,14,41,446,0
2021/2022,polokwane,polokwane,capricorn,29.45481,-23.91312,1038,1,105,14,0,0,272,479,7,682,246,123,6,226,339,7,22,145,23,37,31,13,0,230,13,50,70,438,8,71,535,0
2022/2023,polokwane,polokwane,capricorn,29.45481,-23.91312,1187,1,128,16,1,0,378,539,11,730,290,159,11,98,146,12,28,155,17,29,48,39,0,390,14,52,2,460,4,55,576,1
2023/2024,polokwane,capricorn district,capricorn district,29.45481,-23.91312,0,0,0,0,0,0,0,508,3,0,0,0,0,0,0,0,0,0,0,0,0,53,0,0,0,0,0,0,0,70,836,0
2024/2025,polokwane,capricorn district,capricorn district,29.45481,-23.91312,0,0,0,0,0,0,0,386,6,0,0,0,0,0,0,0,0,0,0,0,0,14,0,0,0,0,0,0,0,37,892,0
2008/2009,pongola,uphongolo,zululand,31.61623,-27.37626,282,10,325,31,0,0,102,197,3,20,231,51,8,57,68,56,1,100,32,76,18,32,1,98,23,103,0,100,77,47,50,0
2009/2010,pongola,uphongolo,zululand,31.61623,-27.37626,277,10,301,23,1,0,128,206,1,28,253,46,9,40,91,36,1,87,26,85,17,24,0,85,19,110,0,74,53,40,43,0
2010/2011,pongola,uphongolo,zululand,31.61623,-27.37626,301,12,311,28,0,0,128,231,3,31,237,44,12,44,100,39,1,95,34,98,21,52,1,128,12,117,0,68,35,48,83,0
2011/2012,pongola,uphongolo,zululand,31.61623,-27.37626,317,8,367,22,0,0,82,226,8,63,302,40,9,66,93,29,1,114,24,111,11,35,0,108,25,141,1,36,57,36,72,0
2012/2013,pongola,uphongolo,zululand,31.61623,-27.37626,281,5,329,20,0,0,150,245,3,36,250,44,7,72,110,38,1,116,30,112,15,38,0,125,31,144,0,66,76,47,94,0
2013/2014,pongola,uphongolo,zululand,31.61623,-27.37626,286,20,378,20,0,0,123,251,5,67,267,38,7,67,145,34,22,126,18,104,9,24,0,105,21,126,1,68,53,42,145,0
2014/2015,pongola,uphongolo,zululand,31.61623,-27.37626,257,12,320,29,0,0,124,231,4,55,200,39,6,74,166,43,16,115,32,122,20,48,0,146,10,132,3,62,43,33,128,1
2015/2016,pongola,uphongolo,zululand,31.61623,-27.37626,302,6,337,35,0,0,113,195,0,65,249,62,5,93,188,33,28,131,26,113,14,39,0,126,20,136,0,70,55,34,103,0
2016/2017,pongola,uphongolo,zululand,31.61623,-27.37626,302,7,290,29,1,0,78,213,1,77,197,50,4,103,215,22,2,105,32,93,12,33,0,125,19,115,0,47,52,18,72,1
2017/2018,pongola,uphongolo,zululand,31.61623,-27.37626,338,8,336,19,3,0,57,178,5,46,190,38,6,148,356,46,28,110,34,83,9,27,0,108,14,100,0,48,45,21,95,0
2018/2019,pongola,uphongolo,zululand,31.61623,-27.37626,333,14,372,15,3,0,66,269,5,82,206,49,4,128,324,31,24,137,34,108,7,16,0,95,17,130,0,50,58,9,91,0
2019/2020,pongola,uphongolo,zululand,31.61623,-27.37626,296,9,361,22,2,0,63,341,4,80,221,40,32,167,380,30,16,160,26,142,12,11,0,86,16,172,0,64,50,10,83,0
2020/2021,pongola,uphongolo,zululand,31.61623,-27.37626,230,9,400,23,1,0,63,154,1,73,190,61,7,20,223,18,27,137,34,89,4,28,0,78,12,103,0,31,45,14,53,0
2021/2022,pongola,uphongolo,zululand,31.61623,-27.37626,231,9,418,37,1,0,48,162,0,80,209,45,6,32,289,28,38,149,41,97,11,21,0,93,18,116,0,49,81,5,53,0
2022/2023,pongola,uphongolo,zululand,31.61623,-27.37626,254,10,385,28,5,0,72,153,1,75,205,61,6,60,325,11,16,119,34,111,8,14,0,80,14,130,0,34,60,10,54,0
2023/2024,pongola,zululand district,zululand district,31.61623,-27.37626,0,0,0,0,0,0,0,193,1,0,0,0,0,0,0,0,0,0,0,0,0,21,0,0,0,0,0,0,0,7,52,0
2024/2025,pongola,zululand district,zululand district,31.61623,-27.37626,0,0,0,0,0,0,0,196,3,0,0,0,0,0,0,0,0,0,0,0,0,8,0,0,0,0,0,0,0,13,41,0
2008/2009,port alfred,ndlambe,sarah baartman,26.88904,-33.59043,348,1,70,8,0,0,73,396,1,71,64,13,5,107,33,3,1,52,2,13,3,7,0,34,2,18,0,68,5,17,95,0
2009/2010,port alfred,ndlambe,sarah baartman,26.88904,-33.59043,259,1,56,5,5,0,49,342,0,86,78,19,4,104,41,0,1,44,0,6,2,5,1,52,4,17,0,85,16,21,71,0
2010/2011,port alfred,ndlambe,sarah baartman,26.88904,-33.59043,321,2,48,2,0,0,65,305,0,79,65,25,7,37,25,2,1,51,4,10,3,11,0,28,4,15,0,72,8,27,74,0
2011/2012,port alfred,ndlambe,sarah baartman,26.88904,-33.59043,272,1,53,2,2,0,52,344,0,76,67,22,7,36,24,3,1,55,1,12,3,4,0,34,2,17,1,57,4,7,51,0
2012/2013,port alfred,ndlambe,sarah baartman,26.88904,-33.59043,230,0,56,3,2,0,52,290,0,56,62,13,4,37,39,0,1,47,2,8,0,6,1,37,6,18,1,47,9,17,96,0
2013/2014,port alfred,ndlambe,sarah baartman,26.88904,-33.59043,241,0,63,2,2,0,67,272,0,62,45,16,7,30,63,0,12,40,0,5,5,5,0,32,3,11,0,58,5,12,93,0
2014/2015,port alfred,ndlambe,sarah baartman,26.88904,-33.59043,223,1,58,12,2,0,47,258,2,62,65,12,6,39,53,9,12,60,1,15,3,14,0,49,5,22,0,47,5,9,85,0
2015/2016,port alfred,ndlambe,sarah baartman,26.88904,-33.59043,224,3,49,2,1,0,68,281,0,66,69,17,7,57,52,2,13,52,0,5,3,4,1,21,2,9,1,44,6,11,74,0
2016/2017,port alfred,ndlambe,sarah baartman,26.88904,-33.59043,193,2,42,6,1,0,58,277,1,68,70,25,6,63,68,6,13,34,2,8,7,10,0,43,2,11,1,53,12,6,76,0
2017/2018,port alfred,ndlambe,sarah baartman,26.88904,-33.59043,182,1,38,0,0,0,54,280,0,84,50,18,7,33,50,1,13,37,1,7,0,9,1,35,4,12,0,62,2,6,51,1
2018/2019,port alfred,ndlambe,sarah baartman,26.88904,-33.59043,260,1,44,2,0,0,44,293,0,92,83,18,4,20,34,1,13,57,1,11,5,11,0,32,2,15,0,54,0,11,59,0
2019/2020,port alfred,ndlambe,sarah baartman,26.88904,-33.59043,213,0,48,2,1,0,41,204,0,98,58,16,6,26,32,9,21,42,1,10,4,5,0,43,1,12,1,61,2,1,40,0
2020/2021,port alfred,ndlambe,sarah baartman,26.88904,-33.59043,198,1,31,0,0,0,33,184,0,83,49,7,7,25,42,0,13,34,0,11,4,5,0,29,7,19,0,38,3,3,33,0
2021/2022,port alfred,ndlambe,sarah baartman,26.88904,-33.59043,240,0,31,2,1,0,50,191,0,100,34,11,4,29,61,2,21,33,1,14,4,5,0,26,5,22,0,39,6,2,50,0
2022/2023,port alfred,ndlambe,sarah baartman,26.88904,-33.59043,316,0,24,3,0,0,47,203,0,113,43,12,6,7,101,0,12,34,3,8,2,3,0,17,4,12,0,33,5,6,79,0
2023/2024,port alfred,sarah baartman district,sarah baartman district,26.88904,-33.59043,0,0,0,0,0,0,0,223,0,0,0,0,0,0,0,0,0,0,0,0,0,2,0,0,0,0,0,0,0,2,77,0
2024/2025,port alfred,sarah baartman district,sarah baartman district,26.88904,-33.59043,0,0,0,0,0,0,0,111,0,0,0,0,0,0,0,0,0,0,0,0,0,4,0,0,0,0,0,0,0,4,57,0
2008/2009,port edward,ray nkonyeni,ugu,30.21723,-31.05239,116,1,105,6,0,0,15,257,4,8,82,13,12,45,187,12,1,31,14,28,1,18,2,52,4,39,0,10,3,13,25,0
2009/2010,port edward,ray nkonyeni,ugu,30.21723,-31.05239,106,5,104,12,3,0,32,246,1,10,89,14,9,40,218,15,1,36,13,41,1,21,0,48,4,53,0,9,2,4,32,0
2010/2011,port edward,ray nkonyeni,ugu,30.21723,-31.05239,102,4,77,5,0,0,51,262,1,11,62,18,4,48,281,11,1,33,23,44,4,9,1,40,1,47,0,3,5,13,35,0
2011/2012,port edward,ray nkonyeni,ugu,30.21723,-31.05239,95,1,78,5,6,0,55,256,1,15,38,4,6,14,399,15,1,34,13,37,6,8,0,25,0,43,0,12,1,9,35,0
2012/2013,port edward,ray nkonyeni,ugu,30.21723,-31.05239,89,0,78,4,3,0,40,226,0,15,62,14,6,8,450,28,1,27,16,41,11,10,0,41,12,56,0,10,1,7,22,0
2013/2014,port edward,ray nkonyeni,ugu,30.21723,-31.05239,103,1,68,1,1,0,37,195,1,12,60,10,7,4,489,4,14,28,8,35,6,3,0,18,2,39,0,4,4,11,18,0
2014/2015,port edward,ray nkonyeni,ugu,30.21723,-31.05239,112,1,103,0,4,0,42,207,0,26,37,14,6,4,580,12,13,25,18,34,7,1,0,27,1,39,0,6,2,5,21,0
2015/2016,port edward,ray nkonyeni,ugu,30.21723,-31.05239,111,3,69,3,3,0,55,235,1,15,68,11,5,10,671,14,12,15,17,21,3,4,0,23,3,30,0,10,0,5,19,0
2016/2017,port edward,ray nkonyeni,ugu,30.21723,-31.05239,147,0,79,0,0,0,51,283,2,13,82,20,6,7,803,4,14,29,13,26,9,9,0,39,4,30,0,9,0,9,26,0
2017/2018,port edward,ray nkonyeni,ugu,30.21723,-31.05239,116,3,75,4,0,0,45,282,1,33,70,9,5,4,832,2,12,17,15,26,5,21,0,35,3,32,0,10,4,4,27,0
2018/2019,port edward,ray nkonyeni,ugu,30.21723,-31.05239,127,1,71,3,3,0,47,379,1,32,71,9,6,7,301,12,13,26,17,37,3,8,0,25,6,46,1,11,2,8,28,0
2019/2020,port edward,ray nkonyeni,ugu,30.21723,-31.05239,92,0,68,3,3,0,26,194,0,36,50,8,6,9,24,1,12,18,7,45,3,7,0,23,5,53,1,2,5,3,26,0
2020/2021,port edward,ray nkonyeni,ugu,30.21723,-31.05239,70,0,64,4,0,0,36,186,3,48,54,5,7,7,22,3,13,20,11,28,5,12,0,30,5,34,1,3,5,10,14,0
2021/2022,port edward,ray nkonyeni,ugu,30.21723,-31.05239,109,2,79,8,1,0,22,169,1,48,65,8,4,8,14,2,12,30,18,36,5,8,0,22,3,42,0,9,1,7,20,0
2022/2023,port edward,ray nkonyeni,ugu,30.21723,-31.05239,114,1,76,15,1,0,34,220,1,63,81,11,7,3,13,6,12,30,33,43,7,19,0,41,2,47,0,7,4,7,30,0
2023/2024,port edward,ugu district,ugu district,30.21723,-31.05239,0,0,0,0,0,0,0,278,2,0,0,0,0,0,0,0,0,0,0,0,0,20,0,0,0,0,0,0,0,9,48,0
2024/2025,port edward,ugu district,ugu district,30.21723,-31.05239,0,0,0,0,0,0,0,148,4,0,0,0,0,0,0,0,0,0,0,0,0,11,0,0,0,0,0,0,0,4,41,0
2008/2009,port nolloth,richtersveld,namakwa,16.86932,-29.25463,61,0,75,8,2,0,16,40,0,11,36,2,7,5,11,2,1,21,2,7,0,1,0,3,1,11,0,12,6,0,5,0
2009/2010,port nolloth,richtersveld,namakwa,16.86932,-29.25463,43,1,53,7,0,0,13,40,0,1,29,0,7,5,23,0,1,21,1,1,0,2,0,2,5,7,0,12,2,1,6,0
2010/2011,port nolloth,richtersveld,namakwa,16.86932,-29.25463,24,0,42,9,0,0,7,36,0,3,43,3,6,5,19,0,1,14,1,11,0,1,0,0,2,13,0,12,0,1,1,0
2011/2012,port nolloth,richtersveld,namakwa,16.86932,-29.25463,58,2,49,9,0,0,14,36,0,9,67,2,4,5,31,0,1,36,0,6,1,2,0,4,3,11,0,7,3,3,7,0
2012/2013,port nolloth,richtersveld,namakwa,16.86932,-29.25463,76,3,48,3,0,0,25,60,0,3,83,5,6,6,19,1,1,43,0,8,0,2,0,4,3,11,0,10,1,1,11,0
2013/2014,port nolloth,richtersveld,namakwa,16.86932,-29.25463,61,0,91,5,2,0,32,61,0,3,81,6,6,5,38,1,21,43,1,11,1,3,0,9,4,17,0,5,7,2,5,0
2014/2015,port nolloth,richtersveld,namakwa,16.86932,-29.25463,66,1,57,4,0,0,24,73,0,2,68,9,6,8,36,0,13,41,3,2,1,2,0,6,0,2,0,3,3,1,11,0
2015/2016,port nolloth,richtersveld,namakwa,16.86932,-29.25463,71,0,63,3,1,0,18,73,0,3,47,10,6,4,69,1,13,45,0,6,1,1,0,5,5,12,0,5,1,1,18,0
2016/2017,port nolloth,richtersveld,namakwa,16.86932,-29.25463,71,0,56,4,1,0,17,65,0,5,59,4,6,3,49,0,13,42,3,7,0,1,0,3,1,9,0,3,4,1,37,0
2017/2018,port nolloth,richtersveld,namakwa,16.86932,-29.25463,73,0,64,5,0,0,21,71,0,9,56,3,6,2,55,0,13,37,1,5,2,1,0,7,0,5,0,8,5,2,30,0
2018/2019,port nolloth,richtersveld,namakwa,16.86932,-29.25463,84,3,69,9,0,0,22,60,0,9,52,5,4,6,19,1,12,36,3,1,1,0,0,4,1,4,0,6,1,0,17,0
2019/2020,port nolloth,richtersveld,namakwa,16.86932,-29.25463,104,1,65,10,2,0,31,76,0,15,60,7,6,3,28,0,13,49,0,3,2,1,0,8,1,6,0,13,4,0,25,0
2020/2021,port nolloth,richtersveld,namakwa,16.86932,-29.25463,87,2,66,7,2,0,41,85,0,12,51,6,4,5,26,0,12,37,1,4,3,5,0,11,1,9,0,7,3,1,18,0
2021/2022,port nolloth,richtersveld,namakwa,16.86932,-29.25463,116,2,76,33,0,0,19,76,0,11,75,9,4,11,27,1,21,70,2,5,0,1,0,8,3,10,0,6,2,1,27,0
2022/2023,port nolloth,richtersveld,namakwa,16.86932,-29.25463,73,0,52,27,0,0,19,35,0,13,50,3,6,5,31,0,13,51,3,7,4,4,0,13,2,9,0,12,0,0,26,0
2023/2024,port nolloth,namakwa district,namakwa district,16.86932,-29.25463,0,0,0,0,0,0,0,50,0,0,0,0,0,0,0,0,0,0,0,0,0,3,0,0,0,0,0,0,0,0,32,0
2024/2025,port nolloth,namakwa district,namakwa district,16.86932,-29.25463,0,0,0,0,0,0,0,54,0,0,0,0,0,0,0,0,0,0,0,0,0,1,0,0,0,0,0,0,0,1,22,0
2008/2009,port shepstone,ray nkonyeni,ugu,30.4489,-30.73368,718,8,391,30,6,0,192,496,4,698,549,126,63,353,168,29,1,158,55,98,19,22,3,189,12,197,0,410,2,66,159,1
2009/2010,port shepstone,ray nkonyeni,ugu,30.4489,-30.73368,612,9,421,44,6,0,181,544,8,323,578,121,29,249,266,53,1,178,35,90,19,26,1,180,19,137,0,348,1,71,249,0
2010/2011,port shepstone,ray nkonyeni,ugu,30.4489,-30.73368,654,9,414,51,6,0,189,635,4,357,511,96,38,340,329,39,1,168,50,91,17,23,0,184,16,137,0,292,5,57,291,0
2011/2012,port shepstone,ray nkonyeni,ugu,30.4489,-30.73368,660,9,380,62,6,0,210,692,2,303,468,103,5,379,417,43,1,178,49,115,20,37,0,208,19,143,42,287,5,50,299,0
2012/2013,port shepstone,ray nkonyeni,ugu,30.4489,-30.73368,648,3,332,84,3,0,203,690,3,316,381,94,8,164,906,28,1,163,48,106,30,43,0,238,16,129,89,396,2,64,250,1
2013/2014,port shepstone,ray nkonyeni,ugu,30.4489,-30.73368,616,6,298,84,4,0,218,713,0,309,410,126,10,145,493,28,25,113,45,81,33,30,0,217,19,110,346,480,3,107,322,0
2014/2015,port shepstone,ray nkonyeni,ugu,30.4489,-30.73368,654,7,249,54,3,0,182,717,4,254,322,87,4,188,578,41,25,116,58,69,29,30,0,224,11,85,443,334,8,74,212,0
2015/2016,port shepstone,ray nkonyeni,ugu,30.4489,-30.73368,563,3,278,43,3,0,256,681,9,281,356,104,4,195,393,42,27,86,51,70,33,28,0,204,11,86,547,322,4,36,186,1
2016/2017,port shepstone,ray nkonyeni,ugu,30.4489,-30.73368,488,6,271,42,3,0,201,602,11,331,334,82,5,235,537,29,16,80,33,68,24,24,0,174,17,91,669,261,8,67,161,1
2017/2018,port shepstone,ray nkonyeni,ugu,30.4489,-30.73368,569,3,287,32,5,0,160,602,7,387,337,93,4,283,605,26,3,110,49,57,41,32,0,200,11,75,732,258,8,62,213,1
2018/2019,port shepstone,ray nkonyeni,ugu,30.4489,-30.73368,621,8,354,30,5,0,195,588,5,380,318,120,7,301,406,18,12,122,48,78,39,24,0,159,13,97,935,196,11,39,197,1
2019/2020,port shepstone,ray nkonyeni,ugu,30.4489,-30.73368,571,4,365,24,1,0,202,606,1,341,334,93,5,241,156,18,2,124,38,82,41,41,0,187,18,104,1084,181,3,33,184,1
2020/2021,port shepstone,ray nkonyeni,ugu,30.4489,-30.73368,453,10,286,38,4,0,230,450,2,274,306,96,8,55,126,14,21,97,42,65,38,36,0,191,12,85,108,160,7,32,191,2
2021/2022,port shepstone,ray nkonyeni,ugu,30.4489,-30.73368,395,4,356,32,5,0,148,335,4,343,306,78,4,55,148,22,26,121,54,96,28,30,0,178,8,111,170,145,1,35,124,1
2022/2023,port shepstone,ray nkonyeni,ugu,30.4489,-30.73368,475,6,332,68,10,0,154,414,7,332,384,89,7,83,230,26,37,116,72,100,25,37,0,167,16,127,204,198,6,25,123,3
2023/2024,port shepstone,ugu district,ugu district,30.4489,-30.73368,0,0,0,0,0,0,0,410,11,0,0,0,0,0,0,0,0,0,0,0,0,26,0,0,0,0,0,0,0,21,80,0
2024/2025,port shepstone,ugu district,ugu district,30.4489,-30.73368,0,0,0,0,0,0,0,413,2,0,0,0,0,0,0,0,0,0,0,0,0,25,0,0,0,0,0,0,0,27,107,0
2008/2009,port st johns,port st johns,o.r.tambo,29.54424,-31.62894,110,10,251,14,1,0,34,171,2,20,119,25,11,69,27,34,1,38,27,54,7,19,0,58,9,72,0,12,12,8,22,0
2009/2010,port st johns,port st johns,o.r.tambo,29.54424,-31.62894,74,15,219,17,0,0,25,111,1,17,78,26,7,82,33,22,1,39,24,55,7,27,0,60,5,61,0,20,17,14,16,0
2010/2011,port st johns,port st johns,o.r.tambo,29.54424,-31.62894,87,17,208,19,0,0,41,67,3,22,75,16,5,14,34,26,1,37,32,51,9,7,0,49,7,61,0,10,9,11,24,0
2011/2012,port st johns,port st johns,o.r.tambo,29.54424,-31.62894,54,10,204,10,0,0,52,96,2,76,60,20,7,0,31,22,1,42,38,70,6,7,0,46,8,79,1,4,3,11,19,0
2012/2013,port st johns,port st johns,o.r.tambo,29.54424,-31.62894,61,17,161,11,1,0,34,81,0,67,68,11,7,1,36,11,1,50,49,49,14,10,0,45,4,55,0,13,10,4,29,0
2013/2014,port st johns,port st johns,o.r.tambo,29.54424,-31.62894,84,16,195,18,0,0,51,47,0,68,77,15,8,2,42,17,14,39,33,69,12,7,1,44,5,78,0,8,13,8,24,0
2014/2015,port st johns,port st johns,o.r.tambo,29.54424,-31.62894,77,14,192,10,0,0,61,53,2,24,77,10,7,1,40,42,14,46,23,76,23,6,0,49,11,88,0,12,5,0,11,0
2015/2016,port st johns,port st johns,o.r.tambo,29.54424,-31.62894,70,9,188,16,0,0,74,49,2,25,34,13,6,8,56,27,22,45,38,81,12,6,0,46,6,87,0,10,10,2,17,0
2016/2017,port st johns,port st johns,o.r.tambo,29.54424,-31.62894,82,13,156,19,0,0,70,71,3,27,35,7,6,11,50,38,14,55,44,62,13,18,0,75,4,66,0,21,6,2,14,0
2017/2018,port st johns,port st johns,o.r.tambo,29.54424,-31.62894,65,3,169,15,0,0,40,63,3,39,50,10,6,7,85,54,23,41,36,56,14,7,0,42,6,62,0,37,6,1,12,0
2018/2019,port st johns,port st johns,o.r.tambo,29.54424,-31.62894,65,14,192,20,0,0,49,55,1,36,51,4,7,2,64,49,14,38,30,55,17,8,0,39,5,61,0,29,4,5,13,0
2019/2020,port st johns,port st johns,o.r.tambo,29.54424,-31.62894,59,3,155,22,0,0,64,54,3,53,59,10,6,33,79,21,13,45,29,77,7,14,0,42,7,84,0,12,5,5,10,1
2020/2021,port st johns,port st johns,o.r.tambo,29.54424,-31.62894,57,3,144,8,0,0,42,48,2,33,56,6,7,9,107,30,23,43,37,57,17,7,1,46,7,65,0,13,3,8,13,0
2021/2022,port st johns,port st johns,o.r.tambo,29.54424,-31.62894,40,5,156,16,1,0,36,31,1,40,58,3,7,64,144,47,2,50,30,69,12,3,0,40,11,82,0,6,6,3,12,0
2022/2023,port st johns,port st johns,o.r.tambo,29.54424,-31.62894,49,22,191,40,0,0,27,22,2,39,91,5,7,24,126,36,14,44,52,69,18,8,0,44,5,75,0,6,2,3,5,3
2023/2024,port st johns,or tambo district,or tambo district,29.54424,-31.62894,0,0,0,0,0,0,0,17,4,0,0,0,0,0,0,0,0,0,0,0,0,6,0,0,0,0,0,0,0,4,6,0
2024/2025,port st johns,or tambo district,or tambo district,29.54424,-31.62894,0,0,0,0,0,0,0,23,4,0,0,0,0,0,0,0,0,0,0,0,0,3,0,0,0,0,0,0,0,2,5,0
2008/2009,porterville,bergrivier,west coast,18.99274,-33.01164,66,0,120,1,1,0,30,23,0,5,102,2,12,22,454,3,1,37,4,26,0,0,0,0,1,35,0,25,1,1,9,0
2009/2010,porterville,bergrivier,west coast,18.99274,-33.01164,86,4,132,2,1,0,26,29,0,1,116,2,12,24,307,1,1,37,3,14,0,1,0,2,11,33,0,26,1,3,7,0
2010/2011,porterville,bergrivier,west coast,18.99274,-33.01164,87,1,136,0,3,0,16,33,0,3,114,2,7,15,337,1,1,56,5,18,0,0,0,1,3,25,0,39,1,0,14,0
2011/2012,porterville,bergrivier,west coast,18.99274,-33.01164,125,3,148,2,1,0,19,46,0,7,116,5,6,13,303,0,1,44,2,22,0,1,0,2,6,29,2,33,2,1,15,0
2012/2013,porterville,bergrivier,west coast,18.99274,-33.01164,108,0,130,3,3,0,23,77,0,5,133,7,7,22,391,0,1,53,1,13,1,0,0,4,8,25,2,20,4,1,11,0
2013/2014,porterville,bergrivier,west coast,18.99274,-33.01164,103,1,118,0,1,0,29,48,0,7,130,4,9,26,461,1,13,42,2,28,1,0,0,4,5,39,0,29,1,1,13,0
2014/2015,porterville,bergrivier,west coast,18.99274,-33.01164,132,1,127,0,0,0,46,53,0,10,153,10,4,20,562,1,21,55,0,12,0,0,0,6,3,17,0,17,2,0,19,0
2015/2016,porterville,bergrivier,west coast,18.99274,-33.01164,127,4,152,4,3,0,20,81,0,15,158,13,6,31,743,0,12,69,2,7,0,5,0,9,7,17,0,23,3,2,18,0
2016/2017,porterville,bergrivier,west coast,18.99274,-33.01164,131,2,107,1,1,0,26,68,0,16,147,18,6,21,525,1,12,66,3,9,0,0,0,2,8,18,1,8,6,1,20,0
2017/2018,porterville,bergrivier,west coast,18.99274,-33.01164,120,0,91,0,2,0,10,50,0,8,121,13,6,31,600,0,13,50,4,11,1,1,0,3,3,16,0,13,0,1,13,0
2018/2019,porterville,bergrivier,west coast,18.99274,-33.01164,99,1,110,2,0,0,21,69,0,22,116,9,6,41,384,2,21,61,2,4,1,1,0,3,3,7,0,13,1,0,15,0
2019/2020,porterville,bergrivier,west coast,18.99274,-33.01164,109,3,83,1,0,0,35,80,0,22,93,16,6,48,372,2,13,50,1,9,1,0,0,3,5,14,0,11,3,0,23,0
2020/2021,porterville,bergrivier,west coast,18.99274,-33.01164,88,3,70,2,3,0,32,67,0,27,113,7,6,44,211,2,21,48,1,5,1,1,0,7,6,14,0,3,3,1,9,0
2021/2022,porterville,bergrivier,west coast,18.99274,-33.01164,126,3,85,4,1,0,22,46,0,34,97,12,7,40,324,2,13,61,4,6,0,1,0,3,6,14,0,5,1,0,16,0
2022/2023,porterville,bergrivier,west coast,18.99274,-33.01164,92,0,83,4,2,0,34,69,0,32,94,17,6,40,318,2,13,81,2,5,2,0,0,5,3,10,0,8,2,3,13,0
2023/2024,porterville,west coast district,west coast district,18.99274,-33.01164,0,0,0,0,0,0,0,72,0,0,0,0,0,0,0,0,0,0,0,0,0,1,0,0,0,0,0,0,0,1,19,0
2024/2025,porterville,west coast district,west coast district,18.99274,-33.01164,0,0,0,0,0,0,0,51,0,0,0,0,0,0,0,0,0,0,0,0,0,1,0,0,0,0,0,0,0,2,16,0
2008/2009,postmasburg,tsantsabane,z f mgcawu,23.0668,-28.33124,139,1,170,5,5,0,16,196,1,12,46,14,5,10,10,2,1,50,12,27,1,0,1,6,1,36,0,41,30,2,26,0
2009/2010,postmasburg,tsantsabane,z f mgcawu,23.0668,-28.33124,79,1,155,5,3,0,52,132,0,19,41,7,7,23,19,1,1,34,9,30,5,0,0,9,12,46,0,44,46,4,16,0
2010/2011,postmasburg,tsantsabane,z f mgcawu,23.0668,-28.33124,101,4,170,2,5,0,59,99,0,21,60,16,7,11,35,2,1,42,9,34,2,1,0,21,6,46,0,36,38,11,22,0
2011/2012,postmasburg,tsantsabane,z f mgcawu,23.0668,-28.33124,132,2,157,7,4,0,63,158,0,21,69,13,5,18,12,2,1,47,13,37,3,4,0,19,5,49,0,37,43,10,25,0
2012/2013,postmasburg,tsantsabane,z f mgcawu,23.0668,-28.33124,126,0,205,8,6,0,80,246,0,15,54,21,4,15,23,2,1,61,11,24,9,0,0,19,10,42,0,23,55,16,22,0
2013/2014,postmasburg,tsantsabane,z f mgcawu,23.0668,-28.33124,141,5,187,10,7,0,53,193,1,34,73,16,7,27,26,3,13,70,9,39,5,6,0,54,3,50,0,30,30,19,45,0
2014/2015,postmasburg,tsantsabane,z f mgcawu,23.0668,-28.33124,196,4,224,12,3,0,52,219,0,29,96,20,7,15,36,5,13,75,15,40,1,5,0,43,3,47,0,47,24,6,44,0
2015/2016,postmasburg,tsantsabane,z f mgcawu,23.0668,-28.33124,223,13,252,10,2,0,63,333,2,24,62,54,6,11,36,1,12,101,10,24,12,7,0,54,4,30,0,27,43,10,53,0
2016/2017,postmasburg,tsantsabane,z f mgcawu,23.0668,-28.33124,168,3,169,15,3,0,52,230,2,40,45,28,6,32,55,4,25,55,11,24,7,2,0,33,2,29,0,26,39,5,33,0
2017/2018,postmasburg,tsantsabane,z f mgcawu,23.0668,-28.33124,185,3,245,13,1,0,39,218,1,40,61,27,4,19,70,1,13,86,6,19,10,2,0,71,2,24,0,20,26,11,54,0
2018/2019,postmasburg,tsantsabane,z f mgcawu,23.0668,-28.33124,214,2,212,17,5,0,45,171,1,20,70,23,6,17,51,1,21,70,7,21,5,3,0,45,4,30,0,38,18,8,39,0
2019/2020,postmasburg,tsantsabane,z f mgcawu,23.0668,-28.33124,243,4,245,9,4,0,46,194,5,37,77,31,5,12,54,1,14,81,9,31,7,4,0,70,5,43,0,36,32,7,98,0
2020/2021,postmasburg,tsantsabane,z f mgcawu,23.0668,-28.33124,217,1,223,6,3,0,45,193,0,31,92,21,4,11,64,0,13,84,8,18,1,6,0,69,5,28,1,19,15,2,99,0
2021/2022,postmasburg,tsantsabane,z f mgcawu,23.0668,-28.33124,213,2,245,8,4,0,68,170,3,61,86,22,6,15,30,2,21,91,11,37,5,5,0,75,4,45,0,32,11,11,49,0
2022/2023,postmasburg,tsantsabane,z f mgcawu,23.0668,-28.33124,206,6,264,69,2,0,65,156,3,98,125,24,6,18,122,1,21,135,15,41,6,20,0,114,7,50,0,44,13,3,81,0
2023/2024,postmasburg,zf mgcawu district,zf mgcawu district,23.0668,-28.33124,0,0,0,0,0,0,0,204,9,0,0,0,0,0,0,0,0,0,0,0,0,16,0,0,0,0,0,0,0,7,81,0
2024/2025,postmasburg,zf mgcawu district,zf mgcawu district,23.0668,-28.33124,0,0,0,0,0,0,0,178,12,0,0,0,0,0,0,0,0,0,0,0,0,10,0,0,0,0,0,0,0,9,68,0
2008/2009,potchefstroom,jb marks,dr kenneth kaunda,27.09456,-26.71531,1352,4,188,14,10,1,213,553,4,256,427,70,12,68,206,15,1,290,10,65,5,7,0,80,22,104,0,341,72,175,738,5
2009/2010,potchefstroom,jb marks,dr kenneth kaunda,27.09456,-26.71531,1240,1,167,13,7,0,242,605,2,414,404,59,10,107,414,7,1,222,12,64,8,8,0,86,13,90,0,321,96,176,651,8
2010/2011,potchefstroom,jb marks,dr kenneth kaunda,27.09456,-26.71531,1266,2,163,12,12,0,221,601,1,380,349,76,12,64,301,6,1,195,9,68,6,19,0,87,15,102,0,238,52,138,643,3
2011/2012,potchefstroom,jb marks,dr kenneth kaunda,27.09456,-26.71531,1100,3,181,15,7,0,260,641,4,427,383,62,5,62,224,6,1,198,9,75,12,8,0,92,19,104,3,210,62,187,504,0
2012/2013,potchefstroom,jb marks,dr kenneth kaunda,27.09456,-26.71531,1062,6,245,16,14,0,267,853,3,860,351,66,5,76,283,5,1,172,15,93,12,26,0,103,19,129,2,187,50,273,435,1
2013/2014,potchefstroom,jb marks,dr kenneth kaunda,27.09456,-26.71531,1096,5,252,16,9,0,234,850,1,1376,255,79,8,98,422,3,17,163,11,76,12,14,0,98,12,101,0,197,52,222,577,0
2014/2015,potchefstroom,jb marks,dr kenneth kaunda,27.09456,-26.71531,1294,4,209,13,3,0,222,804,5,803,290,60,5,98,585,8,17,143,10,61,11,22,0,122,16,83,0,167,76,251,770,1
2015/2016,potchefstroom,jb marks,dr kenneth kaunda,27.09456,-26.71531,1244,3,271,12,6,0,198,921,4,838,312,73,4,155,529,19,22,154,10,55,14,36,0,154,13,76,0,183,74,273,772,5
2016/2017,potchefstroom,jb marks,dr kenneth kaunda,27.09456,-26.71531,1194,5,221,18,3,0,223,900,8,659,332,155,8,152,499,14,22,156,15,78,12,31,0,200,21,106,18,194,59,204,944,2
2017/2018,potchefstroom,jb marks,dr kenneth kaunda,27.09456,-26.71531,1249,5,191,20,7,0,271,764,8,752,356,226,7,106,548,28,23,144,14,58,9,25,0,213,14,80,6,161,47,248,860,3
2018/2019,potchefstroom,jb marks,dr kenneth kaunda,27.09456,-26.71531,1298,5,184,6,2,0,190,861,25,1006,344,209,8,85,380,20,28,158,6,50,9,37,0,315,9,65,2,197,48,235,977,1
2019/2020,potchefstroom,jb marks,dr kenneth kaunda,27.09456,-26.71531,1048,0,190,14,6,0,239,690,12,652,410,217,6,106,251,41,26,202,9,54,4,28,0,232,20,80,12,201,28,148,776,1
2020/2021,potchefstroom,jb marks,dr kenneth kaunda,27.09456,-26.71531,740,3,115,11,1,0,208,527,6,793,279,114,8,53,173,14,17,168,5,51,6,14,0,163,12,68,0,136,36,48,530,2
2021/2022,potchefstroom,jb marks,dr kenneth kaunda,27.09456,-26.71531,794,2,123,16,4,0,221,546,10,461,330,145,4,113,151,18,22,158,13,41,8,26,0,192,9,56,0,133,17,48,583,1
2022/2023,potchefstroom,jb marks,dr kenneth kaunda,27.09456,-26.71531,849,4,122,4,2,0,160,453,13,716,341,177,7,50,136,4,2,138,7,58,12,16,0,206,18,79,1,142,29,55,424,6
2023/2024,potchefstroom,dr kenneth kaunda district,dr kenneth kaunda district,27.09456,-26.71531,0,0,0,0,0,0,0,321,26,0,0,0,0,0,0,0,0,0,0,0,0,10,0,0,0,0,0,0,0,61,453,0
2024/2025,potchefstroom,dr kenneth kaunda district,dr kenneth kaunda district,27.09456,-26.71531,0,0,0,0,0,0,0,299,18,0,0,0,0,0,0,0,0,0,0,0,0,8,0,0,0,0,0,0,0,79,296,0
2008/2009,prestbury,the msunduzi,umgungundlovu,30.33822,-29.60667,107,1,20,1,0,0,13,152,1,6,70,15,7,24,29,3,1,43,0,11,1,1,0,12,0,12,0,3,0,48,88,0
2009/2010,prestbury,the msunduzi,umgungundlovu,30.33822,-29.60667,96,1,18,1,0,0,6,100,1,5,54,7,7,16,18,2,1,25,2,10,0,0,0,12,3,14,0,4,0,31,142,0
2010/2011,prestbury,the msunduzi,umgungundlovu,30.33822,-29.60667,110,0,28,1,0,0,5,93,1,8,56,4,7,8,24,0,1,17,2,9,2,2,0,12,3,13,0,2,0,30,92,0
2011/2012,prestbury,the msunduzi,umgungundlovu,30.33822,-29.60667,97,0,29,1,0,0,7,89,2,7,52,6,7,11,40,2,1,9,0,9,0,0,0,3,1,11,0,5,0,29,66,0
2012/2013,prestbury,the msunduzi,umgungundlovu,30.33822,-29.60667,107,0,34,0,0,0,9,96,1,8,50,14,7,5,42,0,1,9,0,13,0,3,0,9,3,17,0,0,0,37,38,0
2013/2014,prestbury,the msunduzi,umgungundlovu,30.33822,-29.60667,112,1,35,0,1,0,10,81,1,7,73,7,6,3,25,1,13,13,3,12,1,3,0,27,3,16,0,1,1,26,32,0
2014/2015,prestbury,the msunduzi,umgungundlovu,30.33822,-29.60667,130,0,34,1,0,0,10,167,2,9,60,8,7,8,29,3,13,10,0,9,1,8,0,33,3,13,0,1,1,16,30,0
2015/2016,prestbury,the msunduzi,umgungundlovu,30.33822,-29.60667,113,1,25,1,0,0,11,156,3,10,43,8,6,12,42,1,12,5,1,11,0,5,0,19,2,13,0,1,0,15,54,0
2016/2017,prestbury,the msunduzi,umgungundlovu,30.33822,-29.60667,112,0,16,0,0,0,5,168,3,4,49,6,7,8,35,2,21,6,1,10,1,5,0,23,1,12,0,0,0,10,47,0
2017/2018,prestbury,the msunduzi,umgungundlovu,30.33822,-29.60667,140,1,21,1,0,0,4,188,0,7,56,6,6,6,24,7,12,8,2,3,0,6,0,16,1,4,0,1,0,29,53,0
2018/2019,prestbury,the msunduzi,umgungundlovu,30.33822,-29.60667,134,1,26,1,1,0,11,211,2,15,65,8,7,15,37,1,12,11,2,10,1,7,0,24,0,12,0,1,1,38,26,0
2019/2020,prestbury,the msunduzi,umgungundlovu,30.33822,-29.60667,128,0,14,1,1,0,9,248,0,15,62,10,6,86,30,2,21,13,1,14,2,8,0,23,2,17,0,0,0,27,24,0
2020/2021,prestbury,the msunduzi,umgungundlovu,30.33822,-29.60667,132,0,16,1,0,0,5,225,0,40,44,17,6,4,8,0,13,11,3,6,2,5,0,23,2,8,0,1,2,21,33,0
2021/2022,prestbury,the msunduzi,umgungundlovu,30.33822,-29.60667,97,0,14,1,0,0,5,95,9,35,42,7,6,13,4,1,13,10,5,10,3,6,0,38,9,19,0,1,0,18,30,0
2022/2023,prestbury,the msunduzi,umgungundlovu,30.33822,-29.60667,94,0,9,1,0,0,7,162,5,44,42,10,6,6,5,0,13,5,3,10,2,3,0,29,5,15,0,0,1,15,14,0
2023/2024,prestbury,umgungundlovu district,umgungundlovu district,30.33822,-29.60667,0,0,0,0,0,0,0,117,3,0,0,0,0,0,0,0,0,0,0,0,0,6,0,0,0,0,0,0,0,15,23,0
2024/2025,prestbury,umgungundlovu district,umgungundlovu district,30.33822,-29.60667,0,0,0,0,0,0,0,160,2,0,0,0,0,0,0,0,0,0,0,0,0,12,0,0,0,0,0,0,0,7,22,0
2008/2009,pretoria central,city of tshwane,city of tshwane,28.18472,-25.74846,2694,19,567,27,9,0,516,229,43,1050,888,662,62,228,617,26,1,516,19,104,113,17,0,808,21,233,0,1026,0,964,950,1
2009/2010,pretoria central,city of tshwane,city of tshwane,28.18472,-25.74846,2616,16,688,41,16,0,573,304,62,1239,872,973,3,96,680,20,1,494,25,135,101,27,3,882,11,175,0,1174,0,854,967,1
2010/2011,pretoria central,city of tshwane,city of tshwane,28.18472,-25.74846,2606,9,675,38,7,0,615,296,46,1178,844,967,15,110,629,16,1,536,23,97,71,26,4,835,19,140,0,1132,0,819,1127,4
2011/2012,pretoria central,city of tshwane,city of tshwane,28.18472,-25.74846,2635,9,612,24,1,0,390,201,48,1027,704,849,10,216,908,21,1,527,21,97,58,13,0,807,16,120,6,697,0,569,1138,2
2012/2013,pretoria central,city of tshwane,city of tshwane,28.18472,-25.74846,3226,6,496,25,3,0,342,168,26,793,679,863,8,188,1164,13,1,531,17,91,49,21,0,768,17,115,1,0,0,445,1428,1
2013/2014,pretoria central,city of tshwane,city of tshwane,28.18472,-25.74846,3246,5,482,36,3,0,295,168,38,684,716,1047,5,180,1620,13,42,443,20,75,62,16,0,1097,23,104,3,50,0,343,1501,1
2014/2015,pretoria central,city of tshwane,city of tshwane,28.18472,-25.74846,2892,11,454,28,4,0,410,161,49,514,626,1038,5,205,2122,22,10,472,16,85,38,5,0,1007,9,101,1,34,0,412,1617,3
2015/2016,pretoria central,city of tshwane,city of tshwane,28.18472,-25.74846,3030,11,461,21,5,0,235,109,46,466,593,937,4,187,2116,18,30,446,14,80,38,3,0,763,7,94,1,68,0,409,1376,2
2016/2017,pretoria central,city of tshwane,city of tshwane,28.18472,-25.74846,2956,10,439,23,3,0,268,129,56,533,582,951,7,223,2040,20,18,501,18,73,58,3,1,778,16,93,2,55,0,411,1361,1
2017/2018,pretoria central,city of tshwane,city of tshwane,28.18472,-25.74846,2417,6,452,31,4,0,307,91,50,622,652,955,5,253,1694,15,56,549,19,83,80,4,3,812,23,113,1,114,1,397,1258,2
2018/2019,pretoria central,city of tshwane,city of tshwane,28.18472,-25.74846,2725,5,434,32,2,0,212,83,53,574,656,921,5,166,1655,29,42,516,32,77,91,5,3,712,12,94,0,108,0,442,1395,5
2019/2020,pretoria central,city of tshwane,city of tshwane,28.18472,-25.74846,2338,24,402,25,1,0,198,79,43,578,545,818,8,246,886,22,65,499,15,79,80,4,3,701,11,95,3,56,0,364,1129,3
2020/2021,pretoria central,city of tshwane,city of tshwane,28.18472,-25.74846,1348,4,267,36,4,0,179,43,44,525,426,486,9,74,304,18,29,338,20,51,96,6,0,477,10,70,0,54,0,270,692,3
2021/2022,pretoria central,city of tshwane,city of tshwane,28.18472,-25.74846,1627,2,318,28,1,0,176,43,45,534,438,498,9,160,577,24,6,304,24,81,134,2,0,593,34,121,0,58,0,310,866,6
2022/2023,pretoria central,city of tshwane,city of tshwane,28.18472,-25.74846,1216,5,393,38,1,0,114,52,51,582,481,575,7,143,598,25,67,341,20,71,86,3,0,567,13,86,0,443,0,255,941,0
2023/2024,pretoria central,tshwane district,tshwane district,28.18472,-25.74846,0,0,0,0,0,0,0,77,61,0,0,0,0,0,0,0,0,0,0,0,0,8,0,0,0,0,0,0,0,200,1024,0
2024/2025,pretoria central,tshwane district,tshwane district,28.18472,-25.74846,0,0,0,0,0,0,0,46,42,0,0,0,0,0,0,0,0,0,0,0,0,2,0,0,0,0,0,0,0,160,709,0
2008/2009,pretoria moot,city of tshwane,city of tshwane,28.21685,-25.71295,428,4,50,6,3,0,80,391,8,291,143,35,19,82,48,7,1,152,4,9,16,24,0,96,2,28,0,183,0,369,213,0
2009/2010,pretoria moot,city of tshwane,city of tshwane,28.21685,-25.71295,406,2,68,2,0,0,85,374,11,141,175,44,18,11,25,2,1,140,1,13,25,13,0,101,3,27,0,194,0,351,185,1
2010/2011,pretoria moot,city of tshwane,city of tshwane,28.21685,-25.71295,422,8,49,2,1,0,76,318,5,202,116,41,32,43,39,7,1,143,2,9,10,15,0,69,3,25,0,179,0,333,156,0
2011/2012,pretoria moot,city of tshwane,city of tshwane,28.21685,-25.71295,529,5,44,2,0,1,79,344,3,184,125,42,9,93,65,9,1,110,2,21,11,20,0,70,14,40,1,185,0,348,185,0
2012/2013,pretoria moot,city of tshwane,city of tshwane,28.21685,-25.71295,501,1,25,8,0,0,56,313,5,214,115,39,5,49,131,10,1,129,3,18,14,12,0,55,7,28,4,204,0,413,164,0
2013/2014,pretoria moot,city of tshwane,city of tshwane,28.21685,-25.71295,397,0,28,1,0,0,84,448,4,178,108,32,4,108,213,7,12,188,1,5,11,19,0,69,11,18,1,156,0,371,176,1
2014/2015,pretoria moot,city of tshwane,city of tshwane,28.21685,-25.71295,421,0,19,3,2,0,71,303,2,128,97,39,7,113,168,1,12,139,0,11,3,22,0,66,4,18,2,154,0,303,208,0
2015/2016,pretoria moot,city of tshwane,city of tshwane,28.21685,-25.71295,358,0,31,7,0,0,27,345,6,208,92,30,4,64,202,12,13,130,7,5,11,15,0,78,3,10,0,146,0,292,194,0
2016/2017,pretoria moot,city of tshwane,city of tshwane,28.21685,-25.71295,378,0,24,1,0,0,44,205,10,198,105,31,7,59,281,2,12,123,2,9,8,14,0,58,11,21,1,116,0,285,182,0
2017/2018,pretoria moot,city of tshwane,city of tshwane,28.21685,-25.71295,340,0,19,2,0,0,22,136,4,163,82,22,7,91,273,14,21,92,2,8,9,3,0,37,5,14,0,74,0,203,138,0
2018/2019,pretoria moot,city of tshwane,city of tshwane,28.21685,-25.71295,273,1,13,4,0,0,32,112,16,135,76,20,5,205,193,6,14,38,4,6,14,18,0,70,7,16,1,98,0,193,111,0
2019/2020,pretoria moot,city of tshwane,city of tshwane,28.21685,-25.71295,260,0,23,6,0,0,35,177,7,133,72,27,8,204,184,10,23,43,2,13,19,15,0,73,10,27,0,87,0,188,124,0
2020/2021,pretoria moot,city of tshwane,city of tshwane,28.21685,-25.71295,317,2,18,5,0,0,46,136,8,141,58,20,6,138,121,6,12,33,5,10,13,7,0,57,5,15,0,84,0,222,116,1
2021/2022,pretoria moot,city of tshwane,city of tshwane,28.21685,-25.71295,341,0,22,4,0,0,24,97,15,198,66,31,5,80,121,9,21,41,3,18,15,10,0,81,13,34,0,59,0,249,156,0
2022/2023,pretoria moot,city of tshwane,city of tshwane,28.21685,-25.71295,316,1,40,1,0,0,36,126,10,296,82,35,7,107,115,6,21,61,4,10,12,14,0,88,10,21,0,79,0,188,133,0
2023/2024,pretoria moot,tshwane district,tshwane district,28.21685,-25.71295,0,0,0,0,0,0,0,150,6,0,0,0,0,0,0,0,0,0,0,0,0,9,0,0,0,0,0,0,0,176,108,0
2024/2025,pretoria moot,tshwane district,tshwane district,28.21685,-25.71295,0,0,0,0,0,0,0,99,7,0,0,0,0,0,0,0,0,0,0,0,0,8,0,0,0,0,0,0,0,171,96,0
2008/2009,pretoria north,city of tshwane,city of tshwane,28.174,-25.67133,1336,6,140,14,2,0,153,334,11,153,338,100,22,40,70,11,1,257,8,34,17,35,0,152,13,69,0,100,20,329,207,2
2009/2010,pretoria north,city of tshwane,city of tshwane,28.174,-25.67133,923,5,166,19,2,0,111,358,15,203,271,76,22,39,72,5,1,196,10,29,29,23,0,127,3,54,0,155,10,304,250,0
2010/2011,pretoria north,city of tshwane,city of tshwane,28.174,-25.67133,865,4,166,17,2,0,103,355,3,163,253,73,14,40,56,8,1,225,8,37,19,20,1,114,10,76,0,154,9,315,272,2
2011/2012,pretoria north,city of tshwane,city of tshwane,28.174,-25.67133,806,3,156,14,2,0,85,268,8,146,235,70,36,89,64,18,1,209,7,25,9,17,0,93,8,51,11,130,14,262,240,1
2012/2013,pretoria north,city of tshwane,city of tshwane,28.174,-25.67133,850,1,114,10,0,0,84,335,12,146,222,60,4,72,135,8,1,188,2,32,8,23,0,101,12,46,1,127,33,343,247,1
2013/2014,pretoria north,city of tshwane,city of tshwane,28.174,-25.67133,813,8,120,13,3,0,75,298,19,159,208,65,17,78,202,12,17,195,9,28,11,40,0,144,13,53,7,134,28,365,225,0
2014/2015,pretoria north,city of tshwane,city of tshwane,28.174,-25.67133,956,3,126,12,0,0,73,383,15,108,197,74,4,57,278,15,17,217,8,24,8,31,0,146,6,32,8,157,30,290,204,1
2015/2016,pretoria north,city of tshwane,city of tshwane,28.174,-25.67133,946,6,161,14,0,0,76,508,21,127,205,88,9,59,257,16,28,233,11,38,23,50,0,236,7,50,16,119,30,335,295,1
2016/2017,pretoria north,city of tshwane,city of tshwane,28.174,-25.67133,890,1,108,27,1,0,113,461,32,135,251,82,4,71,348,22,2,226,6,35,21,42,0,225,15,53,4,126,50,346,273,3
2017/2018,pretoria north,city of tshwane,city of tshwane,28.174,-25.67133,870,2,113,23,0,0,96,372,20,84,198,84,5,108,436,11,17,226,9,21,23,34,1,203,22,46,57,84,44,291,285,6
2018/2019,pretoria north,city of tshwane,city of tshwane,28.174,-25.67133,909,5,110,21,2,0,95,300,30,118,207,86,7,135,504,4,23,235,9,36,39,40,0,215,8,47,93,103,12,318,244,3
2019/2020,pretoria north,city of tshwane,city of tshwane,28.174,-25.67133,865,3,142,15,1,0,107,366,23,117,217,92,6,134,463,9,23,208,8,31,29,51,1,227,18,50,119,109,16,376,211,0
2020/2021,pretoria north,city of tshwane,city of tshwane,28.174,-25.67133,877,3,112,21,0,0,85,262,28,115,212,78,8,48,295,11,17,211,14,28,19,64,1,220,4,36,43,115,14,298,148,1
2021/2022,pretoria north,city of tshwane,city of tshwane,28.174,-25.67133,898,0,114,16,0,0,58,272,20,97,205,89,8,62,333,6,4,177,13,26,42,48,0,224,21,51,7,71,17,410,214,5
2022/2023,pretoria north,city of tshwane,city of tshwane,28.174,-25.67133,920,2,120,21,0,0,71,325,17,118,238,77,7,51,432,15,36,221,6,31,22,42,0,232,13,45,0,71,26,363,221,8
2023/2024,pretoria north,tshwane district,tshwane district,28.174,-25.67133,0,0,0,0,0,0,0,295,36,0,0,0,0,0,0,0,0,0,0,0,0,55,0,0,0,0,0,0,0,271,224,0
2024/2025,pretoria north,tshwane district,tshwane district,28.174,-25.67133,0,0,0,0,0,0,0,224,50,0,0,0,0,0,0,0,0,0,0,0,0,37,0,0,0,0,0,0,0,229,226,0
2008/2009,pretoria west,city of tshwane,city of tshwane,28.158,-25.74808,1976,11,192,32,6,0,148,705,63,148,742,153,60,100,86,11,1,622,25,83,58,61,0,402,13,294,0,157,2,432,313,2
2009/2010,pretoria west,city of tshwane,city of tshwane,28.158,-25.74808,2004,19,167,33,3,0,197,759,62,179,758,175,61,51,123,18,1,588,17,99,78,103,1,516,4,636,0,257,0,401,346,3
2010/2011,pretoria west,city of tshwane,city of tshwane,28.158,-25.74808,1760,13,68,18,3,0,149,653,62,183,552,162,27,59,132,10,1,438,13,55,55,52,1,385,12,95,0,245,0,354,409,1
2011/2012,pretoria west,city of tshwane,city of tshwane,28.158,-25.74808,1524,13,109,22,3,0,162,667,54,231,514,121,16,79,200,15,1,405,9,52,39,44,0,413,18,83,3,166,1,353,402,3
2012/2013,pretoria west,city of tshwane,city of tshwane,28.158,-25.74808,1570,16,147,30,1,0,169,782,61,147,453,150,18,83,287,16,1,363,18,53,39,61,0,396,12,77,21,48,3,381,461,2
2013/2014,pretoria west,city of tshwane,city of tshwane,28.158,-25.74808,1597,21,191,30,2,0,203,819,80,180,522,177,8,77,539,12,28,390,24,54,66,84,0,588,22,82,18,33,1,393,377,2
2014/2015,pretoria west,city of tshwane,city of tshwane,28.158,-25.74808,1568,22,209,46,2,0,197,756,110,160,454,186,9,69,327,16,17,416,16,45,74,100,0,614,16,68,8,51,0,391,461,3
2015/2016,pretoria west,city of tshwane,city of tshwane,28.158,-25.74808,1389,18,236,51,1,0,185,661,105,145,444,242,5,71,409,16,28,430,18,60,82,91,1,677,12,76,32,53,0,439,499,4
2016/2017,pretoria west,city of tshwane,city of tshwane,28.158,-25.74808,1119,11,207,43,0,0,153,627,105,158,439,154,9,66,517,43,43,319,27,58,78,70,1,580,19,82,43,118,0,336,411,0
2017/2018,pretoria west,city of tshwane,city of tshwane,28.158,-25.74808,1086,7,201,22,0,0,156,453,99,151,403,178,8,118,569,31,3,348,16,63,44,33,2,440,16,83,1,73,0,313,404,2
2018/2019,pretoria west,city of tshwane,city of tshwane,28.158,-25.74808,1244,6,204,29,0,0,142,568,97,626,422,145,4,92,465,15,23,372,17,64,67,38,0,499,11,77,2,58,2,351,560,4
2019/2020,pretoria west,city of tshwane,city of tshwane,28.158,-25.74808,1240,1,205,39,1,0,152,447,125,149,469,135,6,117,355,33,38,320,15,70,81,63,5,593,29,100,9,50,0,291,422,2
2020/2021,pretoria west,city of tshwane,city of tshwane,28.158,-25.74808,737,3,196,22,0,0,130,353,137,201,351,100,7,87,282,20,38,219,21,69,52,49,1,542,22,92,1,84,1,218,265,3
2021/2022,pretoria west,city of tshwane,city of tshwane,28.158,-25.74808,809,3,223,36,0,0,108,317,177,263,356,92,8,147,308,30,38,257,31,79,94,65,1,695,18,101,0,51,0,254,331,5
2022/2023,pretoria west,city of tshwane,city of tshwane,28.158,-25.74808,770,2,213,65,0,0,111,414,232,334,458,114,5,77,312,29,86,259,34,72,109,78,1,853,14,89,6,117,0,264,365,2
2023/2024,pretoria west,tshwane district,tshwane district,28.158,-25.74808,0,0,0,0,0,0,0,376,194,0,0,0,0,0,0,0,0,0,0,0,0,73,0,0,0,0,0,0,0,262,296,0
2024/2025,pretoria west,tshwane district,tshwane district,28.158,-25.74808,0,0,0,0,0,0,0,505,186,0,0,0,0,0,0,0,0,0,0,0,0,96,0,0,0,0,0,0,0,210,323,0
2008/2009,prieska,siyathemba,pixley ka seme,22.74069,-29.6724,84,2,175,4,1,0,41,48,0,2,89,12,7,8,53,0,1,35,11,14,1,1,0,2,4,20,0,26,34,1,10,0
2009/2010,prieska,siyathemba,pixley ka seme,22.74069,-29.6724,78,5,162,10,0,0,30,33,0,6,61,13,6,8,33,2,1,37,11,10,0,1,0,3,7,17,0,9,39,2,9,0
2010/2011,prieska,siyathemba,pixley ka seme,22.74069,-29.6724,61,2,168,7,6,0,27,33,0,14,67,4,6,8,20,0,1,34,9,18,1,0,0,5,3,27,0,15,33,1,5,0
2011/2012,prieska,siyathemba,pixley ka seme,22.74069,-29.6724,48,3,143,7,6,0,15,25,0,7,69,3,7,4,16,0,1,38,16,13,1,0,0,3,2,22,1,6,26,7,9,0
2012/2013,prieska,siyathemba,pixley ka seme,22.74069,-29.6724,79,3,175,12,13,0,45,68,0,7,71,8,7,7,41,0,1,35,13,13,3,2,0,7,2,29,0,0,13,4,9,0
2013/2014,prieska,siyathemba,pixley ka seme,22.74069,-29.6724,52,3,185,12,4,0,47,41,0,13,80,4,6,5,18,2,13,31,16,13,2,0,0,4,6,23,0,9,8,2,23,0
2014/2015,prieska,siyathemba,pixley ka seme,22.74069,-29.6724,54,1,162,11,6,0,33,42,0,1,79,8,6,4,8,0,13,27,13,15,1,0,0,3,2,23,1,19,35,1,7,0
2015/2016,prieska,siyathemba,pixley ka seme,22.74069,-29.6724,61,2,200,22,3,0,35,65,0,5,84,11,7,5,27,0,21,44,20,15,0,0,0,6,3,22,1,29,25,1,15,0
2016/2017,prieska,siyathemba,pixley ka seme,22.74069,-29.6724,72,2,169,20,3,0,36,64,0,3,85,11,6,7,50,4,13,46,17,20,3,2,0,7,3,26,1,24,29,1,14,0
2017/2018,prieska,siyathemba,pixley ka seme,22.74069,-29.6724,68,1,181,12,2,0,24,44,0,12,71,13,7,5,59,1,12,39,14,26,0,1,0,9,3,32,0,28,24,2,14,0
2018/2019,prieska,siyathemba,pixley ka seme,22.74069,-29.6724,92,4,155,24,6,0,32,49,0,10,69,10,6,7,65,1,13,38,17,16,2,2,0,10,3,25,0,26,19,4,12,0
2019/2020,prieska,siyathemba,pixley ka seme,22.74069,-29.6724,73,1,181,16,1,0,25,45,0,13,52,13,7,4,29,1,13,34,9,17,1,1,0,8,0,19,0,18,18,4,7,0
2020/2021,prieska,siyathemba,pixley ka seme,22.74069,-29.6724,82,2,157,10,1,0,26,54,0,11,70,6,7,4,37,2,12,45,9,14,0,3,0,11,5,21,0,35,26,1,3,1
2021/2022,prieska,siyathemba,pixley ka seme,22.74069,-29.6724,78,4,124,11,0,0,19,86,0,13,70,10,6,3,38,0,13,37,10,23,5,0,0,9,0,23,0,17,10,1,14,0
2022/2023,prieska,siyathemba,pixley ka seme,22.74069,-29.6724,90,0,115,59,2,0,39,98,0,18,86,5,6,1,55,1,12,51,9,13,2,3,0,12,5,20,0,16,18,0,26,0
2023/2024,prieska,pixley ka seme district,pixley ka seme district,22.74069,-29.6724,0,0,0,0,0,0,0,55,0,0,0,0,0,0,0,0,0,0,0,0,0,0,0,0,0,0,0,0,0,2,8,0
2024/2025,prieska,pixley ka seme district,pixley ka seme district,22.74069,-29.6724,0,0,0,0,0,0,0,52,1,0,0,0,0,0,0,0,0,0,0,0,0,1,0,0,0,0,0,0,0,1,16,0
2008/2009,primrose,ekurhuleni,ekurhuleni,28.15795,-26.18914,641,10,350,26,1,1,78,439,51,71,182,86,38,90,22,33,1,351,50,44,46,18,0,244,3,72,0,36,0,460,351,1
2009/2010,primrose,ekurhuleni,ekurhuleni,28.15795,-26.18914,531,11,381,24,0,1,77,418,80,109,219,121,47,81,42,35,1,339,28,59,50,51,0,315,6,88,0,50,0,399,415,4
2010/2011,primrose,ekurhuleni,ekurhuleni,28.15795,-26.18914,571,12,409,37,1,0,71,389,25,91,302,80,13,68,73,30,1,321,29,39,39,41,0,243,10,99,0,56,0,321,361,3
2011/2012,primrose,ekurhuleni,ekurhuleni,28.15795,-26.18914,550,10,330,28,3,0,104,453,27,89,288,71,3,107,100,33,1,313,25,57,38,31,0,233,8,81,37,49,0,235,334,2
2012/2013,primrose,ekurhuleni,ekurhuleni,28.15795,-26.18914,560,12,276,37,2,0,64,383,20,86,255,59,9,93,155,43,1,258,30,52,31,36,0,234,24,83,32,45,0,245,224,2
2013/2014,primrose,ekurhuleni,ekurhuleni,28.15795,-26.18914,631,10,281,30,4,0,71,420,28,65,220,38,17,195,430,25,17,288,29,49,31,49,0,233,10,72,46,33,0,356,275,3
2014/2015,primrose,ekurhuleni,ekurhuleni,28.15795,-26.18914,559,12,275,25,2,0,82,456,69,81,226,53,7,179,209,22,22,226,42,42,38,67,0,273,12,57,68,46,0,269,216,1
2015/2016,primrose,ekurhuleni,ekurhuleni,28.15795,-26.18914,396,9,325,30,1,0,67,315,47,50,226,41,4,203,203,30,17,173,35,37,39,37,0,226,11,51,11,29,0,208,174,6
2016/2017,primrose,ekurhuleni,ekurhuleni,28.15795,-26.18914,468,5,297,41,4,0,101,312,46,55,195,48,6,131,316,37,16,171,45,41,26,38,0,238,12,57,4,46,0,176,153,5
2017/2018,primrose,ekurhuleni,ekurhuleni,28.15795,-26.18914,429,2,248,33,1,0,68,306,39,75,155,33,4,180,451,35,14,139,45,48,23,35,0,188,5,56,1,48,0,167,171,4
2018/2019,primrose,ekurhuleni,ekurhuleni,28.15795,-26.18914,400,2,226,15,1,0,88,299,51,84,145,34,7,230,279,24,22,149,34,66,42,36,0,236,10,78,0,43,0,211,134,7
2019/2020,primrose,ekurhuleni,ekurhuleni,28.15795,-26.18914,345,8,238,29,1,0,109,271,33,70,154,33,7,271,132,27,22,126,36,60,49,28,0,205,19,81,0,32,0,193,94,3
2020/2021,primrose,ekurhuleni,ekurhuleni,28.15795,-26.18914,278,2,187,24,2,0,86,208,34,103,145,42,7,163,160,16,14,124,52,38,45,25,0,185,13,54,0,29,0,147,107,6
2021/2022,primrose,ekurhuleni,ekurhuleni,28.15795,-26.18914,270,4,144,20,1,0,60,204,31,121,117,38,5,126,203,27,24,148,62,52,33,28,0,184,15,71,0,11,0,162,89,8
2022/2023,primrose,ekurhuleni,ekurhuleni,28.15795,-26.18914,246,0,182,32,2,0,66,303,55,163,147,54,6,81,259,30,43,139,85,52,52,55,0,240,7,61,0,29,0,155,109,2
2023/2024,primrose,ekurhuleni district,ekurhuleni district,28.15795,-26.18914,0,0,0,0,0,0,0,249,78,0,0,0,0,0,0,0,0,0,0,0,0,69,0,0,0,0,0,0,0,158,96,0
2024/2025,primrose,ekurhuleni district,ekurhuleni district,28.15795,-26.18914,0,0,0,0,0,0,0,204,51,0,0,0,0,0,0,0,0,0,0,0,0,33,0,0,0,0,0,0,0,144,60,0
2008/2009,prince albert,prince albert,central karoo,22.02828,-33.21944,47,0,88,0,1,0,5,33,0,5,40,5,4,5,111,2,1,27,1,9,0,0,0,0,1,13,0,2,10,0,1,0
2009/2010,prince albert,prince albert,central karoo,22.02828,-33.21944,55,0,92,2,0,0,15,23,0,6,45,3,7,4,129,0,1,22,4,10,1,1,0,2,5,16,0,4,9,3,5,0
2010/2011,prince albert,prince albert,central karoo,22.02828,-33.21944,67,0,112,2,1,0,14,40,0,4,49,2,5,18,151,0,1,23,1,15,0,0,0,1,4,23,0,7,15,0,9,0
2011/2012,prince albert,prince albert,central karoo,22.02828,-33.21944,80,3,114,1,0,0,16,39,0,14,57,3,7,2,154,0,1,35,2,17,1,0,0,2,2,20,0,14,23,0,6,0
2012/2013,prince albert,prince albert,central karoo,22.02828,-33.21944,71,0,74,0,0,0,26,37,0,6,50,2,6,5,149,0,1,25,5,14,0,2,0,3,8,22,0,10,22,0,7,0
2013/2014,prince albert,prince albert,central karoo,22.02828,-33.21944,61,0,74,1,1,0,17,28,0,3,42,4,7,10,160,0,13,27,3,11,0,0,0,1,3,16,0,4,14,0,6,0
2014/2015,prince albert,prince albert,central karoo,22.02828,-33.21944,60,1,119,1,1,0,33,43,0,187,46,4,7,4,182,2,13,29,3,4,0,0,0,3,2,8,0,2,18,2,13,0
2015/2016,prince albert,prince albert,central karoo,22.02828,-33.21944,93,0,114,2,3,0,17,35,0,10,71,3,6,5,189,0,13,45,2,8,2,2,0,6,3,14,0,5,11,1,9,0
2016/2017,prince albert,prince albert,central karoo,22.02828,-33.21944,88,1,99,2,1,0,13,38,0,4,72,7,6,6,235,1,13,51,2,9,0,0,0,3,3,13,0,5,14,0,14,0
2017/2018,prince albert,prince albert,central karoo,22.02828,-33.21944,105,1,103,0,0,0,21,48,0,13,86,2,7,4,250,0,13,41,1,8,0,0,0,2,2,11,1,8,9,0,14,0
2018/2019,prince albert,prince albert,central karoo,22.02828,-33.21944,140,1,138,0,1,0,15,40,0,10,89,5,6,7,159,0,13,47,1,13,1,0,0,2,3,17,1,7,16,0,13,0
2019/2020,prince albert,prince albert,central karoo,22.02828,-33.21944,103,1,135,1,0,0,15,49,0,10,70,6,4,5,67,0,13,34,2,8,0,2,0,3,1,11,0,10,21,0,13,0
2020/2021,prince albert,prince albert,central karoo,22.02828,-33.21944,88,3,115,1,1,0,8,60,0,9,85,7,7,7,81,0,13,58,1,8,0,1,0,2,2,12,0,8,22,2,19,0
2021/2022,prince albert,prince albert,central karoo,22.02828,-33.21944,104,1,166,0,0,0,11,74,0,17,105,6,6,4,64,2,13,69,3,6,0,0,0,1,3,9,0,10,29,1,25,0
2022/2023,prince albert,prince albert,central karoo,22.02828,-33.21944,155,1,166,0,2,0,15,72,0,18,97,2,6,24,74,1,13,71,2,9,0,1,0,1,4,15,0,27,8,0,16,0
2023/2024,prince albert,central karoo district,central karoo district,22.02828,-33.21944,0,0,0,0,0,0,0,63,0,0,0,0,0,0,0,0,0,0,0,0,0,2,0,0,0,0,0,0,0,1,11,0
2024/2025,prince albert,central karoo district,central karoo district,22.02828,-33.21944,0,0,0,0,0,0,0,50,0,0,0,0,0,0,0,0,0,0,0,0,0,0,0,0,0,0,0,0,0,0,6,0
2008/2009,prince alfred hamlet,witzenberg,cape winelands,19.32863,-33.29353,156,0,297,5,1,0,34,60,0,3,160,9,7,11,208,2,1,73,20,53,3,1,0,7,11,66,0,20,14,5,11,0
2009/2010,prince alfred hamlet,witzenberg,cape winelands,19.32863,-33.29353,108,1,247,3,0,0,31,79,0,4,147,5,7,10,240,1,1,56,17,49,0,0,0,3,9,59,0,22,8,3,15,0
2010/2011,prince alfred hamlet,witzenberg,cape winelands,19.32863,-33.29353,134,0,263,6,2,0,35,83,0,5,162,9,7,9,347,2,1,61,18,65,0,1,0,1,10,78,0,23,17,0,22,0
2011/2012,prince alfred hamlet,witzenberg,cape winelands,19.32863,-33.29353,195,1,223,5,2,0,39,86,0,2,178,8,6,15,565,3,1,77,12,50,1,2,0,6,18,70,0,36,13,5,17,0
2012/2013,prince alfred hamlet,witzenberg,cape winelands,19.32863,-33.29353,156,9,219,7,2,0,35,112,0,6,158,6,6,24,692,1,1,74,8,31,1,0,0,4,8,41,0,24,13,2,25,0
2013/2014,prince alfred hamlet,witzenberg,cape winelands,19.32863,-33.29353,191,2,204,7,4,0,54,84,0,14,212,16,7,30,818,1,12,85,14,26,2,0,0,5,3,34,0,10,7,1,26,0
2014/2015,prince alfred hamlet,witzenberg,cape winelands,19.32863,-33.29353,157,3,221,3,5,0,38,110,0,7,192,10,6,27,836,2,13,60,16,37,1,0,0,2,8,50,0,18,9,0,26,0
2015/2016,prince alfred hamlet,witzenberg,cape winelands,19.32863,-33.29353,201,4,176,2,2,0,48,133,0,13,162,3,7,18,636,4,21,67,17,34,1,2,0,5,4,41,0,29,15,0,23,0
2016/2017,prince alfred hamlet,witzenberg,cape winelands,19.32863,-33.29353,159,0,153,8,6,0,28,128,0,7,167,14,7,30,803,3,14,76,20,21,2,0,0,4,6,34,1,23,14,2,20,0
2017/2018,prince alfred hamlet,witzenberg,cape winelands,19.32863,-33.29353,206,1,143,5,4,0,37,112,0,11,165,21,6,23,771,2,12,63,17,30,2,1,0,5,5,39,1,24,19,2,30,0
2018/2019,prince alfred hamlet,witzenberg,cape winelands,19.32863,-33.29353,173,2,148,5,2,0,32,110,1,20,144,23,6,12,278,3,12,48,15,26,4,1,0,8,6,34,0,23,11,0,36,0
2019/2020,prince alfred hamlet,witzenberg,cape winelands,19.32863,-33.29353,172,1,134,10,2,0,68,126,1,12,151,15,6,16,94,6,21,73,16,21,2,0,0,9,3,26,0,23,19,2,42,0
2020/2021,prince alfred hamlet,witzenberg,cape winelands,19.32863,-33.29353,150,3,72,2,3,0,55,113,0,18,101,6,6,5,118,5,13,63,13,8,3,1,0,7,5,16,0,10,13,3,28,0
2021/2022,prince alfred hamlet,witzenberg,cape winelands,19.32863,-33.29353,161,3,85,8,5,0,65,108,0,37,96,5,7,80,97,5,14,75,15,17,0,2,0,5,3,26,0,3,16,3,27,1
2022/2023,prince alfred hamlet,witzenberg,cape winelands,19.32863,-33.29353,175,4,94,2,1,0,65,85,0,24,110,5,7,17,185,9,21,73,11,9,6,2,0,11,7,18,0,13,9,2,21,0
2023/2024,prince alfred hamlet,cape winelands district,cape winelands district,19.32863,-33.29353,0,0,0,0,0,0,0,71,0,0,0,0,0,0,0,0,0,0,0,0,0,2,0,0,0,0,0,0,0,0,27,0
2024/2025,prince alfred hamlet,cape winelands district,cape winelands district,19.32863,-33.29353,0,0,0,0,0,0,0,35,0,0,0,0,0,0,0,0,0,0,0,0,0,0,0,0,0,0,0,0,0,2,21,0
2023/2024,protea,johannesburg district,johannesburg district,,,0,0,0,0,0,0,0,518,210,0,0,0,0,0,0,0,0,0,0,0,0,127,0,0,0,0,0,0,0,104,183,0
2024/2025,protea,johannesburg district,johannesburg district,,,0,0,0,0,0,0,0,389,122,0,0,0,0,0,0,0,0,0,0,0,0,73,0,0,0,0,0,0,0,88,198,0
2008/2009,protea glen,,,,,613,18,628,25,10,1,22,493,55,162,506,115,19,57,19,11,1,425,25,88,22,22,2,279,8,120,0,179,3,125,137,4
2009/2010,protea glen,,,,,565,22,579,28,22,0,53,761,49,190,643,92,29,80,44,11,1,398,20,94,21,48,1,266,3,141,0,236,0,136,206,0
2010/2011,protea glen,,,,,511,26,444,27,7,0,43,637,26,163,671,85,32,167,69,18,1,336,23,96,24,37,1,185,5,120,0,229,0,84,310,3
2011/2012,protea glen,,,,,560,8,357,34,9,0,52,691,32,141,509,90,9,388,96,25,1,299,22,83,39,39,1,223,12,109,3,178,0,99,285,1
2012/2013,protea glen,,,,,561,13,305,22,7,0,49,685,37,150,561,81,9,340,142,14,1,313,8,72,35,31,0,220,7,91,0,219,0,103,228,0
2013/2014,protea glen,,,,,616,3,364,29,4,0,60,722,47,114,579,78,5,268,749,24,36,369,19,66,47,77,1,352,13,86,0,241,3,75,250,2
2014/2015,protea glen,,,,,689,1,410,27,0,0,60,836,54,113,569,100,7,69,677,22,27,382,18,78,31,40,0,294,6,85,0,407,0,108,237,4
2015/2016,protea glen,,,,,638,2,415,11,4,0,48,971,58,103,618,107,8,284,625,20,29,364,21,99,40,38,0,323,15,122,0,395,0,129,174,2
2016/2017,protea glen,,,,,717,3,423,16,3,0,52,1112,68,148,630,114,4,346,732,24,29,387,18,73,49,48,0,418,12,90,1,269,1,121,201,1
2017/2018,protea glen,,,,,650,0,460,24,3,0,53,801,62,192,615,110,7,364,826,26,41,334,23,69,45,58,2,384,21,94,0,237,0,115,194,3
2018/2019,protea glen,,,,,734,1,534,25,4,0,55,860,58,240,649,129,6,194,544,32,29,391,22,78,29,40,1,338,15,97,0,229,1,162,209,2
2019/2020,protea glen,,,,,732,4,452,24,5,0,71,632,82,277,616,151,6,330,275,22,65,388,30,70,37,24,1,398,4,79,0,209,1,129,253,2
2020/2021,protea glen,,,,,532,2,409,40,3,0,83,504,80,313,562,139,6,52,197,18,48,367,26,67,38,46,0,338,17,87,0,153,0,107,203,1
2021/2022,protea glen,,,,,521,3,482,48,2,0,59,515,128,270,695,168,6,58,147,10,45,535,43,87,35,67,0,443,19,108,1,112,0,130,196,2
2022/2023,protea glen,,,,,676,7,518,60,1,0,72,528,153,332,652,143,6,63,203,6,85,472,57,72,28,68,0,478,16,89,0,104,0,126,203,6
2008/2009,pudimoe,greater taung,dr ruth segomotsi mompati,24.71941,-27.4108,51,0,127,3,2,0,57,92,0,7,54,21,7,11,51,1,1,43,9,25,1,4,0,16,4,32,0,0,38,2,10,0
2009/2010,pudimoe,greater taung,dr ruth segomotsi mompati,24.71941,-27.4108,61,0,142,3,6,0,62,68,0,3,53,36,6,5,38,2,1,48,3,23,12,3,0,17,2,31,0,1,42,5,9,0
2010/2011,pudimoe,greater taung,dr ruth segomotsi mompati,24.71941,-27.4108,79,3,138,4,6,0,44,67,1,3,61,30,4,3,44,0,1,38,8,24,18,3,1,27,5,37,0,1,40,4,3,0
2011/2012,pudimoe,greater taung,dr ruth segomotsi mompati,24.71941,-27.4108,53,1,155,4,3,0,27,73,0,3,53,19,6,6,23,0,1,44,7,26,14,0,0,18,3,32,1,0,66,11,13,0
2012/2013,pudimoe,greater taung,dr ruth segomotsi mompati,24.71941,-27.4108,64,1,137,4,7,0,36,78,0,6,50,20,4,11,40,1,1,42,2,39,11,4,0,18,3,51,0,0,76,4,8,0
2013/2014,pudimoe,greater taung,dr ruth segomotsi mompati,24.71941,-27.4108,60,4,179,3,2,0,44,71,0,5,51,33,7,3,35,2,14,50,4,24,19,1,0,24,3,30,0,0,55,5,6,0
2014/2015,pudimoe,greater taung,dr ruth segomotsi mompati,24.71941,-27.4108,72,1,165,4,0,0,46,108,1,7,44,29,6,3,17,1,21,40,3,30,9,1,0,23,0,30,0,1,49,3,13,0
2015/2016,pudimoe,greater taung,dr ruth segomotsi mompati,24.71941,-27.4108,48,2,141,8,4,0,36,69,0,11,44,20,6,1,14,2,21,43,4,31,15,5,1,29,0,35,0,0,62,9,9,0
2016/2017,pudimoe,greater taung,dr ruth segomotsi mompati,24.71941,-27.4108,56,0,125,2,6,0,35,82,1,7,38,12,6,3,33,1,12,51,5,25,11,3,0,20,0,31,0,1,68,4,7,0
2017/2018,pudimoe,greater taung,dr ruth segomotsi mompati,24.71941,-27.4108,60,2,147,4,6,0,36,107,1,12,43,14,6,3,33,0,12,44,6,42,9,3,0,25,1,49,0,0,62,5,11,0
2018/2019,pudimoe,greater taung,dr ruth segomotsi mompati,24.71941,-27.4108,61,4,144,5,4,0,47,124,0,4,63,22,4,3,21,2,12,53,8,29,12,5,0,24,3,38,0,0,85,3,14,0
2019/2020,pudimoe,greater taung,dr ruth segomotsi mompati,24.71941,-27.4108,45,1,162,2,1,0,19,67,3,14,55,20,7,3,10,0,23,43,2,25,1,3,0,13,1,28,0,0,31,3,5,0
2020/2021,pudimoe,greater taung,dr ruth segomotsi mompati,24.71941,-27.4108,70,3,113,3,5,0,26,61,3,20,60,12,6,0,20,1,23,53,5,25,6,8,0,24,0,30,0,0,52,2,5,0
2021/2022,pudimoe,greater taung,dr ruth segomotsi mompati,24.71941,-27.4108,62,5,137,3,4,0,34,76,0,16,55,12,6,4,8,1,17,36,3,34,4,3,0,9,3,41,0,3,67,5,6,0
2022/2023,pudimoe,greater taung,dr ruth segomotsi mompati,24.71941,-27.4108,64,4,140,6,4,0,58,98,0,20,48,21,6,2,5,1,17,47,8,31,3,5,0,11,1,36,0,4,92,3,9,0
2023/2024,pudimoe,dr ruth segomotsi mompati district,dr ruth segomotsi mompati district,24.71941,-27.4108,0,0,0,0,0,0,0,74,1,0,0,0,0,0,0,0,0,0,0,0,0,0,0,0,0,0,0,0,0,1,12,0
2024/2025,pudimoe,dr ruth segomotsi mompati district,dr ruth segomotsi mompati district,24.71941,-27.4108,0,0,0,0,0,0,0,94,0,0,0,0,0,0,0,0,0,0,0,0,0,5,0,0,0,0,0,0,0,1,15,0
2008/2009,punzana,buffalo city,buffalo city,27.44577,-33.06903,28,6,80,3,3,0,9,35,0,3,27,12,5,3,4,0,1,21,11,18,1,1,0,7,0,24,0,0,13,1,2,0
2009/2010,punzana,buffalo city,buffalo city,27.44577,-33.06903,32,2,96,3,2,0,0,63,0,0,20,5,7,6,0,1,1,25,3,17,1,2,0,5,0,20,0,0,11,1,2,0
2010/2011,punzana,buffalo city,buffalo city,27.44577,-33.06903,30,1,75,0,7,0,1,41,0,0,15,8,4,5,3,0,1,24,6,17,0,0,0,5,3,29,0,0,7,0,4,0
2011/2012,punzana,buffalo city,buffalo city,27.44577,-33.06903,42,5,88,5,1,0,4,39,0,0,16,4,6,2,4,3,1,18,9,16,4,3,0,11,4,21,0,0,17,2,3,0
2012/2013,punzana,buffalo city,buffalo city,27.44577,-33.06903,32,3,68,2,3,0,4,32,0,0,15,7,6,1,6,1,1,23,4,31,6,5,0,17,0,34,0,0,4,4,4,0
2013/2014,punzana,buffalo city,buffalo city,27.44577,-33.06903,40,4,89,3,1,0,8,21,0,1,16,7,6,2,7,0,12,18,6,24,7,2,0,14,1,26,0,0,3,3,8,0
2014/2015,punzana,buffalo city,buffalo city,27.44577,-33.06903,23,0,72,1,0,0,5,26,0,1,10,6,6,1,1,1,13,20,11,8,4,1,0,10,0,8,0,0,15,0,5,0
2015/2016,punzana,buffalo city,buffalo city,27.44577,-33.06903,22,1,56,4,1,0,7,45,0,0,7,4,6,2,3,2,13,22,8,19,0,2,0,8,2,22,0,0,13,2,4,0
2016/2017,punzana,buffalo city,buffalo city,27.44577,-33.06903,26,1,74,7,2,0,11,40,0,1,7,5,7,5,2,0,13,21,14,14,1,2,0,5,0,17,0,0,15,0,2,0
2017/2018,punzana,buffalo city,buffalo city,27.44577,-33.06903,46,1,64,3,2,0,4,50,0,1,8,5,6,4,2,3,13,29,3,13,2,3,0,5,2,17,0,0,17,1,5,0
2018/2019,punzana,buffalo city,buffalo city,27.44577,-33.06903,41,1,64,1,4,0,10,47,1,0,14,5,6,2,1,0,13,32,5,14,3,3,0,11,0,18,0,0,22,1,2,0
2019/2020,punzana,buffalo city,buffalo city,27.44577,-33.06903,21,1,51,4,3,0,5,39,0,3,10,5,6,1,1,1,12,25,9,13,3,4,0,11,1,17,0,0,23,1,1,0
2020/2021,punzana,buffalo city,buffalo city,27.44577,-33.06903,28,1,48,1,2,0,12,43,0,3,10,3,7,2,3,0,13,23,7,10,5,1,0,10,1,14,0,0,16,0,4,0
2021/2022,punzana,buffalo city,buffalo city,27.44577,-33.06903,34,1,60,3,1,0,8,40,1,1,11,3,6,1,0,2,12,26,11,12,5,1,0,11,0,13,0,0,10,3,2,2
2022/2023,punzana,buffalo city,buffalo city,27.44577,-33.06903,26,0,71,3,0,0,9,30,0,2,9,7,6,0,0,0,12,30,9,14,12,3,0,28,1,15,0,0,18,1,4,0
2023/2024,punzana,buffalo city district,buffalo city district,27.44577,-33.06903,0,0,0,0,0,0,0,43,0,0,0,0,0,0,0,0,0,0,0,0,0,3,0,0,0,0,0,0,0,1,0,0
2024/2025,punzana,buffalo city district,buffalo city district,27.44577,-33.06903,0,0,0,0,0,0,0,36,0,0,0,0,0,0,0,0,0,0,0,0,0,7,0,0,0,0,0,0,0,2,1,0
2008/2009,putfontein,ekurhuleni,ekurhuleni,28.41908,-26.10332,197,13,232,16,3,0,9,194,7,6,119,32,15,22,7,5,1,78,16,41,2,28,0,107,2,63,0,0,8,47,34,3
2009/2010,putfontein,ekurhuleni,ekurhuleni,28.41908,-26.10332,173,9,257,11,2,0,15,159,8,5,100,29,16,13,9,6,1,74,26,41,10,28,0,80,1,54,0,0,4,32,38,1
2010/2011,putfontein,ekurhuleni,ekurhuleni,28.41908,-26.10332,228,6,260,11,4,0,26,163,8,9,125,46,17,12,17,11,1,96,18,46,19,22,0,88,9,68,0,0,9,36,54,2
2011/2012,putfontein,ekurhuleni,ekurhuleni,28.41908,-26.10332,191,6,265,18,1,0,57,157,8,11,108,34,4,22,15,17,1,121,16,48,29,16,0,87,3,54,11,0,9,33,56,3
2012/2013,putfontein,ekurhuleni,ekurhuleni,28.41908,-26.10332,194,6,244,12,2,0,45,134,11,14,94,34,4,19,108,35,1,131,19,51,41,11,0,105,4,59,5,1,4,45,60,2
2013/2014,putfontein,ekurhuleni,ekurhuleni,28.41908,-26.10332,254,8,289,26,1,0,53,176,9,8,141,22,5,54,315,29,25,119,23,47,27,8,0,101,2,53,0,1,10,57,37,0
2014/2015,putfontein,ekurhuleni,ekurhuleni,28.41908,-26.10332,224,3,249,23,1,0,43,179,8,26,134,19,7,95,245,23,24,126,23,52,17,16,0,85,9,63,0,44,12,45,81,1
2015/2016,putfontein,ekurhuleni,ekurhuleni,28.41908,-26.10332,244,7,253,11,2,0,51,200,18,36,113,21,7,82,67,14,24,87,22,50,21,12,0,116,5,58,0,78,4,67,47,1
2016/2017,putfontein,ekurhuleni,ekurhuleni,28.41908,-26.10332,181,7,244,9,5,0,37,228,18,32,93,33,5,134,121,21,17,70,20,49,27,27,0,122,7,64,0,104,3,64,48,0
2017/2018,putfontein,ekurhuleni,ekurhuleni,28.41908,-26.10332,166,4,275,21,4,0,32,200,14,40,143,25,7,177,162,13,14,86,18,50,23,15,1,101,5,60,1,107,3,58,50,2
2018/2019,putfontein,ekurhuleni,ekurhuleni,28.41908,-26.10332,170,1,313,16,1,0,61,251,16,53,152,39,4,191,130,13,17,111,24,51,27,20,1,121,17,71,0,113,4,32,80,1
2019/2020,putfontein,ekurhuleni,ekurhuleni,28.41908,-26.10332,217,0,260,15,2,0,50,249,25,54,200,29,7,211,165,21,14,120,21,63,39,28,0,190,12,78,0,128,4,57,56,2
2020/2021,putfontein,ekurhuleni,ekurhuleni,28.41908,-26.10332,167,4,274,18,3,0,42,228,19,55,179,34,6,98,134,22,17,115,20,72,32,39,0,152,12,87,0,80,9,47,51,1
2021/2022,putfontein,ekurhuleni,ekurhuleni,28.41908,-26.10332,192,6,309,22,3,0,48,196,31,56,204,33,7,73,140,6,3,148,28,63,29,35,1,179,9,76,0,51,4,57,43,4
2022/2023,putfontein,ekurhuleni,ekurhuleni,28.41908,-26.10332,203,3,314,26,2,0,42,176,34,60,196,29,6,56,135,9,15,131,36,73,39,58,0,221,9,84,0,102,5,54,31,1
2023/2024,putfontein,ekurhuleni district,ekurhuleni district,28.41908,-26.10332,0,0,0,0,0,0,0,144,39,0,0,0,0,0,0,0,0,0,0,0,0,58,0,0,0,0,0,0,0,22,28,0
2024/2025,putfontein,ekurhuleni district,ekurhuleni district,28.41908,-26.10332,0,0,0,0,0,0,0,140,31,0,0,0,0,0,0,0,0,0,0,0,0,129,0,0,0,0,0,0,0,24,25,0
2023/2024,qhasa,alfred nzo district,alfred nzo district,,,0,0,0,0,0,0,0,7,0,0,0,0,0,0,0,0,0,0,0,0,0,2,0,0,0,0,0,0,0,1,0,0
2024/2025,qhasa,alfred nzo district,alfred nzo district,,,0,0,0,0,0,0,0,6,2,0,0,0,0,0,0,0,0,0,0,0,0,3,0,0,0,0,0,0,0,1,2,0
2023/2024,qonce,buffalo city district,buffalo city district,,,0,0,0,0,0,0,0,277,15,0,0,0,0,0,0,0,0,0,0,0,0,16,0,0,0,0,0,0,0,21,270,0
2024/2025,qonce,buffalo city district,buffalo city district,,,0,0,0,0,0,0,0,236,24,0,0,0,0,0,0,0,0,0,0,0,0,17,0,0,0,0,0,0,0,27,192,0
2008/2009,queenstown,,,,,399,16,468,13,14,0,115,474,3,432,186,96,8,199,121,9,1,163,45,128,8,2,0,67,12,158,0,334,104,44,143,0
2009/2010,queenstown,,,,,398,18,548,17,16,0,90,401,4,547,186,89,12,376,87,16,1,222,43,143,4,2,1,61,4,170,0,252,96,44,139,0
2010/2011,queenstown,,,,,445,14,546,16,3,0,111,426,5,517,230,83,10,300,128,10,1,189,35,113,16,5,4,100,16,138,0,271,72,52,153,1
2011/2012,queenstown,,,,,494,23,540,15,5,0,86,339,4,726,175,72,10,154,122,15,1,193,42,162,35,8,0,112,15,188,2,284,92,54,173,0
2012/2013,queenstown,,,,,368,4,217,8,2,0,82,188,2,383,106,42,6,94,62,8,1,100,24,54,15,6,0,67,7,63,1,262,58,34,112,0
2013/2014,queenstown,,,,,359,3,150,7,1,0,68,103,1,299,66,26,6,64,45,7,14,84,6,38,14,5,0,62,6,45,0,194,69,25,106,0
2014/2015,queenstown,,,,,297,3,103,5,2,0,97,130,4,180,59,25,7,74,41,8,21,77,8,49,13,10,1,59,9,61,0,149,83,30,117,1
2015/2016,queenstown,,,,,266,3,121,5,1,0,74,130,2,220,48,23,7,113,45,5,13,85,14,43,3,5,0,44,6,51,0,124,57,27,151,2
2016/2017,queenstown,,,,,378,6,132,8,2,0,92,190,8,330,49,45,7,139,50,7,21,128,13,54,10,6,0,84,7,64,0,105,66,23,217,0
2017/2018,queenstown,,,,,322,4,143,3,3,0,96,192,7,264,73,41,7,165,145,9,14,118,14,55,6,4,0,82,3,62,1,70,75,27,217,2
2018/2019,queenstown,,,,,261,3,132,19,3,0,109,140,8,207,61,30,6,123,135,5,13,95,12,49,8,8,0,70,6,58,1,83,55,20,135,0
2019/2020,queenstown,,,,,326,5,123,6,0,0,114,197,4,259,98,44,6,224,104,14,23,104,17,44,9,9,0,85,13,57,1,77,71,11,135,0
2020/2021,queenstown,,,,,339,3,129,3,1,0,206,185,2,333,120,38,7,120,43,2,23,116,12,38,14,7,0,57,9,49,0,67,58,14,111,0
2021/2022,queenstown,,,,,358,10,157,10,1,0,193,197,7,326,101,42,5,421,81,9,17,103,14,32,9,5,0,69,17,53,0,78,68,20,149,0
2022/2023,queenstown,,,,,414,3,170,16,2,0,216,238,4,345,124,57,5,209,79,10,3,133,14,47,15,6,0,101,11,63,0,67,49,22,165,1
2008/2009,qumbu,mhlontlo,o.r.tambo,28.87266,-31.16497,131,10,180,34,9,0,47,141,6,27,120,31,10,15,12,29,1,62,23,48,20,21,0,117,1,64,0,20,245,10,31,0
2009/2010,qumbu,mhlontlo,o.r.tambo,28.87266,-31.16497,111,8,164,19,18,0,33,134,1,42,98,26,10,11,11,21,1,77,29,46,17,31,0,68,0,70,0,36,247,15,47,0
2010/2011,qumbu,mhlontlo,o.r.tambo,28.87266,-31.16497,102,19,209,14,9,0,45,131,2,40,82,42,10,20,11,20,1,47,28,63,15,16,0,66,4,82,0,32,236,7,55,2
2011/2012,qumbu,mhlontlo,o.r.tambo,28.87266,-31.16497,111,17,184,18,9,2,53,134,4,48,107,25,10,4,19,22,1,55,24,58,24,17,0,90,0,73,1,26,299,20,69,0
2012/2013,qumbu,mhlontlo,o.r.tambo,28.87266,-31.16497,89,2,192,26,7,0,46,100,9,19,71,40,5,6,33,12,1,61,28,61,25,23,0,80,2,73,0,19,164,12,65,0
2013/2014,qumbu,mhlontlo,o.r.tambo,28.87266,-31.16497,109,6,222,16,5,1,58,173,4,21,61,20,8,13,39,29,23,41,35,62,34,36,0,132,2,73,0,16,179,12,56,1
2014/2015,qumbu,mhlontlo,o.r.tambo,28.87266,-31.16497,146,5,176,22,1,0,58,138,8,28,58,20,6,4,22,45,22,62,31,91,30,41,1,144,2,94,0,16,191,8,39,1
2015/2016,qumbu,mhlontlo,o.r.tambo,28.87266,-31.16497,100,8,194,34,6,0,58,131,11,26,43,20,6,6,23,27,14,58,30,59,34,29,0,121,7,72,2,21,206,12,60,4
2016/2017,qumbu,mhlontlo,o.r.tambo,28.87266,-31.16497,108,6,203,26,1,0,58,119,6,38,43,11,6,9,38,13,17,34,39,57,25,23,0,94,8,66,0,20,205,10,69,0
2017/2018,qumbu,mhlontlo,o.r.tambo,28.87266,-31.16497,100,6,190,25,1,0,76,132,11,30,49,12,4,2,38,33,22,54,51,64,56,32,0,133,4,71,0,15,227,10,57,1
2018/2019,qumbu,mhlontlo,o.r.tambo,28.87266,-31.16497,97,9,222,32,0,0,62,137,9,57,49,19,6,2,22,25,25,50,35,69,59,27,0,145,6,75,0,15,178,13,75,1
2019/2020,qumbu,mhlontlo,o.r.tambo,28.87266,-31.16497,77,16,220,25,3,0,49,130,6,63,56,16,7,9,33,76,3,65,41,71,21,20,0,83,8,83,0,29,202,4,66,2
2020/2021,qumbu,mhlontlo,o.r.tambo,28.87266,-31.16497,82,8,185,25,1,0,43,83,5,74,40,15,6,3,23,41,23,68,39,49,21,32,1,91,7,57,0,14,287,2,61,3
2021/2022,qumbu,mhlontlo,o.r.tambo,28.87266,-31.16497,83,6,220,21,1,0,50,103,6,57,55,24,4,21,33,25,21,76,44,58,16,21,0,79,14,75,0,20,227,10,52,2
2022/2023,qumbu,mhlontlo,o.r.tambo,28.87266,-31.16497,101,4,185,27,4,0,81,99,6,39,45,13,6,7,22,36,2,92,44,70,32,18,1,98,8,82,0,15,291,15,43,2
2023/2024,qumbu,or tambo district,or tambo district,28.87266,-31.16497,0,0,0,0,0,0,0,116,22,0,0,0,0,0,0,0,0,0,0,0,0,13,0,0,0,0,0,0,0,11,137,0
2024/2025,qumbu,or tambo district,or tambo district,28.87266,-31.16497,0,0,0,0,0,0,0,95,28,0,0,0,0,0,0,0,0,0,0,0,0,43,0,0,0,0,0,0,0,4,44,0
2023/2024,qumrha,amathole district,amathole district,,,0,0,0,0,0,0,0,48,0,0,0,0,0,0,0,0,0,0,0,0,0,0,0,0,0,0,0,0,0,2,7,0
2024/2025,qumrha,amathole district,amathole district,,,0,0,0,0,0,0,0,57,0,0,0,0,0,0,0,0,0,0,0,0,0,2,0,0,0,0,0,0,0,1,6,0
2008/2009,rabie ridge,city of johannesburg,city of johannesburg,28.17065,-26.0206,231,18,198,71,7,0,31,310,80,30,211,78,10,62,18,25,1,137,48,105,31,119,0,342,8,126,0,11,0,44,54,8
2009/2010,rabie ridge,city of johannesburg,city of johannesburg,28.17065,-26.0206,274,13,315,54,7,0,35,464,71,52,210,96,18,53,16,20,1,206,32,88,53,77,1,384,2,108,0,8,0,60,236,4
2010/2011,rabie ridge,city of johannesburg,city of johannesburg,28.17065,-26.0206,320,8,371,34,6,0,62,453,63,45,266,80,12,61,29,20,1,155,39,85,62,89,0,366,3,101,0,6,1,59,164,12
2011/2012,rabie ridge,city of johannesburg,city of johannesburg,28.17065,-26.0206,316,5,296,26,2,0,48,368,30,56,199,59,5,148,125,34,1,141,39,87,42,55,0,251,2,94,0,8,1,61,166,7
2012/2013,rabie ridge,city of johannesburg,city of johannesburg,28.17065,-26.0206,278,1,313,34,5,0,39,470,40,59,229,84,10,332,184,44,1,132,38,83,47,68,0,274,4,98,1,6,1,103,182,2
2013/2014,rabie ridge,city of johannesburg,city of johannesburg,28.17065,-26.0206,301,5,266,31,5,0,53,463,53,52,152,42,4,357,612,59,24,136,22,90,37,34,1,252,7,104,1,7,0,95,193,1
2014/2015,rabie ridge,city of johannesburg,city of johannesburg,28.17065,-26.0206,351,10,309,37,1,0,57,402,50,46,192,58,4,353,445,43,27,153,36,62,48,35,1,263,2,67,4,6,1,102,164,3
2015/2016,rabie ridge,city of johannesburg,city of johannesburg,28.17065,-26.0206,403,6,278,37,0,0,86,449,64,44,178,77,5,477,378,46,4,123,49,60,94,72,0,380,2,65,0,4,0,90,185,2
2016/2017,rabie ridge,city of johannesburg,city of johannesburg,28.17065,-26.0206,340,6,233,58,4,0,73,413,84,74,157,67,4,441,473,57,37,107,41,56,54,95,0,399,4,66,1,9,0,124,238,5
2017/2018,rabie ridge,city of johannesburg,city of johannesburg,28.17065,-26.0206,322,7,293,42,5,0,66,303,59,87,269,70,6,556,544,50,42,169,44,73,45,88,0,359,4,82,0,4,1,76,136,5
2018/2019,rabie ridge,city of johannesburg,city of johannesburg,28.17065,-26.0206,338,11,291,28,6,0,67,291,82,92,317,77,6,406,488,46,26,175,36,60,62,77,0,443,7,73,0,11,1,104,107,0
2019/2020,rabie ridge,city of johannesburg,city of johannesburg,28.17065,-26.0206,328,3,390,50,2,0,82,265,91,73,384,76,4,419,548,41,15,156,47,83,73,32,1,481,6,93,0,14,1,75,173,6
2020/2021,rabie ridge,city of johannesburg,city of johannesburg,28.17065,-26.0206,241,5,330,53,4,0,74,147,90,110,424,55,7,116,256,17,3,174,42,70,47,37,0,403,7,82,2,9,1,121,169,7
2021/2022,rabie ridge,city of johannesburg,city of johannesburg,28.17065,-26.0206,255,6,352,58,4,0,40,170,125,139,383,54,7,128,194,48,54,237,56,81,42,44,0,459,9,95,1,10,0,105,144,5
2022/2023,rabie ridge,city of johannesburg,city of johannesburg,28.17065,-26.0206,259,3,339,68,5,0,69,204,133,152,422,68,5,233,249,37,34,199,61,65,49,55,0,435,21,94,0,3,0,105,122,7
2023/2024,rabie ridge,ekurhuleni district,ekurhuleni district,28.17065,-26.0206,0,0,0,0,0,0,0,224,125,0,0,0,0,0,0,0,0,0,0,0,0,62,0,0,0,0,0,0,0,124,104,0
2024/2025,rabie ridge,ekurhuleni district,ekurhuleni district,28.17065,-26.0206,0,0,0,0,0,0,0,199,126,0,0,0,0,0,0,0,0,0,0,0,0,77,0,0,0,0,0,0,0,112,121,0
2008/2009,rakgoadi,ephraim mogale,sekhukhune,29.57592,-24.89172,0,0,0,0,0,0,0,0,0,0,0,0,6,0,0,0,1,0,0,0,0,0,0,0,0,0,0,0,0,0,0,0
2009/2010,rakgoadi,ephraim mogale,sekhukhune,29.57592,-24.89172,0,0,0,0,0,0,0,0,0,0,0,0,6,0,0,0,1,0,0,0,0,0,0,0,0,0,0,0,0,0,0,0
2010/2011,rakgoadi,ephraim mogale,sekhukhune,29.57592,-24.89172,0,0,0,0,0,0,0,0,0,0,0,0,6,0,0,0,1,0,0,0,0,0,0,0,0,0,0,0,0,0,0,0
2011/2012,rakgoadi,ephraim mogale,sekhukhune,29.57592,-24.89172,0,0,0,0,0,0,0,0,0,0,0,0,6,0,0,0,1,0,0,0,0,0,0,0,0,0,0,0,0,0,0,0
2012/2013,rakgoadi,ephraim mogale,sekhukhune,29.57592,-24.89172,0,0,0,0,0,0,0,0,0,0,0,0,6,0,0,0,1,0,0,0,0,0,0,0,0,0,0,0,0,0,0,0
2013/2014,rakgoadi,ephraim mogale,sekhukhune,29.57592,-24.89172,0,0,0,0,0,0,0,0,0,0,0,0,6,0,0,0,13,0,0,0,0,0,0,0,0,0,0,0,0,0,0,0
2014/2015,rakgoadi,ephraim mogale,sekhukhune,29.57592,-24.89172,0,0,0,0,0,0,0,0,0,0,0,0,6,0,0,0,13,0,0,0,0,0,0,0,0,0,0,0,0,0,0,0
2015/2016,rakgoadi,ephraim mogale,sekhukhune,29.57592,-24.89172,35,1,47,2,3,0,22,31,5,4,19,12,6,2,7,2,13,13,4,15,10,3,0,30,0,18,0,0,13,5,3,0
2016/2017,rakgoadi,ephraim mogale,sekhukhune,29.57592,-24.89172,28,1,57,5,1,0,30,49,3,1,19,6,6,6,33,5,12,26,6,16,11,2,1,34,3,20,0,0,23,2,14,1
2017/2018,rakgoadi,ephraim mogale,sekhukhune,29.57592,-24.89172,42,2,43,5,3,0,31,25,7,0,17,6,6,22,60,9,14,22,5,20,15,5,1,51,2,25,1,0,30,4,2,0
2018/2019,rakgoadi,ephraim mogale,sekhukhune,29.57592,-24.89172,27,1,40,12,0,0,44,15,1,4,19,4,6,16,36,4,21,19,7,20,10,2,0,32,2,22,0,0,38,1,6,0
2019/2020,rakgoadi,ephraim mogale,sekhukhune,29.57592,-24.89172,36,0,42,10,0,0,30,35,1,2,22,6,6,13,20,7,23,23,4,15,21,0,0,33,4,19,1,0,23,5,10,0
2020/2021,rakgoadi,ephraim mogale,sekhukhune,29.57592,-24.89172,39,1,39,3,0,0,18,37,6,3,22,5,7,7,16,1,12,23,2,15,11,3,0,34,3,19,1,0,17,2,5,0
2021/2022,rakgoadi,ephraim mogale,sekhukhune,29.57592,-24.89172,33,0,45,7,2,0,22,26,2,5,26,7,6,7,18,2,21,20,4,8,12,4,1,35,2,12,0,1,43,0,6,0
2022/2023,rakgoadi,ephraim mogale,sekhukhune,29.57592,-24.89172,40,2,43,7,1,0,35,37,4,6,37,6,6,2,15,2,13,20,4,11,12,6,0,29,7,19,0,0,30,1,5,0
2023/2024,rakgoadi,sekhukhune district,sekhukhune district,29.57592,-24.89172,0,0,0,0,0,0,0,50,7,0,0,0,0,0,0,0,0,0,0,0,0,6,0,0,0,0,0,0,0,3,6,0
2024/2025,rakgoadi,sekhukhune district,sekhukhune district,29.57592,-24.89172,0,0,0,0,0,0,0,25,0,0,0,0,0,0,0,0,0,0,0,0,0,18,0,0,0,0,0,0,0,0,11,0
2008/2009,randburg,city of johannesburg,city of johannesburg,27.997,-26.0765,1613,0,128,22,3,1,256,490,54,566,314,110,36,128,308,17,1,282,8,29,108,123,1,515,7,55,0,183,0,425,337,3
2009/2010,randburg,city of johannesburg,city of johannesburg,27.997,-26.0765,1384,2,164,19,6,2,314,498,40,504,258,105,59,801,378,25,1,223,8,21,70,122,0,393,5,64,0,220,0,397,288,1
2010/2011,randburg,city of johannesburg,city of johannesburg,27.997,-26.0765,1266,3,167,11,2,0,200,365,21,475,256,79,19,906,198,9,1,177,4,17,43,59,1,262,5,38,0,133,0,343,282,1
2011/2012,randburg,city of johannesburg,city of johannesburg,27.997,-26.0765,1226,3,126,12,1,1,224,380,14,413,210,114,4,566,215,14,1,182,8,28,54,55,0,256,7,38,2,182,0,224,466,1
2012/2013,randburg,city of johannesburg,city of johannesburg,27.997,-26.0765,1275,3,152,9,1,0,173,461,28,440,177,149,8,447,311,8,1,193,4,39,41,81,0,288,9,53,137,159,0,199,451,0
2013/2014,randburg,city of johannesburg,city of johannesburg,27.997,-26.0765,1293,1,154,17,1,1,245,382,35,433,213,200,8,568,494,10,25,182,4,19,40,90,0,355,6,30,18,224,0,179,608,0
2014/2015,randburg,city of johannesburg,city of johannesburg,27.997,-26.0765,1269,0,171,14,1,0,256,373,29,366,209,187,6,543,608,13,16,215,9,10,37,106,0,431,6,17,5,190,0,244,798,5
2015/2016,randburg,city of johannesburg,city of johannesburg,27.997,-26.0765,1169,0,174,22,2,0,208,472,29,389,181,200,4,633,296,17,27,222,3,24,56,120,1,448,13,41,21,187,0,225,774,5
2016/2017,randburg,city of johannesburg,city of johannesburg,27.997,-26.0765,1139,0,162,30,2,0,247,380,38,446,183,206,4,588,353,17,65,266,7,22,58,109,1,473,3,29,138,166,0,288,701,2
2017/2018,randburg,city of johannesburg,city of johannesburg,27.997,-26.0765,960,0,138,12,1,0,291,328,52,654,202,202,5,910,492,13,44,245,7,15,59,91,2,486,8,27,213,146,0,204,597,3
2018/2019,randburg,city of johannesburg,city of johannesburg,27.997,-26.0765,728,0,134,25,1,0,208,329,34,536,215,210,4,489,339,13,3,196,7,22,54,103,0,514,10,35,111,118,0,188,669,1
2019/2020,randburg,city of johannesburg,city of johannesburg,27.997,-26.0765,781,0,120,21,2,0,163,329,60,561,238,250,7,477,136,10,3,158,6,26,63,121,0,559,7,36,0,117,0,214,704,1
2020/2021,randburg,city of johannesburg,city of johannesburg,27.997,-26.0765,532,2,80,13,1,0,152,265,39,460,166,234,7,36,71,15,24,80,7,24,44,65,0,314,8,34,6,82,0,129,304,6
2021/2022,randburg,city of johannesburg,city of johannesburg,27.997,-26.0765,577,0,95,19,2,0,165,217,38,581,178,225,8,132,34,8,60,114,5,42,61,78,0,323,12,60,3,128,0,154,348,8
2022/2023,randburg,city of johannesburg,city of johannesburg,27.997,-26.0765,705,1,102,18,2,0,114,244,45,586,215,257,6,243,56,4,84,131,7,35,58,42,0,351,7,44,2,107,0,148,382,13
2023/2024,randburg,johannesburg district,johannesburg district,27.997,-26.0765,0,0,0,0,0,0,0,234,69,0,0,0,0,0,0,0,0,0,0,0,0,48,0,0,0,0,0,0,0,123,400,0
2024/2025,randburg,johannesburg district,johannesburg district,27.997,-26.0765,0,0,0,0,0,0,0,249,78,0,0,0,0,0,0,0,0,0,0,0,0,40,0,0,0,0,0,0,0,100,270,0
2008/2009,randfontein,rand west city,west rand,27.7062,-26.18076,1424,30,722,54,6,1,164,970,36,152,939,220,21,119,196,44,1,619,49,166,47,36,4,497,17,220,0,340,13,493,466,17
2009/2010,randfontein,rand west city,west rand,27.7062,-26.18076,1319,13,751,51,7,0,163,1002,53,170,1000,212,25,108,215,81,1,595,38,161,74,54,1,491,0,222,0,370,38,422,430,13
2010/2011,randfontein,rand west city,west rand,27.7062,-26.18076,1318,11,730,40,6,0,177,903,43,171,912,149,29,96,204,42,1,541,40,160,35,60,2,390,17,205,0,293,13,476,360,13
2011/2012,randfontein,rand west city,west rand,27.7062,-26.18076,1254,17,662,27,9,0,199,882,68,158,823,162,16,165,231,36,1,509,48,130,34,61,0,411,13,162,6,259,12,425,307,5
2012/2013,randfontein,rand west city,west rand,27.7062,-26.18076,1262,15,621,44,7,0,186,1029,46,196,731,110,12,239,337,86,1,498,36,134,53,53,0,357,15,163,3,233,24,365,435,1
2013/2014,randfontein,rand west city,west rand,27.7062,-26.18076,1316,10,629,40,1,0,187,969,67,147,730,113,12,134,341,54,2,494,34,91,69,76,0,470,15,114,2,300,21,382,471,8
2014/2015,randfontein,rand west city,west rand,27.7062,-26.18076,1411,16,645,24,2,1,239,778,75,119,721,145,5,126,363,21,38,519,37,74,49,88,0,445,9,88,1,267,22,290,467,9
2015/2016,randfontein,rand west city,west rand,27.7062,-26.18076,1306,8,701,46,5,0,194,901,73,152,794,163,4,216,369,49,22,514,53,87,64,83,1,462,10,104,2,258,42,354,430,15
2016/2017,randfontein,rand west city,west rand,27.7062,-26.18076,1378,15,743,38,2,0,180,928,104,159,816,160,9,146,545,51,4,540,42,101,61,74,1,503,10,118,1,273,22,390,513,10
2017/2018,randfontein,rand west city,west rand,27.7062,-26.18076,1330,8,736,34,5,0,157,828,62,152,960,198,7,274,851,52,29,574,47,121,51,75,2,422,16,143,0,272,29,419,435,9
2018/2019,randfontein,rand west city,west rand,27.7062,-26.18076,1305,7,776,40,5,0,186,720,61,156,913,177,7,231,875,49,9,581,48,98,66,74,0,454,25,129,1,231,42,409,381,17
2019/2020,randfontein,rand west city,west rand,27.7062,-26.18076,1229,3,776,50,4,0,179,630,97,170,883,227,7,234,666,43,63,509,49,105,74,54,4,478,21,131,3,250,67,279,383,8
2020/2021,randfontein,rand west city,west rand,27.7062,-26.18076,1054,5,679,23,1,0,171,586,71,188,825,162,6,237,640,61,70,533,42,80,78,47,4,456,21,102,0,203,84,211,306,6
2021/2022,randfontein,rand west city,west rand,27.7062,-26.18076,1160,6,756,49,6,0,163,616,120,251,902,192,9,249,513,58,82,619,74,124,83,89,1,555,28,163,20,222,57,195,257,11
2022/2023,randfontein,rand west city,west rand,27.7062,-26.18076,1242,6,780,55,4,0,229,551,128,205,922,200,7,336,531,76,83,639,71,111,74,149,4,653,16,132,41,286,63,261,268,16
2023/2024,randfontein,west rand district,west rand district,27.7062,-26.18076,0,0,0,0,0,0,0,317,51,0,0,0,0,0,0,0,0,0,0,0,0,82,0,0,0,0,0,0,0,184,201,0
2024/2025,randfontein,west rand district,west rand district,27.7062,-26.18076,0,0,0,0,0,0,0,204,38,0,0,0,0,0,0,0,0,0,0,0,0,40,0,0,0,0,0,0,0,176,203,0
2008/2009,rankin's pass,modimolle-mookgophong,waterberg,27.9136,-24.52865,37,0,18,0,0,0,10,20,0,0,13,1,6,0,5,0,1,3,0,7,0,0,0,0,0,7,0,0,0,1,0,0
2009/2010,rankin's pass,modimolle-mookgophong,waterberg,27.9136,-24.52865,25,1,25,2,2,0,7,14,0,2,18,2,4,0,4,1,1,7,1,3,0,0,0,0,2,9,0,0,1,0,3,0
2010/2011,rankin's pass,modimolle-mookgophong,waterberg,27.9136,-24.52865,35,0,16,0,0,0,5,7,0,1,16,0,7,0,6,0,1,5,1,2,1,1,0,2,0,3,0,0,3,3,3,0
2011/2012,rankin's pass,modimolle-mookgophong,waterberg,27.9136,-24.52865,45,5,23,1,0,0,3,17,0,0,17,0,6,4,1,2,1,10,0,1,0,0,0,0,0,1,0,0,2,1,3,0
2012/2013,rankin's pass,modimolle-mookgophong,waterberg,27.9136,-24.52865,32,0,14,0,0,0,2,19,0,0,7,0,6,0,14,0,1,2,1,4,2,0,0,2,0,4,2,0,1,0,1,0
2013/2014,rankin's pass,modimolle-mookgophong,waterberg,27.9136,-24.52865,32,2,16,0,0,0,1,5,0,0,17,0,6,1,13,0,13,8,0,1,0,0,0,0,0,1,2,0,1,2,0,0
2014/2015,rankin's pass,modimolle-mookgophong,waterberg,27.9136,-24.52865,18,0,16,2,0,0,1,4,0,0,11,1,6,3,37,0,13,4,1,1,0,0,0,0,0,1,1,0,3,0,4,0
2015/2016,rankin's pass,modimolle-mookgophong,waterberg,27.9136,-24.52865,27,0,14,0,1,0,6,18,0,1,7,0,6,0,9,0,13,3,1,3,1,0,0,1,0,4,0,0,3,0,4,0
2016/2017,rankin's pass,modimolle-mookgophong,waterberg,27.9136,-24.52865,46,0,12,1,0,0,1,15,0,1,12,2,6,0,19,0,13,5,1,0,0,0,0,0,0,0,0,0,11,0,1,0
2017/2018,rankin's pass,modimolle-mookgophong,waterberg,27.9136,-24.52865,32,0,6,0,0,0,3,14,0,1,13,0,6,0,36,0,13,1,1,1,0,0,0,0,0,1,0,0,9,1,1,0
2018/2019,rankin's pass,modimolle-mookgophong,waterberg,27.9136,-24.52865,9,0,5,0,0,0,2,14,0,2,11,0,6,0,29,0,13,2,0,3,0,1,0,2,0,3,0,0,6,2,0,0
2019/2020,rankin's pass,modimolle-mookgophong,waterberg,27.9136,-24.52865,7,3,6,0,0,0,4,11,0,0,7,0,6,0,8,0,13,5,1,4,0,0,0,1,0,4,0,0,3,0,0,0
2020/2021,rankin's pass,modimolle-mookgophong,waterberg,27.9136,-24.52865,5,0,0,0,0,0,2,6,0,1,5,1,6,0,23,0,13,0,0,2,0,0,0,0,0,2,2,0,2,1,1,0
2021/2022,rankin's pass,modimolle-mookgophong,waterberg,27.9136,-24.52865,3,0,0,0,0,0,7,12,0,0,16,0,6,0,16,0,13,1,0,1,0,3,0,4,0,1,0,0,1,0,1,0
2022/2023,rankin's pass,modimolle-mookgophong,waterberg,27.9136,-24.52865,11,1,9,0,1,0,1,2,0,0,16,1,6,0,23,0,12,2,1,1,0,0,0,0,0,2,0,0,3,0,7,0
2023/2024,rankin's pass,waterberg district,waterberg district,27.9136,-24.52865,0,0,0,0,0,0,0,15,0,0,0,0,0,0,0,0,0,0,0,0,0,0,0,0,0,0,0,0,0,0,2,0
2024/2025,rankin's pass,waterberg district,waterberg district,27.9136,-24.52865,0,0,0,0,0,0,0,5,0,0,0,0,0,0,0,0,0,0,0,0,0,0,0,0,0,0,0,0,0,0,1,0
2008/2009,ratanda,lesedi,sedibeng,28.32785,-26.55351,168,16,227,17,4,0,41,217,8,6,143,55,10,15,18,9,1,95,19,77,13,9,0,88,2,89,0,1,11,25,25,17
2009/2010,ratanda,lesedi,sedibeng,28.32785,-26.55351,171,2,224,15,1,0,43,315,18,2,127,55,10,29,22,4,1,113,19,87,11,11,0,83,0,94,0,1,9,42,22,7
2010/2011,ratanda,lesedi,sedibeng,28.32785,-26.55351,134,12,223,10,2,0,41,243,7,8,124,62,8,28,18,8,1,124,18,72,20,14,0,69,3,81,0,0,7,27,28,2
2011/2012,ratanda,lesedi,sedibeng,28.32785,-26.55351,130,11,219,13,5,0,25,235,5,13,122,45,10,23,49,9,1,89,15,71,20,2,0,63,4,86,1,0,3,23,31,6
2012/2013,ratanda,lesedi,sedibeng,28.32785,-26.55351,137,5,213,9,7,0,36,244,5,15,117,71,9,31,78,20,1,77,18,45,19,7,0,63,11,68,1,1,2,35,40,1
2013/2014,ratanda,lesedi,sedibeng,28.32785,-26.55351,125,11,161,5,4,0,28,172,6,9,112,45,4,27,136,14,14,53,15,41,10,4,0,46,3,50,0,1,3,14,21,1
2014/2015,ratanda,lesedi,sedibeng,28.32785,-26.55351,134,12,197,6,2,0,39,265,12,6,114,33,5,31,74,6,21,75,11,38,20,5,0,66,4,47,0,1,12,25,39,0
2015/2016,ratanda,lesedi,sedibeng,28.32785,-26.55351,151,6,190,10,2,0,36,305,11,3,131,40,7,13,51,9,14,79,13,49,23,6,0,72,3,55,0,2,11,29,33,0
2016/2017,ratanda,lesedi,sedibeng,28.32785,-26.55351,141,5,169,5,3,0,37,296,9,8,146,31,4,40,68,8,13,50,15,58,23,7,0,89,2,65,0,26,21,24,20,0
2017/2018,ratanda,lesedi,sedibeng,28.32785,-26.55351,172,2,138,5,1,0,29,289,8,9,115,20,6,44,94,10,25,54,14,53,19,11,0,79,5,59,0,60,5,18,22,0
2018/2019,ratanda,lesedi,sedibeng,28.32785,-26.55351,147,2,183,8,2,0,61,290,10,21,162,24,7,49,58,8,21,57,27,55,17,8,0,87,8,66,0,76,9,18,30,0
2019/2020,ratanda,lesedi,sedibeng,28.32785,-26.55351,141,2,180,6,1,0,67,203,22,24,144,33,7,50,60,8,17,55,14,52,16,7,0,94,17,71,0,35,5,30,23,2
2020/2021,ratanda,lesedi,sedibeng,28.32785,-26.55351,116,1,152,11,5,0,79,114,12,33,174,28,5,34,41,3,12,45,9,48,20,9,0,83,12,68,0,27,3,20,16,2
2021/2022,ratanda,lesedi,sedibeng,28.32785,-26.55351,143,4,193,9,1,0,49,147,13,42,231,23,7,50,63,7,26,82,24,51,26,19,0,102,7,60,0,40,4,9,6,1
2022/2023,ratanda,lesedi,sedibeng,28.32785,-26.55351,129,2,208,11,2,0,33,175,15,29,240,17,7,51,114,3,4,68,21,62,9,9,0,67,4,69,0,57,8,10,21,0
2023/2024,ratanda,sedibeng district,sedibeng district,28.32785,-26.55351,0,0,0,0,0,0,0,175,11,0,0,0,0,0,0,0,0,0,0,0,0,13,0,0,0,0,0,0,0,11,15,0
2024/2025,ratanda,sedibeng district,sedibeng district,28.32785,-26.55351,0,0,0,0,0,0,0,153,8,0,0,0,0,0,0,0,0,0,0,0,0,15,0,0,0,0,0,0,0,8,23,0
2008/2009,ravensmead,city of cape town,city of cape town,18.5973,-33.92226,1790,4,330,33,5,0,173,322,16,111,291,66,8,61,973,20,1,280,21,47,16,9,0,145,21,77,0,183,0,102,310,1
2009/2010,ravensmead,city of cape town,city of cape town,18.5973,-33.92226,1707,8,357,21,4,0,157,342,4,79,377,71,32,72,942,35,1,337,28,75,13,5,0,149,22,113,0,85,0,95,360,0
2010/2011,ravensmead,city of cape town,city of cape town,18.5973,-33.92226,1788,6,386,20,0,0,119,310,3,66,340,113,3,100,977,52,1,269,23,57,21,1,1,100,25,95,0,54,0,58,379,0
2011/2012,ravensmead,city of cape town,city of cape town,18.5973,-33.92226,1681,14,320,51,5,0,109,262,4,97,333,136,5,119,1096,54,1,315,15,49,6,4,0,88,18,75,1,63,0,51,309,0
2012/2013,ravensmead,city of cape town,city of cape town,18.5973,-33.92226,1535,6,337,68,6,0,149,269,7,92,378,134,4,83,1276,75,1,384,24,43,12,5,1,136,13,64,1,43,0,38,303,1
2013/2014,ravensmead,city of cape town,city of cape town,18.5973,-33.92226,1483,8,319,75,1,0,153,242,9,80,411,133,4,95,1315,82,23,344,44,48,16,7,0,152,18,69,3,32,0,64,301,0
2014/2015,ravensmead,city of cape town,city of cape town,18.5973,-33.92226,1454,12,411,87,2,0,167,227,14,63,450,170,9,95,1180,85,28,450,44,42,18,9,2,196,22,71,0,28,0,79,351,0
2015/2016,ravensmead,city of cape town,city of cape town,18.5973,-33.92226,1507,10,355,71,4,0,153,268,20,73,436,133,10,93,1431,57,37,451,43,32,22,6,0,189,10,52,0,39,0,54,371,1
2016/2017,ravensmead,city of cape town,city of cape town,18.5973,-33.92226,1450,12,325,111,2,0,139,238,12,77,389,159,7,92,1790,87,25,495,61,28,10,9,0,175,13,44,0,73,0,47,337,2
2017/2018,ravensmead,city of cape town,city of cape town,18.5973,-33.92226,1458,4,315,102,3,0,123,181,14,72,388,175,6,62,2451,91,23,459,65,25,5,6,0,164,22,50,2,47,0,61,332,1
2018/2019,ravensmead,city of cape town,city of cape town,18.5973,-33.92226,1375,8,269,77,3,0,77,153,19,73,420,175,5,75,840,114,12,414,98,30,10,4,0,156,8,44,1,29,0,44,281,1
2019/2020,ravensmead,city of cape town,city of cape town,18.5973,-33.92226,1102,11,280,102,1,0,81,163,22,59,410,167,8,83,625,89,22,426,78,41,11,4,0,213,24,70,1,21,0,41,288,3
2020/2021,ravensmead,city of cape town,city of cape town,18.5973,-33.92226,411,5,211,97,2,0,69,90,12,63,340,97,5,13,490,70,22,315,90,30,6,1,0,112,18,53,0,33,0,25,129,1
2021/2022,ravensmead,city of cape town,city of cape town,18.5973,-33.92226,529,2,282,70,3,0,64,102,18,77,332,130,8,13,369,42,17,385,41,30,12,6,0,143,21,58,0,15,0,24,145,1
2022/2023,ravensmead,city of cape town,city of cape town,18.5973,-33.92226,662,11,253,89,2,0,79,121,17,118,374,173,8,19,440,56,25,378,59,29,7,8,0,147,21,56,0,18,0,32,195,0
2023/2024,ravensmead,city of cape town district,city of cape town district,18.5973,-33.92226,0,0,0,0,0,0,0,106,17,0,0,0,0,0,0,0,0,0,0,0,0,3,0,0,0,0,0,0,0,45,229,0
2024/2025,ravensmead,city of cape town district,city of cape town district,18.5973,-33.92226,0,0,0,0,0,0,0,115,7,0,0,0,0,0,0,0,0,0,0,0,0,2,0,0,0,0,0,0,0,37,160,0
2008/2009,rawsonville,breede valley,cape winelands,19.30908,-33.68464,111,0,163,2,1,0,25,66,0,5,103,6,5,64,123,1,1,67,8,29,0,0,0,2,8,41,0,10,6,1,41,0
2009/2010,rawsonville,breede valley,cape winelands,19.30908,-33.68464,122,2,160,2,2,0,22,70,0,4,98,11,6,63,154,0,1,87,7,25,0,2,0,3,12,39,0,8,12,2,25,0
2010/2011,rawsonville,breede valley,cape winelands,19.30908,-33.68464,121,0,136,3,0,0,20,63,0,4,94,5,6,69,194,1,1,67,9,34,0,1,0,6,16,50,0,1,6,4,36,0
2011/2012,rawsonville,breede valley,cape winelands,19.30908,-33.68464,180,1,119,6,1,0,36,69,0,11,93,2,7,55,187,3,1,97,6,44,0,2,0,3,13,59,0,5,2,8,17,0
2012/2013,rawsonville,breede valley,cape winelands,19.30908,-33.68464,114,2,121,6,2,0,22,94,0,14,83,2,6,32,214,8,1,84,9,29,0,1,0,3,10,41,0,5,6,2,29,0
2013/2014,rawsonville,breede valley,cape winelands,19.30908,-33.68464,111,0,101,0,0,0,40,50,0,7,65,4,6,64,307,1,12,77,4,26,2,1,0,7,18,44,0,5,2,5,23,0
2014/2015,rawsonville,breede valley,cape winelands,19.30908,-33.68464,92,3,78,0,0,0,39,45,0,10,78,2,6,78,371,3,13,75,12,20,1,1,0,8,13,33,0,0,0,3,18,0
2015/2016,rawsonville,breede valley,cape winelands,19.30908,-33.68464,105,0,125,4,0,0,33,59,0,2,100,5,6,83,410,1,13,72,5,20,0,2,0,10,13,33,0,1,1,5,18,0
2016/2017,rawsonville,breede valley,cape winelands,19.30908,-33.68464,110,1,113,3,0,0,46,67,0,13,70,4,7,88,516,1,13,86,2,21,0,2,0,9,3,25,0,3,1,1,12,0
2017/2018,rawsonville,breede valley,cape winelands,19.30908,-33.68464,128,1,99,1,2,0,27,91,2,10,77,4,6,88,616,1,13,72,4,7,1,5,0,20,4,13,0,5,4,4,24,0
2018/2019,rawsonville,breede valley,cape winelands,19.30908,-33.68464,111,1,108,2,0,0,35,74,1,9,69,3,6,48,397,2,13,68,4,9,0,1,0,4,2,11,0,6,2,1,18,0
2019/2020,rawsonville,breede valley,cape winelands,19.30908,-33.68464,114,1,107,4,1,0,36,78,0,18,51,6,6,52,172,1,13,66,3,8,0,0,0,10,1,10,0,4,0,1,36,0
2020/2021,rawsonville,breede valley,cape winelands,19.30908,-33.68464,101,1,54,1,0,0,30,50,0,10,33,3,6,12,101,0,13,62,6,2,0,1,0,7,3,5,0,0,3,1,22,0
2021/2022,rawsonville,breede valley,cape winelands,19.30908,-33.68464,103,0,59,5,2,0,20,37,0,16,46,1,4,18,100,3,21,36,9,5,1,2,0,8,1,10,1,1,1,0,8,0
2022/2023,rawsonville,breede valley,cape winelands,19.30908,-33.68464,129,0,77,6,1,0,22,44,1,23,40,8,7,16,113,1,12,45,4,10,0,0,0,9,3,15,0,4,2,0,12,1
2023/2024,rawsonville,cape winelands district,cape winelands district,19.30908,-33.68464,0,0,0,0,0,0,0,40,0,0,0,0,0,0,0,0,0,0,0,0,0,0,0,0,0,0,0,0,0,0,21,0
2024/2025,rawsonville,cape winelands district,cape winelands district,19.30908,-33.68464,0,0,0,0,0,0,0,60,0,0,0,0,0,0,0,0,0,0,0,0,0,0,0,0,0,0,0,0,0,0,13,0
2008/2009,reddersburg,kopanong,xhariep,26.16737,-29.65303,35,0,35,1,1,0,23,21,0,2,60,2,9,2,7,0,1,20,5,8,1,0,0,3,3,17,0,0,65,5,3,1
2009/2010,reddersburg,kopanong,xhariep,26.16737,-29.65303,27,0,37,1,0,0,7,23,0,4,51,5,6,2,10,1,1,13,1,7,0,2,0,2,0,7,0,1,51,0,3,0
2010/2011,reddersburg,kopanong,xhariep,26.16737,-29.65303,31,1,54,1,3,0,4,34,0,4,53,3,5,3,4,1,1,15,3,13,2,0,0,4,2,21,0,0,33,4,2,0
2011/2012,reddersburg,kopanong,xhariep,26.16737,-29.65303,25,1,50,0,1,0,3,29,1,3,54,2,6,8,4,0,1,22,0,23,0,0,0,1,2,26,0,1,39,9,1,0
2012/2013,reddersburg,kopanong,xhariep,26.16737,-29.65303,21,8,45,0,2,0,1,29,0,5,43,2,7,1,7,0,1,18,1,5,0,1,0,3,2,10,0,3,25,6,2,1
2013/2014,reddersburg,kopanong,xhariep,26.16737,-29.65303,17,2,42,0,0,0,7,16,0,2,37,2,7,0,2,0,13,8,3,9,3,0,0,4,1,11,0,1,25,1,0,0
2014/2015,reddersburg,kopanong,xhariep,26.16737,-29.65303,21,2,24,1,2,0,11,19,0,5,26,0,7,1,2,0,13,12,1,6,4,1,0,5,2,11,0,0,24,0,2,0
2015/2016,reddersburg,kopanong,xhariep,26.16737,-29.65303,21,1,29,0,1,0,6,27,0,2,24,1,6,0,1,0,13,6,1,9,1,4,0,6,2,12,0,0,34,3,4,0
2016/2017,reddersburg,kopanong,xhariep,26.16737,-29.65303,16,2,21,0,1,0,18,27,0,3,33,2,3,2,2,0,13,5,2,3,2,1,0,3,9,26,15,0,28,2,1,0
2017/2018,reddersburg,kopanong,xhariep,26.16737,-29.65303,21,0,29,1,1,0,15,30,0,1,31,1,17,5,14,1,13,6,2,2,1,1,0,3,1,13,17,0,39,4,9,0
2018/2019,reddersburg,kopanong,xhariep,26.16737,-29.65303,19,0,29,0,1,0,5,16,0,2,19,2,4,4,7,1,12,8,2,4,5,1,0,7,1,8,8,0,40,0,3,0
2019/2020,reddersburg,kopanong,xhariep,26.16737,-29.65303,9,1,20,0,1,0,7,19,0,1,17,0,6,4,7,2,13,8,3,4,3,1,0,4,3,8,3,0,28,3,1,0
2020/2021,reddersburg,kopanong,xhariep,26.16737,-29.65303,18,0,16,0,0,0,10,16,0,3,17,0,6,1,2,3,13,6,0,3,1,0,0,1,1,4,0,0,23,1,0,0
2021/2022,reddersburg,kopanong,xhariep,26.16737,-29.65303,38,0,25,0,1,0,12,24,0,3,28,1,6,0,2,8,13,12,1,15,1,0,0,1,2,18,0,0,31,0,1,0
2022/2023,reddersburg,kopanong,xhariep,26.16737,-29.65303,32,1,31,1,1,0,9,31,0,5,36,0,6,2,9,3,13,17,0,8,0,0,0,0,1,10,0,0,31,9,1,0
2023/2024,reddersburg,xhariep district,xhariep district,26.16737,-29.65303,0,0,0,0,0,0,0,32,0,0,0,0,0,0,0,0,0,0,0,0,0,1,0,0,0,0,0,0,0,1,1,0
2024/2025,reddersburg,xhariep district,xhariep district,26.16737,-29.65303,0,0,0,0,0,0,0,15,0,0,0,0,0,0,0,0,0,0,0,0,0,1,0,0,0,0,0,0,0,3,2,0
2008/2009,redelinghuys,bergrivier,west coast,18.53737,-32.47741,10,0,17,0,0,0,0,8,0,1,2,0,6,7,59,1,1,3,2,5,0,0,0,0,2,7,0,0,0,1,0,0
2009/2010,redelinghuys,bergrivier,west coast,18.53737,-32.47741,11,0,30,0,0,0,3,4,0,0,21,0,7,2,59,2,1,1,0,5,0,0,0,0,4,10,0,0,1,0,1,0
2010/2011,redelinghuys,bergrivier,west coast,18.53737,-32.47741,8,0,30,0,0,0,0,1,0,1,12,0,6,7,40,1,1,1,0,6,0,0,0,1,3,9,0,0,0,0,0,0
2011/2012,redelinghuys,bergrivier,west coast,18.53737,-32.47741,5,0,27,0,2,0,0,7,0,0,18,0,6,1,64,0,1,4,1,9,0,0,0,0,2,13,0,1,1,2,1,0
2012/2013,redelinghuys,bergrivier,west coast,18.53737,-32.47741,6,0,23,0,1,0,3,5,0,0,11,0,6,3,89,0,1,4,0,5,0,0,0,0,4,10,0,0,2,0,0,0
2013/2014,redelinghuys,bergrivier,west coast,18.53737,-32.47741,7,0,19,1,0,0,0,6,0,1,19,0,6,4,107,0,13,4,1,0,0,0,0,0,1,1,0,0,0,0,1,0
2014/2015,redelinghuys,bergrivier,west coast,18.53737,-32.47741,8,1,20,0,0,0,3,5,0,0,21,1,6,1,127,0,13,2,0,5,0,0,0,0,1,6,0,0,0,0,0,0
2015/2016,redelinghuys,bergrivier,west coast,18.53737,-32.47741,16,0,14,1,0,0,4,14,0,0,17,1,7,4,110,0,13,4,1,1,0,0,0,0,2,4,0,1,1,0,2,0
2016/2017,redelinghuys,bergrivier,west coast,18.53737,-32.47741,8,0,13,0,1,0,2,4,0,1,21,1,6,1,118,0,13,3,0,0,0,0,0,0,1,2,0,0,0,0,0,0
2017/2018,redelinghuys,bergrivier,west coast,18.53737,-32.47741,4,2,11,0,0,0,5,9,0,0,12,0,6,2,178,0,13,3,1,4,0,0,0,0,1,5,0,0,1,0,1,0
2018/2019,redelinghuys,bergrivier,west coast,18.53737,-32.47741,9,1,8,0,3,0,2,2,0,2,18,0,6,5,141,1,13,0,2,0,0,0,0,0,2,5,0,0,0,0,1,0
2019/2020,redelinghuys,bergrivier,west coast,18.53737,-32.47741,17,1,10,0,0,0,1,3,0,1,16,0,7,6,85,0,13,5,1,3,0,1,0,2,2,6,0,0,0,0,0,0
2020/2021,redelinghuys,bergrivier,west coast,18.53737,-32.47741,6,0,8,0,0,0,0,3,0,4,22,0,6,2,108,1,13,4,0,2,0,0,0,0,0,2,0,0,0,0,0,0
2021/2022,redelinghuys,bergrivier,west coast,18.53737,-32.47741,12,0,9,0,0,0,3,2,0,3,15,0,7,1,141,0,13,3,0,1,0,0,0,0,0,2,0,0,0,0,1,0
2022/2023,redelinghuys,bergrivier,west coast,18.53737,-32.47741,11,0,6,0,0,0,0,3,0,4,19,0,6,2,135,0,13,1,0,6,0,1,0,1,1,7,0,0,1,0,0,0
2023/2024,redelinghuys,west coast district,west coast district,18.53737,-32.47741,0,0,0,0,0,0,0,0,0,0,0,0,0,0,0,0,0,0,0,0,0,0,0,0,0,0,0,0,0,0,0,0
2024/2025,redelinghuys,west coast district,west coast district,18.53737,-32.47741,0,0,0,0,0,0,0,8,0,0,0,0,0,0,0,0,0,0,0,0,0,0,0,0,0,0,0,0,0,0,1,0
2008/2009,reigerpark,ekurhuleni,ekurhuleni,28.22545,-26.22976,404,9,288,26,2,0,27,171,12,23,378,48,10,11,13,28,1,174,53,47,5,9,1,108,10,65,0,0,0,27,81,0
2009/2010,reigerpark,ekurhuleni,ekurhuleni,28.22545,-26.22976,287,23,372,35,4,0,43,173,18,11,310,90,18,26,44,42,1,196,46,51,6,14,0,138,9,75,0,4,0,29,91,1
2010/2011,reigerpark,ekurhuleni,ekurhuleni,28.22545,-26.22976,274,17,264,40,8,0,27,194,11,14,320,57,9,87,85,28,1,181,35,67,17,13,0,120,9,89,0,1,0,33,113,1
2011/2012,reigerpark,ekurhuleni,ekurhuleni,28.22545,-26.22976,299,11,328,26,2,0,30,184,3,16,293,38,8,71,121,29,1,165,34,49,7,5,0,84,4,59,1,3,0,22,88,1
2012/2013,reigerpark,ekurhuleni,ekurhuleni,28.22545,-26.22976,314,20,319,44,2,0,31,229,7,12,319,101,9,124,233,34,1,146,20,63,21,7,0,103,17,87,0,6,0,26,82,1
2013/2014,reigerpark,ekurhuleni,ekurhuleni,28.22545,-26.22976,347,14,405,45,8,0,29,271,30,18,361,87,5,125,729,34,25,181,27,62,33,25,0,190,13,86,1,2,0,26,103,3
2014/2015,reigerpark,ekurhuleni,ekurhuleni,28.22545,-26.22976,279,16,410,24,0,0,39,272,19,13,327,79,5,100,693,20,23,167,32,60,21,16,0,160,9,72,0,1,0,31,80,1
2015/2016,reigerpark,ekurhuleni,ekurhuleni,28.22545,-26.22976,316,8,332,41,3,0,24,244,10,7,363,92,5,124,636,30,28,185,29,53,22,9,0,145,5,64,0,0,0,35,63,2
2016/2017,reigerpark,ekurhuleni,ekurhuleni,28.22545,-26.22976,255,4,291,19,2,0,25,171,15,9,242,54,6,99,495,20,12,144,24,52,19,26,0,147,9,63,0,0,0,28,78,2
2017/2018,reigerpark,ekurhuleni,ekurhuleni,28.22545,-26.22976,248,4,240,17,1,0,37,138,4,7,202,55,7,110,500,19,12,144,26,27,21,24,0,132,10,39,0,1,0,31,55,1
2018/2019,reigerpark,ekurhuleni,ekurhuleni,28.22545,-26.22976,187,2,277,18,2,0,44,111,10,14,215,48,7,129,478,14,14,179,36,41,10,17,0,123,8,52,0,9,0,24,73,1
2019/2020,reigerpark,ekurhuleni,ekurhuleni,28.22545,-26.22976,157,8,242,20,1,0,40,155,15,22,179,27,6,162,509,22,17,124,40,54,8,21,0,112,9,64,0,7,1,26,71,2
2020/2021,reigerpark,ekurhuleni,ekurhuleni,28.22545,-26.22976,114,0,188,36,0,0,26,103,5,32,137,10,5,50,191,35,21,126,19,42,15,19,0,84,8,53,0,3,0,10,58,0
2021/2022,reigerpark,ekurhuleni,ekurhuleni,28.22545,-26.22976,157,7,268,41,2,0,22,74,22,46,187,33,7,43,123,27,16,197,28,50,10,17,0,100,16,69,0,2,0,17,41,1
2022/2023,reigerpark,ekurhuleni,ekurhuleni,28.22545,-26.22976,162,2,238,56,1,0,27,106,14,49,143,26,7,64,189,20,17,159,47,57,23,9,0,101,7,66,0,4,1,10,51,4
2023/2024,reigerpark,ekurhuleni district,ekurhuleni district,28.22545,-26.22976,0,0,0,0,0,0,0,57,8,0,0,0,0,0,0,0,0,0,0,0,0,16,0,0,0,0,0,0,0,17,29,0
2024/2025,reigerpark,ekurhuleni district,ekurhuleni district,28.22545,-26.22976,0,0,0,0,0,0,0,57,12,0,0,0,0,0,0,0,0,0,0,0,0,5,0,0,0,0,0,0,0,12,20,0
2008/2009,reitz,nketoana,thabo mofutsanyane,28.43171,-27.79927,147,1,90,2,4,0,23,99,1,17,76,12,9,18,27,1,1,44,6,26,1,0,0,3,5,40,0,14,66,11,17,0
2009/2010,reitz,nketoana,thabo mofutsanyane,28.43171,-27.79927,146,0,92,3,1,0,54,64,0,10,78,5,6,17,36,2,1,57,6,19,2,2,0,6,0,20,0,10,66,11,24,1
2010/2011,reitz,nketoana,thabo mofutsanyane,28.43171,-27.79927,116,2,80,3,0,0,45,92,1,23,82,8,5,22,47,3,1,48,1,52,1,0,0,4,7,62,0,11,100,11,18,0
2011/2012,reitz,nketoana,thabo mofutsanyane,28.43171,-27.79927,109,0,55,3,2,0,60,93,0,26,53,8,7,17,61,0,1,30,4,22,4,1,0,5,3,28,1,13,77,15,23,0
2012/2013,reitz,nketoana,thabo mofutsanyane,28.43171,-27.79927,92,0,42,7,4,0,36,88,1,29,73,4,4,29,60,0,1,43,4,16,12,2,0,17,3,25,0,6,58,12,24,0
2013/2014,reitz,nketoana,thabo mofutsanyane,28.43171,-27.79927,93,0,40,4,2,0,43,88,0,30,53,1,6,40,103,2,13,25,4,19,7,2,0,12,2,23,1,14,69,21,28,1
2014/2015,reitz,nketoana,thabo mofutsanyane,28.43171,-27.79927,68,1,30,4,0,0,36,83,0,14,46,1,7,46,121,3,12,33,7,20,2,1,0,6,3,24,0,14,45,18,15,0
2015/2016,reitz,nketoana,thabo mofutsanyane,28.43171,-27.79927,79,0,53,4,1,0,37,70,1,25,55,3,7,53,159,1,12,25,7,20,6,0,1,8,1,23,0,8,63,15,13,0
2016/2017,reitz,nketoana,thabo mofutsanyane,28.43171,-27.79927,89,1,54,4,2,0,35,107,1,35,78,6,7,86,228,0,13,27,5,17,11,2,0,19,0,20,0,8,69,5,20,0
2017/2018,reitz,nketoana,thabo mofutsanyane,28.43171,-27.79927,71,4,83,4,5,0,23,74,0,26,80,3,6,131,310,5,13,29,8,12,10,6,0,21,0,17,0,6,84,6,22,1
2018/2019,reitz,nketoana,thabo mofutsanyane,28.43171,-27.79927,80,2,97,2,1,0,41,80,2,34,93,12,7,147,202,2,21,44,17,30,6,7,0,23,3,35,0,9,56,9,16,0
2019/2020,reitz,nketoana,thabo mofutsanyane,28.43171,-27.79927,75,1,79,0,0,0,58,121,0,43,84,6,6,150,21,1,12,43,9,15,16,1,0,25,7,22,0,13,64,7,30,0
2020/2021,reitz,nketoana,thabo mofutsanyane,28.43171,-27.79927,69,2,125,1,2,0,49,98,1,56,115,8,4,24,10,1,21,86,11,23,8,2,0,18,0,27,0,9,32,6,38,0
2021/2022,reitz,nketoana,thabo mofutsanyane,28.43171,-27.79927,117,2,105,0,1,0,43,76,0,67,119,2,6,57,22,1,23,63,10,32,7,0,0,12,18,51,0,11,50,12,27,0
2022/2023,reitz,nketoana,thabo mofutsanyane,28.43171,-27.79927,134,1,131,4,1,0,59,85,0,63,96,7,7,69,52,4,23,72,8,27,5,3,0,15,4,33,0,3,45,4,18,0
2023/2024,reitz,thabo mofutsanyana district,thabo mofutsanyana district,28.43171,-27.79927,0,0,0,0,0,0,0,71,0,0,0,0,0,0,0,0,0,0,0,0,0,6,0,0,0,0,0,0,0,8,26,0
2024/2025,reitz,thabo mofutsanyana district,thabo mofutsanyana district,28.43171,-27.79927,0,0,0,0,0,0,0,83,0,0,0,0,0,0,0,0,0,0,0,0,0,6,0,0,0,0,0,0,0,3,25,0
2008/2009,reivilo,greater taung,dr ruth segomotsi mompati,24.1833,-27.57072,29,0,26,0,0,0,7,14,0,1,17,1,7,0,7,0,1,15,1,8,1,0,0,2,0,9,0,0,43,0,2,0
2009/2010,reivilo,greater taung,dr ruth segomotsi mompati,24.1833,-27.57072,14,0,26,0,2,0,8,15,0,0,14,4,7,3,12,1,1,9,0,1,0,0,0,1,3,7,0,0,36,0,6,0
2010/2011,reivilo,greater taung,dr ruth segomotsi mompati,24.1833,-27.57072,27,2,42,0,0,0,6,14,0,0,13,4,6,1,8,0,1,13,0,7,0,0,0,0,1,8,0,1,36,0,2,0
2011/2012,reivilo,greater taung,dr ruth segomotsi mompati,24.1833,-27.57072,25,0,14,0,0,0,7,12,0,0,7,2,6,7,10,0,1,15,1,5,0,0,0,0,1,6,0,0,55,1,3,0
2012/2013,reivilo,greater taung,dr ruth segomotsi mompati,24.1833,-27.57072,23,1,22,0,0,0,9,14,0,0,11,7,6,0,3,1,1,23,0,6,2,0,0,2,0,6,0,0,40,2,2,0
2013/2014,reivilo,greater taung,dr ruth segomotsi mompati,24.1833,-27.57072,27,0,32,4,0,0,7,6,0,1,10,4,6,2,9,0,13,20,0,10,1,0,0,1,0,10,0,0,27,0,2,0
2014/2015,reivilo,greater taung,dr ruth segomotsi mompati,24.1833,-27.57072,30,0,27,0,0,0,12,25,0,2,7,1,7,1,6,0,12,14,2,4,0,0,0,0,0,5,0,0,26,4,6,0
2015/2016,reivilo,greater taung,dr ruth segomotsi mompati,24.1833,-27.57072,25,1,28,0,0,0,19,14,0,0,11,2,6,1,4,3,12,10,1,7,0,0,0,2,0,7,0,0,36,1,1,0
2016/2017,reivilo,greater taung,dr ruth segomotsi mompati,24.1833,-27.57072,18,1,10,1,0,0,12,13,0,1,8,3,6,0,5,0,13,11,1,15,2,0,0,2,6,21,0,0,29,1,1,0
2017/2018,reivilo,greater taung,dr ruth segomotsi mompati,24.1833,-27.57072,13,2,16,0,0,0,10,10,1,0,4,2,6,3,7,0,12,7,1,6,2,0,0,8,0,6,0,0,25,0,4,0
2018/2019,reivilo,greater taung,dr ruth segomotsi mompati,24.1833,-27.57072,37,0,15,1,0,0,7,15,0,0,11,1,6,0,8,1,12,10,0,5,3,1,0,5,0,5,0,0,29,0,2,0
2019/2020,reivilo,greater taung,dr ruth segomotsi mompati,24.1833,-27.57072,24,0,21,0,1,0,2,19,0,3,9,2,6,1,4,0,13,15,0,8,2,0,0,7,0,9,0,0,30,0,12,0
2020/2021,reivilo,greater taung,dr ruth segomotsi mompati,24.1833,-27.57072,28,2,31,1,0,0,10,14,0,1,7,1,6,0,1,1,13,15,1,2,0,1,0,8,0,2,0,0,41,1,5,0
2021/2022,reivilo,greater taung,dr ruth segomotsi mompati,24.1833,-27.57072,19,0,30,0,0,0,13,15,0,2,17,0,6,1,0,1,13,17,1,3,3,1,0,6,0,3,0,0,26,0,7,0
2022/2023,reivilo,greater taung,dr ruth segomotsi mompati,24.1833,-27.57072,24,1,20,0,2,0,5,19,0,0,12,0,6,0,2,2,12,14,1,5,1,0,0,5,0,7,0,0,48,0,6,0
2023/2024,reivilo,dr ruth segomotsi mompati district,dr ruth segomotsi mompati district,24.1833,-27.57072,0,0,0,0,0,0,0,15,0,0,0,0,0,0,0,0,0,0,0,0,0,1,0,0,0,0,0,0,0,1,3,0
2024/2025,reivilo,dr ruth segomotsi mompati district,dr ruth segomotsi mompati district,24.1833,-27.57072,0,0,0,0,0,0,0,31,0,0,0,0,0,0,0,0,0,0,0,0,0,1,0,0,0,0,0,0,0,0,10,0
2008/2009,rhodes,senqu,joe gqabi,27.96674,-30.79379,7,0,10,0,1,0,0,6,0,1,2,0,7,0,2,0,1,0,0,0,0,0,0,0,0,2,0,0,9,0,0,0
2009/2010,rhodes,senqu,joe gqabi,27.96674,-30.79379,5,0,7,0,0,0,0,7,0,0,0,0,7,0,14,0,1,0,0,0,0,0,0,0,0,1,0,0,8,0,0,0
2010/2011,rhodes,senqu,joe gqabi,27.96674,-30.79379,6,0,10,0,0,0,0,2,0,2,1,0,7,0,13,0,1,1,0,2,0,0,0,0,0,3,0,0,4,1,0,0
2011/2012,rhodes,senqu,joe gqabi,27.96674,-30.79379,4,0,10,0,0,0,0,8,0,1,0,0,6,0,5,0,1,0,0,2,0,0,0,0,0,2,0,0,17,1,0,0
2012/2013,rhodes,senqu,joe gqabi,27.96674,-30.79379,2,0,9,1,1,0,0,7,0,0,2,0,6,1,8,0,1,2,0,3,0,0,0,0,0,4,0,0,6,3,0,0
2013/2014,rhodes,senqu,joe gqabi,27.96674,-30.79379,7,0,12,0,0,0,0,7,0,0,2,0,6,0,7,0,13,4,0,1,0,0,0,0,0,1,0,0,19,0,0,0
2014/2015,rhodes,senqu,joe gqabi,27.96674,-30.79379,4,0,4,0,0,0,0,5,0,0,0,0,6,0,1,0,13,1,1,1,0,0,0,0,0,1,0,0,5,0,0,0
2015/2016,rhodes,senqu,joe gqabi,27.96674,-30.79379,3,0,4,0,0,0,0,15,0,1,1,0,6,0,2,0,13,0,3,1,0,0,0,0,1,2,0,0,6,0,0,0
2016/2017,rhodes,senqu,joe gqabi,27.96674,-30.79379,2,0,10,2,0,0,0,11,0,2,1,0,6,0,2,0,13,2,0,0,0,0,0,0,0,0,0,0,7,0,1,0
2017/2018,rhodes,senqu,joe gqabi,27.96674,-30.79379,6,0,8,1,0,0,0,13,0,0,1,1,6,0,6,0,13,3,1,0,0,0,0,0,0,0,0,0,6,0,3,0
2018/2019,rhodes,senqu,joe gqabi,27.96674,-30.79379,6,0,9,0,0,0,0,16,0,0,2,0,7,0,3,0,13,0,0,1,0,0,0,0,0,2,0,0,3,0,2,0
2019/2020,rhodes,senqu,joe gqabi,27.96674,-30.79379,7,0,9,0,0,0,0,12,0,0,1,0,6,0,0,1,13,2,0,2,0,0,0,0,0,2,0,0,13,0,1,0
2020/2021,rhodes,senqu,joe gqabi,27.96674,-30.79379,0,1,9,0,0,0,0,1,0,1,1,1,6,0,1,0,13,1,0,0,0,0,0,0,0,0,0,0,5,0,0,0
2021/2022,rhodes,senqu,joe gqabi,27.96674,-30.79379,2,0,2,0,1,0,1,3,0,1,0,0,7,0,1,0,13,0,2,1,0,0,0,0,0,3,0,0,6,0,1,0
2022/2023,rhodes,senqu,joe gqabi,27.96674,-30.79379,2,0,1,1,0,0,1,4,0,0,0,0,6,0,0,0,13,1,1,0,0,0,0,0,0,0,0,0,5,0,1,0
2023/2024,rhodes,joe gqabi district,joe gqabi district,27.96674,-30.79379,0,0,0,0,0,0,0,3,0,0,0,0,0,0,0,0,0,0,0,0,0,0,0,0,0,0,0,0,0,0,0,0
2024/2025,rhodes,joe gqabi district,joe gqabi district,27.96674,-30.79379,0,0,0,0,0,0,0,6,0,0,0,0,0,0,0,0,0,0,0,0,0,0,0,0,0,0,0,0,0,0,0,0
2008/2009,richards bay,umhlathuze,king cetshwayo,32.05469,-28.74824,1257,7,316,37,5,0,325,846,57,353,497,227,27,140,49,23,1,350,20,72,68,40,6,300,14,116,0,506,1,202,375,0
2009/2010,richards bay,umhlathuze,king cetshwayo,32.05469,-28.74824,1089,4,257,34,1,0,353,667,39,547,542,180,17,202,170,33,1,298,29,52,45,57,4,263,18,80,0,605,5,207,434,1
2010/2011,richards bay,umhlathuze,king cetshwayo,32.05469,-28.74824,1038,14,254,36,1,0,266,716,40,624,450,119,9,36,140,42,1,302,22,53,29,44,2,219,20,79,0,531,10,157,348,0
2011/2012,richards bay,umhlathuze,king cetshwayo,32.05469,-28.74824,1022,11,246,24,5,0,199,636,8,490,463,148,4,69,158,15,1,277,22,53,10,54,0,145,18,78,10,457,3,132,311,0
2012/2013,richards bay,umhlathuze,king cetshwayo,32.05469,-28.74824,1038,6,214,29,4,0,271,666,16,680,418,136,4,50,238,27,1,258,18,58,23,41,0,190,14,78,4,399,4,120,382,0
2013/2014,richards bay,umhlathuze,king cetshwayo,32.05469,-28.74824,988,10,223,29,2,0,177,665,10,347,351,114,6,91,165,25,22,201,14,67,35,26,0,163,18,87,3,358,4,134,344,0
2014/2015,richards bay,umhlathuze,king cetshwayo,32.05469,-28.74824,801,5,206,34,1,0,244,608,19,297,289,87,8,49,197,24,25,189,23,59,48,61,0,222,23,87,1,384,2,92,437,1
2015/2016,richards bay,umhlathuze,king cetshwayo,32.05469,-28.74824,676,5,210,46,3,0,233,577,18,303,213,94,5,102,219,28,26,196,16,54,38,89,1,223,19,79,1,358,2,114,471,0
2016/2017,richards bay,umhlathuze,king cetshwayo,32.05469,-28.74824,667,5,228,42,2,0,298,493,14,397,273,115,5,44,169,20,38,167,23,48,37,59,0,221,20,73,1,397,5,99,394,0
2017/2018,richards bay,umhlathuze,king cetshwayo,32.05469,-28.74824,712,6,224,33,4,0,201,465,29,353,309,100,4,71,170,22,16,187,16,47,26,62,0,268,26,79,0,330,1,114,468,0
2018/2019,richards bay,umhlathuze,king cetshwayo,32.05469,-28.74824,825,2,233,30,2,0,242,527,18,381,307,95,6,91,170,18,27,197,17,73,21,57,0,205,28,103,2,289,0,54,446,0
2019/2020,richards bay,umhlathuze,king cetshwayo,32.05469,-28.74824,748,5,224,45,1,0,246,398,17,349,299,104,6,161,198,36,29,166,28,72,28,50,0,237,18,91,1,309,10,59,370,0
2020/2021,richards bay,umhlathuze,king cetshwayo,32.05469,-28.74824,665,2,184,50,5,0,146,423,32,369,285,59,6,57,113,11,42,149,16,49,22,51,0,207,19,73,1,231,14,38,248,0
2021/2022,richards bay,umhlathuze,king cetshwayo,32.05469,-28.74824,584,2,207,63,3,0,146,209,18,551,315,90,8,119,130,16,51,163,29,75,32,32,3,203,23,105,0,276,8,41,343,0
2022/2023,richards bay,umhlathuze,king cetshwayo,32.05469,-28.74824,685,3,221,56,6,0,137,301,31,612,293,86,8,79,225,34,81,168,26,69,50,52,0,316,19,98,0,327,9,104,525,1
2023/2024,richards bay,king cetshwayo district,king cetshwayo district,32.05469,-28.74824,0,0,0,0,0,0,0,367,34,0,0,0,0,0,0,0,0,0,0,0,0,65,0,0,0,0,0,0,0,35,518,0
2024/2025,richards bay,king cetshwayo district,king cetshwayo district,32.05469,-28.74824,0,0,0,0,0,0,0,509,17,0,0,0,0,0,0,0,0,0,0,0,0,67,0,0,0,0,0,0,0,31,326,0
2008/2009,richmond(c),ubuntu,pixley ka seme,23.94401,-31.41508,25,0,52,1,0,0,9,30,0,2,19,1,7,6,29,0,1,14,1,7,0,0,0,0,1,9,0,6,39,0,5,0
2009/2010,richmond(c),ubuntu,pixley ka seme,23.94401,-31.41508,19,0,63,2,1,0,5,36,0,0,20,2,7,6,14,0,1,23,7,12,0,1,0,1,2,16,0,3,48,0,8,0
2010/2011,richmond(c),ubuntu,pixley ka seme,23.94401,-31.41508,31,0,88,5,1,0,11,27,0,4,28,2,6,5,6,0,1,7,3,11,0,0,0,2,1,13,0,0,36,0,4,0
2011/2012,richmond(c),ubuntu,pixley ka seme,23.94401,-31.41508,17,0,63,2,0,0,15,22,0,2,34,2,6,2,10,0,1,16,2,10,1,1,0,2,0,10,0,1,34,1,12,0
2012/2013,richmond(c),ubuntu,pixley ka seme,23.94401,-31.41508,24,0,80,2,2,0,24,52,0,2,35,7,6,4,9,0,1,23,4,9,0,0,0,1,2,13,0,0,48,2,50,0
2013/2014,richmond(c),ubuntu,pixley ka seme,23.94401,-31.41508,30,0,53,7,0,0,23,60,0,2,27,3,6,5,14,0,13,14,7,6,3,2,0,6,0,6,0,0,21,0,27,0
2014/2015,richmond(c),ubuntu,pixley ka seme,23.94401,-31.41508,26,0,64,2,0,0,49,35,0,2,38,2,7,7,14,0,13,26,2,7,2,0,0,2,1,9,0,3,29,1,31,0
2015/2016,richmond(c),ubuntu,pixley ka seme,23.94401,-31.41508,28,2,58,5,1,0,22,33,0,4,19,5,6,12,10,0,13,17,4,3,0,0,0,2,1,5,0,0,32,0,29,0
2016/2017,richmond(c),ubuntu,pixley ka seme,23.94401,-31.41508,28,1,71,6,2,0,20,33,0,4,30,7,6,7,21,0,13,25,3,0,0,1,0,1,0,2,0,1,31,0,23,0
2017/2018,richmond(c),ubuntu,pixley ka seme,23.94401,-31.41508,29,1,53,3,0,0,23,50,0,5,21,5,7,12,17,0,13,17,6,4,2,1,0,7,2,7,0,4,43,0,15,0
2018/2019,richmond(c),ubuntu,pixley ka seme,23.94401,-31.41508,18,1,73,7,1,0,16,43,0,6,25,7,6,2,9,1,13,16,2,5,0,0,0,2,4,10,0,1,47,0,23,0
2019/2020,richmond(c),ubuntu,pixley ka seme,23.94401,-31.41508,28,0,65,6,0,0,29,75,0,3,33,3,4,4,9,0,21,20,3,8,0,0,0,3,1,11,0,2,31,2,15,0
2020/2021,richmond(c),ubuntu,pixley ka seme,23.94401,-31.41508,41,0,73,3,0,0,23,50,0,7,35,5,6,0,1,1,13,17,2,3,0,2,0,3,0,3,0,4,34,1,30,0
2021/2022,richmond(c),ubuntu,pixley ka seme,23.94401,-31.41508,47,1,78,15,2,0,24,49,0,6,35,7,6,4,6,0,13,37,5,3,1,0,0,1,1,6,0,2,20,1,16,0
2022/2023,richmond(c),ubuntu,pixley ka seme,23.94401,-31.41508,56,3,80,19,1,0,23,34,0,9,52,6,6,4,4,0,13,24,1,8,0,0,0,1,1,10,0,1,11,0,9,0
2023/2024,richmond(c),pixley ka seme district,pixley ka seme district,23.94401,-31.41508,0,0,0,0,0,0,0,35,0,0,0,0,0,0,0,0,0,0,0,0,0,0,0,0,0,0,0,0,0,0,8,0
2024/2025,richmond(c),pixley ka seme district,pixley ka seme district,23.94401,-31.41508,0,0,0,0,0,0,0,35,0,0,0,0,0,0,0,0,0,0,0,0,0,0,0,0,0,0,0,0,0,2,5,0
2008/2009,richmond-kzn,richmond,umgungundlovu,30.26986,-29.87238,108,0,120,13,2,0,26,141,5,17,36,19,4,14,58,16,1,30,26,30,3,10,0,32,2,36,0,27,32,16,12,1
2009/2010,richmond-kzn,richmond,umgungundlovu,30.26986,-29.87238,106,7,132,11,0,0,40,168,12,17,38,23,7,14,63,11,1,41,21,43,3,6,0,48,5,49,0,23,37,18,23,3
2010/2011,richmond-kzn,richmond,umgungundlovu,30.26986,-29.87238,118,10,167,19,1,0,41,158,6,18,53,21,7,18,68,9,1,48,13,36,6,8,0,29,1,39,0,27,25,19,22,0
2011/2012,richmond-kzn,richmond,umgungundlovu,30.26986,-29.87238,134,6,131,12,0,0,33,140,6,20,61,21,7,13,112,23,1,47,17,33,3,10,0,40,2,36,0,31,39,16,26,0
2012/2013,richmond-kzn,richmond,umgungundlovu,30.26986,-29.87238,115,5,138,9,0,0,41,175,3,23,54,26,4,14,150,7,1,52,17,34,4,4,0,30,5,41,0,32,40,24,25,0
2013/2014,richmond-kzn,richmond,umgungundlovu,30.26986,-29.87238,122,8,167,17,0,0,26,173,5,37,68,20,6,6,145,9,13,61,20,33,9,12,0,46,4,37,0,33,38,10,21,0
2014/2015,richmond-kzn,richmond,umgungundlovu,30.26986,-29.87238,133,6,146,26,0,0,35,127,1,14,64,18,6,8,148,10,12,59,22,38,2,4,0,19,0,38,0,30,26,7,20,0
2015/2016,richmond-kzn,richmond,umgungundlovu,30.26986,-29.87238,142,11,145,12,0,0,43,172,5,14,61,18,6,15,159,6,12,49,23,41,5,8,0,40,5,46,0,23,41,14,24,0
2016/2017,richmond-kzn,richmond,umgungundlovu,30.26986,-29.87238,135,2,140,16,0,0,38,192,9,28,46,18,6,10,121,5,12,41,26,46,3,6,0,31,9,55,0,25,33,7,24,0
2017/2018,richmond-kzn,richmond,umgungundlovu,30.26986,-29.87238,125,1,158,14,0,0,44,171,10,26,38,17,7,14,88,13,21,46,19,48,6,7,0,31,1,50,0,31,56,7,17,0
2018/2019,richmond-kzn,richmond,umgungundlovu,30.26986,-29.87238,97,1,139,19,0,0,37,113,3,54,44,13,4,6,47,7,21,51,22,27,8,20,0,41,4,33,1,16,19,6,13,0
2019/2020,richmond-kzn,richmond,umgungundlovu,30.26986,-29.87238,107,1,140,14,0,0,35,96,4,33,48,14,6,16,21,5,12,52,29,43,8,5,0,33,4,47,0,12,21,10,12,0
2020/2021,richmond-kzn,richmond,umgungundlovu,30.26986,-29.87238,124,0,143,26,1,0,55,104,8,29,59,14,7,4,12,7,21,47,24,36,9,19,0,52,4,42,0,3,21,9,12,0
2021/2022,richmond-kzn,richmond,umgungundlovu,30.26986,-29.87238,120,3,160,30,0,0,46,90,8,31,87,14,6,4,3,10,21,96,57,43,13,25,0,65,2,45,0,5,10,6,17,0
2022/2023,richmond-kzn,richmond,umgungundlovu,30.26986,-29.87238,126,2,154,25,0,0,28,95,5,18,70,22,7,1,3,8,17,74,36,37,19,46,0,95,4,42,0,9,24,8,14,0
2023/2024,richmond-kzn,umgungundlovu district,umgungundlovu district,30.26986,-29.87238,0,0,0,0,0,0,0,85,5,0,0,0,0,0,0,0,0,0,0,0,0,40,0,0,0,0,0,0,0,5,6,0
2024/2025,richmond-kzn,umgungundlovu district,umgungundlovu district,30.26986,-29.87238,0,0,0,0,0,0,0,77,6,0,0,0,0,0,0,0,0,0,0,0,0,8,0,0,0,0,0,0,0,1,9,0
2008/2009,riebeeck east,makana,sarah baartman,26.15276,-33.20341,6,0,8,1,0,0,0,10,0,0,7,0,7,2,6,1,1,1,1,3,0,0,0,0,0,4,0,0,1,0,1,0
2009/2010,riebeeck east,makana,sarah baartman,26.15276,-33.20341,5,0,6,1,0,0,0,12,0,0,8,0,6,1,1,0,1,6,0,1,0,0,0,0,1,2,0,0,9,0,0,0
2010/2011,riebeeck east,makana,sarah baartman,26.15276,-33.20341,6,0,13,0,0,0,0,4,0,1,3,0,6,2,0,0,1,3,0,3,0,0,0,0,0,3,0,0,5,0,1,0
2011/2012,riebeeck east,makana,sarah baartman,26.15276,-33.20341,5,0,10,0,0,0,0,3,0,1,2,0,6,0,1,0,1,1,0,2,0,0,0,0,1,3,0,0,11,0,1,0
2012/2013,riebeeck east,makana,sarah baartman,26.15276,-33.20341,4,0,11,0,0,0,0,5,0,0,2,0,6,0,3,0,1,1,1,0,0,0,0,0,0,0,0,0,10,0,0,0
2013/2014,riebeeck east,makana,sarah baartman,26.15276,-33.20341,4,0,12,0,0,0,0,3,0,0,8,0,6,0,2,0,12,1,1,3,0,0,0,0,0,3,0,0,4,0,1,0
2014/2015,riebeeck east,makana,sarah baartman,26.15276,-33.20341,2,0,4,0,0,0,0,1,0,0,6,0,6,1,3,0,13,2,1,3,0,0,0,0,1,4,0,0,6,1,0,0
2015/2016,riebeeck east,makana,sarah baartman,26.15276,-33.20341,3,0,6,0,0,0,0,2,0,0,3,0,6,1,4,0,13,1,0,1,0,0,0,0,0,1,0,0,10,0,0,0
2016/2017,riebeeck east,makana,sarah baartman,26.15276,-33.20341,2,0,7,0,0,0,0,4,0,0,4,0,6,2,5,0,13,1,0,1,0,0,0,0,0,1,0,0,5,0,0,0
2017/2018,riebeeck east,makana,sarah baartman,26.15276,-33.20341,2,0,4,1,1,0,1,3,0,3,4,0,6,0,5,0,13,0,0,2,0,0,0,0,0,3,0,0,3,0,1,0
2018/2019,riebeeck east,makana,sarah baartman,26.15276,-33.20341,3,0,7,0,0,0,1,6,0,2,7,0,6,0,2,0,13,2,1,1,0,0,0,0,1,2,0,0,3,0,0,0
2019/2020,riebeeck east,makana,sarah baartman,26.15276,-33.20341,3,0,6,1,0,0,0,5,0,1,3,0,6,0,0,0,12,3,0,1,0,0,0,0,1,2,0,0,2,0,0,0
2020/2021,riebeeck east,makana,sarah baartman,26.15276,-33.20341,2,0,4,0,0,0,3,6,0,1,4,0,6,0,0,0,13,4,1,2,0,0,0,0,0,2,0,0,1,0,0,0
2021/2022,riebeeck east,makana,sarah baartman,26.15276,-33.20341,1,0,6,0,1,0,3,3,0,0,9,0,6,1,1,0,13,4,0,0,0,0,0,0,0,1,0,0,5,0,0,0
2022/2023,riebeeck east,makana,sarah baartman,26.15276,-33.20341,3,0,1,1,0,0,2,7,0,1,5,0,6,0,1,0,13,5,0,0,1,0,0,1,3,3,0,0,8,1,0,0
2023/2024,riebeeck east,sarah baartman district,sarah baartman district,26.15276,-33.20341,0,0,0,0,0,0,0,5,0,0,0,0,0,0,0,0,0,0,0,0,0,0,0,0,0,0,0,0,0,0,0,0
2024/2025,riebeeck east,sarah baartman district,sarah baartman district,26.15276,-33.20341,0,0,0,0,0,0,0,1,0,0,0,0,0,0,0,0,0,0,0,0,0,0,0,0,0,0,0,0,0,0,0,0
2008/2009,riebeek west,swartland,west coast,18.8727,-33.35093,151,3,130,1,1,0,29,71,0,6,178,7,6,25,89,5,1,82,3,15,1,0,0,5,10,26,0,25,6,5,9,0
2009/2010,riebeek west,swartland,west coast,18.8727,-33.35093,151,3,140,1,3,0,45,100,0,5,210,14,7,14,111,1,1,75,6,20,0,1,0,5,13,37,0,27,10,5,27,0
2010/2011,riebeek west,swartland,west coast,18.8727,-33.35093,183,0,103,3,3,0,31,79,0,6,168,7,7,22,120,0,1,67,3,24,1,1,0,12,7,35,0,24,13,6,20,0
2011/2012,riebeek west,swartland,west coast,18.8727,-33.35093,152,1,101,1,1,0,31,74,0,4,185,10,8,21,118,1,1,62,5,20,0,2,0,5,7,32,1,19,14,3,25,0
2012/2013,riebeek west,swartland,west coast,18.8727,-33.35093,216,4,128,3,4,0,24,68,0,10,215,8,4,19,139,0,1,95,5,25,3,1,0,13,9,40,1,36,10,1,77,0
2013/2014,riebeek west,swartland,west coast,18.8727,-33.35093,189,4,138,1,2,0,18,107,0,5,212,19,7,24,195,3,12,73,4,27,3,3,0,15,8,38,0,14,14,2,35,0
2014/2015,riebeek west,swartland,west coast,18.8727,-33.35093,242,5,174,4,4,0,34,79,0,10,253,18,4,16,217,1,12,99,2,26,2,0,0,9,11,43,0,19,8,4,41,0
2015/2016,riebeek west,swartland,west coast,18.8727,-33.35093,237,6,166,6,2,0,26,136,1,12,247,20,6,11,110,0,12,96,3,25,4,2,0,22,4,31,2,18,13,6,44,0
2016/2017,riebeek west,swartland,west coast,18.8727,-33.35093,218,4,166,3,3,0,12,145,1,17,210,11,6,16,433,3,13,90,4,20,3,3,0,19,13,36,4,22,22,0,65,0
2017/2018,riebeek west,swartland,west coast,18.8727,-33.35093,230,1,178,2,3,0,22,175,0,15,210,12,7,13,256,0,13,102,6,17,3,10,0,23,6,27,0,18,6,7,41,0
2018/2019,riebeek west,swartland,west coast,18.8727,-33.35093,226,0,150,3,3,0,20,131,0,12,196,17,5,21,132,1,13,83,5,22,5,1,0,24,10,38,1,10,8,2,42,0
2019/2020,riebeek west,swartland,west coast,18.8727,-33.35093,245,3,195,4,3,0,24,194,0,17,193,20,5,15,145,3,13,71,1,25,6,0,0,18,15,46,0,7,16,4,39,0
2020/2021,riebeek west,swartland,west coast,18.8727,-33.35093,324,3,153,4,2,0,34,183,0,27,160,13,6,14,59,3,13,86,4,13,2,8,0,23,2,17,0,7,10,2,92,0
2021/2022,riebeek west,swartland,west coast,18.8727,-33.35093,314,2,174,1,1,0,37,133,0,22,205,2,6,6,161,1,13,101,6,13,6,6,0,21,8,22,0,6,14,1,38,0
2022/2023,riebeek west,swartland,west coast,18.8727,-33.35093,243,0,190,2,2,0,45,135,0,33,183,9,7,10,210,3,13,102,3,20,8,5,0,22,13,36,0,5,3,3,57,0
2023/2024,riebeek west,west coast district,west coast district,18.8727,-33.35093,0,0,0,0,0,0,0,165,0,0,0,0,0,0,0,0,0,0,0,0,0,4,0,0,0,0,0,0,0,1,56,0
2024/2025,riebeek west,west coast district,west coast district,18.8727,-33.35093,0,0,0,0,0,0,0,148,1,0,0,0,0,0,0,0,0,0,0,0,0,5,0,0,0,0,0,0,0,2,43,0
2023/2024,riemvasmaak,zf mgcawu district,zf mgcawu district,,,0,0,0,0,0,0,0,3,0,0,0,0,0,0,0,0,0,0,0,0,0,0,0,0,0,0,0,0,0,0,0,0
2024/2025,riemvasmaak,zf mgcawu district,zf mgcawu district,,,0,0,0,0,0,0,0,5,0,0,0,0,0,0,0,0,0,0,0,0,0,0,0,0,0,0,0,0,0,0,2,0
2008/2009,rietbron,dr beyers naude,sarah baartman,23.1522,-32.90126,7,1,10,1,1,0,3,11,0,0,7,0,6,0,8,0,1,2,1,0,0,0,0,0,0,1,0,0,1,0,0,0
2009/2010,rietbron,dr beyers naude,sarah baartman,23.1522,-32.90126,3,0,10,1,1,0,1,11,0,0,8,1,7,3,20,0,1,2,1,0,0,0,0,0,1,3,0,0,2,0,0,0
2010/2011,rietbron,dr beyers naude,sarah baartman,23.1522,-32.90126,3,0,11,1,0,0,1,1,0,0,2,0,6,2,8,0,1,0,0,3,0,0,0,0,0,3,0,0,0,0,1,0
2011/2012,rietbron,dr beyers naude,sarah baartman,23.1522,-32.90126,2,0,6,0,0,0,0,3,0,0,3,0,6,0,11,1,1,1,1,1,0,0,0,0,1,2,0,1,6,0,1,0
2012/2013,rietbron,dr beyers naude,sarah baartman,23.1522,-32.90126,5,0,6,1,0,0,2,1,0,0,7,0,6,0,2,0,1,4,1,4,0,0,0,0,1,5,1,0,2,0,0,0
2013/2014,rietbron,dr beyers naude,sarah baartman,23.1522,-32.90126,6,0,10,0,0,0,0,1,0,0,11,1,6,0,7,1,12,3,0,0,0,0,0,0,0,0,0,0,11,0,0,0
2014/2015,rietbron,dr beyers naude,sarah baartman,23.1522,-32.90126,4,0,5,1,0,0,2,6,0,1,7,0,6,1,11,0,13,3,2,2,0,0,0,0,1,3,0,0,7,0,0,0
2015/2016,rietbron,dr beyers naude,sarah baartman,23.1522,-32.90126,3,0,5,0,0,0,0,2,0,1,4,0,6,0,21,0,13,1,0,1,0,0,0,0,1,2,0,0,4,0,0,0
2016/2017,rietbron,dr beyers naude,sarah baartman,23.1522,-32.90126,10,0,7,0,0,0,1,4,0,1,11,1,6,0,24,0,13,4,1,0,0,0,0,0,1,1,0,0,4,0,2,0
2017/2018,rietbron,dr beyers naude,sarah baartman,23.1522,-32.90126,4,0,13,1,0,0,2,6,0,0,4,0,6,1,16,0,13,7,0,0,0,0,0,0,1,1,0,0,3,0,0,0
2018/2019,rietbron,dr beyers naude,sarah baartman,23.1522,-32.90126,5,0,10,1,0,0,1,3,0,0,6,0,6,0,9,0,13,5,1,0,0,0,0,0,0,0,0,0,2,0,1,0
2019/2020,rietbron,dr beyers naude,sarah baartman,23.1522,-32.90126,7,0,2,0,0,0,3,4,0,0,6,0,6,1,0,0,13,1,1,2,0,0,0,0,1,3,0,0,3,0,0,0
2020/2021,rietbron,dr beyers naude,sarah baartman,23.1522,-32.90126,0,0,6,2,0,0,2,2,0,1,6,0,6,0,0,1,13,4,1,0,0,0,0,0,0,0,0,0,0,0,0,0
2021/2022,rietbron,dr beyers naude,sarah baartman,23.1522,-32.90126,4,0,2,0,0,0,1,1,0,1,4,0,6,0,3,0,13,1,0,1,0,0,0,0,2,3,0,0,2,0,0,0
2022/2023,rietbron,dr beyers naude,sarah baartman,23.1522,-32.90126,5,0,6,0,0,0,0,5,0,1,8,0,6,0,2,0,13,0,1,1,0,0,0,0,2,3,0,0,3,0,0,0
2023/2024,rietbron,sarah baartman district,sarah baartman district,23.1522,-32.90126,0,0,0,0,0,0,0,2,0,0,0,0,0,0,0,0,0,0,0,0,0,0,0,0,0,0,0,0,0,0,0,0
2024/2025,rietbron,sarah baartman district,sarah baartman district,23.1522,-32.90126,0,0,0,0,0,0,0,6,0,0,0,0,0,0,0,0,0,0,0,0,0,0,0,0,0,0,0,0,0,0,0,0
2008/2009,rietfontein,dawid kruiper,z f mgcawu,20.0294,-26.74269,11,1,23,1,1,0,9,3,0,0,26,0,6,2,4,2,1,8,4,3,0,0,0,0,1,5,0,2,5,0,0,0
2009/2010,rietfontein,dawid kruiper,z f mgcawu,20.0294,-26.74269,5,0,38,1,2,0,4,8,0,1,21,1,6,1,10,0,1,12,3,6,0,0,0,0,0,8,0,0,13,0,0,0
2010/2011,rietfontein,dawid kruiper,z f mgcawu,20.0294,-26.74269,5,0,29,2,0,0,1,5,0,1,23,0,7,1,4,0,1,7,0,5,0,0,0,0,0,6,0,0,22,0,0,0
2011/2012,rietfontein,dawid kruiper,z f mgcawu,20.0294,-26.74269,9,1,28,0,0,0,6,3,0,1,29,1,6,0,13,1,1,10,2,4,1,0,0,1,2,6,0,3,15,0,0,0
2012/2013,rietfontein,dawid kruiper,z f mgcawu,20.0294,-26.74269,5,0,21,0,0,0,1,3,0,1,30,0,6,2,5,0,1,9,2,4,1,0,0,1,0,4,0,2,6,0,0,0
2013/2014,rietfontein,dawid kruiper,z f mgcawu,20.0294,-26.74269,9,1,35,0,0,0,3,3,0,0,31,1,6,0,0,0,13,10,1,4,0,0,0,0,1,5,0,1,11,0,0,0
2014/2015,rietfontein,dawid kruiper,z f mgcawu,20.0294,-26.74269,13,0,35,3,0,0,5,6,0,3,29,1,6,0,4,0,13,20,4,4,0,0,0,1,1,5,0,0,11,0,0,0
2015/2016,rietfontein,dawid kruiper,z f mgcawu,20.0294,-26.74269,14,0,30,4,0,0,2,1,0,3,27,0,6,0,14,0,13,21,0,5,0,0,0,1,2,7,0,0,18,0,0,0
2016/2017,rietfontein,dawid kruiper,z f mgcawu,20.0294,-26.74269,12,0,27,1,0,0,3,2,0,0,20,0,6,1,27,0,13,7,2,1,0,0,0,0,1,2,0,0,23,0,1,0
2017/2018,rietfontein,dawid kruiper,z f mgcawu,20.0294,-26.74269,11,1,32,1,1,0,0,4,0,1,21,0,6,4,19,2,13,7,3,7,1,0,0,1,4,12,0,1,8,0,0,0
2018/2019,rietfontein,dawid kruiper,z f mgcawu,20.0294,-26.74269,10,0,35,1,0,0,6,7,0,0,17,0,6,1,15,1,13,11,2,2,0,0,0,1,0,2,0,0,13,0,0,0
2019/2020,rietfontein,dawid kruiper,z f mgcawu,20.0294,-26.74269,14,1,34,1,0,0,1,4,0,2,14,1,7,1,2,0,13,12,2,4,0,0,0,0,1,6,0,0,14,0,2,0
2020/2021,rietfontein,dawid kruiper,z f mgcawu,20.0294,-26.74269,8,1,32,3,1,0,6,9,0,0,13,1,6,0,1,0,13,15,2,5,0,1,0,2,0,6,0,0,16,0,1,0
2021/2022,rietfontein,dawid kruiper,z f mgcawu,20.0294,-26.74269,4,1,23,5,0,0,7,3,0,2,13,1,6,0,6,0,13,12,3,1,0,0,0,0,1,2,0,0,8,0,1,0
2022/2023,rietfontein,dawid kruiper,z f mgcawu,20.0294,-26.74269,1,0,19,4,2,0,7,5,0,1,6,0,6,0,2,0,13,8,0,5,0,0,0,0,1,8,0,0,12,0,0,0
2023/2024,rietfontein,zf mgcawu district,zf mgcawu district,20.0294,-26.74269,0,0,0,0,0,0,0,2,0,0,0,0,0,0,0,0,0,0,0,0,0,0,0,0,0,0,0,0,0,0,0,0
2024/2025,rietfontein,zf mgcawu district,zf mgcawu district,20.0294,-26.74269,0,0,0,0,0,0,0,6,0,0,0,0,0,0,0,0,0,0,0,0,0,0,0,0,0,0,0,0,0,0,0,0
2008/2009,rietgat,city of tshwane,city of tshwane,28.09001,-25.49786,879,24,976,66,12,0,64,715,95,67,526,305,26,50,73,41,1,391,46,178,22,82,2,555,10,221,0,109,1,125,87,1
2009/2010,rietgat,city of tshwane,city of tshwane,28.09001,-25.49786,709,25,813,41,5,0,61,791,87,100,410,237,18,33,142,39,1,355,44,172,23,53,2,397,6,194,0,195,1,128,163,0
2010/2011,rietgat,city of tshwane,city of tshwane,28.09001,-25.49786,718,27,847,34,5,0,87,673,68,90,324,230,32,47,136,44,1,396,35,158,47,37,5,375,5,180,0,212,0,102,155,3
2011/2012,rietgat,city of tshwane,city of tshwane,28.09001,-25.49786,664,28,787,30,8,0,75,617,97,93,272,169,9,36,1365,28,1,294,30,147,64,66,0,393,6,166,1,213,2,99,178,0
2012/2013,rietgat,city of tshwane,city of tshwane,28.09001,-25.49786,770,15,693,35,2,0,67,705,95,124,357,220,9,74,2234,40,1,310,40,139,73,71,0,455,10,156,15,207,3,130,202,0
2013/2014,rietgat,city of tshwane,city of tshwane,28.09001,-25.49786,861,13,843,51,3,0,80,781,121,79,342,296,5,30,1386,50,51,366,32,162,91,109,0,673,11,179,1,165,1,110,227,2
2014/2015,rietgat,city of tshwane,city of tshwane,28.09001,-25.49786,797,19,825,56,3,0,110,821,133,69,298,251,7,36,1049,64,51,401,38,146,71,86,1,669,11,161,0,230,12,160,266,1
2015/2016,rietgat,city of tshwane,city of tshwane,28.09001,-25.49786,691,14,811,64,2,0,115,745,117,60,299,189,7,23,1011,69,22,304,39,110,115,86,1,645,7,120,1,180,3,118,230,3
2016/2017,rietgat,city of tshwane,city of tshwane,28.09001,-25.49786,629,15,725,77,3,0,120,638,156,53,286,218,6,62,925,60,18,405,47,111,75,107,1,702,10,124,1,147,7,117,195,1
2017/2018,rietgat,city of tshwane,city of tshwane,28.09001,-25.49786,634,14,768,73,2,0,112,626,108,45,341,223,7,87,1033,84,27,345,47,113,66,102,3,713,13,129,0,55,8,110,151,1
2018/2019,rietgat,city of tshwane,city of tshwane,28.09001,-25.49786,584,13,762,74,0,0,129,572,123,42,426,215,4,80,870,72,36,414,38,128,60,158,0,765,19,149,0,25,6,102,225,4
2019/2020,rietgat,city of tshwane,city of tshwane,28.09001,-25.49786,560,12,551,70,1,0,148,572,108,58,914,193,7,88,1002,57,36,375,41,159,82,84,2,783,25,186,0,50,4,110,144,2
2020/2021,rietgat,city of tshwane,city of tshwane,28.09001,-25.49786,466,11,432,67,0,0,120,350,103,64,646,149,7,54,572,46,30,267,41,135,58,88,0,656,17,153,1,43,1,49,123,1
2021/2022,rietgat,city of tshwane,city of tshwane,28.09001,-25.49786,422,11,397,78,2,0,124,396,128,105,613,120,4,63,622,65,79,282,48,146,56,90,1,662,20,170,0,30,3,41,67,8
2022/2023,rietgat,city of tshwane,city of tshwane,28.09001,-25.49786,482,5,396,62,3,0,116,366,156,103,560,114,4,48,630,95,80,286,54,124,58,108,0,677,14,143,0,71,6,37,99,7
2023/2024,rietgat,tshwane district,tshwane district,28.09001,-25.49786,0,0,0,0,0,0,0,425,148,0,0,0,0,0,0,0,0,0,0,0,0,109,0,0,0,0,0,0,0,47,90,0
2024/2025,rietgat,tshwane district,tshwane district,28.09001,-25.49786,0,0,0,0,0,0,0,389,111,0,0,0,0,0,0,0,0,0,0,0,0,115,0,0,0,0,0,0,0,45,67,0
2008/2009,rietvlei,umvoti,umzinyathi,30.34741,-29.17992,28,2,21,2,0,0,2,10,1,0,17,0,4,0,2,1,1,9,5,3,1,0,0,3,0,5,0,0,15,1,3,0
2009/2010,rietvlei,umvoti,umzinyathi,30.34741,-29.17992,33,1,23,1,1,0,1,19,1,0,16,0,6,0,3,4,1,9,2,0,0,1,0,2,0,1,0,0,16,5,1,0
2010/2011,rietvlei,umvoti,umzinyathi,30.34741,-29.17992,26,1,20,1,0,0,2,19,1,1,15,0,6,0,4,1,1,14,0,1,0,1,0,3,2,3,0,0,18,7,3,0
2011/2012,rietvlei,umvoti,umzinyathi,30.34741,-29.17992,18,0,15,1,1,0,0,14,0,0,15,0,6,0,2,0,1,8,0,6,0,0,0,0,3,10,0,0,11,1,3,0
2012/2013,rietvlei,umvoti,umzinyathi,30.34741,-29.17992,33,0,14,1,0,0,0,21,1,0,15,1,6,0,8,1,1,11,1,0,0,0,0,1,2,2,1,0,18,0,4,0
2013/2014,rietvlei,umvoti,umzinyathi,30.34741,-29.17992,36,0,21,0,0,0,2,25,0,1,15,2,6,0,7,4,13,7,1,1,0,1,0,1,0,1,0,0,20,1,2,0
2014/2015,rietvlei,umvoti,umzinyathi,30.34741,-29.17992,20,2,15,2,0,0,1,23,0,0,15,1,6,0,6,5,13,13,2,4,0,1,0,1,0,4,0,0,29,0,2,0
2015/2016,rietvlei,umvoti,umzinyathi,30.34741,-29.17992,15,0,17,5,0,0,1,15,2,0,8,2,6,1,8,3,13,4,3,2,1,1,0,7,1,3,0,0,7,1,5,0
2016/2017,rietvlei,umvoti,umzinyathi,30.34741,-29.17992,20,0,19,0,0,0,3,5,0,0,4,0,6,3,21,2,13,3,1,1,0,0,0,0,2,3,0,0,34,0,1,0
2017/2018,rietvlei,umvoti,umzinyathi,30.34741,-29.17992,11,1,16,2,0,0,6,7,1,2,15,0,6,1,20,4,13,5,3,0,0,2,0,5,2,2,0,0,30,1,2,0
2018/2019,rietvlei,umvoti,umzinyathi,30.34741,-29.17992,19,1,16,1,0,0,1,15,0,2,9,2,6,2,3,0,13,2,0,2,0,1,0,1,5,7,0,0,32,0,1,0
2019/2020,rietvlei,umvoti,umzinyathi,30.34741,-29.17992,12,1,14,3,0,0,1,12,0,0,8,0,6,0,0,1,13,5,1,0,1,2,0,4,4,4,0,0,36,3,5,0
2020/2021,rietvlei,umvoti,umzinyathi,30.34741,-29.17992,15,2,11,0,0,0,6,9,0,0,8,0,6,0,0,2,13,2,1,3,1,1,0,4,3,6,0,0,19,3,0,0
2021/2022,rietvlei,umvoti,umzinyathi,30.34741,-29.17992,11,0,9,2,0,0,2,11,0,0,6,0,6,0,0,1,13,5,2,3,0,3,0,3,0,3,0,0,14,1,0,0
2022/2023,rietvlei,umvoti,umzinyathi,30.34741,-29.17992,8,0,7,2,0,0,3,10,0,0,9,0,6,0,0,0,13,2,0,2,1,0,0,3,0,2,0,0,29,0,1,0
2023/2024,rietvlei,umgungundlovu district,umgungundlovu district,30.34741,-29.17992,0,0,0,0,0,0,0,13,0,0,0,0,0,0,0,0,0,0,0,0,0,1,0,0,0,0,0,0,0,2,2,0
2024/2025,rietvlei,umgungundlovu district,umgungundlovu district,30.34741,-29.17992,0,0,0,0,0,0,0,4,0,0,0,0,0,0,0,0,0,0,0,0,0,0,0,0,0,0,0,0,0,1,0,0
2008/2009,ritavi,greater tzaneen,mopani,30.28361,-23.88811,238,22,349,18,7,0,107,288,1,160,171,73,8,23,94,7,1,129,21,86,3,6,0,58,1,98,0,7,6,14,80,0
2009/2010,ritavi,greater tzaneen,mopani,30.28361,-23.88811,261,20,337,12,2,0,133,351,3,92,156,78,6,32,123,4,1,129,20,123,11,10,1,106,1,126,0,5,3,13,94,0
2010/2011,ritavi,greater tzaneen,mopani,30.28361,-23.88811,211,16,354,14,5,0,127,290,0,78,156,99,5,77,73,12,1,138,18,147,20,22,0,87,4,159,0,5,5,10,90,0
2011/2012,ritavi,greater tzaneen,mopani,30.28361,-23.88811,279,15,370,27,3,0,127,376,2,131,158,80,8,24,107,10,1,145,11,128,18,29,0,117,8,143,0,14,5,11,52,0
2012/2013,ritavi,greater tzaneen,mopani,30.28361,-23.88811,283,22,313,18,1,0,109,344,2,110,180,90,4,25,77,8,1,126,14,135,23,16,0,116,2,140,0,9,7,7,96,0
2013/2014,ritavi,greater tzaneen,mopani,30.28361,-23.88811,261,13,362,19,5,0,116,359,9,57,190,86,6,4,88,4,14,150,14,130,33,23,0,203,2,137,0,2,1,13,125,0
2014/2015,ritavi,greater tzaneen,mopani,30.28361,-23.88811,244,23,358,29,6,0,133,400,12,19,221,73,5,5,114,5,17,188,25,117,30,12,0,179,5,131,10,1,4,11,91,0
2015/2016,ritavi,greater tzaneen,mopani,30.28361,-23.88811,282,8,323,25,5,0,97,320,11,17,169,66,7,7,144,18,17,176,24,134,32,23,0,174,3,143,1,1,6,18,84,0
2016/2017,ritavi,greater tzaneen,mopani,30.28361,-23.88811,228,7,244,25,3,0,101,274,11,23,113,50,6,14,119,7,14,118,17,100,41,21,1,197,3,106,1,8,8,9,102,0
2017/2018,ritavi,greater tzaneen,mopani,30.28361,-23.88811,187,9,277,28,0,0,81,359,16,42,126,61,6,13,153,17,36,163,20,106,37,17,2,203,2,108,0,6,7,9,91,0
2018/2019,ritavi,greater tzaneen,mopani,30.28361,-23.88811,236,2,255,14,3,0,63,372,11,29,114,59,6,22,91,4,23,198,29,105,29,35,0,199,3,111,1,5,11,6,61,0
2019/2020,ritavi,greater tzaneen,mopani,30.28361,-23.88811,205,3,221,8,2,0,58,248,4,31,106,52,6,33,6,2,23,121,10,105,20,7,1,85,5,112,7,3,8,10,41,0
2020/2021,ritavi,greater tzaneen,mopani,30.28361,-23.88811,224,4,223,12,3,0,64,266,16,46,117,49,7,26,20,4,2,132,17,72,32,9,0,117,2,78,18,6,3,3,25,0
2021/2022,ritavi,greater tzaneen,mopani,30.28361,-23.88811,220,5,261,26,2,0,73,229,8,43,137,53,4,10,54,2,23,163,24,117,22,5,1,119,3,124,30,7,7,5,57,0
2022/2023,ritavi,greater tzaneen,mopani,30.28361,-23.88811,303,4,283,25,3,0,98,240,12,49,142,41,6,15,73,4,25,171,10,97,22,14,1,122,8,108,22,7,8,14,81,0
2023/2024,ritavi,mopani district,mopani district,30.28361,-23.88811,0,0,0,0,0,0,0,276,17,0,0,0,0,0,0,0,0,0,0,0,0,17,0,0,0,0,0,0,0,6,38,0
2024/2025,ritavi,mopani district,mopani district,30.28361,-23.88811,0,0,0,0,0,0,0,203,6,0,0,0,0,0,0,0,0,0,0,0,0,20,0,0,0,0,0,0,0,12,48,0
2008/2009,riversdale,hessequa,garden route,21.26123,-34.09338,111,1,137,1,1,0,19,77,0,13,121,9,5,114,335,2,1,39,6,13,0,0,0,3,6,23,0,30,14,4,25,0
2009/2010,riversdale,hessequa,garden route,21.26123,-34.09338,122,1,111,1,3,0,32,67,0,14,104,5,7,117,431,4,1,47,2,34,1,0,0,2,6,44,0,33,16,5,24,0
2010/2011,riversdale,hessequa,garden route,21.26123,-34.09338,102,1,89,3,1,0,29,67,0,12,136,8,7,112,499,2,1,47,5,28,0,0,0,1,9,39,0,28,9,2,32,0
2011/2012,riversdale,hessequa,garden route,21.26123,-34.09338,141,3,109,19,0,0,42,72,0,21,126,9,6,48,429,1,1,72,2,28,2,0,0,4,5,33,1,16,7,1,24,0
2012/2013,riversdale,hessequa,garden route,21.26123,-34.09338,154,4,99,12,0,0,44,105,0,17,150,11,6,53,357,2,1,52,0,20,6,0,0,12,2,22,0,25,6,0,42,1
2013/2014,riversdale,hessequa,garden route,21.26123,-34.09338,170,7,133,3,1,0,49,114,0,20,179,11,7,31,394,0,12,81,3,19,3,0,0,9,5,26,0,33,8,2,74,0
2014/2015,riversdale,hessequa,garden route,21.26123,-34.09338,211,3,129,4,1,0,59,130,0,21,194,22,4,25,512,1,12,84,5,17,3,1,0,9,3,23,0,17,5,7,98,0
2015/2016,riversdale,hessequa,garden route,21.26123,-34.09338,168,4,119,1,1,0,38,122,0,18,164,10,6,21,580,1,12,70,8,13,4,0,0,8,3,17,1,48,11,4,61,0
2016/2017,riversdale,hessequa,garden route,21.26123,-34.09338,158,1,118,0,4,0,40,129,0,18,111,15,7,26,612,5,12,60,4,14,1,3,0,11,4,23,2,32,10,2,61,0
2017/2018,riversdale,hessequa,garden route,21.26123,-34.09338,104,2,85,1,0,0,40,96,0,32,81,10,7,36,447,5,13,50,4,14,3,0,0,8,8,23,0,19,9,4,46,0
2018/2019,riversdale,hessequa,garden route,21.26123,-34.09338,100,1,74,3,2,0,31,71,0,24,101,11,7,25,350,0,13,32,2,12,1,0,0,4,1,16,0,13,15,2,27,0
2019/2020,riversdale,hessequa,garden route,21.26123,-34.09338,88,3,82,2,1,0,19,59,0,22,80,11,4,29,186,6,13,30,3,9,1,1,0,3,3,15,0,19,12,3,25,0
2020/2021,riversdale,hessequa,garden route,21.26123,-34.09338,69,0,69,0,1,0,22,56,0,23,105,6,6,19,126,1,13,36,1,5,1,0,0,1,1,7,0,23,8,0,24,0
2021/2022,riversdale,hessequa,garden route,21.26123,-34.09338,90,1,88,3,0,0,16,74,0,22,121,5,7,23,91,1,13,45,4,3,0,0,0,6,4,8,0,16,8,2,31,0
2022/2023,riversdale,hessequa,garden route,21.26123,-34.09338,113,3,80,5,1,0,26,85,0,39,106,8,7,65,148,1,13,39,4,7,0,2,0,4,2,11,0,31,6,2,22,0
2023/2024,riversdale,garden route district,garden route district,21.26123,-34.09338,0,0,0,0,0,0,0,57,0,0,0,0,0,0,0,0,0,0,0,0,0,0,0,0,0,0,0,0,0,0,15,0
2024/2025,riversdale,garden route district,garden route district,21.26123,-34.09338,0,0,0,0,0,0,0,82,0,0,0,0,0,0,0,0,0,0,0,0,0,0,0,0,0,0,0,0,0,2,16,0
2008/2009,riviersonderend,theewaterskloof,overberg,19.92037,-34.15086,36,1,56,0,0,0,14,15,0,4,35,2,4,26,254,0,1,19,1,14,0,0,0,1,3,19,0,1,15,0,3,0
2009/2010,riviersonderend,theewaterskloof,overberg,19.92037,-34.15086,44,0,53,0,1,0,4,25,0,3,41,1,6,20,262,0,1,21,2,14,0,1,0,2,2,17,0,3,32,2,8,0
2010/2011,riviersonderend,theewaterskloof,overberg,19.92037,-34.15086,64,0,84,1,2,0,12,39,0,6,52,0,6,41,312,4,1,23,0,14,1,0,0,3,5,21,0,13,25,3,11,0
2011/2012,riviersonderend,theewaterskloof,overberg,19.92037,-34.15086,90,0,75,1,2,0,13,34,0,5,51,0,7,30,332,3,1,34,2,6,1,1,0,3,0,9,0,6,15,1,15,0
2012/2013,riviersonderend,theewaterskloof,overberg,19.92037,-34.15086,138,2,71,0,3,0,16,44,0,8,45,1,6,7,254,0,1,20,1,4,0,1,0,3,2,9,0,4,20,1,10,0
2013/2014,riviersonderend,theewaterskloof,overberg,19.92037,-34.15086,93,4,96,2,3,0,19,43,0,10,52,7,7,11,330,0,13,34,1,7,1,0,0,3,9,20,0,3,27,0,35,0
2014/2015,riviersonderend,theewaterskloof,overberg,19.92037,-34.15086,115,0,81,4,1,0,33,60,0,5,42,9,6,17,288,1,13,37,4,7,2,5,0,15,5,13,0,2,24,2,32,0
2015/2016,riviersonderend,theewaterskloof,overberg,19.92037,-34.15086,96,1,72,2,1,0,31,49,0,8,71,8,6,11,244,1,12,32,0,11,2,0,0,8,3,15,0,5,16,1,24,0
2016/2017,riviersonderend,theewaterskloof,overberg,19.92037,-34.15086,72,3,80,1,2,0,40,42,0,4,46,7,6,13,313,0,13,36,2,10,0,1,0,6,3,15,1,1,17,4,12,0
2017/2018,riviersonderend,theewaterskloof,overberg,19.92037,-34.15086,89,0,56,2,1,0,34,36,0,14,52,7,6,10,348,0,13,38,3,8,1,0,0,4,6,15,0,1,21,2,16,0
2018/2019,riviersonderend,theewaterskloof,overberg,19.92037,-34.15086,96,1,81,3,1,0,20,82,0,19,66,7,6,15,146,1,21,42,4,9,1,0,0,4,3,13,0,1,5,4,29,0
2019/2020,riviersonderend,theewaterskloof,overberg,19.92037,-34.15086,94,0,74,2,1,0,21,71,0,13,70,6,6,8,87,0,13,54,0,3,1,0,0,8,5,9,1,3,3,0,26,0
2020/2021,riviersonderend,theewaterskloof,overberg,19.92037,-34.15086,107,3,59,4,1,0,34,62,0,9,85,6,6,6,66,0,12,51,3,3,1,1,0,5,1,5,0,1,14,4,27,0
2021/2022,riviersonderend,theewaterskloof,overberg,19.92037,-34.15086,88,3,92,1,0,0,22,70,0,12,106,8,4,10,117,0,13,39,1,5,1,0,0,5,5,12,0,1,9,2,18,0
2022/2023,riviersonderend,theewaterskloof,overberg,19.92037,-34.15086,144,1,83,4,1,0,33,79,0,18,93,10,7,8,148,0,14,46,3,8,1,0,0,4,1,11,0,3,0,0,15,0
2023/2024,riviersonderend,overberg district,overberg district,19.92037,-34.15086,0,0,0,0,0,0,0,51,0,0,0,0,0,0,0,0,0,0,0,0,0,0,0,0,0,0,0,0,0,0,13,0
2024/2025,riviersonderend,overberg district,overberg district,19.92037,-34.15086,0,0,0,0,0,0,0,43,0,0,0,0,0,0,0,0,0,0,0,0,0,3,0,0,0,0,0,0,0,1,7,0
2008/2009,roadside,phumelela,thabo mofutsanyane,28.8493,-27.51842,9,0,1,2,0,0,1,1,0,1,7,0,6,0,6,0,1,2,0,1,0,0,0,8,0,1,0,0,8,0,4,4
2009/2010,roadside,phumelela,thabo mofutsanyane,28.8493,-27.51842,6,0,6,0,0,0,0,5,0,0,8,0,6,0,0,0,1,2,0,0,0,0,0,4,0,0,0,0,8,0,10,0
2010/2011,roadside,phumelela,thabo mofutsanyane,28.8493,-27.51842,10,0,0,1,0,0,0,3,0,0,10,1,6,0,0,0,1,0,0,0,0,0,0,0,1,1,0,0,9,0,6,0
2011/2012,roadside,phumelela,thabo mofutsanyane,28.8493,-27.51842,9,0,4,0,0,0,0,3,0,0,3,0,6,0,0,0,1,1,0,1,0,0,0,4,0,1,0,0,13,0,8,0
2012/2013,roadside,phumelela,thabo mofutsanyane,28.8493,-27.51842,11,0,2,0,0,0,0,3,0,0,4,1,6,2,1,0,1,2,0,0,0,1,0,7,1,1,0,0,10,0,3,2
2013/2014,roadside,phumelela,thabo mofutsanyane,28.8493,-27.51842,6,0,5,0,0,0,1,2,0,0,1,1,6,1,3,0,13,2,1,0,0,0,0,2,0,0,0,0,3,0,1,0
2014/2015,roadside,phumelela,thabo mofutsanyane,28.8493,-27.51842,4,0,1,0,0,0,2,0,0,0,3,0,6,1,4,0,13,0,0,0,0,0,0,5,0,0,0,0,7,0,0,5
2015/2016,roadside,phumelela,thabo mofutsanyane,28.8493,-27.51842,6,0,0,1,0,0,3,3,0,0,2,0,6,0,12,1,13,0,0,2,0,0,0,3,0,2,0,0,10,0,0,1
2016/2017,roadside,phumelela,thabo mofutsanyane,28.8493,-27.51842,3,0,2,0,0,0,1,7,0,0,0,0,6,5,6,0,13,2,0,2,0,0,0,0,0,2,0,0,8,0,0,0
2017/2018,roadside,phumelela,thabo mofutsanyane,28.8493,-27.51842,4,0,2,0,0,0,0,1,1,0,3,0,6,6,6,0,13,3,0,1,0,0,0,1,0,1,0,0,10,0,0,0
2018/2019,roadside,phumelela,thabo mofutsanyane,28.8493,-27.51842,8,0,2,0,1,0,2,3,0,0,2,0,6,3,7,0,13,2,0,0,1,0,0,4,0,1,0,0,8,0,2,2
2019/2020,roadside,phumelela,thabo mofutsanyane,28.8493,-27.51842,10,0,1,0,0,0,0,1,0,5,4,0,6,7,1,2,13,1,0,0,1,0,0,2,0,0,0,0,6,0,5,1
2020/2021,roadside,phumelela,thabo mofutsanyane,28.8493,-27.51842,4,0,0,0,0,0,0,4,0,0,2,0,6,0,0,1,13,1,1,0,1,0,0,1,0,0,0,0,11,2,3,0
2021/2022,roadside,phumelela,thabo mofutsanyane,28.8493,-27.51842,8,0,0,0,0,0,1,1,0,1,0,0,6,3,0,2,13,1,0,1,0,0,0,1,0,1,0,0,7,0,3,0
2022/2023,roadside,phumelela,thabo mofutsanyane,28.8493,-27.51842,7,0,0,0,0,0,0,1,0,1,1,0,6,1,0,0,13,3,0,0,0,0,0,0,0,0,0,0,14,0,2,0
2023/2024,roadside,thabo mofutsanyana district,thabo mofutsanyana district,28.8493,-27.51842,0,0,0,0,0,0,0,1,0,0,0,0,0,0,0,0,0,0,0,0,0,1,0,0,0,0,0,0,0,0,0,0
2024/2025,roadside,thabo mofutsanyana district,thabo mofutsanyana district,28.8493,-27.51842,0,0,0,0,0,0,0,2,0,0,0,0,0,0,0,0,0,0,0,0,0,0,0,0,0,0,0,0,0,0,1,0
2008/2009,robertson,langeberg,cape winelands,19.87543,-33.80517,268,5,260,3,0,0,48,143,0,7,220,14,5,77,418,11,1,96,9,37,1,0,0,3,15,55,0,140,5,4,29,0
2009/2010,robertson,langeberg,cape winelands,19.87543,-33.80517,286,2,250,1,1,0,59,169,0,11,223,20,7,51,390,1,1,109,7,40,4,2,0,7,13,55,0,114,5,4,61,0
2010/2011,robertson,langeberg,cape winelands,19.87543,-33.80517,331,2,260,2,0,0,49,207,0,20,318,25,8,73,429,4,1,120,10,42,6,5,0,14,11,57,0,85,11,5,50,0
2011/2012,robertson,langeberg,cape winelands,19.87543,-33.80517,367,8,261,6,0,0,59,222,1,30,255,13,7,58,482,4,1,111,12,42,7,0,0,12,11,54,0,78,8,6,66,0
2012/2013,robertson,langeberg,cape winelands,19.87543,-33.80517,397,9,317,8,3,0,60,313,0,22,284,41,9,75,486,4,1,152,9,46,2,0,0,20,16,70,0,99,4,6,136,0
2013/2014,robertson,langeberg,cape winelands,19.87543,-33.80517,470,4,305,1,3,0,80,333,0,40,295,35,7,62,534,2,13,145,13,38,6,0,0,15,15,57,0,111,10,6,144,0
2014/2015,robertson,langeberg,cape winelands,19.87543,-33.80517,491,3,321,2,3,0,41,274,0,36,366,37,7,38,612,8,21,139,5,25,6,0,0,25,15,44,0,120,7,4,135,0
2015/2016,robertson,langeberg,cape winelands,19.87543,-33.80517,524,10,301,4,1,0,61,349,0,39,313,64,7,37,642,11,17,178,17,28,11,4,0,37,11,41,0,129,8,6,211,0
2016/2017,robertson,langeberg,cape winelands,19.87543,-33.80517,593,9,308,5,1,0,93,332,1,46,320,71,7,31,758,3,22,209,14,18,14,6,0,43,9,29,0,118,4,1,166,0
2017/2018,robertson,langeberg,cape winelands,19.87543,-33.80517,516,10,318,4,4,0,54,341,0,53,351,57,6,16,1007,2,22,159,15,27,9,4,0,39,15,46,3,114,5,6,161,0
2018/2019,robertson,langeberg,cape winelands,19.87543,-33.80517,589,11,278,10,2,0,78,368,0,56,341,47,8,31,698,2,28,185,17,23,14,3,0,44,3,32,0,134,13,8,218,0
2019/2020,robertson,langeberg,cape winelands,19.87543,-33.80517,571,12,320,6,2,0,101,301,1,52,379,38,4,33,284,1,2,205,15,33,8,4,0,55,16,53,0,141,13,5,175,0
2020/2021,robertson,langeberg,cape winelands,19.87543,-33.80517,520,6,259,8,7,0,77,317,1,52,287,28,8,14,189,6,22,193,10,18,6,4,0,50,6,35,0,106,12,7,171,0
2021/2022,robertson,langeberg,cape winelands,19.87543,-33.80517,545,8,310,17,2,0,81,323,0,82,336,19,10,15,216,5,23,250,14,26,15,5,0,51,9,43,1,128,5,9,177,1
2022/2023,robertson,langeberg,cape winelands,19.87543,-33.80517,546,13,266,51,3,0,106,367,0,77,371,24,4,30,279,3,17,252,12,39,15,2,0,80,9,53,0,128,18,3,192,0
2023/2024,robertson,cape winelands district,cape winelands district,19.87543,-33.80517,0,0,0,0,0,0,0,297,0,0,0,0,0,0,0,0,0,0,0,0,0,13,0,0,0,0,0,0,0,7,160,0
2024/2025,robertson,cape winelands district,cape winelands district,19.87543,-33.80517,0,0,0,0,0,0,0,216,0,0,0,0,0,0,0,0,0,0,0,0,0,9,0,0,0,0,0,0,0,3,119,0
2008/2009,roedtan,modimolle-mookgophong,waterberg,29.08164,-24.59628,46,0,11,1,0,0,7,13,0,5,11,1,6,3,0,0,1,4,1,2,0,1,0,1,0,2,0,0,10,2,1,0
2009/2010,roedtan,modimolle-mookgophong,waterberg,29.08164,-24.59628,43,0,5,0,0,0,2,16,1,2,5,2,6,7,0,1,1,10,2,4,0,0,0,2,0,4,0,1,6,6,1,0
2010/2011,roedtan,modimolle-mookgophong,waterberg,29.08164,-24.59628,42,0,9,0,0,0,1,14,0,4,9,0,6,4,2,0,1,13,2,3,0,0,0,2,1,4,0,0,7,0,4,1
2011/2012,roedtan,modimolle-mookgophong,waterberg,29.08164,-24.59628,53,0,14,0,0,0,5,12,0,2,2,5,6,1,0,1,1,16,0,2,0,0,0,3,0,2,0,0,10,2,1,0
2012/2013,roedtan,modimolle-mookgophong,waterberg,29.08164,-24.59628,49,0,13,1,0,0,3,13,0,4,12,3,6,3,10,0,1,5,0,2,0,0,0,1,0,2,1,1,3,1,2,0
2013/2014,roedtan,modimolle-mookgophong,waterberg,29.08164,-24.59628,43,1,12,1,0,0,12,24,0,4,10,0,6,3,24,0,12,9,1,2,1,2,0,4,0,2,0,0,5,2,3,0
2014/2015,roedtan,modimolle-mookgophong,waterberg,29.08164,-24.59628,41,1,13,2,0,0,9,19,0,6,7,1,6,3,13,3,12,11,3,1,0,2,0,7,0,1,0,0,4,3,4,0
2015/2016,roedtan,modimolle-mookgophong,waterberg,29.08164,-24.59628,22,0,9,2,0,0,4,14,2,1,7,1,6,1,7,0,13,9,0,1,1,3,0,12,0,1,0,0,14,6,1,0
2016/2017,roedtan,modimolle-mookgophong,waterberg,29.08164,-24.59628,46,2,11,2,0,0,7,20,3,3,4,1,6,2,17,1,13,5,0,2,2,1,0,9,1,3,0,0,7,3,6,0
2017/2018,roedtan,modimolle-mookgophong,waterberg,29.08164,-24.59628,31,0,5,3,0,0,1,12,0,0,10,3,6,1,30,2,12,5,1,2,1,3,0,11,0,2,0,2,19,4,3,2
2018/2019,roedtan,modimolle-mookgophong,waterberg,29.08164,-24.59628,12,0,10,0,0,0,8,21,2,1,13,2,6,1,27,0,13,2,0,1,0,8,0,13,0,1,0,1,8,2,2,0
2019/2020,roedtan,modimolle-mookgophong,waterberg,29.08164,-24.59628,11,0,7,2,0,0,3,26,0,0,10,0,6,2,4,1,13,3,0,0,0,3,0,3,0,0,0,0,11,1,4,0
2020/2021,roedtan,modimolle-mookgophong,waterberg,29.08164,-24.59628,40,0,6,1,0,0,2,10,0,5,5,1,6,0,24,1,13,2,1,2,0,7,0,8,0,2,0,0,8,2,2,0
2021/2022,roedtan,modimolle-mookgophong,waterberg,29.08164,-24.59628,9,0,3,1,0,0,2,9,1,5,8,2,6,0,13,2,13,4,1,1,0,2,0,6,0,1,0,0,13,0,2,1
2022/2023,roedtan,modimolle-mookgophong,waterberg,29.08164,-24.59628,15,0,7,0,0,0,2,11,0,1,7,1,6,0,9,0,13,5,1,1,0,4,0,8,1,2,0,1,11,1,5,1
2023/2024,roedtan,waterberg district,waterberg district,29.08164,-24.59628,0,0,0,0,0,0,0,5,0,0,0,0,0,0,0,0,0,0,0,0,0,1,0,0,0,0,0,0,0,1,2,0
2024/2025,roedtan,waterberg district,waterberg district,29.08164,-24.59628,0,0,0,0,0,0,0,5,0,0,0,0,0,0,0,0,0,0,0,0,0,0,0,0,0,0,0,0,0,2,2,0
2008/2009,rondebosch,city of cape town,city of cape town,18.46833,-33.96262,565,1,11,3,0,0,36,364,7,93,45,64,8,51,47,3,1,155,1,1,6,7,1,141,5,10,0,25,0,219,409,0
2009/2010,rondebosch,city of cape town,city of cape town,18.46833,-33.96262,496,0,11,4,0,0,44,324,5,95,46,52,6,91,38,5,1,142,0,3,4,9,0,105,0,3,0,54,0,150,392,0
2010/2011,rondebosch,city of cape town,city of cape town,18.46833,-33.96262,449,0,16,3,2,0,33,356,1,75,33,46,6,96,34,1,1,133,0,6,0,16,0,94,2,10,0,35,0,102,344,0
2011/2012,rondebosch,city of cape town,city of cape town,18.46833,-33.96262,424,0,10,0,0,0,19,349,1,74,34,56,7,128,80,2,1,137,1,6,2,9,0,62,2,9,1,28,0,89,319,0
2012/2013,rondebosch,city of cape town,city of cape town,18.46833,-33.96262,426,0,12,0,0,0,27,339,2,65,48,45,6,112,115,4,1,105,0,8,5,10,0,73,1,9,2,28,0,160,438,0
2013/2014,rondebosch,city of cape town,city of cape town,18.46833,-33.96262,415,0,11,1,0,0,25,350,2,54,29,48,6,151,133,3,21,111,0,5,5,15,0,74,0,5,0,19,0,101,335,0
2014/2015,rondebosch,city of cape town,city of cape town,18.46833,-33.96262,454,0,6,1,1,0,26,290,7,59,39,43,4,157,119,5,13,100,0,3,3,16,0,92,4,10,0,31,0,94,375,1
2015/2016,rondebosch,city of cape town,city of cape town,18.46833,-33.96262,397,3,13,1,0,0,23,310,10,62,38,65,7,93,104,0,14,85,2,4,2,8,0,132,7,12,0,30,0,123,375,0
2016/2017,rondebosch,city of cape town,city of cape town,18.46833,-33.96262,376,1,16,0,0,0,6,364,4,77,47,55,6,48,44,1,21,83,0,3,2,8,0,100,4,7,1,34,0,115,438,0
2017/2018,rondebosch,city of cape town,city of cape town,18.46833,-33.96262,393,3,10,6,0,0,24,395,7,88,28,70,6,77,54,1,23,45,0,7,7,13,0,128,6,13,0,23,0,149,418,0
2018/2019,rondebosch,city of cape town,city of cape town,18.46833,-33.96262,340,2,13,1,0,0,17,323,6,101,34,57,7,118,58,2,13,49,0,7,3,8,0,101,1,9,3,22,0,179,437,0
2019/2020,rondebosch,city of cape town,city of cape town,18.46833,-33.96262,281,0,8,3,0,0,21,296,2,94,33,54,6,68,23,0,22,46,1,8,3,15,0,109,4,12,2,24,0,188,364,0
2020/2021,rondebosch,city of cape town,city of cape town,18.46833,-33.96262,190,0,5,1,0,0,18,152,3,93,24,26,6,2,4,1,21,23,1,1,2,4,0,60,1,2,0,25,0,49,193,0
2021/2022,rondebosch,city of cape town,city of cape town,18.46833,-33.96262,214,0,1,2,2,0,27,212,4,127,27,39,7,3,6,0,14,25,2,3,5,11,0,73,1,7,0,20,0,49,258,0
2022/2023,rondebosch,city of cape town,city of cape town,18.46833,-33.96262,252,1,9,1,1,0,38,202,4,135,32,45,7,13,15,0,21,25,1,5,6,5,0,89,2,9,0,24,0,75,315,0
2023/2024,rondebosch,city of cape town district,city of cape town district,18.46833,-33.96262,0,0,0,0,0,0,0,154,4,0,0,0,0,0,0,0,0,0,0,0,0,5,0,0,0,0,0,0,0,146,306,0
2024/2025,rondebosch,city of cape town district,city of cape town district,18.46833,-33.96262,0,0,0,0,0,0,0,97,2,0,0,0,0,0,0,0,0,0,0,0,0,2,0,0,0,0,0,0,0,78,273,0
2008/2009,roodepan,sol plaatje,frances baard,24.73012,-28.67237,321,7,384,15,9,0,29,192,0,2,375,70,5,65,59,6,1,131,10,50,1,0,0,41,6,68,0,5,16,5,63,0
2009/2010,roodepan,sol plaatje,frances baard,24.73012,-28.67237,297,7,404,19,10,0,29,262,0,6,379,73,5,70,87,2,1,148,10,25,3,0,0,38,5,43,0,3,13,4,70,0
2010/2011,roodepan,sol plaatje,frances baard,24.73012,-28.67237,275,11,411,9,7,0,32,230,1,17,341,73,7,61,61,5,1,144,11,28,6,0,0,57,5,41,0,2,18,4,84,0
2011/2012,roodepan,sol plaatje,frances baard,24.73012,-28.67237,277,10,394,18,11,0,54,194,0,6,364,58,5,54,74,4,1,132,9,35,7,0,0,60,14,63,0,0,10,3,57,0
2012/2013,roodepan,sol plaatje,frances baard,24.73012,-28.67237,330,2,422,8,12,0,47,239,1,9,377,61,7,58,116,0,1,125,6,49,3,2,0,76,11,73,0,0,11,3,84,0
2013/2014,roodepan,sol plaatje,frances baard,24.73012,-28.67237,374,8,466,9,11,0,46,305,0,6,365,73,5,52,120,3,14,137,10,55,3,1,0,93,11,80,0,17,18,1,112,0
2014/2015,roodepan,sol plaatje,frances baard,24.73012,-28.67237,363,3,420,20,4,0,63,289,0,2,369,90,6,39,254,1,21,151,12,31,9,2,0,101,8,43,0,26,9,5,83,0
2015/2016,roodepan,sol plaatje,frances baard,24.73012,-28.67237,366,8,378,23,6,0,59,280,1,17,315,66,5,31,309,1,14,131,11,50,5,1,0,78,6,65,0,15,9,4,81,0
2016/2017,roodepan,sol plaatje,frances baard,24.73012,-28.67237,298,6,352,24,7,0,54,304,0,11,271,83,4,37,257,3,21,117,11,28,9,4,0,109,4,41,0,19,17,4,118,0
2017/2018,roodepan,sol plaatje,frances baard,24.73012,-28.67237,310,9,304,36,4,0,48,247,0,12,275,73,5,60,222,2,21,120,9,37,4,3,0,67,9,53,0,25,20,7,111,0
2018/2019,roodepan,sol plaatje,frances baard,24.73012,-28.67237,332,6,263,41,8,0,57,302,2,12,236,75,7,34,94,1,13,158,12,28,3,4,0,68,8,45,0,38,9,2,104,0
2019/2020,roodepan,sol plaatje,frances baard,24.73012,-28.67237,355,7,287,24,10,0,59,313,2,19,215,89,8,43,105,2,12,136,9,28,9,1,0,85,10,52,1,38,12,10,102,0
2020/2021,roodepan,sol plaatje,frances baard,24.73012,-28.67237,274,10,245,39,5,0,41,202,2,19,209,53,9,16,47,3,14,155,8,39,5,3,0,69,13,62,1,22,12,5,90,0
2021/2022,roodepan,sol plaatje,frances baard,24.73012,-28.67237,360,16,271,51,14,0,62,247,0,28,298,47,10,25,36,3,22,208,11,47,4,8,0,60,13,80,1,10,9,4,68,0
2022/2023,roodepan,sol plaatje,frances baard,24.73012,-28.67237,511,15,261,87,7,0,60,386,2,33,376,78,5,6,20,3,23,271,12,58,7,4,0,62,16,84,0,11,9,5,104,0
2023/2024,roodepan,frances baard district,frances baard district,24.73012,-28.67237,0,0,0,0,0,0,0,351,1,0,0,0,0,0,0,0,0,0,0,0,0,15,0,0,0,0,0,0,0,4,109,0
2024/2025,roodepan,frances baard district,frances baard district,24.73012,-28.67237,0,0,0,0,0,0,0,321,1,0,0,0,0,0,0,0,0,0,0,0,0,12,0,0,0,0,0,0,0,3,100,0
2008/2009,roodepoort,city of johannesburg,city of johannesburg,27.8735,-26.15501,2124,32,743,118,14,1,170,1456,94,543,1106,343,58,68,296,130,1,935,97,173,115,154,0,897,28,424,0,614,1,778,940,9
2009/2010,roodepoort,city of johannesburg,city of johannesburg,27.8735,-26.15501,2200,38,841,103,13,2,159,1304,103,768,1189,322,13,92,311,104,1,948,64,197,91,114,1,724,35,294,0,696,0,782,595,4
2010/2011,roodepoort,city of johannesburg,city of johannesburg,27.8735,-26.15501,2228,43,687,77,16,1,143,1351,105,545,1002,277,44,58,214,60,1,894,55,196,104,130,0,692,38,291,0,656,0,824,578,5
2011/2012,roodepoort,city of johannesburg,city of johannesburg,27.8735,-26.15501,1811,25,564,64,12,1,152,1339,83,431,820,262,31,94,229,58,1,757,77,164,116,107,2,616,20,215,4,556,1,705,510,4
2012/2013,roodepoort,city of johannesburg,city of johannesburg,27.8735,-26.15501,1923,15,573,46,9,0,182,1249,97,414,724,213,19,219,273,36,1,709,73,170,72,118,1,591,39,232,31,728,0,547,408,1
2013/2014,roodepoort,city of johannesburg,city of johannesburg,27.8735,-26.15501,1769,29,605,86,2,0,273,1457,138,377,784,233,17,170,688,48,4,764,94,167,149,146,2,805,17,195,29,561,0,697,538,2
2014/2015,roodepoort,city of johannesburg,city of johannesburg,27.8735,-26.15501,1503,17,502,67,3,0,235,1302,129,307,569,199,5,312,648,49,36,686,86,144,89,221,0,856,19,169,35,605,1,718,503,13
2015/2016,roodepoort,city of johannesburg,city of johannesburg,27.8735,-26.15501,1373,8,406,64,4,0,160,1165,101,277,493,242,8,374,435,43,26,480,58,80,60,194,1,651,22,110,29,510,1,574,473,3
2016/2017,roodepoort,city of johannesburg,city of johannesburg,27.8735,-26.15501,1305,5,372,78,2,0,165,1110,92,258,419,211,10,457,485,43,25,520,88,65,87,214,1,723,16,89,54,517,0,518,545,3
2017/2018,roodepoort,city of johannesburg,city of johannesburg,27.8735,-26.15501,1130,6,394,57,2,0,181,1029,124,278,477,185,9,534,543,59,18,428,64,79,64,137,1,610,20,106,35,416,0,486,580,3
2018/2019,roodepoort,city of johannesburg,city of johannesburg,27.8735,-26.15501,987,1,386,52,0,0,162,839,92,285,487,173,4,670,867,49,37,299,69,85,58,138,1,538,20,107,1,367,1,495,515,0
2019/2020,roodepoort,city of johannesburg,city of johannesburg,27.8735,-26.15501,975,3,377,74,4,0,182,752,87,309,472,165,5,730,887,75,64,223,93,135,83,142,1,586,25,167,0,376,1,454,530,3
2020/2021,roodepoort,city of johannesburg,city of johannesburg,27.8735,-26.15501,912,3,345,44,3,0,156,449,66,338,387,128,5,91,185,44,6,218,72,74,64,116,6,397,24,104,0,334,1,469,343,3
2021/2022,roodepoort,city of johannesburg,city of johannesburg,27.8735,-26.15501,913,9,423,68,1,0,185,555,72,408,439,140,6,173,239,32,75,229,82,87,66,131,1,440,26,114,0,307,0,501,325,2
2022/2023,roodepoort,city of johannesburg,city of johannesburg,27.8735,-26.15501,1121,12,486,95,5,0,206,630,67,521,679,186,6,254,260,53,79,290,83,99,78,156,5,585,34,138,2,268,0,534,421,5
2023/2024,roodepoort,johannesburg district,johannesburg district,27.8735,-26.15501,0,0,0,0,0,0,0,705,117,0,0,0,0,0,0,0,0,0,0,0,0,232,0,0,0,0,0,0,0,583,476,0
2024/2025,roodepoort,johannesburg district,johannesburg district,27.8735,-26.15501,0,0,0,0,0,0,0,513,100,0,0,0,0,0,0,0,0,0,0,0,0,237,0,0,0,0,0,0,0,423,405,0
2008/2009,rooiberg,thabazimbi,waterberg,27.73079,-24.77912,55,2,28,0,0,0,4,58,0,2,13,1,7,2,5,0,1,10,3,3,1,5,0,7,0,4,0,1,0,5,2,0
2009/2010,rooiberg,thabazimbi,waterberg,27.73079,-24.77912,64,0,23,1,0,0,16,107,0,4,10,2,6,1,2,0,1,8,1,2,1,1,0,2,2,4,0,0,2,5,2,0
2010/2011,rooiberg,thabazimbi,waterberg,27.73079,-24.77912,60,1,27,0,0,0,6,50,0,5,13,2,6,0,12,1,1,6,0,5,0,2,0,2,2,7,0,0,0,3,3,0
2011/2012,rooiberg,thabazimbi,waterberg,27.73079,-24.77912,32,1,18,1,0,0,3,40,0,0,16,2,6,0,6,0,1,10,2,1,0,0,0,2,2,3,0,0,2,2,3,0
2012/2013,rooiberg,thabazimbi,waterberg,27.73079,-24.77912,40,0,8,0,0,0,4,62,0,1,7,1,4,1,20,0,1,5,2,3,0,2,0,2,2,7,1,0,2,1,4,0
2013/2014,rooiberg,thabazimbi,waterberg,27.73079,-24.77912,26,0,12,1,0,0,5,35,0,0,8,1,6,3,42,2,13,3,1,1,0,1,0,1,0,1,0,0,4,0,1,0
2014/2015,rooiberg,thabazimbi,waterberg,27.73079,-24.77912,30,0,18,0,0,0,3,79,0,4,11,0,6,1,38,0,13,5,0,1,1,1,0,2,1,2,5,0,0,0,3,0
2015/2016,rooiberg,thabazimbi,waterberg,27.73079,-24.77912,38,1,15,0,0,0,2,61,0,1,5,1,6,0,20,1,12,7,1,4,2,1,0,3,0,4,1,0,0,1,5,0
2016/2017,rooiberg,thabazimbi,waterberg,27.73079,-24.77912,46,2,16,1,0,0,5,34,0,2,11,1,6,0,21,0,13,1,2,4,0,1,0,1,0,4,0,0,6,3,0,0
2017/2018,rooiberg,thabazimbi,waterberg,27.73079,-24.77912,19,0,16,1,0,0,3,35,1,4,9,1,6,2,34,1,13,0,0,2,0,1,0,5,0,2,0,0,2,3,2,2
2018/2019,rooiberg,thabazimbi,waterberg,27.73079,-24.77912,20,0,13,1,0,0,4,37,0,3,6,1,6,3,23,0,13,2,1,4,0,1,0,3,1,5,7,0,1,1,0,0
2019/2020,rooiberg,thabazimbi,waterberg,27.73079,-24.77912,12,0,8,0,0,0,2,28,0,3,5,1,6,17,12,0,13,3,1,2,0,0,0,1,2,4,22,0,6,2,1,0
2020/2021,rooiberg,thabazimbi,waterberg,27.73079,-24.77912,13,0,7,0,0,0,5,22,0,4,18,0,6,17,25,4,13,1,0,6,2,0,0,2,1,7,16,0,1,1,2,0
2021/2022,rooiberg,thabazimbi,waterberg,27.73079,-24.77912,11,1,7,0,0,0,2,28,0,4,17,0,6,27,33,1,12,1,1,3,0,1,0,2,0,3,10,0,1,0,1,0
2022/2023,rooiberg,thabazimbi,waterberg,27.73079,-24.77912,15,0,5,0,0,0,8,19,0,6,17,1,6,21,32,1,13,1,0,0,1,2,0,6,1,1,8,0,0,0,1,1
2023/2024,rooiberg,waterberg district,waterberg district,27.73079,-24.77912,0,0,0,0,0,0,0,33,0,0,0,0,0,0,0,0,0,0,0,0,0,0,0,0,0,0,0,0,0,2,1,0
2024/2025,rooiberg,waterberg district,waterberg district,27.73079,-24.77912,0,0,0,0,0,0,0,20,0,0,0,0,0,0,0,0,0,0,0,0,0,1,0,0,0,0,0,0,0,0,0,0
2008/2009,roossenekal,elias motsoaledi,sekhukhune,29.92706,-25.19819,28,3,15,1,0,0,17,30,0,2,10,2,6,1,2,0,1,14,2,3,1,2,0,6,1,4,0,1,5,7,6,0
2009/2010,roossenekal,elias motsoaledi,sekhukhune,29.92706,-25.19819,70,3,14,1,0,0,20,28,0,1,5,2,6,0,4,0,1,11,2,4,2,1,0,6,0,4,0,1,9,2,8,1
2010/2011,roossenekal,elias motsoaledi,sekhukhune,29.92706,-25.19819,45,1,18,2,0,0,16,21,1,1,18,3,6,1,5,2,1,21,1,2,2,1,0,6,2,4,0,0,9,5,4,0
2011/2012,roossenekal,elias motsoaledi,sekhukhune,29.92706,-25.19819,55,2,20,3,1,0,19,17,0,0,22,3,6,3,2,1,1,18,2,5,1,2,0,3,0,6,0,0,20,3,2,0
2012/2013,roossenekal,elias motsoaledi,sekhukhune,29.92706,-25.19819,49,1,12,0,0,0,9,21,1,2,15,3,6,15,2,1,1,15,1,2,1,0,0,4,0,2,0,0,15,0,11,0
2013/2014,roossenekal,elias motsoaledi,sekhukhune,29.92706,-25.19819,44,1,14,1,2,0,9,22,0,5,19,0,6,4,5,0,13,16,1,0,0,0,0,0,0,2,0,0,12,2,5,0
2014/2015,roossenekal,elias motsoaledi,sekhukhune,29.92706,-25.19819,45,0,11,0,0,0,9,18,0,0,5,0,6,4,4,0,13,12,2,3,3,1,0,4,1,4,0,0,14,1,3,0
2015/2016,roossenekal,elias motsoaledi,sekhukhune,29.92706,-25.19819,43,0,8,3,0,0,17,18,0,2,25,3,6,1,1,1,13,16,0,1,2,0,0,6,1,2,0,0,30,7,5,0
2016/2017,roossenekal,elias motsoaledi,sekhukhune,29.92706,-25.19819,44,0,11,0,0,0,12,12,3,5,9,3,6,4,12,1,13,14,0,1,1,0,0,11,0,1,3,0,25,1,6,0
2017/2018,roossenekal,elias motsoaledi,sekhukhune,29.92706,-25.19819,43,1,6,1,0,0,8,16,1,1,6,5,6,0,8,2,13,15,2,0,2,1,0,8,0,0,0,0,27,4,1,0
2018/2019,roossenekal,elias motsoaledi,sekhukhune,29.92706,-25.19819,58,3,14,3,1,0,26,33,0,2,19,1,6,6,4,0,13,16,1,3,3,2,0,14,0,4,1,0,24,3,7,0
2019/2020,roossenekal,elias motsoaledi,sekhukhune,29.92706,-25.19819,43,0,12,2,1,0,13,28,0,2,24,1,6,7,4,4,13,22,2,7,3,2,0,8,0,8,0,0,47,3,13,1
2020/2021,roossenekal,elias motsoaledi,sekhukhune,29.92706,-25.19819,36,2,9,3,0,0,13,34,0,4,21,4,7,10,6,0,13,26,2,3,2,1,0,8,1,5,0,0,24,6,5,0
2021/2022,roossenekal,elias motsoaledi,sekhukhune,29.92706,-25.19819,32,0,12,2,0,0,8,27,3,4,20,1,6,11,3,1,21,22,1,4,4,2,0,19,2,6,0,0,21,1,10,1
2022/2023,roossenekal,elias motsoaledi,sekhukhune,29.92706,-25.19819,29,0,3,0,0,0,4,21,4,3,18,3,6,1,2,2,13,19,2,4,0,1,0,11,1,5,3,0,32,0,3,0
2023/2024,roossenekal,sekhukhune district,sekhukhune district,29.92706,-25.19819,0,0,0,0,0,0,0,15,1,0,0,0,0,0,0,0,0,0,0,0,0,3,0,0,0,0,0,0,0,0,3,0
2024/2025,roossenekal,sekhukhune district,sekhukhune district,29.92706,-25.19819,0,0,0,0,0,0,0,17,0,0,0,0,0,0,0,0,0,0,0,0,0,1,0,0,0,0,0,0,0,0,6,0
2008/2009,rosebank,city of johannesburg,city of johannesburg,28.03842,-26.14538,367,0,40,2,1,0,39,69,20,281,59,29,57,15,3,9,1,63,1,3,33,28,0,174,2,212,0,127,0,147,64,0
2009/2010,rosebank,city of johannesburg,city of johannesburg,28.03842,-26.14538,309,0,32,2,0,0,38,89,13,280,42,31,5,45,3,1,1,67,1,4,14,19,0,96,1,8,0,108,0,129,71,0
2010/2011,rosebank,city of johannesburg,city of johannesburg,28.03842,-26.14538,351,0,34,0,1,0,47,41,6,241,56,24,6,35,1,0,1,69,0,8,4,22,0,61,2,11,0,81,0,111,123,0
2011/2012,rosebank,city of johannesburg,city of johannesburg,28.03842,-26.14538,436,0,35,2,0,0,42,51,3,242,59,14,6,16,4,1,1,74,1,4,8,19,0,61,2,6,0,89,0,108,175,1
2012/2013,rosebank,city of johannesburg,city of johannesburg,28.03842,-26.14538,418,0,47,2,0,0,43,97,3,210,59,27,6,7,4,2,1,54,0,3,13,23,0,72,2,5,0,99,0,97,195,0
2013/2014,rosebank,city of johannesburg,city of johannesburg,28.03842,-26.14538,391,1,40,2,0,0,32,75,5,170,40,30,4,29,20,1,12,64,1,4,17,24,0,105,4,10,0,81,0,87,150,0
2014/2015,rosebank,city of johannesburg,city of johannesburg,28.03842,-26.14538,427,0,27,3,0,0,37,61,3,171,35,38,6,43,13,1,21,75,0,6,23,50,0,122,0,6,0,126,0,83,110,0
2015/2016,rosebank,city of johannesburg,city of johannesburg,28.03842,-26.14538,510,0,40,0,0,1,38,44,5,160,33,46,6,59,30,0,13,77,0,3,11,16,0,96,3,6,0,134,0,69,144,0
2016/2017,rosebank,city of johannesburg,city of johannesburg,28.03842,-26.14538,411,0,35,1,0,0,40,38,5,153,48,65,6,107,25,2,17,98,0,5,16,10,0,102,5,10,0,143,0,108,197,0
2017/2018,rosebank,city of johannesburg,city of johannesburg,28.03842,-26.14538,353,1,35,3,0,0,51,37,6,139,40,78,7,107,21,1,21,137,0,2,9,19,0,116,3,6,0,113,0,128,362,0
2018/2019,rosebank,city of johannesburg,city of johannesburg,28.03842,-26.14538,364,0,35,3,1,0,31,54,7,151,23,93,7,101,7,3,14,107,1,9,11,15,0,103,3,14,1,113,0,83,274,0
2019/2020,rosebank,city of johannesburg,city of johannesburg,28.03842,-26.14538,292,0,38,1,0,0,26,64,6,153,29,102,7,79,4,0,14,81,1,8,9,7,0,73,1,10,0,88,0,92,194,0
2020/2021,rosebank,city of johannesburg,city of johannesburg,28.03842,-26.14538,154,0,17,1,0,0,29,30,3,133,24,39,6,3,2,0,13,38,0,7,8,10,0,46,0,7,0,79,0,48,73,0
2021/2022,rosebank,city of johannesburg,city of johannesburg,28.03842,-26.14538,181,2,17,0,1,0,31,37,1,152,27,48,6,12,7,1,13,30,0,3,8,17,0,46,5,9,0,126,0,39,120,0
2022/2023,rosebank,city of johannesburg,city of johannesburg,28.03842,-26.14538,231,0,25,0,0,0,38,39,5,172,23,57,6,65,6,0,14,47,3,8,8,14,0,57,0,8,0,110,0,51,131,0
2023/2024,rosebank,johannesburg district,johannesburg district,28.03842,-26.14538,0,0,0,0,0,0,0,35,3,0,0,0,0,0,0,0,0,0,0,0,0,7,0,0,0,0,0,0,0,50,79,0
2024/2025,rosebank,johannesburg district,johannesburg district,28.03842,-26.14538,0,0,0,0,0,0,0,16,4,0,0,0,0,0,0,0,0,0,0,0,0,9,0,0,0,0,0,0,0,25,98,0
2008/2009,rosedale,dawid kruiper,z f mgcawu,21.20795,-28.4542,225,7,633,44,1,0,18,140,0,3,175,38,10,159,160,1,1,127,8,37,1,0,0,29,19,63,0,0,11,2,28,0
2009/2010,rosedale,dawid kruiper,z f mgcawu,21.20795,-28.4542,137,8,377,42,4,0,21,125,0,5,198,31,12,116,246,0,1,79,19,31,0,0,0,8,17,59,0,0,11,1,24,0
2010/2011,rosedale,dawid kruiper,z f mgcawu,21.20795,-28.4542,95,10,300,30,1,0,18,92,0,3,131,16,4,76,295,0,1,70,16,26,1,0,0,12,18,47,0,0,14,2,18,0
2011/2012,rosedale,dawid kruiper,z f mgcawu,21.20795,-28.4542,102,9,277,36,2,0,19,120,0,4,91,32,4,38,215,2,1,84,11,36,1,0,0,16,18,58,0,0,16,1,36,0
2012/2013,rosedale,dawid kruiper,z f mgcawu,21.20795,-28.4542,123,9,286,23,0,0,33,127,0,8,98,25,6,29,161,0,1,73,21,34,0,1,0,14,12,46,0,0,11,6,33,0
2013/2014,rosedale,dawid kruiper,z f mgcawu,21.20795,-28.4542,141,8,314,40,1,0,44,181,0,11,117,29,4,30,191,1,21,112,10,32,2,3,0,55,9,44,1,0,11,1,35,0
2014/2015,rosedale,dawid kruiper,z f mgcawu,21.20795,-28.4542,187,9,329,39,2,0,34,203,0,8,115,36,6,24,137,3,21,143,15,29,5,4,0,55,10,41,0,1,14,1,66,0
2015/2016,rosedale,dawid kruiper,z f mgcawu,21.20795,-28.4542,170,12,326,23,3,0,41,211,0,2,104,29,5,17,171,0,21,118,8,35,4,3,0,58,12,53,0,0,21,3,56,0
2016/2017,rosedale,dawid kruiper,z f mgcawu,21.20795,-28.4542,157,7,289,11,2,0,49,201,0,5,108,27,4,35,210,2,13,77,11,36,2,8,0,55,11,51,0,0,20,5,66,0
2017/2018,rosedale,dawid kruiper,z f mgcawu,21.20795,-28.4542,170,11,272,7,5,0,62,175,0,13,122,16,9,47,250,3,13,105,7,23,1,8,0,40,10,43,0,0,17,3,60,0
2018/2019,rosedale,dawid kruiper,z f mgcawu,21.20795,-28.4542,199,5,269,8,0,0,53,190,0,6,132,25,5,46,170,1,12,120,8,19,0,4,0,33,17,39,1,0,11,3,77,0
2019/2020,rosedale,dawid kruiper,z f mgcawu,21.20795,-28.4542,175,6,247,5,0,0,49,215,2,12,152,21,4,42,166,1,12,125,15,26,2,2,0,46,13,41,0,0,12,2,65,0
2020/2021,rosedale,dawid kruiper,z f mgcawu,21.20795,-28.4542,91,2,179,16,2,0,55,181,0,13,117,18,7,26,112,2,13,85,10,24,7,1,0,28,9,36,0,0,5,3,45,0
2021/2022,rosedale,dawid kruiper,z f mgcawu,21.20795,-28.4542,111,7,176,27,0,0,34,189,0,20,158,10,8,22,87,1,13,113,17,20,4,2,0,20,5,29,0,1,5,1,47,0
2022/2023,rosedale,dawid kruiper,z f mgcawu,21.20795,-28.4542,187,16,197,85,1,0,52,217,0,33,149,11,7,24,106,0,14,155,10,29,4,2,0,37,17,48,0,0,8,4,60,0
2023/2024,rosedale,zf mgcawu district,zf mgcawu district,21.20795,-28.4542,0,0,0,0,0,0,0,239,0,0,0,0,0,0,0,0,0,0,0,0,0,3,0,0,0,0,0,0,0,1,64,0
2024/2025,rosedale,zf mgcawu district,zf mgcawu district,21.20795,-28.4542,0,0,0,0,0,0,0,206,0,0,0,0,0,0,0,0,0,0,0,0,0,5,0,0,0,0,0,0,0,2,61,0
2008/2009,rosendal,dihlabeng,thabo mofutsanyane,27.9302,-28.50406,37,1,23,0,0,0,5,21,0,0,15,0,7,0,4,0,1,8,0,5,1,1,0,2,1,7,0,0,11,3,3,0
2009/2010,rosendal,dihlabeng,thabo mofutsanyane,27.9302,-28.50406,30,1,24,1,0,0,9,23,1,2,19,1,6,3,12,3,1,13,2,6,1,1,0,3,0,6,0,0,26,0,1,0
2010/2011,rosendal,dihlabeng,thabo mofutsanyane,27.9302,-28.50406,18,0,24,2,0,0,6,23,0,0,21,1,7,1,7,2,1,11,0,5,0,0,0,0,1,7,0,0,9,2,2,0
2011/2012,rosendal,dihlabeng,thabo mofutsanyane,27.9302,-28.50406,18,0,33,0,1,0,2,35,0,3,25,2,7,0,7,0,1,15,2,3,1,1,0,2,1,6,0,0,16,1,3,0
2012/2013,rosendal,dihlabeng,thabo mofutsanyane,27.9302,-28.50406,16,2,33,4,0,0,5,26,0,1,29,2,7,1,8,1,1,18,2,3,0,3,0,3,1,5,0,0,22,1,1,0
2013/2014,rosendal,dihlabeng,thabo mofutsanyane,27.9302,-28.50406,18,2,27,0,0,0,3,25,0,2,25,1,6,0,8,1,13,9,0,6,0,0,0,0,1,7,0,0,36,1,2,0
2014/2015,rosendal,dihlabeng,thabo mofutsanyane,27.9302,-28.50406,31,0,30,2,1,0,4,15,0,0,13,0,6,0,14,1,13,21,0,6,1,0,0,1,3,10,0,0,27,3,0,0
2015/2016,rosendal,dihlabeng,thabo mofutsanyane,27.9302,-28.50406,24,1,30,1,0,0,6,30,1,1,32,1,6,2,18,0,13,25,0,4,0,1,0,2,1,5,0,0,28,1,2,0
2016/2017,rosendal,dihlabeng,thabo mofutsanyane,27.9302,-28.50406,19,0,19,2,1,0,16,22,0,0,21,0,6,4,39,1,13,17,2,2,0,0,0,2,0,3,0,0,16,2,2,0
2017/2018,rosendal,dihlabeng,thabo mofutsanyane,27.9302,-28.50406,5,0,8,0,0,0,3,14,0,3,10,0,6,8,48,0,13,11,0,3,0,1,0,2,0,3,0,0,11,2,1,0
2018/2019,rosendal,dihlabeng,thabo mofutsanyane,27.9302,-28.50406,12,1,19,2,0,0,18,11,0,2,7,0,6,7,16,0,13,13,2,3,2,0,0,3,0,3,0,0,14,1,0,0
2019/2020,rosendal,dihlabeng,thabo mofutsanyane,27.9302,-28.50406,17,0,26,0,0,0,9,17,1,2,13,0,6,3,2,0,13,22,0,7,0,1,0,2,0,7,0,0,15,5,1,0
2020/2021,rosendal,dihlabeng,thabo mofutsanyane,27.9302,-28.50406,16,0,29,2,1,0,8,27,0,0,24,2,6,2,7,0,21,15,1,8,0,0,0,1,0,9,0,0,31,3,2,0
2021/2022,rosendal,dihlabeng,thabo mofutsanyane,27.9302,-28.50406,18,0,25,0,1,0,7,18,0,3,10,2,6,8,3,1,21,8,0,10,0,1,0,1,0,11,0,0,25,1,4,0
2022/2023,rosendal,dihlabeng,thabo mofutsanyane,27.9302,-28.50406,17,0,20,1,1,0,9,17,0,2,21,0,7,2,10,2,12,19,2,5,0,0,0,0,0,7,0,0,16,0,5,0
2023/2024,rosendal,thabo mofutsanyana district,thabo mofutsanyana district,27.9302,-28.50406,0,0,0,0,0,0,0,6,0,0,0,0,0,0,0,0,0,0,0,0,0,0,0,0,0,0,0,0,0,0,3,0
2024/2025,rosendal,thabo mofutsanyana district,thabo mofutsanyana district,27.9302,-28.50406,0,0,0,0,0,0,0,19,0,0,0,0,0,0,0,0,0,0,0,0,0,0,0,0,0,0,0,0,0,0,1,0
2008/2009,rossouw,senqu,joe gqabi,27.27997,-31.16777,2,0,6,0,0,0,0,2,0,0,1,0,6,0,0,0,1,0,0,2,0,0,0,0,0,2,0,0,1,0,0,0
2009/2010,rossouw,senqu,joe gqabi,27.27997,-31.16777,3,0,9,0,0,0,0,1,0,0,0,0,6,0,0,0,1,0,0,1,0,0,0,0,0,1,0,0,2,1,0,0
2010/2011,rossouw,senqu,joe gqabi,27.27997,-31.16777,3,0,4,1,0,0,0,1,0,0,1,0,6,0,0,0,1,1,0,1,0,1,0,2,0,1,0,0,3,0,0,0
2011/2012,rossouw,senqu,joe gqabi,27.27997,-31.16777,2,0,6,0,0,0,0,2,0,0,0,1,6,0,0,0,1,0,0,1,0,0,0,0,0,1,0,0,5,0,0,0
2012/2013,rossouw,senqu,joe gqabi,27.27997,-31.16777,4,0,6,0,0,0,0,1,0,0,0,0,6,0,1,0,1,2,1,0,0,0,0,0,0,0,0,0,1,0,0,0
2013/2014,rossouw,senqu,joe gqabi,27.27997,-31.16777,3,0,3,0,0,0,0,5,0,0,0,0,6,0,0,0,13,0,0,0,0,0,0,0,0,0,0,0,3,1,2,0
2014/2015,rossouw,senqu,joe gqabi,27.27997,-31.16777,3,1,7,1,0,0,0,5,0,0,0,0,6,0,0,0,13,0,0,0,0,0,0,0,0,0,0,0,4,0,0,0
2015/2016,rossouw,senqu,joe gqabi,27.27997,-31.16777,0,0,6,0,0,0,0,5,0,0,3,0,6,0,0,0,13,1,0,2,0,0,0,0,0,2,0,0,4,0,1,0
2016/2017,rossouw,senqu,joe gqabi,27.27997,-31.16777,2,0,4,0,0,0,0,3,0,0,1,0,6,0,0,0,13,0,0,2,0,0,0,0,0,2,0,0,2,0,0,0
2017/2018,rossouw,senqu,joe gqabi,27.27997,-31.16777,1,0,8,0,0,0,0,1,0,0,3,0,6,0,0,0,13,2,0,1,0,0,0,0,0,1,0,0,2,0,2,0
2018/2019,rossouw,senqu,joe gqabi,27.27997,-31.16777,0,0,2,0,0,0,0,2,0,0,0,0,6,0,1,0,13,0,0,3,0,0,0,0,0,3,0,0,2,0,0,0
2019/2020,rossouw,senqu,joe gqabi,27.27997,-31.16777,1,0,1,0,0,0,0,2,0,0,0,0,6,0,1,0,13,0,1,0,0,0,0,0,0,0,0,0,6,0,0,0
2020/2021,rossouw,senqu,joe gqabi,27.27997,-31.16777,0,0,3,0,0,0,0,1,0,0,0,0,6,0,0,0,13,1,0,0,0,0,0,0,0,0,0,0,2,0,0,0
2021/2022,rossouw,senqu,joe gqabi,27.27997,-31.16777,2,0,5,0,0,0,0,1,0,1,0,0,6,0,1,0,13,0,0,1,0,0,0,0,0,1,0,0,8,0,0,0
2022/2023,rossouw,senqu,joe gqabi,27.27997,-31.16777,0,0,4,2,2,0,0,1,0,1,1,0,6,0,0,0,13,0,1,1,0,0,0,0,0,3,0,0,5,0,0,0
2023/2024,rossouw,joe gqabi district,joe gqabi district,27.27997,-31.16777,0,0,0,0,0,0,0,1,0,0,0,0,0,0,0,0,0,0,0,0,0,0,0,0,0,0,0,0,0,0,0,0
2024/2025,rossouw,joe gqabi district,joe gqabi district,27.27997,-31.16777,0,0,0,0,0,0,0,0,0,0,0,0,0,0,0,0,0,0,0,0,0,0,0,0,0,0,0,0,0,0,1,0
2008/2009,rouxville,mohokare,xhariep,26.83419,-30.42054,37,1,77,0,3,0,6,39,0,5,68,0,7,1,9,0,1,23,2,6,2,0,0,3,0,10,0,3,29,4,1,0
2009/2010,rouxville,mohokare,xhariep,26.83419,-30.42054,30,2,65,1,3,0,9,29,0,5,64,0,6,3,7,0,1,19,1,7,2,0,0,3,0,10,0,3,59,3,4,1
2010/2011,rouxville,mohokare,xhariep,26.83419,-30.42054,42,1,76,1,1,0,13,43,0,4,37,2,6,7,8,0,1,20,3,4,5,0,0,7,3,8,0,1,41,3,3,0
2011/2012,rouxville,mohokare,xhariep,26.83419,-30.42054,32,0,87,1,2,0,16,41,0,1,44,1,7,1,5,0,1,20,1,4,1,0,0,1,1,8,0,2,41,4,1,0
2012/2013,rouxville,mohokare,xhariep,26.83419,-30.42054,37,2,64,2,1,0,17,50,0,6,34,1,7,3,22,1,1,17,4,11,1,1,0,5,1,14,0,0,31,1,2,0
2013/2014,rouxville,mohokare,xhariep,26.83419,-30.42054,38,2,35,2,1,0,8,26,0,1,21,2,7,4,25,0,13,10,0,4,0,0,0,1,1,7,0,1,35,1,6,0
2014/2015,rouxville,mohokare,xhariep,26.83419,-30.42054,30,0,39,1,1,0,6,19,0,3,23,1,7,1,21,1,13,6,7,5,0,0,0,0,2,9,0,1,29,1,4,0
2015/2016,rouxville,mohokare,xhariep,26.83419,-30.42054,25,0,28,1,0,0,11,29,0,0,22,0,4,3,22,0,12,9,4,10,1,0,0,1,0,12,0,1,27,2,3,0
2016/2017,rouxville,mohokare,xhariep,26.83419,-30.42054,27,2,18,1,0,0,9,20,0,4,7,0,6,2,27,1,13,12,4,3,3,2,0,6,1,4,0,1,24,1,1,0
2017/2018,rouxville,mohokare,xhariep,26.83419,-30.42054,12,0,23,3,0,0,10,22,0,1,9,1,6,6,25,0,13,4,1,8,2,0,0,4,2,10,2,1,21,0,2,0
2018/2019,rouxville,mohokare,xhariep,26.83419,-30.42054,17,1,24,1,0,0,5,16,1,1,18,0,7,11,11,0,13,2,1,5,1,0,0,2,0,6,0,2,35,4,5,0
2019/2020,rouxville,mohokare,xhariep,26.83419,-30.42054,14,0,23,0,0,0,8,14,1,4,10,0,6,4,6,0,13,2,5,2,0,1,0,5,1,3,0,1,22,4,0,1
2020/2021,rouxville,mohokare,xhariep,26.83419,-30.42054,10,0,20,1,1,0,14,13,0,5,4,0,6,2,8,0,12,9,6,4,2,0,0,2,4,9,0,1,23,1,1,0
2021/2022,rouxville,mohokare,xhariep,26.83419,-30.42054,17,0,39,2,2,0,4,12,0,7,12,0,7,3,9,0,21,3,2,5,0,0,0,1,1,9,0,1,23,0,0,0
2022/2023,rouxville,mohokare,xhariep,26.83419,-30.42054,19,0,30,2,1,0,9,31,1,3,11,0,6,3,15,4,13,10,5,8,3,0,0,5,2,11,1,1,44,3,2,0
2023/2024,rouxville,xhariep district,xhariep district,26.83419,-30.42054,0,0,0,0,0,0,0,12,0,0,0,0,0,0,0,0,0,0,0,0,0,0,0,0,0,0,0,0,0,2,2,0
2024/2025,rouxville,xhariep district,xhariep district,26.83419,-30.42054,0,0,0,0,0,0,0,14,0,0,0,0,0,0,0,0,0,0,0,0,0,0,0,0,0,0,0,0,0,0,3,0
2008/2009,rust de winter,bela-bela,waterberg,28.60761,-25.20296,12,0,7,1,0,0,1,6,0,0,2,0,6,1,1,0,1,1,0,0,0,1,0,2,0,0,0,0,2,1,0,0
2009/2010,rust de winter,bela-bela,waterberg,28.60761,-25.20296,17,1,5,0,0,0,3,13,0,0,3,0,6,0,4,0,1,1,0,1,0,1,0,1,0,1,0,0,11,0,2,0
2010/2011,rust de winter,bela-bela,waterberg,28.60761,-25.20296,25,0,5,0,0,0,2,10,1,2,5,0,6,2,2,1,1,1,0,0,0,1,0,2,0,0,0,0,7,0,1,0
2011/2012,rust de winter,bela-bela,waterberg,28.60761,-25.20296,31,0,6,0,0,0,1,10,0,1,3,0,6,0,2,0,1,1,0,0,0,0,0,0,0,0,0,0,11,1,1,0
2012/2013,rust de winter,bela-bela,waterberg,28.60761,-25.20296,19,0,7,0,0,0,0,11,0,1,2,0,6,2,10,0,1,0,0,1,0,0,0,0,0,1,0,0,6,0,0,0
2013/2014,rust de winter,bela-bela,waterberg,28.60761,-25.20296,13,1,4,0,0,0,1,3,1,0,1,0,6,0,25,0,13,3,0,0,0,1,0,2,0,0,0,0,6,1,0,0
2014/2015,rust de winter,bela-bela,waterberg,28.60761,-25.20296,11,0,1,0,0,0,0,8,0,1,2,0,6,4,34,0,13,2,2,0,0,0,0,0,0,0,5,0,1,1,0,0
2015/2016,rust de winter,bela-bela,waterberg,28.60761,-25.20296,11,1,4,0,0,0,0,10,0,1,3,0,6,5,26,1,13,0,1,2,0,0,0,0,1,3,5,0,4,1,0,0
2016/2017,rust de winter,bela-bela,waterberg,28.60761,-25.20296,25,0,4,0,0,0,6,10,0,1,5,0,6,8,20,2,13,0,0,2,1,0,0,1,0,2,0,0,11,1,4,0
2017/2018,rust de winter,bela-bela,waterberg,28.60761,-25.20296,25,0,8,0,0,0,0,13,1,4,3,3,6,27,33,0,13,4,0,4,0,1,0,3,0,4,0,0,13,2,0,0
2018/2019,rust de winter,bela-bela,waterberg,28.60761,-25.20296,29,0,9,0,0,0,3,10,0,1,6,0,6,43,27,0,12,1,0,3,1,0,0,2,0,3,7,0,16,1,1,0
2019/2020,rust de winter,bela-bela,waterberg,28.60761,-25.20296,12,0,6,1,0,0,2,12,1,0,0,0,6,55,0,1,12,1,0,3,3,2,0,9,0,3,20,0,15,1,0,0
2020/2021,rust de winter,bela-bela,waterberg,28.60761,-25.20296,7,0,2,0,0,0,3,5,1,2,11,1,6,31,18,0,12,2,1,0,1,1,0,8,0,0,23,0,6,1,0,1
2021/2022,rust de winter,bela-bela,waterberg,28.60761,-25.20296,8,0,4,2,0,0,3,9,0,1,6,0,6,44,38,0,13,1,0,0,4,5,0,10,1,1,37,0,5,0,2,0
2022/2023,rust de winter,bela-bela,waterberg,28.60761,-25.20296,4,0,7,4,0,0,1,4,1,0,8,0,6,22,56,3,13,2,1,2,2,0,0,5,0,2,43,0,15,0,0,0
2023/2024,rust de winter,waterberg district,waterberg district,28.60761,-25.20296,0,0,0,0,0,0,0,8,0,0,0,0,0,0,0,0,0,0,0,0,0,4,0,0,0,0,0,0,0,1,0,0
2024/2025,rust de winter,waterberg district,waterberg district,28.60761,-25.20296,0,0,0,0,0,0,0,6,0,0,0,0,0,0,0,0,0,0,0,0,0,2,0,0,0,0,0,0,0,0,0,0
2008/2009,rustenburg,rustenburg,bojanala,27.24845,-25.66821,3388,42,997,62,30,3,627,1823,47,1334,1430,503,55,105,536,38,1,822,86,243,152,157,3,1077,52,383,0,867,26,701,973,8
2009/2010,rustenburg,rustenburg,bojanala,27.24845,-25.66821,2737,27,951,76,21,0,658,1885,41,1343,1132,480,56,87,802,34,1,919,68,224,111,138,0,975,41,338,0,646,35,776,1097,5
2010/2011,rustenburg,rustenburg,bojanala,27.24845,-25.66821,2117,27,579,48,11,2,467,1267,47,737,710,332,9,85,627,26,1,634,48,148,78,86,0,642,24,188,0,676,17,565,1002,5
2011/2012,rustenburg,rustenburg,bojanala,27.24845,-25.66821,2139,13,610,45,9,1,588,1389,40,717,709,264,32,95,706,32,1,697,45,159,96,82,0,624,23,203,4,763,22,487,1138,5
2012/2013,rustenburg,rustenburg,bojanala,27.24845,-25.66821,1914,22,620,71,5,0,596,1603,19,1776,617,300,16,187,1039,31,1,684,54,115,83,124,0,596,22,152,202,696,20,413,1094,1
2013/2014,rustenburg,rustenburg,bojanala,27.24845,-25.66821,1897,25,564,58,11,0,441,1270,32,1199,558,338,17,177,1224,38,29,485,48,104,76,102,0,544,18,142,123,694,20,342,977,3
2014/2015,rustenburg,rustenburg,bojanala,27.24845,-25.66821,1868,17,521,84,18,0,425,1243,34,800,532,349,18,151,1142,36,15,545,53,109,97,88,0,623,28,166,94,593,17,311,1105,8
2015/2016,rustenburg,rustenburg,bojanala,27.24845,-25.66821,1862,14,499,78,11,0,547,1363,56,668,474,346,9,144,1195,45,8,427,68,167,90,98,0,672,21,204,65,528,14,306,1056,4
2016/2017,rustenburg,rustenburg,bojanala,27.24845,-25.66821,1468,1,445,94,8,0,661,1175,30,667,493,364,8,283,954,46,11,424,57,131,122,125,0,909,13,156,62,459,37,279,1077,6
2017/2018,rustenburg,rustenburg,bojanala,27.24845,-25.66821,1336,23,436,98,13,0,544,1176,31,668,523,414,8,311,1004,56,18,418,55,148,107,76,4,838,15,180,72,359,50,309,905,3
2018/2019,rustenburg,rustenburg,bojanala,27.24845,-25.66821,1243,5,421,56,2,1,420,1032,41,695,530,255,10,354,562,68,65,386,40,126,112,72,0,599,15,149,74,372,19,255,647,4
2019/2020,rustenburg,rustenburg,bojanala,27.24845,-25.66821,1265,7,341,53,17,0,456,1073,69,690,457,230,4,425,232,37,6,385,45,80,105,58,3,629,16,115,97,398,32,245,865,6
2020/2021,rustenburg,rustenburg,bojanala,27.24845,-25.66821,1019,5,305,51,2,0,438,689,34,627,444,180,7,90,180,36,4,314,38,52,81,53,1,460,12,67,38,440,29,174,690,4
2021/2022,rustenburg,rustenburg,bojanala,27.24845,-25.66821,1217,4,329,60,5,0,533,640,61,789,500,226,5,123,257,53,7,306,54,75,164,60,4,621,22,105,53,370,18,257,715,3
2022/2023,rustenburg,rustenburg,bojanala,27.24845,-25.66821,1350,5,359,59,3,0,572,682,66,1039,551,219,4,124,276,40,7,351,49,74,110,44,2,621,25,104,79,333,13,352,840,5
2023/2024,rustenburg,bojanala district,bojanala district,27.24845,-25.66821,0,0,0,0,0,0,0,643,65,0,0,0,0,0,0,0,0,0,0,0,0,45,0,0,0,0,0,0,0,310,592,0
2024/2025,rustenburg,bojanala district,bojanala district,27.24845,-25.66821,0,0,0,0,0,0,0,590,72,0,0,0,0,0,0,0,0,0,0,0,0,63,0,0,0,0,0,0,0,271,604,0
2008/2009,saamboubrug,blouberg,capricorn,28.58481,-22.56206,19,0,4,0,0,0,1,5,0,0,6,0,6,0,1,0,1,7,1,1,0,0,0,0,0,1,0,0,3,0,0,0
2009/2010,saamboubrug,blouberg,capricorn,28.58481,-22.56206,19,0,5,0,0,0,0,9,0,1,5,0,6,0,0,0,1,2,0,0,0,1,0,1,0,0,0,0,4,0,0,0
2010/2011,saamboubrug,blouberg,capricorn,28.58481,-22.56206,14,0,6,1,0,0,0,6,0,0,9,0,6,1,1,0,1,2,2,1,0,0,0,0,0,1,0,0,5,0,1,0
2011/2012,saamboubrug,blouberg,capricorn,28.58481,-22.56206,18,0,8,1,0,0,0,3,1,1,2,0,6,0,1,0,1,1,1,1,0,0,0,1,0,1,0,0,4,2,0,0
2012/2013,saamboubrug,blouberg,capricorn,28.58481,-22.56206,18,1,7,0,0,0,0,6,0,1,2,0,6,0,6,0,1,3,1,0,0,0,0,1,1,1,0,0,2,0,1,0
2013/2014,saamboubrug,blouberg,capricorn,28.58481,-22.56206,10,0,6,1,1,0,2,10,0,0,5,0,6,0,5,0,13,2,2,0,1,0,0,1,0,1,0,0,0,2,0,0
2014/2015,saamboubrug,blouberg,capricorn,28.58481,-22.56206,9,0,16,1,0,0,2,5,0,3,1,0,6,0,2,0,13,0,0,1,0,0,0,0,0,1,0,0,2,0,1,0
2015/2016,saamboubrug,blouberg,capricorn,28.58481,-22.56206,8,0,6,1,0,0,0,7,0,0,4,0,6,0,2,0,13,1,0,1,0,2,0,3,0,1,0,0,1,0,2,1
2016/2017,saamboubrug,blouberg,capricorn,28.58481,-22.56206,17,0,3,0,0,0,1,17,0,0,1,0,6,0,4,1,21,3,1,0,0,0,0,1,0,0,0,0,2,0,2,0
2017/2018,saamboubrug,blouberg,capricorn,28.58481,-22.56206,15,0,7,0,0,0,0,6,0,0,1,0,6,0,9,0,13,0,2,2,0,0,0,1,0,2,0,0,2,1,0,0
2018/2019,saamboubrug,blouberg,capricorn,28.58481,-22.56206,11,0,8,2,2,0,0,4,0,1,6,0,6,0,5,2,13,2,2,0,0,2,0,2,0,2,0,0,2,0,1,0
2019/2020,saamboubrug,blouberg,capricorn,28.58481,-22.56206,8,0,6,0,0,0,0,4,0,0,0,0,6,0,0,0,13,3,0,0,0,0,0,0,0,0,0,0,0,0,0,0
2020/2021,saamboubrug,blouberg,capricorn,28.58481,-22.56206,7,0,4,0,0,0,1,0,0,2,1,0,6,0,1,0,13,1,0,1,0,0,0,0,0,1,0,0,0,0,1,0
2021/2022,saamboubrug,blouberg,capricorn,28.58481,-22.56206,15,0,2,0,0,0,0,3,0,1,1,0,6,0,1,1,13,0,1,0,0,1,0,1,0,0,0,0,0,0,0,0
2022/2023,saamboubrug,blouberg,capricorn,28.58481,-22.56206,10,0,2,1,0,0,0,1,0,1,4,0,6,0,1,0,13,1,0,1,0,0,0,0,0,1,0,0,3,0,0,0
2023/2024,saamboubrug,capricorn district,capricorn district,28.58481,-22.56206,0,0,0,0,0,0,0,4,0,0,0,0,0,0,0,0,0,0,0,0,0,0,0,0,0,0,0,0,0,0,0,0
2024/2025,saamboubrug,capricorn district,capricorn district,28.58481,-22.56206,0,0,0,0,0,0,0,0,0,0,0,0,0,0,0,0,0,0,0,0,0,0,0,0,0,0,0,0,0,0,1,0
2008/2009,sabie,thaba chweu,ehlanzeni,30.78207,-25.09528,162,5,137,15,4,0,70,199,6,15,65,30,4,6,13,0,1,45,2,25,6,15,0,63,3,34,0,24,1,53,28,0
2009/2010,sabie,thaba chweu,ehlanzeni,30.78207,-25.09528,147,5,103,9,2,0,46,167,4,29,40,35,6,8,8,1,1,46,7,17,10,10,1,48,0,19,0,26,0,25,27,0
2010/2011,sabie,thaba chweu,ehlanzeni,30.78207,-25.09528,174,0,87,5,4,0,44,142,2,30,34,30,4,4,23,1,1,43,3,13,11,4,0,31,1,20,0,16,0,23,35,2
2011/2012,sabie,thaba chweu,ehlanzeni,30.78207,-25.09528,136,0,62,3,2,0,44,119,3,19,34,9,7,8,39,1,1,30,3,12,7,6,0,25,1,16,0,8,1,12,24,2
2012/2013,sabie,thaba chweu,ehlanzeni,30.78207,-25.09528,118,7,94,4,2,0,47,201,1,36,46,14,7,10,44,1,1,30,2,23,5,1,0,15,1,27,0,8,0,12,35,1
2013/2014,sabie,thaba chweu,ehlanzeni,30.78207,-25.09528,117,1,81,5,0,0,46,145,2,26,53,14,6,9,55,0,13,33,2,12,2,9,0,18,1,13,0,8,3,7,18,0
2014/2015,sabie,thaba chweu,ehlanzeni,30.78207,-25.09528,104,2,93,5,3,0,52,133,3,15,37,24,6,5,50,9,12,40,1,8,6,3,0,27,1,12,0,13,0,14,29,0
2015/2016,sabie,thaba chweu,ehlanzeni,30.78207,-25.09528,113,0,94,5,0,0,29,99,1,40,29,23,5,10,42,8,23,53,1,13,6,7,0,39,2,18,0,13,1,8,26,1
2016/2017,sabie,thaba chweu,ehlanzeni,30.78207,-25.09528,109,0,97,10,1,0,44,91,3,47,35,19,6,2,75,2,12,41,1,13,9,9,1,41,4,18,0,20,1,10,27,0
2017/2018,sabie,thaba chweu,ehlanzeni,30.78207,-25.09528,80,3,85,5,0,0,36,113,3,30,33,13,6,11,69,10,12,31,3,10,11,10,1,28,1,11,0,17,1,18,44,0
2018/2019,sabie,thaba chweu,ehlanzeni,30.78207,-25.09528,110,0,73,9,1,0,32,80,5,41,36,9,6,11,37,5,21,39,3,14,7,6,1,42,0,15,0,7,0,12,48,0
2019/2020,sabie,thaba chweu,ehlanzeni,30.78207,-25.09528,123,2,81,6,0,0,37,91,2,42,43,10,7,16,3,14,13,27,5,12,8,14,0,47,0,13,0,10,2,14,22,0
2020/2021,sabie,thaba chweu,ehlanzeni,30.78207,-25.09528,113,2,48,10,1,0,47,80,5,35,16,6,6,5,3,8,14,23,3,8,12,15,1,48,1,10,0,13,2,11,27,0
2021/2022,sabie,thaba chweu,ehlanzeni,30.78207,-25.09528,93,0,81,21,1,0,34,50,2,44,33,5,7,10,4,9,14,29,3,9,14,7,1,74,1,12,0,9,0,9,20,0
2022/2023,sabie,thaba chweu,ehlanzeni,30.78207,-25.09528,94,2,75,11,0,0,34,77,3,39,28,9,6,1,19,11,21,41,7,15,13,12,1,65,0,15,0,16,0,7,19,1
2023/2024,sabie,ehlanzeni district,ehlanzeni district,30.78207,-25.09528,0,0,0,0,0,0,0,64,5,0,0,0,0,0,0,0,0,0,0,0,0,4,0,0,0,0,0,0,0,3,14,0
2024/2025,sabie,ehlanzeni district,ehlanzeni district,30.78207,-25.09528,0,0,0,0,0,0,0,53,2,0,0,0,0,0,0,0,0,0,0,0,0,9,0,0,0,0,0,0,0,4,7,0
2008/2009,sakhile,lekwa,gert sibande,29.22101,-26.96305,70,7,166,12,3,0,5,157,0,1,74,29,4,6,10,4,1,61,18,26,5,4,0,14,0,31,0,0,4,10,6,0
2009/2010,sakhile,lekwa,gert sibande,29.22101,-26.96305,61,4,216,9,5,0,4,220,0,3,89,43,4,5,10,3,1,66,6,36,3,0,0,12,0,43,0,1,4,12,13,0
2010/2011,sakhile,lekwa,gert sibande,29.22101,-26.96305,70,6,259,5,4,0,11,207,2,1,119,46,6,21,19,3,1,73,10,40,1,1,0,12,3,47,0,0,4,8,20,0
2011/2012,sakhile,lekwa,gert sibande,29.22101,-26.96305,53,9,247,4,5,0,4,200,0,4,113,43,7,31,25,2,1,61,13,49,2,1,0,13,0,55,0,0,12,9,26,0
2012/2013,sakhile,lekwa,gert sibande,29.22101,-26.96305,48,9,210,6,6,0,9,193,1,3,94,62,6,18,36,4,1,45,10,69,4,3,0,16,0,75,0,1,8,6,25,0
2013/2014,sakhile,lekwa,gert sibande,29.22101,-26.96305,56,6,222,8,5,0,6,208,1,7,100,51,7,22,54,4,21,46,5,39,3,8,0,18,2,47,0,0,9,11,16,0
2014/2015,sakhile,lekwa,gert sibande,29.22101,-26.96305,52,2,198,3,2,0,15,228,1,2,92,29,6,25,58,3,14,47,10,34,10,4,0,25,3,39,0,0,2,4,28,0
2015/2016,sakhile,lekwa,gert sibande,29.22101,-26.96305,37,5,156,3,4,0,9,216,0,2,71,14,6,11,92,3,21,33,11,26,11,4,0,18,1,31,0,1,10,6,24,0
2016/2017,sakhile,lekwa,gert sibande,29.22101,-26.96305,38,2,132,9,1,0,20,252,0,1,40,18,6,19,96,3,14,41,11,32,13,3,0,27,2,35,0,0,10,18,24,0
2017/2018,sakhile,lekwa,gert sibande,29.22101,-26.96305,65,3,178,5,4,0,17,187,1,7,82,26,6,14,111,6,22,62,11,25,7,3,1,24,3,32,0,0,5,5,16,0
2018/2019,sakhile,lekwa,gert sibande,29.22101,-26.96305,74,2,165,5,0,0,19,163,0,3,80,20,6,26,123,5,17,50,7,34,2,0,0,12,3,37,0,0,12,3,14,0
2019/2020,sakhile,lekwa,gert sibande,29.22101,-26.96305,60,2,161,3,2,0,33,213,1,3,92,18,7,21,101,6,23,54,7,43,5,1,0,29,5,51,0,0,13,8,15,0
2020/2021,sakhile,lekwa,gert sibande,29.22101,-26.96305,49,1,134,2,0,0,21,153,1,10,103,9,6,11,107,3,14,56,7,36,4,8,0,19,10,46,0,1,2,11,27,0
2021/2022,sakhile,lekwa,gert sibande,29.22101,-26.96305,52,1,162,3,0,0,27,170,1,9,107,13,4,1,134,1,14,78,6,31,8,1,0,18,12,45,0,0,17,13,20,0
2022/2023,sakhile,lekwa,gert sibande,29.22101,-26.96305,62,1,166,8,1,0,25,204,2,10,107,11,7,5,150,5,23,68,8,31,4,6,0,26,8,41,0,0,5,5,24,0
2023/2024,sakhile,gert sibande district,gert sibande district,29.22101,-26.96305,0,0,0,0,0,0,0,173,3,0,0,0,0,0,0,0,0,0,0,0,0,3,0,0,0,0,0,0,0,8,15,0
2024/2025,sakhile,gert sibande district,gert sibande district,29.22101,-26.96305,0,0,0,0,0,0,0,121,1,0,0,0,0,0,0,0,0,0,0,0,0,3,0,0,0,0,0,0,0,2,18,0
2008/2009,saldanha,saldanha bay,west coast,17.93958,-33.00962,401,1,93,8,0,0,71,285,0,14,101,6,10,54,369,17,1,75,6,19,2,0,0,12,1,26,0,10,1,6,143,0
2009/2010,saldanha,saldanha bay,west coast,17.93958,-33.00962,375,0,108,2,3,0,60,283,0,51,115,15,5,93,386,11,1,82,10,17,4,0,1,12,8,31,0,11,6,8,141,0
2010/2011,saldanha,saldanha bay,west coast,17.93958,-33.00962,287,2,91,5,1,0,57,253,0,36,105,19,6,55,315,8,1,94,5,20,3,3,0,11,8,29,0,9,1,6,122,0
2011/2012,saldanha,saldanha bay,west coast,17.93958,-33.00962,329,0,104,3,1,0,46,263,0,55,129,29,7,51,304,20,1,100,6,24,3,5,0,16,7,33,0,57,1,8,162,0
2012/2013,saldanha,saldanha bay,west coast,17.93958,-33.00962,318,6,143,5,3,0,77,277,0,38,153,28,6,42,241,7,1,124,6,27,4,5,0,26,11,41,0,72,1,2,228,0
2013/2014,saldanha,saldanha bay,west coast,17.93958,-33.00962,366,6,138,2,1,0,64,239,0,58,163,27,7,38,266,12,13,175,8,18,12,2,0,28,4,24,0,26,6,5,205,0
2014/2015,saldanha,saldanha bay,west coast,17.93958,-33.00962,363,3,118,7,5,0,101,340,0,50,174,19,7,28,285,8,12,192,14,15,3,5,0,33,7,28,0,30,3,8,214,0
2015/2016,saldanha,saldanha bay,west coast,17.93958,-33.00962,362,6,111,5,4,0,73,427,1,54,168,47,6,43,197,6,13,137,13,22,5,10,0,47,7,33,0,27,0,15,197,0
2016/2017,saldanha,saldanha bay,west coast,17.93958,-33.00962,352,4,112,11,1,0,165,382,1,58,179,52,4,22,294,7,14,189,12,17,16,8,0,101,9,29,0,27,4,10,250,0
2017/2018,saldanha,saldanha bay,west coast,17.93958,-33.00962,337,4,118,5,1,0,140,310,0,33,173,36,4,45,417,11,12,162,13,21,4,10,0,58,11,35,0,38,2,2,219,0
2018/2019,saldanha,saldanha bay,west coast,17.93958,-33.00962,308,11,134,7,5,0,130,379,2,69,230,42,6,57,242,5,12,166,7,14,6,12,0,80,4,23,0,29,8,11,144,0
2019/2020,saldanha,saldanha bay,west coast,17.93958,-33.00962,396,10,124,7,2,0,140,402,2,69,218,53,8,118,258,21,17,208,11,24,16,24,0,123,18,48,0,23,8,5,176,0
2020/2021,saldanha,saldanha bay,west coast,17.93958,-33.00962,273,7,95,8,0,0,98,316,1,61,182,39,6,19,198,4,23,141,7,19,14,16,0,76,5,24,1,11,1,9,115,0
2021/2022,saldanha,saldanha bay,west coast,17.93958,-33.00962,401,3,108,12,2,0,84,327,1,77,188,26,6,16,228,12,14,155,13,20,16,15,0,102,3,25,0,5,2,9,114,0
2022/2023,saldanha,saldanha bay,west coast,17.93958,-33.00962,439,3,102,15,2,0,134,297,2,121,239,36,7,47,220,17,17,152,12,15,15,12,1,87,4,22,0,38,1,4,122,0
2023/2024,saldanha,west coast district,west coast district,17.93958,-33.00962,0,0,0,0,0,0,0,254,2,0,0,0,0,0,0,0,0,0,0,0,0,18,0,0,0,0,0,0,0,8,117,0
2024/2025,saldanha,west coast district,west coast district,17.93958,-33.00962,0,0,0,0,0,0,0,222,2,0,0,0,0,0,0,0,0,0,0,0,0,11,0,0,0,0,0,0,0,6,132,0
2023/2024,samora machel,city of cape town district,city of cape town district,,,0,0,0,0,0,0,0,90,132,0,0,0,0,0,0,0,0,0,0,0,0,43,0,0,0,0,0,0,0,15,18,0
2024/2025,samora machel,city of cape town district,city of cape town district,,,0,0,0,0,0,0,0,92,76,0,0,0,0,0,0,0,0,0,0,0,0,48,0,0,0,0,0,0,0,17,21,0
2008/2009,sandringham,city of johannesburg,city of johannesburg,28.11834,-26.13648,401,0,112,25,4,0,97,287,154,57,119,51,10,24,11,24,1,111,16,25,23,80,0,410,3,38,0,12,0,79,146,5
2009/2010,sandringham,city of johannesburg,city of johannesburg,28.11834,-26.13648,423,2,109,13,1,0,66,227,89,40,125,51,9,20,19,29,1,107,6,26,32,61,0,297,0,32,0,12,0,81,140,7
2010/2011,sandringham,city of johannesburg,city of johannesburg,28.11834,-26.13648,512,3,136,16,3,0,67,260,72,80,165,59,12,33,33,14,1,114,8,29,21,56,0,228,4,43,0,18,0,88,86,1
2011/2012,sandringham,city of johannesburg,city of johannesburg,28.11834,-26.13648,505,4,109,13,5,0,66,225,58,71,138,51,7,176,27,21,1,104,5,31,13,49,0,236,1,38,3,14,0,65,62,4
2012/2013,sandringham,city of johannesburg,city of johannesburg,28.11834,-26.13648,452,4,113,18,5,0,70,297,51,93,130,59,5,316,27,31,1,95,12,19,21,57,0,246,5,32,1,3,0,58,90,4
2013/2014,sandringham,city of johannesburg,city of johannesburg,28.11834,-26.13648,444,3,107,16,0,0,75,238,61,80,119,35,6,289,100,18,12,120,10,28,12,45,0,232,7,35,2,10,0,62,86,1
2014/2015,sandringham,city of johannesburg,city of johannesburg,28.11834,-26.13648,428,0,111,15,2,0,63,260,59,74,133,43,4,280,92,29,13,111,10,27,8,57,0,249,5,36,0,7,1,59,155,4
2015/2016,sandringham,city of johannesburg,city of johannesburg,28.11834,-26.13648,372,1,79,13,2,0,46,301,90,95,158,51,7,378,55,25,14,129,8,14,14,73,0,313,2,19,0,7,0,69,148,8
2016/2017,sandringham,city of johannesburg,city of johannesburg,28.11834,-26.13648,427,1,70,8,1,0,44,259,85,105,143,61,7,302,71,19,12,70,6,31,15,59,0,300,9,42,1,4,0,127,132,4
2017/2018,sandringham,city of johannesburg,city of johannesburg,28.11834,-26.13648,412,1,73,14,0,0,53,252,81,80,156,69,6,338,108,29,23,68,16,17,18,51,0,314,3,20,0,9,0,86,133,3
2018/2019,sandringham,city of johannesburg,city of johannesburg,28.11834,-26.13648,361,0,87,12,4,0,51,237,68,94,191,63,6,300,79,15,14,75,20,29,19,54,1,286,8,41,0,4,0,75,166,4
2019/2020,sandringham,city of johannesburg,city of johannesburg,28.11834,-26.13648,368,1,106,14,4,0,36,224,117,109,187,32,4,258,13,14,22,104,6,30,16,45,0,356,5,41,0,7,0,82,153,6
2020/2021,sandringham,city of johannesburg,city of johannesburg,28.11834,-26.13648,309,2,84,15,0,0,31,139,123,104,191,46,7,27,21,14,22,77,12,27,18,55,1,353,4,32,0,11,0,61,87,8
2021/2022,sandringham,city of johannesburg,city of johannesburg,28.11834,-26.13648,292,1,116,29,5,0,29,144,194,98,256,50,7,62,29,15,77,113,18,17,20,50,0,448,9,32,0,6,1,65,100,5
2022/2023,sandringham,city of johannesburg,city of johannesburg,28.11834,-26.13648,363,1,103,24,3,0,50,131,238,150,228,50,7,101,19,11,78,111,21,28,18,64,0,510,3,35,0,4,0,57,127,9
2023/2024,sandringham,johannesburg district,johannesburg district,28.11834,-26.13648,0,0,0,0,0,0,0,104,197,0,0,0,0,0,0,0,0,0,0,0,0,32,0,0,0,0,0,0,0,65,91,0
2024/2025,sandringham,johannesburg district,johannesburg district,28.11834,-26.13648,0,0,0,0,0,0,0,96,177,0,0,0,0,0,0,0,0,0,0,0,0,27,0,0,0,0,0,0,0,54,108,0
2008/2009,sandton,city of johannesburg,city of johannesburg,28.0615,-26.08026,2383,7,174,62,9,3,373,1189,155,1538,469,113,52,603,114,28,1,539,10,31,164,439,3,1140,8,138,0,741,0,767,640,4
2009/2010,sandton,city of johannesburg,city of johannesburg,28.0615,-26.08026,2431,6,163,35,15,4,295,1100,126,1650,463,147,53,1048,206,74,1,543,8,45,85,341,0,843,6,266,0,689,1,733,631,4
2010/2011,sandton,city of johannesburg,city of johannesburg,28.0615,-26.08026,2601,13,211,30,7,2,232,1086,99,1783,458,91,54,2218,158,84,1,581,6,38,60,275,2,652,14,136,0,631,0,487,724,3
2011/2012,sandton,city of johannesburg,city of johannesburg,28.0615,-26.08026,2446,2,175,24,5,0,267,803,69,1313,391,95,8,613,112,23,1,354,9,33,51,180,0,469,13,55,8,512,0,315,894,3
2012/2013,sandton,city of johannesburg,city of johannesburg,28.0615,-26.08026,2310,3,206,16,2,0,203,923,76,1094,383,102,6,373,93,16,1,263,4,45,51,227,1,578,14,61,51,540,0,322,1087,8
2013/2014,sandton,city of johannesburg,city of johannesburg,28.0615,-26.08026,2275,5,159,22,4,0,234,860,86,1113,345,90,9,712,240,17,28,290,9,32,57,223,2,690,13,54,62,507,0,344,1353,4
2014/2015,sandton,city of johannesburg,city of johannesburg,28.0615,-26.08026,2838,4,177,11,4,1,231,714,64,1781,347,188,32,579,358,24,24,352,8,35,39,212,1,646,9,60,64,467,1,353,1480,5
2015/2016,sandton,city of johannesburg,city of johannesburg,28.0615,-26.08026,2866,1,173,10,1,0,214,758,76,879,315,190,10,656,408,15,38,347,12,29,55,245,1,766,15,51,52,410,3,340,1282,6
2016/2017,sandton,city of johannesburg,city of johannesburg,28.0615,-26.08026,2410,0,129,17,1,0,224,670,90,972,346,202,5,527,434,28,3,211,9,31,52,226,0,812,9,44,26,381,0,355,1586,6
2017/2018,sandton,city of johannesburg,city of johannesburg,28.0615,-26.08026,2465,0,107,11,1,0,202,487,95,965,395,206,10,674,541,31,3,154,15,32,58,208,1,826,20,59,28,399,0,368,957,2
2018/2019,sandton,city of johannesburg,city of johannesburg,28.0615,-26.08026,2143,2,93,13,1,0,170,439,66,1026,372,306,8,513,212,39,22,113,9,41,62,221,1,911,15,61,34,335,0,314,874,4
2019/2020,sandton,city of johannesburg,city of johannesburg,28.0615,-26.08026,1803,2,97,12,0,0,188,466,120,1220,302,383,9,372,185,22,23,110,5,57,48,205,0,852,13,75,36,300,0,237,1431,7
2020/2021,sandton,city of johannesburg,city of johannesburg,28.0615,-26.08026,952,4,78,16,0,0,158,318,131,927,278,234,6,73,163,55,2,92,13,50,59,108,1,546,15,65,23,266,4,149,405,8
2021/2022,sandton,city of johannesburg,city of johannesburg,28.0615,-26.08026,1054,1,47,22,2,0,133,343,169,1205,343,281,8,127,163,21,42,145,8,66,42,144,0,613,16,88,26,268,1,193,444,12
2022/2023,sandton,city of johannesburg,city of johannesburg,28.0615,-26.08026,1118,3,46,21,0,0,153,333,115,1321,389,240,7,218,140,20,40,128,23,62,42,111,0,516,20,83,17,284,0,237,355,12
2023/2024,sandton,johannesburg district,johannesburg district,28.0615,-26.08026,0,0,0,0,0,0,0,416,124,0,0,0,0,0,0,0,0,0,0,0,0,137,0,0,0,0,0,0,0,244,517,0
2024/2025,sandton,johannesburg district,johannesburg district,28.0615,-26.08026,0,0,0,0,0,0,0,317,125,0,0,0,0,0,0,0,0,0,0,0,0,81,0,0,0,0,0,0,0,211,516,0
2008/2009,sannieshof,tswaing,ngaka modiri molema,25.80644,-26.52925,48,0,58,0,0,0,26,39,0,12,23,9,6,11,21,1,1,14,1,14,5,0,0,6,1,15,0,3,24,2,11,0
2009/2010,sannieshof,tswaing,ngaka modiri molema,25.80644,-26.52925,30,1,50,2,0,0,29,52,0,5,29,3,6,9,31,3,1,18,2,17,2,0,0,3,3,20,0,3,20,9,7,0
2010/2011,sannieshof,tswaing,ngaka modiri molema,25.80644,-26.52925,55,0,51,1,0,0,23,45,0,4,27,6,4,6,36,4,1,9,3,11,9,3,0,20,4,17,0,3,18,5,19,0
2011/2012,sannieshof,tswaing,ngaka modiri molema,25.80644,-26.52925,33,1,43,2,0,0,36,29,0,9,37,7,6,1,19,1,1,14,3,19,2,1,0,4,1,20,0,3,10,3,8,0
2012/2013,sannieshof,tswaing,ngaka modiri molema,25.80644,-26.52925,58,0,56,1,3,0,34,33,0,12,34,4,6,7,25,2,1,14,2,10,1,1,0,4,1,14,0,1,13,7,7,0
2013/2014,sannieshof,tswaing,ngaka modiri molema,25.80644,-26.52925,37,2,60,2,3,0,33,39,0,5,33,6,6,6,36,0,12,19,5,16,1,1,0,5,0,19,0,0,14,0,5,0
2014/2015,sannieshof,tswaing,ngaka modiri molema,25.80644,-26.52925,42,1,47,0,2,0,22,44,0,9,38,9,7,4,23,0,13,17,2,8,5,1,0,9,1,12,0,3,19,2,9,0
2015/2016,sannieshof,tswaing,ngaka modiri molema,25.80644,-26.52925,24,1,47,2,1,0,14,39,1,6,40,7,4,1,19,4,21,18,3,10,10,5,0,20,0,13,0,0,9,6,6,0
2016/2017,sannieshof,tswaing,ngaka modiri molema,25.80644,-26.52925,31,1,54,4,0,0,46,33,0,10,22,5,6,3,35,6,12,11,3,17,10,3,0,19,4,21,3,1,21,4,15,0
2017/2018,sannieshof,tswaing,ngaka modiri molema,25.80644,-26.52925,26,1,51,5,0,0,33,43,0,1,33,5,6,1,19,4,14,9,4,13,5,5,0,12,1,14,1,4,14,2,16,0
2018/2019,sannieshof,tswaing,ngaka modiri molema,25.80644,-26.52925,23,3,88,6,0,0,35,53,0,1,52,5,6,3,13,1,12,13,4,16,9,4,0,18,0,16,0,2,16,6,9,0
2019/2020,sannieshof,tswaing,ngaka modiri molema,25.80644,-26.52925,46,0,106,9,0,0,47,79,0,3,55,4,7,0,5,1,22,18,4,10,11,4,0,23,3,14,0,3,37,6,12,0
2020/2021,sannieshof,tswaing,ngaka modiri molema,25.80644,-26.52925,38,2,103,11,0,0,37,57,0,12,44,8,6,2,8,4,22,24,2,27,8,3,0,27,3,30,0,1,23,1,13,0
2021/2022,sannieshof,tswaing,ngaka modiri molema,25.80644,-26.52925,53,2,109,14,1,0,32,39,1,15,51,4,4,2,8,0,2,37,3,29,7,4,1,21,2,34,0,0,17,5,9,0
2022/2023,sannieshof,tswaing,ngaka modiri molema,25.80644,-26.52925,57,0,125,18,1,0,59,48,0,15,72,5,7,2,25,11,3,40,3,24,10,6,0,33,1,27,0,2,17,3,8,1
2023/2024,sannieshof,ngaka modiri molema district,ngaka modiri molema district,25.80644,-26.52925,0,0,0,0,0,0,0,32,0,0,0,0,0,0,0,0,0,0,0,0,0,2,0,0,0,0,0,0,0,1,12,0
2024/2025,sannieshof,ngaka modiri molema district,ngaka modiri molema district,25.80644,-26.52925,0,0,0,0,0,0,0,55,1,0,0,0,0,0,0,0,0,0,0,0,0,5,0,0,0,0,0,0,0,2,7,0
2008/2009,saron,drakenstein,cape winelands,18.99944,-33.18409,38,0,51,3,0,0,17,35,0,2,59,4,7,28,129,0,1,22,2,10,0,0,0,0,4,15,0,1,8,0,8,0
2009/2010,saron,drakenstein,cape winelands,18.99944,-33.18409,37,1,54,0,2,0,15,32,0,2,49,2,6,16,169,1,1,15,4,13,2,0,0,2,8,23,0,0,7,1,4,0
2010/2011,saron,drakenstein,cape winelands,18.99944,-33.18409,42,0,47,0,3,0,15,18,0,1,59,2,4,17,197,0,1,17,3,16,0,0,0,0,3,24,0,0,3,1,9,0
2011/2012,saron,drakenstein,cape winelands,18.99944,-33.18409,48,0,38,0,0,0,9,32,0,0,55,3,6,17,285,1,1,20,1,11,0,0,0,1,3,14,0,2,3,1,8,0
2012/2013,saron,drakenstein,cape winelands,18.99944,-33.18409,46,0,45,0,0,0,13,30,0,2,67,3,6,20,379,1,1,18,2,9,1,0,0,2,0,9,0,2,4,2,4,0
2013/2014,saron,drakenstein,cape winelands,18.99944,-33.18409,44,0,55,2,1,0,12,33,0,2,79,3,7,20,464,2,13,21,2,15,0,0,0,6,2,19,0,2,0,1,9,0
2014/2015,saron,drakenstein,cape winelands,18.99944,-33.18409,65,1,66,1,2,0,7,37,0,1,84,3,6,36,480,0,12,28,3,5,0,0,0,4,4,11,0,0,7,0,8,0
2015/2016,saron,drakenstein,cape winelands,18.99944,-33.18409,68,0,58,1,6,0,8,38,0,0,101,10,6,27,495,1,13,39,2,15,0,0,0,5,1,22,0,1,4,1,4,0
2016/2017,saron,drakenstein,cape winelands,18.99944,-33.18409,72,3,71,1,1,0,8,42,0,1,92,5,6,18,580,4,13,33,2,9,0,1,0,3,6,16,0,1,8,1,10,0
2017/2018,saron,drakenstein,cape winelands,18.99944,-33.18409,53,0,76,0,1,0,8,45,0,3,79,11,7,22,529,1,12,30,1,7,1,1,0,7,3,12,0,0,7,1,4,0
2018/2019,saron,drakenstein,cape winelands,18.99944,-33.18409,53,1,77,0,2,0,4,44,0,4,73,6,6,16,213,0,13,27,0,4,1,0,0,3,1,7,0,0,8,1,12,0
2019/2020,saron,drakenstein,cape winelands,18.99944,-33.18409,46,0,70,0,0,0,5,36,0,2,69,6,4,14,228,1,12,35,2,3,1,0,0,4,4,9,0,1,12,3,6,0
2020/2021,saron,drakenstein,cape winelands,18.99944,-33.18409,47,2,53,0,2,0,7,36,0,4,60,5,6,8,161,0,12,34,1,4,1,1,0,6,3,9,0,0,14,0,9,1
2021/2022,saron,drakenstein,cape winelands,18.99944,-33.18409,58,1,84,4,2,0,1,42,0,4,93,5,7,9,194,0,12,26,4,7,1,1,0,7,1,11,0,1,12,1,5,1
2022/2023,saron,drakenstein,cape winelands,18.99944,-33.18409,75,0,96,5,1,0,2,44,0,5,96,11,6,10,213,1,12,38,5,5,1,0,0,12,4,10,0,1,17,0,20,0
2023/2024,saron,cape winelands district,cape winelands district,18.99944,-33.18409,0,0,0,0,0,0,0,68,0,0,0,0,0,0,0,0,0,0,0,0,0,1,0,0,0,0,0,0,0,1,11,0
2024/2025,saron,cape winelands district,cape winelands district,18.99944,-33.18409,0,0,0,0,0,0,0,68,0,0,0,0,0,0,0,0,0,0,0,0,0,3,0,0,0,0,0,0,0,1,10,0
2008/2009,saselamani,collins chabane,vhembe,30.85767,-22.83111,80,23,118,0,4,0,34,53,1,8,97,12,4,6,12,1,1,28,3,29,9,3,0,15,2,37,0,1,10,0,5,0
2009/2010,saselamani,collins chabane,vhembe,30.85767,-22.83111,94,14,140,3,2,0,45,97,1,6,124,18,6,5,10,2,1,41,2,37,14,0,0,18,5,44,0,1,12,1,11,0
2010/2011,saselamani,collins chabane,vhembe,30.85767,-22.83111,55,35,103,2,0,0,68,113,2,7,99,12,6,1,17,0,1,40,4,23,11,3,0,17,3,26,0,3,5,0,10,0
2011/2012,saselamani,collins chabane,vhembe,30.85767,-22.83111,60,21,128,3,4,0,77,137,1,8,93,12,6,5,19,1,1,37,7,37,8,8,0,20,3,44,0,5,13,1,8,0
2012/2013,saselamani,collins chabane,vhembe,30.85767,-22.83111,64,22,131,7,4,0,55,98,2,11,67,4,4,13,29,4,1,38,6,39,14,9,0,39,2,47,0,5,10,0,8,0
2013/2014,saselamani,collins chabane,vhembe,30.85767,-22.83111,47,15,111,5,2,0,68,73,0,21,69,9,4,7,26,8,12,33,12,37,17,6,0,31,1,42,54,7,8,1,6,0
2014/2015,saselamani,collins chabane,vhembe,30.85767,-22.83111,84,14,134,7,2,0,65,87,0,22,68,19,7,1,39,3,12,37,4,46,13,10,0,39,1,50,102,7,9,2,7,0
2015/2016,saselamani,collins chabane,vhembe,30.85767,-22.83111,62,16,123,4,1,0,54,85,0,20,54,8,7,3,36,2,12,35,2,44,12,12,0,36,1,47,44,5,19,3,11,0
2016/2017,saselamani,collins chabane,vhembe,30.85767,-22.83111,107,5,124,5,0,0,75,150,1,25,68,16,7,8,58,1,21,57,0,37,9,9,1,34,0,38,24,5,11,2,6,0
2017/2018,saselamani,collins chabane,vhembe,30.85767,-22.83111,68,9,121,12,0,0,51,111,5,27,66,3,7,21,97,2,12,34,13,33,23,19,0,57,1,35,46,6,13,3,12,0
2018/2019,saselamani,collins chabane,vhembe,30.85767,-22.83111,51,5,106,7,1,0,73,79,3,16,60,8,4,43,85,6,12,37,5,43,17,9,0,37,1,47,90,5,9,0,11,0
2019/2020,saselamani,collins chabane,vhembe,30.85767,-22.83111,33,4,106,6,0,0,51,71,2,15,33,8,6,58,12,11,13,28,7,31,20,4,0,34,1,32,134,4,6,0,6,0
2020/2021,saselamani,collins chabane,vhembe,30.85767,-22.83111,45,8,108,9,2,0,50,57,1,14,55,10,6,34,18,10,13,51,2,37,8,0,0,15,2,41,91,3,11,2,3,0
2021/2022,saselamani,collins chabane,vhembe,30.85767,-22.83111,76,8,127,5,0,0,63,57,2,27,51,17,6,18,36,2,13,50,6,51,9,5,0,27,2,53,125,0,4,3,4,0
2022/2023,saselamani,collins chabane,vhembe,30.85767,-22.83111,62,8,140,4,0,0,54,69,2,19,45,14,7,10,52,4,12,59,5,41,13,7,1,28,1,43,140,9,13,0,8,0
2023/2024,saselamani,vhembe district,vhembe district,30.85767,-22.83111,0,0,0,0,0,0,0,75,7,0,0,0,0,0,0,0,0,0,0,0,0,4,0,0,0,0,0,0,0,4,12,0
2024/2025,saselamani,vhembe district,vhembe district,30.85767,-22.83111,0,0,0,0,0,0,0,114,4,0,0,0,0,0,0,0,0,0,0,0,0,14,0,0,0,0,0,0,0,1,10,0
2008/2009,sasolburg,metsimaholo,fezile dabi,27.82882,-26.81351,1578,16,533,55,4,2,187,690,16,71,1046,118,26,125,135,10,1,562,31,81,26,21,1,250,38,144,0,207,16,186,136,10
2009/2010,sasolburg,metsimaholo,fezile dabi,27.82882,-26.81351,1072,21,502,68,4,0,177,720,22,106,857,91,17,147,142,16,1,494,26,121,59,20,0,260,44,178,0,180,28,236,219,8
2010/2011,sasolburg,metsimaholo,fezile dabi,27.82882,-26.81351,973,17,418,57,3,0,173,610,18,126,721,86,11,85,109,16,1,481,31,108,42,40,0,246,25,144,0,152,13,193,176,2
2011/2012,sasolburg,metsimaholo,fezile dabi,27.82882,-26.81351,455,3,84,8,2,0,100,269,13,144,271,36,8,64,70,2,1,184,3,22,13,20,1,90,10,38,2,94,8,148,118,3
2012/2013,sasolburg,metsimaholo,fezile dabi,27.82882,-26.81351,416,2,68,13,0,0,101,299,8,321,199,27,7,48,66,7,1,169,5,5,8,28,2,85,8,14,0,113,1,183,104,7
2013/2014,sasolburg,metsimaholo,fezile dabi,27.82882,-26.81351,419,2,55,7,0,0,110,404,17,118,197,34,7,52,54,0,21,131,3,14,14,23,0,100,6,21,4,176,4,180,109,6
2014/2015,sasolburg,metsimaholo,fezile dabi,27.82882,-26.81351,431,4,63,4,0,0,82,584,13,132,135,32,7,69,91,1,14,116,1,12,14,34,0,92,14,27,0,149,5,143,119,2
2015/2016,sasolburg,metsimaholo,fezile dabi,27.82882,-26.81351,393,0,60,7,0,0,88,457,4,145,158,29,6,71,84,2,21,126,4,18,10,16,0,56,8,26,0,162,4,125,107,1
2016/2017,sasolburg,metsimaholo,fezile dabi,27.82882,-26.81351,378,2,69,3,0,0,166,505,4,155,146,35,7,87,118,2,13,111,1,4,16,40,0,97,5,10,1,128,9,210,93,4
2017/2018,sasolburg,metsimaholo,fezile dabi,27.82882,-26.81351,343,0,57,8,0,0,157,437,8,182,183,47,4,66,130,2,21,119,5,12,10,49,0,106,4,18,0,122,6,206,95,0
2018/2019,sasolburg,metsimaholo,fezile dabi,27.82882,-26.81351,409,0,49,13,1,0,100,323,6,206,195,36,5,105,185,7,13,106,4,20,18,34,0,107,5,29,3,107,3,186,95,0
2019/2020,sasolburg,metsimaholo,fezile dabi,27.82882,-26.81351,388,0,47,10,2,0,83,320,5,171,177,24,7,62,174,5,23,89,6,15,17,20,1,115,10,28,1,113,4,110,85,8
2020/2021,sasolburg,metsimaholo,fezile dabi,27.82882,-26.81351,300,0,53,7,1,0,75,327,2,171,128,18,7,46,125,1,21,65,4,9,10,15,0,60,10,21,0,48,4,52,65,4
2021/2022,sasolburg,metsimaholo,fezile dabi,27.82882,-26.81351,386,1,59,10,1,0,65,396,10,206,152,18,5,22,78,12,2,79,6,19,13,17,2,86,5,28,2,52,2,60,62,15
2022/2023,sasolburg,metsimaholo,fezile dabi,27.82882,-26.81351,466,1,58,17,0,0,75,305,5,233,172,22,5,49,75,7,2,101,6,13,11,17,0,81,6,22,46,63,2,68,83,6
2023/2024,sasolburg,fezile dabi district,fezile dabi district,27.82882,-26.81351,0,0,0,0,0,0,0,259,11,0,0,0,0,0,0,0,0,0,0,0,0,8,0,0,0,0,0,0,0,74,99,0
2024/2025,sasolburg,fezile dabi district,fezile dabi district,27.82882,-26.81351,0,0,0,0,0,0,0,227,7,0,0,0,0,0,0,0,0,0,0,0,0,19,0,0,0,0,0,0,0,84,91,0
2008/2009,sawoti,umdoni,ugu,30.49026,-30.27408,44,2,98,21,4,0,34,69,3,4,56,16,7,9,68,20,1,42,9,26,4,6,0,34,1,32,0,1,7,5,6,0
2009/2010,sawoti,umdoni,ugu,30.49026,-30.27408,49,1,84,20,2,0,33,71,2,0,52,13,4,17,108,19,1,22,4,30,5,16,0,41,2,36,0,0,11,12,10,0
2010/2011,sawoti,umdoni,ugu,30.49026,-30.27408,47,3,74,5,1,0,21,49,5,4,40,9,7,8,84,22,1,28,12,39,4,11,0,36,0,41,0,0,22,6,12,0
2011/2012,sawoti,umdoni,ugu,30.49026,-30.27408,69,3,74,16,0,0,18,51,1,2,49,8,6,16,121,27,1,21,12,26,1,14,0,24,1,27,0,0,7,2,8,0
2012/2013,sawoti,umdoni,ugu,30.49026,-30.27408,64,2,62,5,2,0,24,44,2,2,58,8,6,15,146,19,1,24,13,23,3,7,0,20,3,28,0,0,13,4,7,0
2013/2014,sawoti,umdoni,ugu,30.49026,-30.27408,37,1,63,7,0,0,23,37,0,0,35,12,7,10,156,3,13,15,8,20,3,9,0,17,0,21,0,0,6,3,4,0
2014/2015,sawoti,umdoni,ugu,30.49026,-30.27408,52,1,51,4,0,0,15,43,1,0,35,9,6,14,161,10,13,16,5,14,5,7,0,17,1,15,0,0,10,0,6,0
2015/2016,sawoti,umdoni,ugu,30.49026,-30.27408,26,2,47,5,0,0,19,43,3,0,42,5,6,18,142,3,12,11,9,17,3,8,0,20,1,18,0,0,10,4,10,1
2016/2017,sawoti,umdoni,ugu,30.49026,-30.27408,25,1,57,1,1,0,16,33,0,1,28,3,6,7,147,8,13,15,12,14,1,3,0,11,0,15,0,0,4,2,3,0
2017/2018,sawoti,umdoni,ugu,30.49026,-30.27408,38,2,50,9,0,0,10,39,1,1,36,4,6,10,81,17,13,7,7,17,1,4,0,9,0,17,0,1,2,3,5,0
2018/2019,sawoti,umdoni,ugu,30.49026,-30.27408,22,1,44,2,0,0,18,22,1,1,27,1,6,16,27,2,13,9,10,15,2,2,0,5,0,15,0,0,2,4,3,0
2019/2020,sawoti,umdoni,ugu,30.49026,-30.27408,20,0,45,2,0,0,22,27,3,0,17,6,6,6,5,13,21,10,9,18,2,5,1,11,1,19,0,0,2,3,1,0
2020/2021,sawoti,umdoni,ugu,30.49026,-30.27408,17,0,35,9,0,0,21,19,6,1,18,1,6,9,2,17,13,8,13,22,2,5,0,14,0,22,0,1,9,2,7,0
2021/2022,sawoti,umdoni,ugu,30.49026,-30.27408,20,2,41,4,1,0,20,8,5,3,30,3,6,4,0,11,12,10,7,17,4,6,0,15,1,19,0,0,5,0,1,0
2022/2023,sawoti,umdoni,ugu,30.49026,-30.27408,17,0,38,10,0,0,15,13,7,6,26,1,6,8,0,4,21,13,23,19,9,15,0,35,1,20,0,2,5,3,2,0
2023/2024,sawoti,ugu district,ugu district,30.49026,-30.27408,0,0,0,0,0,0,0,12,3,0,0,0,0,0,0,0,0,0,0,0,0,12,0,0,0,0,0,0,0,1,2,0
2024/2025,sawoti,ugu district,ugu district,30.49026,-30.27408,0,0,0,0,0,0,0,25,1,0,0,0,0,0,0,0,0,0,0,0,0,8,0,0,0,0,0,0,0,1,4,0
2008/2009,scenery park,buffalo city,buffalo city,27.82177,-32.99147,0,0,0,0,0,0,0,0,0,0,0,0,6,0,0,0,1,0,0,0,0,0,0,0,0,0,0,0,0,0,0,0
2009/2010,scenery park,buffalo city,buffalo city,27.82177,-32.99147,0,0,0,0,0,0,0,0,0,0,0,0,6,0,0,0,1,0,0,0,0,0,0,0,0,0,0,0,0,0,0,0
2010/2011,scenery park,buffalo city,buffalo city,27.82177,-32.99147,0,0,0,0,0,0,0,0,0,0,0,0,6,0,0,0,1,0,0,0,0,0,0,0,0,0,0,0,0,0,0,0
2011/2012,scenery park,buffalo city,buffalo city,27.82177,-32.99147,0,0,0,0,0,0,0,0,0,0,0,0,6,0,0,0,1,0,0,0,0,0,0,0,0,0,0,0,0,0,0,0
2012/2013,scenery park,buffalo city,buffalo city,27.82177,-32.99147,0,0,0,0,0,0,0,0,0,0,0,0,6,0,0,0,1,0,0,0,0,0,0,0,0,0,0,0,0,0,0,0
2013/2014,scenery park,buffalo city,buffalo city,27.82177,-32.99147,0,0,0,0,0,0,0,0,0,0,0,0,6,0,0,0,13,0,0,0,0,0,0,0,0,0,0,0,0,0,0,0
2014/2015,scenery park,buffalo city,buffalo city,27.82177,-32.99147,82,4,168,9,0,0,16,139,4,1,44,38,6,14,16,3,12,54,19,38,19,3,0,95,3,41,0,3,1,7,44,0
2015/2016,scenery park,buffalo city,buffalo city,27.82177,-32.99147,120,8,253,12,2,0,30,239,15,12,86,50,6,33,11,8,23,103,32,63,28,17,0,170,9,74,0,10,3,13,50,0
2016/2017,scenery park,buffalo city,buffalo city,27.82177,-32.99147,114,2,226,10,2,0,52,229,4,15,62,50,6,29,38,7,13,111,27,40,26,5,0,139,8,50,1,6,0,10,49,0
2017/2018,scenery park,buffalo city,buffalo city,27.82177,-32.99147,138,4,276,8,0,0,28,176,8,21,89,25,6,24,37,14,23,109,16,52,20,7,0,108,4,56,0,9,0,7,45,0
2018/2019,scenery park,buffalo city,buffalo city,27.82177,-32.99147,141,6,289,5,3,0,30,170,5,28,72,29,5,29,50,5,22,108,23,57,18,8,0,94,10,73,0,2,1,26,43,2
2019/2020,scenery park,buffalo city,buffalo city,27.82177,-32.99147,193,3,331,6,3,0,24,204,11,23,61,32,6,31,45,7,23,126,19,62,8,13,0,93,15,80,1,5,3,13,72,0
2020/2021,scenery park,buffalo city,buffalo city,27.82177,-32.99147,174,1,236,8,3,0,55,176,6,44,62,16,6,31,26,6,22,126,22,60,17,16,0,80,12,75,3,2,3,14,55,1
2021/2022,scenery park,buffalo city,buffalo city,27.82177,-32.99147,228,3,298,7,4,0,39,209,12,33,67,13,6,15,36,4,23,146,18,53,24,6,2,98,14,71,0,10,2,18,61,0
2022/2023,scenery park,buffalo city,buffalo city,27.82177,-32.99147,153,4,301,15,7,0,52,208,15,37,110,28,6,5,30,6,17,142,34,56,10,8,0,96,9,72,0,3,4,23,83,0
2023/2024,scenery park,buffalo city district,buffalo city district,27.82177,-32.99147,0,0,0,0,0,0,0,144,15,0,0,0,0,0,0,0,0,0,0,0,0,7,0,0,0,0,0,0,0,12,51,0
2024/2025,scenery park,buffalo city district,buffalo city district,27.82177,-32.99147,0,0,0,0,0,0,0,131,12,0,0,0,0,0,0,0,0,0,0,0,0,15,0,0,0,0,0,0,0,5,41,0
2008/2009,schoemansdal,nkomazi,ehlanzeni,31.49894,-25.68235,131,5,290,24,3,0,101,194,2,7,128,42,5,5,61,9,1,56,9,92,20,29,0,76,1,99,0,13,2,5,24,0
2009/2010,schoemansdal,nkomazi,ehlanzeni,31.49894,-25.68235,111,10,238,34,4,0,66,184,2,11,123,38,7,13,33,7,1,57,6,77,33,12,0,75,3,85,0,5,4,8,14,0
2010/2011,schoemansdal,nkomazi,ehlanzeni,31.49894,-25.68235,169,5,276,10,7,0,55,146,2,8,109,43,7,10,53,6,1,56,17,82,15,13,0,51,0,90,0,6,0,7,10,0
2011/2012,schoemansdal,nkomazi,ehlanzeni,31.49894,-25.68235,124,5,270,14,7,0,85,130,3,6,94,35,6,20,76,11,1,44,11,78,27,16,0,61,0,85,0,6,3,8,18,0
2012/2013,schoemansdal,nkomazi,ehlanzeni,31.49894,-25.68235,88,2,227,7,3,0,51,130,2,5,68,44,6,6,86,7,1,44,12,82,13,18,0,53,0,85,0,2,12,6,29,0
2013/2014,schoemansdal,nkomazi,ehlanzeni,31.49894,-25.68235,74,4,224,8,11,0,78,155,2,8,49,26,4,7,123,7,23,30,8,60,25,17,1,58,2,75,0,3,3,5,18,0
2014/2015,schoemansdal,nkomazi,ehlanzeni,31.49894,-25.68235,71,1,244,2,2,0,83,117,1,4,56,36,6,9,150,10,12,47,11,62,13,18,0,63,0,64,0,4,12,10,20,0
2015/2016,schoemansdal,nkomazi,ehlanzeni,31.49894,-25.68235,76,2,304,6,2,0,81,123,4,4,68,38,4,9,190,15,23,56,15,54,14,28,0,70,0,58,0,9,13,4,22,0
2016/2017,schoemansdal,nkomazi,ehlanzeni,31.49894,-25.68235,87,4,280,11,3,0,54,138,1,7,89,36,6,56,252,6,21,39,14,60,11,20,0,50,0,63,0,5,12,2,16,1
2017/2018,schoemansdal,nkomazi,ehlanzeni,31.49894,-25.68235,65,0,240,1,1,0,62,113,1,2,54,29,6,53,293,10,12,40,14,51,8,14,0,35,0,52,0,1,4,3,21,0
2018/2019,schoemansdal,nkomazi,ehlanzeni,31.49894,-25.68235,84,4,266,6,1,0,93,112,1,11,38,30,7,56,189,10,13,36,11,45,14,6,0,31,1,48,0,2,5,7,11,0
2019/2020,schoemansdal,nkomazi,ehlanzeni,31.49894,-25.68235,83,1,247,7,2,0,59,175,1,19,28,25,6,32,175,16,12,38,14,56,13,12,0,36,1,59,0,3,3,5,8,0
2020/2021,schoemansdal,nkomazi,ehlanzeni,31.49894,-25.68235,75,1,210,4,0,0,75,131,1,20,31,25,6,8,124,5,13,40,15,58,10,7,0,28,0,58,0,7,2,4,14,0
2021/2022,schoemansdal,nkomazi,ehlanzeni,31.49894,-25.68235,69,4,272,8,3,0,67,85,1,16,44,22,6,8,137,13,23,44,16,61,15,11,0,48,8,72,0,4,7,3,11,0
2022/2023,schoemansdal,nkomazi,ehlanzeni,31.49894,-25.68235,89,2,256,5,0,0,92,111,4,20,35,22,6,1,154,9,22,34,21,50,29,13,0,68,2,52,0,13,11,9,6,0
2023/2024,schoemansdal,ehlanzeni district,ehlanzeni district,31.49894,-25.68235,0,0,0,0,0,0,0,123,4,0,0,0,0,0,0,0,0,0,0,0,0,17,0,0,0,0,0,0,0,2,13,0
2024/2025,schoemansdal,ehlanzeni district,ehlanzeni district,31.49894,-25.68235,0,0,0,0,0,0,0,116,0,0,0,0,0,0,0,0,0,0,0,0,0,20,0,0,0,0,0,0,0,3,10,0
2008/2009,schweizer-reneke,mamusa,dr ruth segomotsi mompati,25.33134,-27.18943,218,0,65,0,0,0,39,71,0,27,41,14,4,9,14,2,1,41,0,9,1,3,0,11,1,12,0,56,56,11,25,0
2009/2010,schweizer-reneke,mamusa,dr ruth segomotsi mompati,25.33134,-27.18943,212,2,57,2,1,0,45,101,2,33,19,14,4,11,8,1,1,35,2,8,8,2,0,17,0,11,0,55,52,12,23,1
2010/2011,schweizer-reneke,mamusa,dr ruth segomotsi mompati,25.33134,-27.18943,168,2,46,4,1,0,43,75,0,33,37,9,4,5,19,4,1,48,4,14,8,1,1,13,2,19,0,38,36,12,20,0
2011/2012,schweizer-reneke,mamusa,dr ruth segomotsi mompati,25.33134,-27.18943,177,3,42,2,2,0,42,84,0,19,18,7,7,6,25,2,1,25,5,8,3,1,0,6,1,12,0,40,29,11,16,0
2012/2013,schweizer-reneke,mamusa,dr ruth segomotsi mompati,25.33134,-27.18943,127,1,33,1,0,0,21,47,0,22,17,4,6,5,45,2,1,20,2,20,2,2,0,5,1,21,0,19,53,1,19,0
2013/2014,schweizer-reneke,mamusa,dr ruth segomotsi mompati,25.33134,-27.18943,111,1,34,2,0,0,19,69,0,22,15,5,6,7,45,1,13,31,2,19,1,2,0,6,1,20,0,27,45,1,23,0
2014/2015,schweizer-reneke,mamusa,dr ruth segomotsi mompati,25.33134,-27.18943,116,1,31,0,2,0,12,60,1,17,22,5,8,8,33,2,13,31,3,6,4,0,0,8,0,12,0,20,38,9,35,0
2015/2016,schweizer-reneke,mamusa,dr ruth segomotsi mompati,25.33134,-27.18943,131,2,39,0,1,0,37,46,0,21,24,6,7,3,21,1,12,35,2,9,6,3,0,12,1,12,0,25,45,6,23,1
2016/2017,schweizer-reneke,mamusa,dr ruth segomotsi mompati,25.33134,-27.18943,82,1,28,0,2,0,35,50,0,23,17,5,6,9,44,2,13,24,4,4,3,1,0,7,0,6,0,28,32,6,19,0
2017/2018,schweizer-reneke,mamusa,dr ruth segomotsi mompati,25.33134,-27.18943,70,1,26,5,0,0,24,32,0,16,20,1,6,7,63,0,13,12,2,4,5,1,0,13,0,4,0,14,41,3,13,0
2018/2019,schweizer-reneke,mamusa,dr ruth segomotsi mompati,25.33134,-27.18943,70,0,28,0,0,0,30,39,1,10,17,4,6,12,35,0,13,19,3,6,5,3,0,12,1,7,0,18,39,9,17,0
2019/2020,schweizer-reneke,mamusa,dr ruth segomotsi mompati,25.33134,-27.18943,84,1,42,3,0,0,21,49,1,18,32,11,7,29,9,0,12,25,2,6,4,1,0,9,2,9,0,14,46,4,14,0
2020/2021,schweizer-reneke,mamusa,dr ruth segomotsi mompati,25.33134,-27.18943,63,0,17,2,1,0,36,39,0,10,31,4,7,13,18,0,13,19,0,5,3,4,0,9,0,7,0,9,30,1,12,0
2021/2022,schweizer-reneke,mamusa,dr ruth segomotsi mompati,25.33134,-27.18943,79,1,26,1,1,0,31,49,1,26,19,8,7,26,13,1,13,26,3,9,6,2,1,15,3,14,0,19,18,1,10,0
2022/2023,schweizer-reneke,mamusa,dr ruth segomotsi mompati,25.33134,-27.18943,93,1,50,0,0,0,60,40,1,25,20,14,6,11,12,0,12,35,0,6,6,1,0,17,3,9,0,21,42,1,22,0
2023/2024,schweizer-reneke,dr ruth segomotsi mompati district,dr ruth segomotsi mompati district,25.33134,-27.18943,0,0,0,0,0,0,0,42,0,0,0,0,0,0,0,0,0,0,0,0,0,3,0,0,0,0,0,0,0,3,27,0
2024/2025,schweizer-reneke,dr ruth segomotsi mompati district,dr ruth segomotsi mompati district,25.33134,-27.18943,0,0,0,0,0,0,0,34,0,0,0,0,0,0,0,0,0,0,0,0,0,3,0,0,0,0,0,0,0,1,22,0
2008/2009,scottburgh,umdoni,ugu,30.75576,-30.28763,250,0,78,15,2,0,99,271,7,62,138,31,4,135,280,9,1,53,10,32,10,9,0,66,5,41,0,35,1,70,109,0
2009/2010,scottburgh,umdoni,ugu,30.75576,-30.28763,218,0,74,15,3,0,69,326,13,71,140,30,5,129,181,24,1,45,8,27,7,18,1,66,6,39,0,45,4,69,47,0
2010/2011,scottburgh,umdoni,ugu,30.75576,-30.28763,273,2,89,8,1,0,90,293,9,80,140,20,4,124,146,9,1,62,7,25,11,14,0,72,6,34,0,62,3,58,47,1
2011/2012,scottburgh,umdoni,ugu,30.75576,-30.28763,289,4,72,14,1,0,80,369,5,107,169,19,7,45,174,22,1,78,6,36,13,15,0,66,3,41,1,48,3,63,76,0
2012/2013,scottburgh,umdoni,ugu,30.75576,-30.28763,301,2,77,8,1,0,73,342,5,69,180,14,4,71,204,18,1,72,8,30,7,15,0,71,5,38,0,52,6,85,59,1
2013/2014,scottburgh,umdoni,ugu,30.75576,-30.28763,272,3,64,10,2,0,64,283,5,70,144,15,7,56,215,15,12,39,13,21,14,14,0,68,6,30,3,60,7,69,65,0
2014/2015,scottburgh,umdoni,ugu,30.75576,-30.28763,323,3,57,21,2,0,106,425,4,53,135,21,6,63,252,12,14,56,16,23,6,28,0,80,7,32,13,65,1,79,85,0
2015/2016,scottburgh,umdoni,ugu,30.75576,-30.28763,294,2,63,5,5,0,84,389,9,45,142,18,4,93,290,25,21,58,15,29,9,24,0,80,6,42,32,53,1,57,98,1
2016/2017,scottburgh,umdoni,ugu,30.75576,-30.28763,272,2,82,14,1,0,64,377,11,70,149,20,6,118,307,16,23,57,8,17,9,24,0,77,6,24,34,69,0,37,66,0
2017/2018,scottburgh,umdoni,ugu,30.75576,-30.28763,247,0,70,16,0,0,52,305,9,54,136,13,7,144,291,28,23,56,12,19,9,18,0,83,4,24,28,69,3,41,73,0
2018/2019,scottburgh,umdoni,ugu,30.75576,-30.28763,241,1,76,15,0,0,60,383,4,118,122,19,6,150,185,13,23,44,18,21,11,25,0,62,6,27,71,48,3,31,62,0
2019/2020,scottburgh,umdoni,ugu,30.75576,-30.28763,278,1,62,16,0,0,66,339,6,97,134,18,7,202,174,11,14,52,10,27,8,30,0,79,12,40,63,56,7,38,49,0
2020/2021,scottburgh,umdoni,ugu,30.75576,-30.28763,218,2,53,17,0,0,72,390,12,98,102,16,6,22,50,15,17,44,19,9,12,12,0,63,5,14,12,33,7,30,67,0
2021/2022,scottburgh,umdoni,ugu,30.75576,-30.28763,174,8,74,7,0,0,46,246,5,116,105,18,7,54,29,17,17,51,12,19,6,14,0,76,4,24,14,23,16,47,56,0
2022/2023,scottburgh,umdoni,ugu,30.75576,-30.28763,214,2,84,14,0,0,42,220,7,156,112,20,7,18,30,19,25,48,17,30,11,38,0,98,7,38,19,25,5,31,40,1
2023/2024,scottburgh,ugu district,ugu district,30.75576,-30.28763,0,0,0,0,0,0,0,242,5,0,0,0,0,0,0,0,0,0,0,0,0,16,0,0,0,0,0,0,0,16,42,0
2024/2025,scottburgh,ugu district,ugu district,30.75576,-30.28763,0,0,0,0,0,0,0,195,11,0,0,0,0,0,0,0,0,0,0,0,0,24,0,0,0,0,0,0,0,24,34,0
2008/2009,sea point,city of cape town,city of cape town,18.39946,-33.90553,1353,0,36,1,0,0,45,358,5,239,169,47,33,153,808,18,1,212,2,13,10,5,0,73,2,30,0,193,0,160,574,0
2009/2010,sea point,city of cape town,city of cape town,18.39946,-33.90553,1313,0,33,3,2,0,43,354,0,261,155,45,21,153,714,5,1,155,7,20,3,20,0,75,12,65,0,250,0,185,772,0
2010/2011,sea point,city of cape town,city of cape town,18.39946,-33.90553,1251,0,29,2,0,0,41,397,1,249,146,70,12,195,842,3,1,122,2,7,3,15,0,65,6,20,0,216,0,119,1000,0
2011/2012,sea point,city of cape town,city of cape town,18.39946,-33.90553,1153,0,28,1,0,0,29,354,0,219,151,63,7,252,787,6,1,132,5,13,4,7,0,47,5,19,14,177,0,115,1021,0
2012/2013,sea point,city of cape town,city of cape town,18.39946,-33.90553,1117,0,16,2,0,0,31,373,5,212,115,75,6,258,818,6,1,72,4,3,2,14,0,58,6,9,13,113,0,162,1181,0
2013/2014,sea point,city of cape town,city of cape town,18.39946,-33.90553,1105,0,18,1,0,0,49,375,3,186,121,77,7,216,770,10,12,94,1,6,10,9,1,57,8,15,14,82,0,163,1099,0
2014/2015,sea point,city of cape town,city of cape town,18.39946,-33.90553,1013,1,26,4,0,0,40,327,5,182,114,76,4,144,798,6,23,98,0,8,4,19,0,74,6,16,8,82,0,150,1118,0
2015/2016,sea point,city of cape town,city of cape town,18.39946,-33.90553,1067,1,18,3,0,0,44,314,2,207,125,82,6,78,911,4,17,106,3,3,4,14,1,66,7,10,7,130,0,157,1177,0
2016/2017,sea point,city of cape town,city of cape town,18.39946,-33.90553,955,2,20,4,0,0,42,310,2,167,132,76,6,79,990,7,17,76,2,6,8,6,0,61,6,12,1,114,0,138,1164,0
2017/2018,sea point,city of cape town,city of cape town,18.39946,-33.90553,907,2,9,1,1,0,38,295,2,183,115,74,5,54,743,4,17,85,2,6,6,16,0,62,5,15,2,93,0,88,1096,0
2018/2019,sea point,city of cape town,city of cape town,18.39946,-33.90553,797,0,18,1,0,0,30,259,5,163,119,77,7,54,549,6,12,82,5,4,6,11,0,61,5,10,0,73,0,108,1052,0
2019/2020,sea point,city of cape town,city of cape town,18.39946,-33.90553,725,0,22,1,0,0,36,257,2,148,88,73,6,103,776,3,13,73,1,12,5,7,1,59,7,19,1,89,0,84,983,0
2020/2021,sea point,city of cape town,city of cape town,18.39946,-33.90553,423,0,19,1,1,0,27,210,0,170,67,51,7,45,723,5,12,52,4,11,1,6,0,38,4,17,3,87,0,47,519,0
2021/2022,sea point,city of cape town,city of cape town,18.39946,-33.90553,496,0,20,1,0,0,21,183,0,250,91,78,5,41,1401,1,12,85,1,8,6,10,0,52,5,16,0,88,0,43,656,0
2022/2023,sea point,city of cape town,city of cape town,18.39946,-33.90553,827,0,25,1,0,0,19,248,1,315,100,142,6,60,1130,1,23,85,6,21,5,4,0,59,20,41,0,75,0,63,901,0
2023/2024,sea point,city of cape town district,city of cape town district,18.39946,-33.90553,0,0,0,0,0,0,0,220,1,0,0,0,0,0,0,0,0,0,0,0,0,7,0,0,0,0,0,0,0,80,1066,0
2024/2025,sea point,city of cape town district,city of cape town district,18.39946,-33.90553,0,0,0,0,0,0,0,114,1,0,0,0,0,0,0,0,0,0,0,0,0,0,0,0,0,0,0,0,0,84,833,0
2008/2009,seafield,ndlambe,sarah baartman,27.04722,-33.53064,14,0,5,1,0,0,0,42,0,0,1,0,6,1,0,0,1,2,1,2,0,0,0,0,0,2,0,0,17,5,1,0
2009/2010,seafield,ndlambe,sarah baartman,27.04722,-33.53064,9,0,4,0,0,0,0,43,0,1,1,0,6,1,2,0,1,6,0,2,0,0,0,0,0,2,0,0,5,13,2,0
2010/2011,seafield,ndlambe,sarah baartman,27.04722,-33.53064,18,0,6,0,0,0,1,56,0,0,2,0,7,0,1,0,1,1,1,1,0,1,0,1,0,2,0,0,4,7,3,0
2011/2012,seafield,ndlambe,sarah baartman,27.04722,-33.53064,15,0,5,0,0,0,0,41,0,0,0,0,6,0,1,0,1,3,0,2,0,0,0,0,1,3,0,0,4,2,7,0
2012/2013,seafield,ndlambe,sarah baartman,27.04722,-33.53064,10,0,5,1,0,0,0,55,0,0,5,0,6,0,0,0,1,4,0,0,0,0,0,0,1,1,0,1,8,6,2,0
2013/2014,seafield,ndlambe,sarah baartman,27.04722,-33.53064,18,0,3,1,0,0,5,73,0,1,2,0,6,0,1,0,13,6,0,1,0,1,0,1,1,2,0,0,5,5,0,0
2014/2015,seafield,ndlambe,sarah baartman,27.04722,-33.53064,15,0,6,0,0,0,4,65,0,0,0,0,6,0,1,0,13,10,0,0,1,0,0,1,0,0,0,0,5,2,2,0
2015/2016,seafield,ndlambe,sarah baartman,27.04722,-33.53064,18,0,4,0,0,0,0,39,0,0,4,0,6,0,1,0,13,2,0,0,0,0,0,0,0,0,0,0,3,0,0,0
2016/2017,seafield,ndlambe,sarah baartman,27.04722,-33.53064,13,0,3,0,0,0,0,26,0,3,2,1,7,0,1,0,13,3,1,1,0,0,0,0,0,2,0,0,4,1,1,0
2017/2018,seafield,ndlambe,sarah baartman,27.04722,-33.53064,8,2,14,0,0,0,2,31,0,0,4,0,6,0,1,0,13,3,0,2,0,1,0,1,0,2,0,0,4,0,1,0
2018/2019,seafield,ndlambe,sarah baartman,27.04722,-33.53064,8,0,5,0,0,0,0,42,0,1,5,1,6,0,0,0,13,7,1,0,0,4,0,4,2,2,0,0,0,1,3,0
2019/2020,seafield,ndlambe,sarah baartman,27.04722,-33.53064,15,0,3,1,0,0,2,6,0,1,3,0,6,4,1,0,13,9,0,2,0,1,0,2,0,2,0,0,2,1,4,0
2020/2021,seafield,ndlambe,sarah baartman,27.04722,-33.53064,11,0,6,0,0,0,0,5,0,3,6,0,6,3,1,0,13,4,0,1,0,0,0,1,0,1,0,0,1,0,0,1
2021/2022,seafield,ndlambe,sarah baartman,27.04722,-33.53064,12,0,7,0,0,0,0,8,0,0,8,0,6,4,1,0,13,9,0,0,0,0,0,0,2,2,0,0,8,0,3,0
2022/2023,seafield,ndlambe,sarah baartman,27.04722,-33.53064,7,0,3,2,0,0,0,6,0,6,6,0,6,0,0,0,13,3,1,0,0,0,0,0,0,0,0,0,7,0,1,0
2023/2024,seafield,sarah baartman district,sarah baartman district,27.04722,-33.53064,0,0,0,0,0,0,0,2,0,0,0,0,0,0,0,0,0,0,0,0,0,1,0,0,0,0,0,0,0,0,1,0
2024/2025,seafield,sarah baartman district,sarah baartman district,27.04722,-33.53064,0,0,0,0,0,0,0,2,0,0,0,0,0,0,0,0,0,0,0,0,0,0,0,0,0,0,0,0,0,0,0,0
2008/2009,sebayeng,polokwane,capricorn,29.69293,-23.78133,0,0,0,0,0,0,0,0,0,0,0,0,6,0,0,0,1,0,0,0,0,0,0,0,0,0,0,0,0,0,0,0
2009/2010,sebayeng,polokwane,capricorn,29.69293,-23.78133,0,0,0,0,0,0,0,0,0,0,0,0,6,0,0,0,1,0,0,0,0,0,0,0,0,0,0,0,0,0,0,0
2010/2011,sebayeng,polokwane,capricorn,29.69293,-23.78133,0,0,0,0,0,0,0,0,0,0,0,0,6,0,0,0,1,0,0,0,0,0,0,0,0,0,0,0,0,0,0,0
2011/2012,sebayeng,polokwane,capricorn,29.69293,-23.78133,0,0,0,0,0,0,0,0,0,0,0,0,6,0,0,0,1,0,0,0,0,0,0,0,0,0,0,0,0,0,0,0
2012/2013,sebayeng,polokwane,capricorn,29.69293,-23.78133,0,0,0,0,0,0,0,0,0,0,0,0,6,0,0,0,1,0,0,0,0,0,0,0,0,0,0,0,0,0,0,0
2013/2014,sebayeng,polokwane,capricorn,29.69293,-23.78133,88,6,116,0,5,0,24,80,2,3,61,21,7,2,22,3,12,59,4,42,14,6,0,29,1,49,0,0,13,1,9,0
2014/2015,sebayeng,polokwane,capricorn,29.69293,-23.78133,137,11,191,4,6,0,34,112,1,7,65,39,6,5,23,0,13,43,6,42,13,2,0,33,3,51,0,0,16,4,19,0
2015/2016,sebayeng,polokwane,capricorn,29.69293,-23.78133,132,5,167,3,6,0,20,123,1,5,76,45,6,6,29,7,13,52,9,34,20,3,0,38,2,42,0,0,27,6,21,0
2016/2017,sebayeng,polokwane,capricorn,29.69293,-23.78133,114,4,161,1,2,0,48,129,4,6,67,27,6,10,61,6,12,61,9,41,19,3,1,44,1,44,0,0,23,1,17,0
2017/2018,sebayeng,polokwane,capricorn,29.69293,-23.78133,85,6,136,4,7,0,44,120,0,4,57,22,6,18,117,4,13,48,7,29,16,7,0,34,4,40,0,0,20,3,20,0
2018/2019,sebayeng,polokwane,capricorn,29.69293,-23.78133,75,7,172,3,2,0,47,93,3,4,38,30,7,37,99,4,13,39,7,41,14,0,0,33,0,44,3,0,31,7,7,0
2019/2020,sebayeng,polokwane,capricorn,29.69293,-23.78133,114,9,203,5,3,0,101,90,3,10,70,30,6,46,12,2,23,64,9,36,23,5,1,56,1,40,9,0,37,3,15,0
2020/2021,sebayeng,polokwane,capricorn,29.69293,-23.78133,113,0,174,5,2,0,48,107,3,11,66,24,6,3,27,3,23,60,3,23,17,12,0,66,3,28,3,0,49,2,17,0
2021/2022,sebayeng,polokwane,capricorn,29.69293,-23.78133,108,7,233,10,4,0,37,131,4,25,98,23,7,13,26,1,25,85,9,48,16,3,0,50,5,58,2,2,43,3,8,1
2022/2023,sebayeng,polokwane,capricorn,29.69293,-23.78133,119,10,221,11,2,0,81,104,2,14,129,34,7,7,61,3,22,98,14,58,15,6,0,72,12,73,6,3,54,5,20,0
2023/2024,sebayeng,capricorn district,capricorn district,29.69293,-23.78133,0,0,0,0,0,0,0,77,0,0,0,0,0,0,0,0,0,0,0,0,0,8,0,0,0,0,0,0,0,5,7,0
2024/2025,sebayeng,capricorn district,capricorn district,29.69293,-23.78133,0,0,0,0,0,0,0,109,0,0,0,0,0,0,0,0,0,0,0,0,0,11,0,0,0,0,0,0,0,2,12,0
2008/2009,sebenza,city of johannesburg,city of johannesburg,28.1819,-26.1325,451,4,37,10,0,0,191,252,52,95,76,13,10,33,15,8,1,85,1,11,53,35,0,224,6,23,0,3,0,226,94,9
2009/2010,sebenza,city of johannesburg,city of johannesburg,28.1819,-26.1325,351,0,40,10,0,0,134,246,69,86,76,28,5,41,11,8,1,81,3,12,24,39,0,220,1,16,0,5,0,200,131,3
2010/2011,sebenza,city of johannesburg,city of johannesburg,28.1819,-26.1325,389,0,24,5,1,1,169,179,78,88,95,23,8,38,30,17,1,89,6,14,26,41,0,245,2,21,0,25,0,113,121,7
2011/2012,sebenza,city of johannesburg,city of johannesburg,28.1819,-26.1325,416,0,28,4,0,0,106,160,36,107,57,27,4,88,52,21,1,81,2,15,16,26,0,153,5,22,1,16,0,96,112,4
2012/2013,sebenza,city of johannesburg,city of johannesburg,28.1819,-26.1325,417,2,25,10,0,0,110,218,17,119,72,18,7,126,88,21,1,65,6,6,17,28,0,134,2,9,0,21,0,85,123,10
2013/2014,sebenza,city of johannesburg,city of johannesburg,28.1819,-26.1325,425,3,24,1,0,0,153,225,16,194,45,16,6,135,152,17,13,51,2,7,24,29,0,128,6,13,0,24,0,83,131,6
2014/2015,sebenza,city of johannesburg,city of johannesburg,28.1819,-26.1325,445,0,12,1,0,0,120,184,30,79,49,10,6,219,200,16,13,35,3,5,23,35,0,155,2,7,0,20,0,138,111,8
2015/2016,sebenza,city of johannesburg,city of johannesburg,28.1819,-26.1325,328,0,15,5,0,0,138,143,17,126,16,8,6,281,251,21,21,16,7,3,35,36,0,143,0,3,0,2,0,98,107,5
2016/2017,sebenza,city of johannesburg,city of johannesburg,28.1819,-26.1325,282,0,20,9,0,0,118,86,32,158,44,10,6,312,280,11,21,9,0,2,36,20,1,154,1,3,0,0,0,107,92,7
2017/2018,sebenza,city of johannesburg,city of johannesburg,28.1819,-26.1325,233,0,16,8,0,0,144,95,45,157,35,2,6,357,178,19,17,7,4,5,49,21,0,183,1,6,0,0,0,78,101,8
2018/2019,sebenza,city of johannesburg,city of johannesburg,28.1819,-26.1325,258,2,19,11,0,0,104,73,32,224,45,10,6,405,50,13,24,23,3,4,39,14,1,149,0,4,1,2,0,92,105,6
2019/2020,sebenza,city of johannesburg,city of johannesburg,28.1819,-26.1325,240,0,19,8,0,0,96,73,46,167,54,25,6,489,13,5,23,14,2,5,49,20,0,227,1,6,0,3,0,83,106,9
2020/2021,sebenza,city of johannesburg,city of johannesburg,28.1819,-26.1325,212,0,18,10,0,0,85,48,55,138,49,15,6,204,16,21,23,16,4,6,51,18,2,210,3,9,0,3,0,45,65,4
2021/2022,sebenza,city of johannesburg,city of johannesburg,28.1819,-26.1325,192,0,21,9,0,0,87,45,63,143,52,43,6,143,19,3,28,21,3,7,39,22,1,215,5,12,0,5,0,50,71,12
2022/2023,sebenza,city of johannesburg,city of johannesburg,28.1819,-26.1325,229,0,15,12,0,0,97,64,45,158,74,25,6,108,8,17,24,32,6,5,45,19,0,182,2,7,0,3,0,56,124,4
2023/2024,sebenza,ekurhuleni district,ekurhuleni district,28.1819,-26.1325,0,0,0,0,0,0,0,62,46,0,0,0,0,0,0,0,0,0,0,0,0,27,0,0,0,0,0,0,0,67,79,0
2024/2025,sebenza,ekurhuleni district,ekurhuleni district,28.1819,-26.1325,0,0,0,0,0,0,0,58,31,0,0,0,0,0,0,0,0,0,0,0,0,17,0,0,0,0,0,0,0,60,95,0
2008/2009,sebokeng,emfuleni,sedibeng,27.84813,-26.60924,442,14,508,42,6,0,110,334,24,71,447,178,19,111,47,30,1,247,39,160,32,27,1,224,9,189,0,73,3,45,73,1
2009/2010,sebokeng,emfuleni,sedibeng,27.84813,-26.60924,412,23,597,38,4,0,126,404,34,88,502,200,16,116,25,21,1,300,36,149,54,21,1,256,14,177,0,155,5,69,129,6
2010/2011,sebokeng,emfuleni,sedibeng,27.84813,-26.60924,499,29,586,35,4,0,129,485,25,86,379,160,19,515,53,30,1,313,50,119,44,26,1,227,12,149,0,114,11,84,128,4
2011/2012,sebokeng,emfuleni,sedibeng,27.84813,-26.60924,419,12,544,28,9,0,125,441,25,75,270,106,5,180,95,23,1,245,38,95,38,41,0,238,5,112,3,155,5,64,154,2
2012/2013,sebokeng,emfuleni,sedibeng,27.84813,-26.60924,478,17,537,42,4,0,101,469,21,150,271,121,9,156,331,17,1,236,40,74,48,40,0,271,4,87,4,132,7,130,127,2
2013/2014,sebokeng,emfuleni,sedibeng,27.84813,-26.60924,493,12,512,47,11,0,126,418,31,109,206,83,6,247,1052,32,38,213,42,81,60,38,1,274,6,98,0,156,10,78,70,1
2014/2015,sebokeng,emfuleni,sedibeng,27.84813,-26.60924,367,8,520,50,5,0,96,382,41,86,176,58,5,255,1135,26,4,188,43,79,95,33,0,312,3,90,1,119,7,111,91,0
2015/2016,sebokeng,emfuleni,sedibeng,27.84813,-26.60924,333,4,502,43,5,0,128,354,33,110,181,78,6,259,1269,17,29,221,44,65,85,45,2,335,4,74,1,166,4,122,102,1
2016/2017,sebokeng,emfuleni,sedibeng,27.84813,-26.60924,339,5,455,36,3,0,142,339,35,105,148,57,5,149,1540,32,27,194,46,78,62,35,1,313,3,87,0,183,8,126,83,2
2017/2018,sebokeng,emfuleni,sedibeng,27.84813,-26.60924,345,2,433,18,1,0,150,322,45,144,207,64,6,217,1924,23,16,184,51,86,66,27,3,304,9,96,0,141,10,133,86,2
2018/2019,sebokeng,emfuleni,sedibeng,27.84813,-26.60924,319,2,399,35,0,0,163,313,44,154,180,58,31,304,932,41,43,165,57,71,62,32,0,322,7,97,0,149,6,108,76,1
2019/2020,sebokeng,emfuleni,sedibeng,27.84813,-26.60924,261,2,379,27,1,0,155,354,49,140,242,66,4,341,242,26,38,199,50,95,51,29,0,268,11,109,0,121,12,102,97,1
2020/2021,sebokeng,emfuleni,sedibeng,27.84813,-26.60924,226,2,397,30,5,0,162,244,62,165,203,48,5,197,321,16,27,175,43,95,51,36,0,279,11,114,2,103,2,95,79,4
2021/2022,sebokeng,emfuleni,sedibeng,27.84813,-26.60924,201,7,481,47,0,0,136,282,77,155,240,42,7,227,374,18,18,188,86,95,59,21,0,303,9,105,0,97,3,55,48,4
2022/2023,sebokeng,emfuleni,sedibeng,27.84813,-26.60924,228,1,470,44,0,1,117,233,87,150,259,39,6,161,443,36,76,189,75,80,72,44,1,351,12,92,0,137,15,39,53,3
2023/2024,sebokeng,sedibeng district,sedibeng district,27.84813,-26.60924,0,0,0,0,0,0,0,192,61,0,0,0,0,0,0,0,0,0,0,0,0,79,0,0,0,0,0,0,0,44,55,0
2024/2025,sebokeng,sedibeng district,sedibeng district,27.84813,-26.60924,0,0,0,0,0,0,0,195,49,0,0,0,0,0,0,0,0,0,0,0,0,61,0,0,0,0,0,0,0,37,47,0
2008/2009,secunda,govan mbeki,gert sibande,29.18622,-26.50187,725,3,73,10,3,1,81,536,3,193,189,70,18,25,38,4,1,175,2,18,14,19,0,90,4,36,0,151,2,165,317,1
2009/2010,secunda,govan mbeki,gert sibande,29.18622,-26.50187,659,3,49,17,2,0,81,495,8,349,234,67,5,14,56,3,1,143,7,19,10,26,0,112,12,36,0,184,0,103,216,0
2010/2011,secunda,govan mbeki,gert sibande,29.18622,-26.50187,514,3,41,8,3,0,49,464,6,337,213,74,9,26,60,0,1,110,4,25,2,31,2,108,5,38,0,214,0,96,217,0
2011/2012,secunda,govan mbeki,gert sibande,29.18622,-26.50187,528,1,35,3,2,0,42,405,1,217,155,60,4,32,67,1,1,107,7,21,1,10,1,86,4,29,0,187,1,161,296,0
2012/2013,secunda,govan mbeki,gert sibande,29.18622,-26.50187,548,0,42,3,2,1,77,471,1,302,165,63,5,37,118,4,1,97,4,14,5,7,0,51,7,26,1,237,1,229,269,0
2013/2014,secunda,govan mbeki,gert sibande,29.18622,-26.50187,534,1,43,7,1,0,80,631,1,281,136,49,8,42,125,5,14,84,3,12,13,11,0,63,15,32,1,198,0,131,293,0
2014/2015,secunda,govan mbeki,gert sibande,29.18622,-26.50187,492,3,47,7,2,0,103,694,6,248,122,64,4,39,134,8,17,55,4,11,13,7,2,89,9,24,2,244,0,71,326,0
2015/2016,secunda,govan mbeki,gert sibande,29.18622,-26.50187,395,1,39,8,1,0,111,633,4,225,131,63,6,39,131,1,12,44,6,3,11,11,0,58,6,10,4,219,0,51,216,2
2016/2017,secunda,govan mbeki,gert sibande,29.18622,-26.50187,382,1,42,3,0,0,98,727,1,252,132,48,5,33,151,1,23,60,2,7,7,6,0,37,8,18,1,207,1,64,193,0
2017/2018,secunda,govan mbeki,gert sibande,29.18622,-26.50187,408,0,28,5,1,0,83,602,4,354,146,47,4,32,161,1,12,57,1,11,7,5,0,43,11,25,1,223,3,97,169,0
2018/2019,secunda,govan mbeki,gert sibande,29.18622,-26.50187,441,1,32,7,2,0,79,561,4,310,148,36,7,49,137,6,23,60,5,13,12,9,0,48,6,22,0,149,1,90,167,1
2019/2020,secunda,govan mbeki,gert sibande,29.18622,-26.50187,412,2,42,1,1,0,80,398,3,242,151,50,5,64,68,1,12,58,2,12,11,10,0,42,11,27,2,198,1,112,133,0
2020/2021,secunda,govan mbeki,gert sibande,29.18622,-26.50187,330,0,27,5,0,0,53,355,6,247,104,26,7,55,51,1,12,29,3,12,9,11,0,48,3,16,0,143,1,33,131,0
2021/2022,secunda,govan mbeki,gert sibande,29.18622,-26.50187,451,0,34,6,0,0,65,401,7,265,123,31,4,65,83,3,23,34,3,9,15,13,0,65,11,22,0,99,3,31,97,1
2022/2023,secunda,govan mbeki,gert sibande,29.18622,-26.50187,600,0,35,4,0,0,61,400,2,335,132,18,7,21,90,13,12,34,7,10,6,5,0,37,10,21,0,127,2,33,104,0
2023/2024,secunda,gert sibande district,gert sibande district,29.18622,-26.50187,0,0,0,0,0,0,0,347,2,0,0,0,0,0,0,0,0,0,0,0,0,5,0,0,0,0,0,0,0,37,211,0
2024/2025,secunda,gert sibande district,gert sibande district,29.18622,-26.50187,0,0,0,0,0,0,0,391,1,0,0,0,0,0,0,0,0,0,0,0,0,12,0,0,0,0,0,0,0,36,171,0
2008/2009,sekgosese,greater letaba,mopani,30.15034,-23.41238,69,4,110,5,2,0,51,47,0,4,53,11,7,0,2,4,1,51,3,26,2,4,0,9,1,30,0,0,2,6,5,0
2009/2010,sekgosese,greater letaba,mopani,30.15034,-23.41238,75,3,115,1,3,0,22,97,0,3,62,19,5,2,6,3,1,38,4,30,4,4,0,14,0,36,0,0,6,3,2,0
2010/2011,sekgosese,greater letaba,mopani,30.15034,-23.41238,41,2,112,2,3,0,22,94,0,9,59,15,7,6,5,0,1,31,4,45,0,3,0,4,0,49,0,0,8,6,4,0
2011/2012,sekgosese,greater letaba,mopani,30.15034,-23.41238,38,5,98,4,4,0,35,81,0,4,48,12,8,0,4,0,1,38,7,25,5,2,0,10,0,33,10,1,6,2,13,0
2012/2013,sekgosese,greater letaba,mopani,30.15034,-23.41238,42,7,120,2,1,0,41,67,0,3,48,13,6,4,44,0,1,37,4,25,11,3,0,14,1,27,17,0,7,0,6,0
2013/2014,sekgosese,greater letaba,mopani,30.15034,-23.41238,38,7,68,4,3,0,33,78,0,1,50,5,6,2,52,0,13,36,5,21,4,4,0,10,0,24,19,2,1,3,2,0
2014/2015,sekgosese,greater letaba,mopani,30.15034,-23.41238,56,2,60,2,1,0,15,47,1,2,35,9,6,1,26,0,21,26,2,20,13,3,0,19,2,23,18,0,3,2,6,0
2015/2016,sekgosese,greater letaba,mopani,30.15034,-23.41238,25,3,67,2,2,0,38,53,1,1,39,18,6,2,29,1,21,43,5,26,7,3,0,16,2,30,4,0,2,1,13,0
2016/2017,sekgosese,greater letaba,mopani,30.15034,-23.41238,54,2,66,5,0,0,40,87,2,2,36,11,6,7,43,1,13,40,5,24,7,4,0,21,4,28,22,0,14,1,8,0
2017/2018,sekgosese,greater letaba,mopani,30.15034,-23.41238,51,3,60,4,1,0,35,53,3,4,41,16,6,4,67,1,12,37,6,28,9,2,0,20,2,31,27,1,5,4,4,0
2018/2019,sekgosese,greater letaba,mopani,30.15034,-23.41238,33,4,68,2,1,0,41,64,0,6,44,6,6,15,48,2,17,40,5,18,8,3,0,13,2,21,37,0,13,3,2,0
2019/2020,sekgosese,greater letaba,mopani,30.15034,-23.41238,57,2,71,4,0,0,43,53,4,10,34,8,6,18,14,3,12,49,3,18,18,2,0,28,2,20,29,1,6,1,1,0
2020/2021,sekgosese,greater letaba,mopani,30.15034,-23.41238,52,1,58,0,1,0,28,42,1,13,38,11,7,28,12,1,21,49,4,20,7,1,0,14,1,23,21,0,9,0,4,0
2021/2022,sekgosese,greater letaba,mopani,30.15034,-23.41238,65,1,63,3,1,0,31,73,1,7,35,4,6,8,19,0,21,53,10,16,10,2,0,18,2,19,22,0,7,1,1,0
2022/2023,sekgosese,greater letaba,mopani,30.15034,-23.41238,102,0,70,0,5,0,31,47,3,13,77,13,6,10,9,7,21,32,3,23,9,6,0,25,1,29,39,5,4,1,1,0
2023/2024,sekgosese,mopani district,mopani district,30.15034,-23.41238,0,0,0,0,0,0,0,33,3,0,0,0,0,0,0,0,0,0,0,0,0,5,0,0,0,0,0,0,0,0,7,0
2024/2025,sekgosese,mopani district,mopani district,30.15034,-23.41238,0,0,0,0,0,0,0,45,2,0,0,0,0,0,0,0,0,0,0,0,0,3,0,0,0,0,0,0,0,6,2,0
2008/2009,sekhukhune,makhuduthamaga,sekhukhune,30.0156,-24.75217,197,11,200,18,7,0,132,127,5,12,111,37,8,29,60,10,1,90,21,39,20,7,0,67,2,52,0,1,35,12,23,0
2009/2010,sekhukhune,makhuduthamaga,sekhukhune,30.0156,-24.75217,192,10,206,25,3,0,127,118,4,16,115,26,9,15,86,10,1,99,13,45,5,8,0,40,10,63,0,1,18,20,17,1
2010/2011,sekhukhune,makhuduthamaga,sekhukhune,30.0156,-24.75217,171,12,178,30,3,0,92,121,8,18,74,21,4,53,138,10,1,73,19,51,13,3,0,54,1,57,0,1,32,15,29,1
2011/2012,sekhukhune,makhuduthamaga,sekhukhune,30.0156,-24.75217,230,11,147,11,8,0,95,78,2,17,68,26,7,40,145,7,1,84,14,36,19,7,1,54,3,48,0,0,31,10,25,0
2012/2013,sekhukhune,makhuduthamaga,sekhukhune,30.0156,-24.75217,159,12,129,8,5,0,107,74,4,14,45,12,6,52,180,5,1,52,3,51,20,1,0,40,5,61,2,1,18,10,8,0
2013/2014,sekhukhune,makhuduthamaga,sekhukhune,30.0156,-24.75217,142,10,128,14,7,0,121,82,3,15,41,22,6,28,251,8,17,57,7,42,27,5,0,60,5,54,6,0,29,6,14,0
2014/2015,sekhukhune,makhuduthamaga,sekhukhune,30.0156,-24.75217,204,6,130,15,2,0,123,70,6,8,56,34,7,38,322,4,13,58,10,39,43,8,0,80,1,43,12,0,34,4,14,0
2015/2016,sekhukhune,makhuduthamaga,sekhukhune,30.0156,-24.75217,189,7,135,15,2,0,141,84,14,18,56,27,6,80,301,12,23,101,10,30,51,9,0,98,2,34,3,0,21,11,27,0
2016/2017,sekhukhune,makhuduthamaga,sekhukhune,30.0156,-24.75217,187,3,147,15,3,0,114,79,13,16,48,23,4,120,338,16,17,92,5,30,35,10,0,85,1,36,0,1,25,31,23,1
2017/2018,sekhukhune,makhuduthamaga,sekhukhune,30.0156,-24.75217,165,4,108,12,3,0,100,61,5,11,52,21,6,150,450,17,14,75,7,38,31,5,0,64,2,43,2,1,31,24,23,0
2018/2019,sekhukhune,makhuduthamaga,sekhukhune,30.0156,-24.75217,168,8,104,12,3,0,112,107,8,15,34,29,6,179,262,15,17,65,9,25,31,3,0,59,1,29,1,0,50,14,34,0
2019/2020,sekhukhune,makhuduthamaga,sekhukhune,30.0156,-24.75217,168,5,103,8,6,0,100,77,6,18,40,19,6,186,60,11,14,64,10,38,26,10,0,58,4,48,1,0,33,4,21,0
2020/2021,sekhukhune,makhuduthamaga,sekhukhune,30.0156,-24.75217,132,1,83,11,1,0,62,110,4,23,39,12,6,109,74,13,22,64,12,47,23,2,0,52,2,50,5,4,34,3,10,0
2021/2022,sekhukhune,makhuduthamaga,sekhukhune,30.0156,-24.75217,102,7,88,19,5,0,51,92,7,34,37,25,6,127,101,7,25,74,10,52,20,9,0,61,3,60,3,7,53,3,17,1
2022/2023,sekhukhune,makhuduthamaga,sekhukhune,30.0156,-24.75217,220,4,132,20,4,0,77,56,10,41,52,21,6,15,139,12,25,99,13,37,18,15,1,72,0,41,0,13,35,15,14,0
2023/2024,sekhukhune,sekhukhune district,sekhukhune district,30.0156,-24.75217,0,0,0,0,0,0,0,56,9,0,0,0,0,0,0,0,0,0,0,0,0,9,0,0,0,0,0,0,0,9,11,0
2024/2025,sekhukhune,sekhukhune district,sekhukhune district,30.0156,-24.75217,0,0,0,0,0,0,0,50,4,0,0,0,0,0,0,0,0,0,0,0,0,14,0,0,0,0,0,0,0,3,9,0
2008/2009,selosesha,mangaung,mangaung,26.81939,-29.19424,415,4,413,13,10,0,107,401,1,9,255,69,18,16,115,9,1,220,11,97,29,15,0,100,9,127,0,2,149,7,22,1
2009/2010,selosesha,mangaung,mangaung,26.81939,-29.19424,218,2,460,18,7,0,90,402,4,2,302,48,3,13,222,6,1,182,20,83,32,12,0,129,8,111,0,0,113,6,30,0
2010/2011,selosesha,mangaung,mangaung,26.81939,-29.19424,145,9,370,11,7,0,92,339,0,8,310,51,10,18,189,5,1,177,17,130,29,20,0,116,11,154,0,0,120,17,42,0
2011/2012,selosesha,mangaung,mangaung,26.81939,-29.19424,193,6,356,15,7,0,81,370,5,11,258,36,5,17,218,6,1,198,18,102,45,15,0,131,15,127,0,0,113,17,30,0
2012/2013,selosesha,mangaung,mangaung,26.81939,-29.19424,208,6,439,14,9,0,63,401,7,9,323,33,4,22,162,7,1,217,23,80,31,20,0,114,10,101,1,0,97,11,36,0
2013/2014,selosesha,mangaung,mangaung,26.81939,-29.19424,145,5,363,13,10,0,70,263,1,19,243,30,4,18,160,4,23,143,15,87,51,14,0,124,7,106,1,0,81,6,28,1
2014/2015,selosesha,mangaung,mangaung,26.81939,-29.19424,132,6,365,10,6,0,84,261,1,11,200,35,7,12,132,0,21,141,16,75,20,8,0,82,6,88,0,0,99,5,18,1
2015/2016,selosesha,mangaung,mangaung,26.81939,-29.19424,170,3,291,16,12,0,70,211,4,9,143,29,6,39,155,3,23,124,19,71,25,16,0,80,7,90,0,0,79,6,37,2
2016/2017,selosesha,mangaung,mangaung,26.81939,-29.19424,155,3,299,15,3,0,76,260,3,13,153,17,6,12,119,12,21,98,21,67,38,15,0,104,10,80,0,0,141,7,50,1
2017/2018,selosesha,mangaung,mangaung,26.81939,-29.19424,134,4,253,10,4,0,74,277,0,20,175,24,6,36,157,7,12,109,16,81,17,11,0,92,14,99,0,1,172,2,47,0
2018/2019,selosesha,mangaung,mangaung,26.81939,-29.19424,138,4,280,14,3,0,64,214,1,15,220,26,6,34,111,2,21,119,25,48,9,11,0,87,10,61,0,1,159,3,25,1
2019/2020,selosesha,mangaung,mangaung,26.81939,-29.19424,145,2,265,13,5,0,62,190,1,18,261,23,6,62,27,4,2,113,25,72,7,7,0,63,13,90,0,0,146,10,43,1
2020/2021,selosesha,mangaung,mangaung,26.81939,-29.19424,135,2,258,14,2,0,64,129,0,38,240,15,7,19,10,6,14,129,22,49,21,10,0,78,10,62,0,0,123,2,28,0
2021/2022,selosesha,mangaung,mangaung,26.81939,-29.19424,150,0,274,12,3,0,50,155,4,40,268,30,6,35,38,9,23,131,21,61,19,12,0,67,18,82,0,1,180,5,15,0
2022/2023,selosesha,mangaung,mangaung,26.81939,-29.19424,138,1,368,16,8,0,61,109,2,54,265,16,6,30,43,15,12,131,14,73,11,8,0,58,13,94,0,0,114,5,11,0
2023/2024,selosesha,mangaung district,mangaung district,26.81939,-29.19424,0,0,0,0,0,0,0,97,1,0,0,0,0,0,0,0,0,0,0,0,0,6,0,0,0,0,0,0,0,5,19,0
2024/2025,selosesha,mangaung district,mangaung district,26.81939,-29.19424,0,0,0,0,0,0,0,116,3,0,0,0,0,0,0,0,0,0,0,0,0,9,0,0,0,0,0,0,0,4,26,0
2008/2009,senekal,setsoto,thabo mofutsanyane,27.6226,-28.3212,150,1,126,1,0,0,56,122,0,20,138,14,7,11,31,3,1,81,4,9,3,2,0,5,4,14,0,32,37,8,10,0
2009/2010,senekal,setsoto,thabo mofutsanyane,27.6226,-28.3212,145,0,103,3,0,0,73,106,0,23,138,14,5,7,55,0,1,65,7,9,6,1,0,17,2,14,0,18,58,11,19,3
2010/2011,senekal,setsoto,thabo mofutsanyane,27.6226,-28.3212,138,0,82,3,0,0,48,87,1,22,120,13,7,11,74,1,1,58,7,18,7,1,0,12,2,21,0,23,40,10,17,0
2011/2012,senekal,setsoto,thabo mofutsanyane,27.6226,-28.3212,151,0,64,1,1,0,46,79,0,42,127,9,6,23,79,0,1,46,6,19,6,2,0,12,3,23,0,8,59,9,22,0
2012/2013,senekal,setsoto,thabo mofutsanyane,27.6226,-28.3212,171,3,90,2,5,0,75,80,1,60,126,9,7,37,107,1,1,69,5,27,7,2,0,12,3,36,0,15,66,15,21,0
2013/2014,senekal,setsoto,thabo mofutsanyane,27.6226,-28.3212,156,2,116,8,1,0,46,110,0,51,141,10,6,45,109,3,21,54,10,20,12,6,0,22,9,30,0,11,68,9,29,0
2014/2015,senekal,setsoto,thabo mofutsanyane,27.6226,-28.3212,177,0,80,4,2,0,42,87,2,36,109,12,7,26,172,0,13,49,3,33,5,3,0,26,8,44,0,14,61,4,17,0
2015/2016,senekal,setsoto,thabo mofutsanyane,27.6226,-28.3212,157,2,134,3,0,0,53,110,3,56,120,12,4,25,99,1,12,78,8,30,7,2,0,18,3,35,0,11,61,7,21,0
2016/2017,senekal,setsoto,thabo mofutsanyane,27.6226,-28.3212,127,1,86,4,0,0,62,100,1,28,98,18,6,24,110,0,21,62,7,32,8,0,0,25,2,34,1,15,51,8,24,3
2017/2018,senekal,setsoto,thabo mofutsanyane,27.6226,-28.3212,91,0,89,2,1,0,66,86,1,22,70,10,6,27,79,1,13,54,6,14,8,7,0,27,6,21,1,9,60,11,8,1
2018/2019,senekal,setsoto,thabo mofutsanyane,27.6226,-28.3212,98,2,117,4,0,0,52,78,0,31,75,11,6,12,47,3,13,54,8,17,9,12,0,24,8,25,0,4,49,11,16,0
2019/2020,senekal,setsoto,thabo mofutsanyane,27.6226,-28.3212,111,2,100,4,0,0,58,72,3,22,56,16,6,20,18,12,12,38,5,33,4,5,0,24,4,37,0,16,57,3,15,1
2020/2021,senekal,setsoto,thabo mofutsanyane,27.6226,-28.3212,66,2,86,2,1,0,52,63,0,32,48,8,6,22,16,4,21,37,6,25,3,2,0,5,5,31,2,10,57,11,15,0
2021/2022,senekal,setsoto,thabo mofutsanyane,27.6226,-28.3212,86,3,108,2,1,0,34,60,1,35,55,4,6,29,39,2,21,44,5,29,4,1,0,13,2,32,4,3,48,3,14,0
2022/2023,senekal,setsoto,thabo mofutsanyane,27.6226,-28.3212,117,0,101,2,0,0,61,89,0,42,93,8,4,14,29,1,13,60,7,21,11,3,0,21,4,27,0,12,44,0,13,1
2023/2024,senekal,thabo mofutsanyana district,thabo mofutsanyana district,27.6226,-28.3212,0,0,0,0,0,0,0,117,0,0,0,0,0,0,0,0,0,0,0,0,0,2,0,0,0,0,0,0,0,3,18,0
2024/2025,senekal,thabo mofutsanyana district,thabo mofutsanyana district,27.6226,-28.3212,0,0,0,0,0,0,0,97,0,0,0,0,0,0,0,0,0,0,0,0,0,2,0,0,0,0,0,0,0,1,34,0
2008/2009,senwabarwana,blouberg,capricorn,29.13931,-23.28572,95,2,110,2,7,0,68,93,0,19,35,27,7,13,40,1,1,37,9,35,6,3,0,15,2,45,0,55,9,4,1,0
2009/2010,senwabarwana,blouberg,capricorn,29.13931,-23.28572,64,4,137,4,3,0,77,70,3,28,39,23,19,43,47,2,1,23,5,41,11,4,0,30,1,59,0,53,13,2,6,0
2010/2011,senwabarwana,blouberg,capricorn,29.13931,-23.28572,54,1,125,4,9,0,67,89,0,21,42,16,4,23,89,5,1,42,8,39,23,3,0,30,6,56,0,20,34,6,6,0
2011/2012,senwabarwana,blouberg,capricorn,29.13931,-23.28572,81,6,152,1,6,0,87,97,1,22,43,31,5,14,74,3,1,42,4,42,17,14,0,38,6,57,0,25,26,2,16,0
2012/2013,senwabarwana,blouberg,capricorn,29.13931,-23.28572,56,6,126,4,6,0,70,78,0,17,38,21,7,19,77,9,1,42,12,50,14,5,0,25,4,61,0,29,20,4,11,0
2013/2014,senwabarwana,blouberg,capricorn,29.13931,-23.28572,127,3,104,4,4,0,78,100,3,37,43,26,7,19,122,4,12,47,5,40,20,3,0,35,2,47,0,31,48,3,23,0
2014/2015,senwabarwana,blouberg,capricorn,29.13931,-23.28572,110,5,135,4,7,0,75,95,2,26,46,42,6,37,133,3,12,50,10,35,22,12,0,46,0,42,0,54,37,7,28,0
2015/2016,senwabarwana,blouberg,capricorn,29.13931,-23.28572,157,8,154,7,3,0,90,128,1,42,58,28,5,35,155,2,14,58,13,37,13,10,0,34,0,43,0,96,36,12,34,0
2016/2017,senwabarwana,blouberg,capricorn,29.13931,-23.28572,292,5,131,5,7,0,61,183,4,49,40,41,6,25,188,5,21,78,7,40,18,10,0,49,1,48,0,105,37,5,27,0
2017/2018,senwabarwana,blouberg,capricorn,29.13931,-23.28572,207,5,130,5,4,0,74,114,3,58,58,25,6,27,178,1,12,73,19,42,20,8,0,53,1,47,0,77,84,7,28,0
2018/2019,senwabarwana,blouberg,capricorn,29.13931,-23.28572,219,4,141,8,1,0,105,108,5,77,49,39,7,34,80,6,21,95,13,48,53,18,0,107,4,54,0,67,54,6,27,0
2019/2020,senwabarwana,blouberg,capricorn,29.13931,-23.28572,102,3,118,10,2,0,100,119,1,87,62,36,7,47,3,6,23,96,17,44,22,6,0,52,4,51,0,62,42,6,17,0
2020/2021,senwabarwana,blouberg,capricorn,29.13931,-23.28572,80,4,118,6,4,0,61,126,1,90,58,32,7,26,40,7,14,67,10,43,16,10,0,49,4,52,0,41,22,6,11,0
2021/2022,senwabarwana,blouberg,capricorn,29.13931,-23.28572,102,7,160,14,3,0,49,146,2,95,86,44,6,34,39,4,21,95,23,52,16,10,0,49,5,60,0,40,44,2,15,0
2022/2023,senwabarwana,blouberg,capricorn,29.13931,-23.28572,77,3,163,5,7,0,72,86,1,106,76,26,4,14,113,8,14,84,13,72,19,14,0,61,2,83,0,48,58,1,11,0
2023/2024,senwabarwana,capricorn district,capricorn district,29.13931,-23.28572,0,0,0,0,0,0,0,132,8,0,0,0,0,0,0,0,0,0,0,0,0,11,0,0,0,0,0,0,0,4,10,0
2024/2025,senwabarwana,capricorn district,capricorn district,29.13931,-23.28572,0,0,0,0,0,0,0,105,1,0,0,0,0,0,0,0,0,0,0,0,0,9,0,0,0,0,0,0,0,1,17,0
2008/2009,seshego,polokwane,capricorn,29.38227,-23.85429,354,13,454,31,15,0,154,535,18,62,192,188,18,138,188,20,1,198,36,177,14,21,2,112,21,224,0,28,18,33,94,1
2009/2010,seshego,polokwane,capricorn,29.38227,-23.85429,296,20,564,23,8,0,216,622,16,63,183,226,12,166,283,13,1,238,55,228,29,53,0,138,24,267,0,17,25,16,139,1
2010/2011,seshego,polokwane,capricorn,29.38227,-23.85429,654,16,659,28,7,0,219,730,9,64,266,286,9,213,135,10,1,273,37,199,43,29,0,130,23,234,0,14,32,33,132,0
2011/2012,seshego,polokwane,capricorn,29.38227,-23.85429,1303,28,843,32,13,0,298,853,17,40,392,405,9,222,136,20,1,379,51,212,70,47,1,174,20,250,1,14,31,30,179,0
2012/2013,seshego,polokwane,capricorn,29.38227,-23.85429,790,18,720,47,9,0,232,908,23,50,439,383,5,169,248,27,1,357,41,222,55,43,0,207,31,265,1,10,41,44,222,0
2013/2014,seshego,polokwane,capricorn,29.38227,-23.85429,1022,7,566,24,10,0,226,921,21,47,460,280,9,177,269,15,3,347,51,171,36,51,0,378,30,216,0,48,32,24,255,0
2014/2015,seshego,polokwane,capricorn,29.38227,-23.85429,1437,19,645,30,22,0,205,968,7,50,426,286,8,223,349,15,37,384,48,174,45,50,0,413,14,214,0,86,47,29,220,0
2015/2016,seshego,polokwane,capricorn,29.38227,-23.85429,1391,28,745,32,13,0,225,1158,12,73,471,264,4,267,396,18,38,341,51,166,44,57,0,380,19,200,0,128,65,31,257,0
2016/2017,seshego,polokwane,capricorn,29.38227,-23.85429,1836,19,747,45,10,0,164,1124,8,115,477,241,10,161,540,21,15,321,47,144,34,57,0,393,18,178,0,141,78,31,249,0
2017/2018,seshego,polokwane,capricorn,29.38227,-23.85429,1094,10,760,27,7,0,260,1012,24,102,495,232,8,158,682,25,43,389,61,151,84,86,2,429,28,190,0,143,46,34,201,0
2018/2019,seshego,polokwane,capricorn,29.38227,-23.85429,702,14,677,36,13,0,213,941,12,131,496,182,4,220,477,35,16,353,57,159,103,43,0,429,17,191,14,137,72,25,219,0
2019/2020,seshego,polokwane,capricorn,29.38227,-23.85429,526,24,632,27,14,0,216,995,15,144,446,185,4,283,111,28,27,314,62,147,101,104,0,461,21,184,0,168,60,44,237,0
2020/2021,seshego,polokwane,capricorn,29.38227,-23.85429,485,18,590,26,14,0,230,712,16,158,480,141,4,116,150,15,28,356,52,151,72,69,0,345,23,190,0,71,59,29,153,0
2021/2022,seshego,polokwane,capricorn,29.38227,-23.85429,476,9,652,42,12,0,159,641,11,163,557,168,6,105,182,10,36,348,55,171,71,71,0,359,21,204,1,78,41,62,139,2
2022/2023,seshego,polokwane,capricorn,29.38227,-23.85429,607,19,734,50,10,0,160,655,12,161,700,211,7,55,232,27,38,384,53,190,76,52,0,425,25,226,0,100,55,45,172,0
2023/2024,seshego,capricorn district,capricorn district,29.38227,-23.85429,0,0,0,0,0,0,0,622,15,0,0,0,0,0,0,0,0,0,0,0,0,59,0,0,0,0,0,0,0,31,145,0
2024/2025,seshego,capricorn district,capricorn district,29.38227,-23.85429,0,0,0,0,0,0,0,646,5,0,0,0,0,0,0,0,0,0,0,0,0,50,0,0,0,0,0,0,0,44,165,0
2008/2009,setlagole,ratlou,ngaka modiri molema,25.11376,-26.27157,60,3,56,4,7,0,23,57,0,4,37,4,6,3,18,0,1,23,6,18,4,3,0,9,0,25,0,0,23,3,1,0
2009/2010,setlagole,ratlou,ngaka modiri molema,25.11376,-26.27157,43,1,59,4,3,0,34,56,0,2,12,6,6,3,19,0,1,22,3,32,7,4,0,13,0,35,0,0,30,0,5,0
2010/2011,setlagole,ratlou,ngaka modiri molema,25.11376,-26.27157,41,2,55,3,7,0,23,68,0,1,18,6,4,3,11,0,1,18,3,30,6,4,0,12,4,43,0,1,32,1,10,0
2011/2012,setlagole,ratlou,ngaka modiri molema,25.11376,-26.27157,47,0,54,3,2,0,33,61,1,5,16,13,6,3,4,0,1,22,2,28,24,1,0,27,1,31,0,0,38,5,11,0
2012/2013,setlagole,ratlou,ngaka modiri molema,25.11376,-26.27157,74,0,88,0,4,0,28,61,0,3,23,19,7,3,2,1,1,26,1,48,8,1,0,13,5,58,0,0,35,5,11,0
2013/2014,setlagole,ratlou,ngaka modiri molema,25.11376,-26.27157,52,7,60,1,3,0,19,40,0,4,38,5,7,2,1,1,21,26,5,35,15,1,0,18,2,41,0,0,40,0,5,0
2014/2015,setlagole,ratlou,ngaka modiri molema,25.11376,-26.27157,52,1,92,2,0,0,29,82,1,4,39,12,6,1,12,1,23,38,3,49,17,3,0,24,4,53,0,1,37,2,4,0
2015/2016,setlagole,ratlou,ngaka modiri molema,25.11376,-26.27157,63,2,124,3,1,0,64,63,1,5,44,16,7,0,14,2,14,47,8,47,29,6,1,46,2,51,0,0,63,4,10,0
2016/2017,setlagole,ratlou,ngaka modiri molema,25.11376,-26.27157,102,0,117,4,1,0,28,101,0,7,49,11,7,2,17,4,17,45,3,51,13,8,0,31,3,56,0,0,70,8,6,0
2017/2018,setlagole,ratlou,ngaka modiri molema,25.11376,-26.27157,58,1,132,2,4,0,38,74,5,3,48,13,6,1,15,2,23,45,5,38,16,3,0,42,1,43,0,3,68,4,8,0
2018/2019,setlagole,ratlou,ngaka modiri molema,25.11376,-26.27157,55,2,91,4,1,0,47,58,8,3,52,9,7,1,15,3,14,43,9,49,13,2,0,52,1,52,0,0,87,5,17,1
2019/2020,setlagole,ratlou,ngaka modiri molema,25.11376,-26.27157,82,0,98,10,4,0,53,48,4,6,51,13,6,1,1,0,23,27,4,48,7,9,0,36,3,55,0,1,67,3,7,1
2020/2021,setlagole,ratlou,ngaka modiri molema,25.11376,-26.27157,57,2,90,4,0,0,20,44,1,5,44,9,7,2,2,6,21,27,8,33,11,6,0,26,5,39,0,0,48,1,8,0
2021/2022,setlagole,ratlou,ngaka modiri molema,25.11376,-26.27157,51,5,94,4,1,0,37,35,2,6,45,10,6,6,9,2,23,17,9,33,6,4,0,18,1,35,0,0,48,1,7,0
2022/2023,setlagole,ratlou,ngaka modiri molema,25.11376,-26.27157,49,2,92,1,3,0,27,41,1,7,32,6,6,0,7,4,21,19,5,35,16,6,0,30,0,38,0,0,72,3,5,0
2023/2024,setlagole,ngaka modiri molema district,ngaka modiri molema district,25.11376,-26.27157,0,0,0,0,0,0,0,52,2,0,0,0,0,0,0,0,0,0,0,0,0,4,0,0,0,0,0,0,0,1,7,0
2024/2025,setlagole,ngaka modiri molema district,ngaka modiri molema district,25.11376,-26.27157,0,0,0,0,0,0,0,41,1,0,0,0,0,0,0,0,0,0,0,0,0,3,0,0,0,0,0,0,0,2,8,0
2008/2009,seven fountains,makana,sarah baartman,26.3261,-33.44057,21,0,23,1,1,0,1,15,0,3,12,0,6,4,1,0,1,5,1,5,1,0,0,1,0,6,0,0,7,2,2,0
2009/2010,seven fountains,makana,sarah baartman,26.3261,-33.44057,16,0,14,0,1,0,0,8,1,0,6,0,6,3,0,0,1,3,0,4,0,1,0,4,0,5,0,0,27,0,1,0
2010/2011,seven fountains,makana,sarah baartman,26.3261,-33.44057,22,0,14,0,0,0,1,14,0,2,2,0,6,5,0,0,1,9,1,1,0,0,0,1,1,2,0,0,10,0,0,0
2011/2012,seven fountains,makana,sarah baartman,26.3261,-33.44057,16,1,9,0,0,0,4,10,0,1,3,0,6,3,0,0,1,5,0,3,0,0,0,2,1,4,0,0,8,0,3,0
2012/2013,seven fountains,makana,sarah baartman,26.3261,-33.44057,15,0,13,0,0,0,1,12,0,1,2,0,6,1,1,0,1,3,1,4,0,0,0,0,0,4,0,0,19,0,0,0
2013/2014,seven fountains,makana,sarah baartman,26.3261,-33.44057,14,1,13,0,1,0,1,8,0,0,3,0,7,2,2,0,13,2,1,1,0,0,0,0,0,3,0,0,20,0,1,0
2014/2015,seven fountains,makana,sarah baartman,26.3261,-33.44057,8,1,10,0,0,0,3,16,0,0,5,0,7,0,1,0,13,1,0,2,0,1,0,3,0,3,0,0,7,0,1,1
2015/2016,seven fountains,makana,sarah baartman,26.3261,-33.44057,7,0,12,1,0,0,1,10,0,2,5,0,6,7,1,0,13,2,1,0,0,1,0,1,0,0,0,0,10,1,0,0
2016/2017,seven fountains,makana,sarah baartman,26.3261,-33.44057,10,0,12,0,0,0,0,7,0,1,4,0,6,2,4,0,13,3,1,1,0,0,0,2,1,2,0,0,7,0,-1,1
2017/2018,seven fountains,makana,sarah baartman,26.3261,-33.44057,7,0,8,0,0,0,3,3,0,0,6,0,6,0,2,0,13,5,0,1,0,1,0,1,1,2,0,0,3,0,0,0
2018/2019,seven fountains,makana,sarah baartman,26.3261,-33.44057,7,0,13,0,0,0,1,9,0,2,5,0,6,1,3,7,13,1,0,0,0,0,0,0,0,0,0,0,8,0,0,0
2019/2020,seven fountains,makana,sarah baartman,26.3261,-33.44057,2,0,7,0,0,0,0,8,0,1,3,0,6,1,2,0,13,4,3,1,0,1,0,1,0,1,0,0,4,0,2,0
2020/2021,seven fountains,makana,sarah baartman,26.3261,-33.44057,7,0,7,0,0,0,1,2,0,1,7,0,6,1,4,0,13,4,1,2,0,0,0,1,1,3,0,0,10,0,1,1
2021/2022,seven fountains,makana,sarah baartman,26.3261,-33.44057,5,1,7,3,0,0,0,10,0,1,5,0,6,1,2,0,12,11,0,2,0,0,0,5,0,2,0,0,4,0,1,3
2022/2023,seven fountains,makana,sarah baartman,26.3261,-33.44057,14,0,5,1,0,0,1,12,0,1,12,0,6,0,6,0,13,3,0,3,0,0,0,0,2,5,0,0,1,0,2,0
2023/2024,seven fountains,sarah baartman district,sarah baartman district,26.3261,-33.44057,0,0,0,0,0,0,0,4,0,0,0,0,0,0,0,0,0,0,0,0,0,0,0,0,0,0,0,0,0,0,0,0
2024/2025,seven fountains,sarah baartman district,sarah baartman district,26.3261,-33.44057,0,0,0,0,0,0,0,4,0,0,0,0,0,0,0,0,0,0,0,0,0,1,0,0,0,0,0,0,0,0,0,0
2008/2009,severn,joe morolong,john taolo gaetsewe,22.85903,-26.58681,10,0,5,1,0,0,0,5,0,1,3,0,6,0,0,0,1,0,0,0,0,0,0,0,0,0,0,0,16,1,1,0
2009/2010,severn,joe morolong,john taolo gaetsewe,22.85903,-26.58681,4,0,1,1,0,0,0,4,0,0,1,0,6,0,0,0,1,1,0,1,0,0,0,0,0,1,0,0,12,0,0,0
2010/2011,severn,joe morolong,john taolo gaetsewe,22.85903,-26.58681,3,0,4,0,0,0,0,0,0,0,0,0,6,0,0,0,1,0,0,1,0,0,0,0,0,1,0,0,7,0,1,0
2011/2012,severn,joe morolong,john taolo gaetsewe,22.85903,-26.58681,13,1,3,3,0,0,3,10,0,0,0,1,6,0,2,1,1,0,0,1,0,1,0,1,0,1,0,0,22,0,0,0
2012/2013,severn,joe morolong,john taolo gaetsewe,22.85903,-26.58681,19,0,4,0,0,0,0,4,0,0,0,0,6,1,1,0,1,2,0,0,0,0,0,0,0,0,0,0,27,0,0,0
2013/2014,severn,joe morolong,john taolo gaetsewe,22.85903,-26.58681,10,1,2,1,0,0,2,5,0,0,0,0,6,0,1,1,13,1,2,2,0,0,0,0,0,2,0,0,18,0,0,0
2014/2015,severn,joe morolong,john taolo gaetsewe,22.85903,-26.58681,15,0,11,0,1,0,1,3,0,0,2,0,6,0,1,0,12,3,2,1,1,0,0,1,0,2,0,0,20,0,0,0
2015/2016,severn,joe morolong,john taolo gaetsewe,22.85903,-26.58681,23,0,22,0,2,0,5,6,0,0,9,1,6,0,0,0,13,3,1,3,2,1,0,3,0,5,0,0,8,0,0,0
2016/2017,severn,joe morolong,john taolo gaetsewe,22.85903,-26.58681,17,2,21,1,2,0,10,8,0,0,4,0,6,0,0,0,13,5,0,2,2,0,0,3,0,4,0,0,22,0,0,0
2017/2018,severn,joe morolong,john taolo gaetsewe,22.85903,-26.58681,18,0,21,1,0,0,3,7,0,0,0,2,6,0,2,1,13,0,0,3,0,1,0,1,0,3,0,0,23,1,1,0
2018/2019,severn,joe morolong,john taolo gaetsewe,22.85903,-26.58681,9,0,6,0,0,0,2,1,0,0,1,0,6,0,1,0,13,1,1,1,3,0,0,4,0,1,0,0,21,1,0,0
2019/2020,severn,joe morolong,john taolo gaetsewe,22.85903,-26.58681,8,0,13,0,0,0,7,11,0,0,2,0,6,0,1,0,13,5,0,2,0,0,0,0,0,2,0,0,26,0,0,0
2020/2021,severn,joe morolong,john taolo gaetsewe,22.85903,-26.58681,4,0,8,1,2,0,2,8,0,0,4,0,6,0,1,3,13,8,0,1,0,1,0,1,0,3,0,0,10,0,1,0
2021/2022,severn,joe morolong,john taolo gaetsewe,22.85903,-26.58681,6,1,6,0,0,0,1,4,0,3,1,0,6,0,1,0,13,1,1,10,0,0,0,0,0,10,0,0,21,0,0,0
2022/2023,severn,joe morolong,john taolo gaetsewe,22.85903,-26.58681,2,0,3,1,1,0,11,6,0,1,1,0,6,0,0,0,13,2,0,2,0,0,0,0,0,3,0,0,15,0,0,0
2023/2024,severn,john taolo gaetsewe district,john taolo gaetsewe district,22.85903,-26.58681,0,0,0,0,0,0,0,3,0,0,0,0,0,0,0,0,0,0,0,0,0,1,0,0,0,0,0,0,0,0,0,0
2024/2025,severn,john taolo gaetsewe district,john taolo gaetsewe district,22.85903,-26.58681,0,0,0,0,0,0,0,2,0,0,0,0,0,0,0,0,0,0,0,0,0,0,0,0,0,0,0,0,0,0,0,0
2008/2009,seymour,raymond mhlaba,amathole,26.76792,-32.55177,22,3,31,2,2,0,0,37,0,3,15,3,7,0,2,0,1,7,0,7,2,1,0,4,0,10,0,0,16,0,0,0
2009/2010,seymour,raymond mhlaba,amathole,26.76792,-32.55177,15,3,45,2,1,0,0,32,0,0,9,1,6,4,7,0,1,10,3,6,0,4,0,5,0,7,0,0,46,3,1,0
2010/2011,seymour,raymond mhlaba,amathole,26.76792,-32.55177,12,7,38,2,1,0,2,31,0,1,7,4,4,0,14,0,1,10,0,7,1,1,0,3,0,10,0,1,38,2,4,0
2011/2012,seymour,raymond mhlaba,amathole,26.76792,-32.55177,20,2,45,1,1,0,0,33,1,2,7,3,6,3,11,2,1,4,1,8,1,1,0,7,0,9,0,1,25,0,2,0
2012/2013,seymour,raymond mhlaba,amathole,26.76792,-32.55177,17,3,39,4,1,0,1,53,0,0,12,2,6,1,5,4,1,21,2,9,0,0,0,1,1,11,0,0,38,2,11,0
2013/2014,seymour,raymond mhlaba,amathole,26.76792,-32.55177,22,2,50,6,1,0,1,35,0,2,12,0,7,2,5,3,12,17,1,16,0,0,0,1,2,20,0,0,33,0,2,0
2014/2015,seymour,raymond mhlaba,amathole,26.76792,-32.55177,20,1,33,4,1,0,1,45,0,0,10,2,6,0,9,1,13,14,1,3,1,3,0,4,1,5,0,0,36,0,2,0
2015/2016,seymour,raymond mhlaba,amathole,26.76792,-32.55177,11,1,35,0,4,0,0,30,0,0,6,1,6,1,5,0,13,12,5,7,1,5,0,6,1,12,0,0,29,1,1,0
2016/2017,seymour,raymond mhlaba,amathole,26.76792,-32.55177,17,2,30,1,0,0,4,22,0,0,8,1,6,1,1,1,13,13,2,3,1,2,0,3,0,3,0,0,22,0,3,0
2017/2018,seymour,raymond mhlaba,amathole,26.76792,-32.55177,17,0,42,1,0,0,6,26,1,1,6,1,6,1,7,1,13,13,0,10,4,0,0,5,1,11,0,0,31,0,5,0
2018/2019,seymour,raymond mhlaba,amathole,26.76792,-32.55177,14,1,50,1,4,0,5,24,0,1,3,0,6,0,6,1,12,8,2,6,1,2,0,7,3,13,1,0,32,0,0,0
2019/2020,seymour,raymond mhlaba,amathole,26.76792,-32.55177,16,3,45,0,0,0,11,26,0,0,19,1,6,3,7,2,12,11,8,7,4,3,0,7,0,7,0,0,39,0,2,0
2020/2021,seymour,raymond mhlaba,amathole,26.76792,-32.55177,20,4,45,0,0,0,5,20,0,3,6,0,6,1,2,0,13,15,4,6,1,2,0,6,0,6,0,0,17,0,7,0
2021/2022,seymour,raymond mhlaba,amathole,26.76792,-32.55177,18,0,29,0,0,0,13,18,0,0,2,2,6,0,2,2,12,18,3,7,0,1,0,2,0,7,0,0,28,1,2,1
2022/2023,seymour,raymond mhlaba,amathole,26.76792,-32.55177,15,1,34,2,2,0,4,20,0,0,8,1,6,0,2,0,13,8,1,7,1,0,0,4,2,11,0,0,22,0,1,1
2023/2024,seymour,amathole district,amathole district,26.76792,-32.55177,0,0,0,0,0,0,0,20,0,0,0,0,0,0,0,0,0,0,0,0,0,1,0,0,0,0,0,0,0,0,1,0
2024/2025,seymour,amathole district,amathole district,26.76792,-32.55177,0,0,0,0,0,0,0,20,0,0,0,0,0,0,0,0,0,0,0,0,0,0,0,0,0,0,0,0,0,0,2,0
2008/2009,sharpeville,emfuleni,sedibeng,27.87801,-26.68133,216,14,381,15,4,0,47,154,9,10,116,73,10,12,143,15,1,117,22,83,15,12,0,117,2,95,0,8,8,16,21,0
2009/2010,sharpeville,emfuleni,sedibeng,27.87801,-26.68133,163,12,322,12,4,0,60,161,11,23,179,56,10,27,159,12,1,134,15,78,18,7,0,88,1,89,0,12,2,36,37,0
2010/2011,sharpeville,emfuleni,sedibeng,27.87801,-26.68133,179,16,302,9,2,0,80,212,3,48,150,37,8,36,148,11,1,120,17,65,18,4,0,57,10,81,0,23,5,26,34,0
2011/2012,sharpeville,emfuleni,sedibeng,27.87801,-26.68133,173,4,275,10,3,0,98,233,5,65,129,34,7,47,163,8,1,98,17,34,16,6,0,55,2,40,0,12,4,17,48,1
2012/2013,sharpeville,emfuleni,sedibeng,27.87801,-26.68133,131,9,252,4,5,0,51,260,4,119,94,29,7,79,557,6,1,85,11,32,7,5,0,46,0,38,0,41,11,15,75,0
2013/2014,sharpeville,emfuleni,sedibeng,27.87801,-26.68133,138,5,210,2,3,0,44,201,7,28,70,24,6,80,869,7,21,115,9,36,5,1,1,36,2,41,0,54,9,21,113,0
2014/2015,sharpeville,emfuleni,sedibeng,27.87801,-26.68133,138,1,175,6,1,0,28,134,3,22,86,15,7,97,996,6,14,104,14,19,9,4,0,39,2,23,0,47,3,20,68,0
2015/2016,sharpeville,emfuleni,sedibeng,27.87801,-26.68133,115,3,187,6,0,0,40,124,10,29,58,23,7,78,885,11,21,88,20,13,11,6,0,55,2,16,0,52,2,36,72,0
2016/2017,sharpeville,emfuleni,sedibeng,27.87801,-26.68133,121,6,204,12,1,0,37,142,18,21,71,25,6,114,1137,12,14,92,12,19,11,1,0,59,0,20,0,73,9,45,59,0
2017/2018,sharpeville,emfuleni,sedibeng,27.87801,-26.68133,125,0,171,8,1,0,51,199,15,15,78,14,7,167,1151,7,21,81,12,28,37,7,1,100,2,32,1,56,4,45,67,0
2018/2019,sharpeville,emfuleni,sedibeng,27.87801,-26.68133,96,0,159,8,0,0,46,143,5,13,54,13,7,184,720,7,14,70,21,25,28,15,0,82,3,29,0,90,6,41,66,0
2019/2020,sharpeville,emfuleni,sedibeng,27.87801,-26.68133,98,1,143,8,0,0,81,153,11,31,48,14,6,200,352,10,14,51,23,17,22,14,0,92,2,19,1,81,5,38,53,0
2020/2021,sharpeville,emfuleni,sedibeng,27.87801,-26.68133,105,1,133,9,1,0,63,78,8,28,67,7,6,108,170,18,17,66,16,24,21,8,0,64,2,27,0,104,1,29,54,0
2021/2022,sharpeville,emfuleni,sedibeng,27.87801,-26.68133,107,3,200,16,3,0,42,79,14,35,98,11,6,163,269,6,25,77,21,30,11,9,0,73,4,37,1,71,2,16,49,0
2022/2023,sharpeville,emfuleni,sedibeng,27.87801,-26.68133,123,0,234,14,0,0,54,65,20,49,139,18,6,113,432,21,15,87,19,36,16,11,0,81,3,39,0,98,3,23,43,1
2023/2024,sharpeville,sedibeng district,sedibeng district,27.87801,-26.68133,0,0,0,0,0,0,0,73,18,0,0,0,0,0,0,0,0,0,0,0,0,12,0,0,0,0,0,0,0,18,29,0
2024/2025,sharpeville,sedibeng district,sedibeng district,27.87801,-26.68133,0,0,0,0,0,0,0,70,10,0,0,0,0,0,0,0,0,0,0,0,0,11,0,0,0,0,0,0,0,8,30,0
2008/2009,sheepmoor,msukaligwa,gert sibande,30.29458,-26.71503,41,1,23,3,3,0,5,19,2,3,12,1,6,6,17,1,1,8,2,8,0,0,0,3,0,11,0,0,61,0,7,0
2009/2010,sheepmoor,msukaligwa,gert sibande,30.29458,-26.71503,29,0,27,2,0,0,7,29,0,2,11,4,6,1,12,0,1,15,2,6,0,2,0,4,0,6,0,0,87,3,7,0
2010/2011,sheepmoor,msukaligwa,gert sibande,30.29458,-26.71503,36,0,11,3,0,0,9,25,0,3,7,0,6,0,9,1,1,5,0,8,1,3,0,7,0,8,0,0,56,6,13,0
2011/2012,sheepmoor,msukaligwa,gert sibande,30.29458,-26.71503,58,2,19,1,0,0,9,16,0,7,15,1,4,4,15,0,1,5,2,5,1,2,0,5,0,7,0,0,44,3,5,0
2012/2013,sheepmoor,msukaligwa,gert sibande,30.29458,-26.71503,36,0,26,1,0,0,7,23,0,7,8,6,6,4,11,5,1,10,0,7,0,0,0,0,0,7,0,0,38,2,3,0
2013/2014,sheepmoor,msukaligwa,gert sibande,30.29458,-26.71503,38,0,19,4,0,0,2,22,0,0,11,1,7,1,11,1,13,9,3,7,1,0,0,6,1,9,0,0,21,1,1,1
2014/2015,sheepmoor,msukaligwa,gert sibande,30.29458,-26.71503,24,0,30,1,1,0,8,23,0,1,14,1,7,4,8,0,13,7,1,7,2,6,0,12,1,10,0,0,40,2,6,0
2015/2016,sheepmoor,msukaligwa,gert sibande,30.29458,-26.71503,20,0,19,3,0,0,4,20,0,0,7,0,6,2,14,0,13,14,1,7,4,3,0,9,0,7,0,0,35,1,3,1
2016/2017,sheepmoor,msukaligwa,gert sibande,30.29458,-26.71503,19,0,9,2,0,0,13,23,1,1,2,1,4,3,22,1,13,5,2,6,2,3,0,9,1,9,0,0,62,0,5,0
2017/2018,sheepmoor,msukaligwa,gert sibande,30.29458,-26.71503,13,2,21,4,0,0,4,23,0,0,9,1,6,6,26,0,13,11,4,1,2,1,0,7,0,1,0,0,45,1,9,0
2018/2019,sheepmoor,msukaligwa,gert sibande,30.29458,-26.71503,19,0,22,0,0,0,10,29,0,0,13,0,6,7,17,0,12,3,1,5,2,1,0,4,1,6,0,0,54,2,9,0
2019/2020,sheepmoor,msukaligwa,gert sibande,30.29458,-26.71503,28,1,21,3,0,0,12,14,1,1,14,3,6,4,9,0,12,11,3,4,4,0,0,10,0,4,0,0,39,0,6,1
2020/2021,sheepmoor,msukaligwa,gert sibande,30.29458,-26.71503,17,0,35,0,0,0,11,19,0,4,16,3,6,2,19,2,13,5,0,7,4,0,0,9,0,7,0,0,49,0,5,1
2021/2022,sheepmoor,msukaligwa,gert sibande,30.29458,-26.71503,14,2,28,2,0,0,6,15,0,6,13,3,6,1,11,0,12,14,3,7,2,0,0,6,2,9,0,0,29,1,6,0
2022/2023,sheepmoor,msukaligwa,gert sibande,30.29458,-26.71503,9,3,23,1,0,0,6,12,0,7,14,5,6,4,18,0,14,6,3,6,2,2,0,6,0,6,0,0,31,0,8,0
2023/2024,sheepmoor,gert sibande district,gert sibande district,30.29458,-26.71503,0,0,0,0,0,0,0,16,0,0,0,0,0,0,0,0,0,0,0,0,0,1,0,0,0,0,0,0,0,1,6,0
2024/2025,sheepmoor,gert sibande district,gert sibande district,30.29458,-26.71503,0,0,0,0,0,0,0,9,0,0,0,0,0,0,0,0,0,0,0,0,0,0,0,0,0,0,0,0,0,1,7,0
2008/2009,siloam,thulamela,vhembe,30.18623,-22.89731,111,6,203,5,5,0,105,143,0,4,78,37,7,8,57,0,1,57,6,31,8,2,0,18,1,38,0,0,3,1,21,0
2009/2010,siloam,thulamela,vhembe,30.18623,-22.89731,111,6,196,9,7,0,83,185,0,3,91,38,5,9,77,3,1,82,4,45,5,10,0,21,2,57,0,2,4,2,25,0
2010/2011,siloam,thulamela,vhembe,30.18623,-22.89731,97,9,196,6,3,0,78,131,0,11,115,27,10,4,96,1,1,61,8,35,4,0,0,10,0,44,0,2,3,1,34,0
2011/2012,siloam,thulamela,vhembe,30.18623,-22.89731,92,5,215,3,1,0,71,182,2,9,100,26,8,8,118,1,1,82,9,38,18,1,0,26,0,43,2,1,2,3,18,0
2012/2013,siloam,thulamela,vhembe,30.18623,-22.89731,92,5,213,5,11,0,67,168,1,9,124,24,8,11,171,1,1,96,7,39,31,6,0,62,0,54,3,2,12,4,16,0
2013/2014,siloam,thulamela,vhembe,30.18623,-22.89731,79,3,152,28,6,0,59,140,0,5,120,17,7,10,220,2,12,82,8,38,29,6,0,58,0,45,16,1,6,1,15,0
2014/2015,siloam,thulamela,vhembe,30.18623,-22.89731,67,6,185,20,4,0,80,196,0,7,88,19,8,6,224,1,21,80,3,44,15,3,0,46,1,53,68,2,4,7,22,0
2015/2016,siloam,thulamela,vhembe,30.18623,-22.89731,67,5,220,14,3,0,80,175,2,7,119,37,6,15,76,0,12,88,9,43,33,12,0,86,2,48,78,1,10,5,35,0
2016/2017,siloam,thulamela,vhembe,30.18623,-22.89731,72,5,176,18,7,0,115,141,3,8,109,25,9,20,96,1,23,65,7,38,5,17,0,61,0,50,66,0,15,5,27,0
2017/2018,siloam,thulamela,vhembe,30.18623,-22.89731,57,4,131,14,4,0,74,98,4,16,66,16,7,36,133,2,21,59,10,28,6,11,0,41,2,35,9,0,10,2,18,0
2018/2019,siloam,thulamela,vhembe,30.18623,-22.89731,41,6,123,12,2,0,59,76,2,11,59,16,7,49,43,1,13,46,7,32,4,10,0,50,1,36,26,0,16,0,26,0
2019/2020,siloam,thulamela,vhembe,30.18623,-22.89731,35,1,123,16,8,0,58,93,1,10,81,15,6,68,0,1,13,38,7,30,14,8,0,44,4,42,65,1,10,3,6,0
2020/2021,siloam,thulamela,vhembe,30.18623,-22.89731,31,3,114,15,6,0,51,42,5,17,80,20,6,47,4,0,14,58,5,33,2,11,0,38,2,41,22,1,11,2,14,0
2021/2022,siloam,thulamela,vhembe,30.18623,-22.89731,68,4,194,23,3,0,60,92,1,32,247,29,6,31,9,0,17,102,11,43,9,9,0,52,1,47,14,8,16,5,9,0
2022/2023,siloam,thulamela,vhembe,30.18623,-22.89731,103,5,171,16,4,0,56,100,3,40,274,45,7,11,9,5,23,114,9,49,7,5,1,44,8,62,12,11,17,1,9,0
2023/2024,siloam,vhembe district,vhembe district,30.18623,-22.89731,0,0,0,0,0,0,0,79,1,0,0,0,0,0,0,0,0,0,0,0,0,2,0,0,0,0,0,0,0,2,12,0
2024/2025,siloam,vhembe district,vhembe district,30.18623,-22.89731,0,0,0,0,0,0,0,83,2,0,0,0,0,0,0,0,0,0,0,0,0,1,0,0,0,0,0,0,0,1,12,0
2008/2009,silverton,city of tshwane,city of tshwane,28.29632,-25.73355,1564,8,326,45,4,0,279,1008,73,223,424,121,15,70,52,24,1,428,11,79,71,91,0,463,13,113,0,99,1,475,854,8
2009/2010,silverton,city of tshwane,city of tshwane,28.29632,-25.73355,1379,8,314,36,1,0,278,858,45,364,401,132,22,52,90,23,1,421,25,59,82,80,0,440,5,85,0,156,2,421,869,6
2010/2011,silverton,city of tshwane,city of tshwane,28.29632,-25.73355,1432,5,312,37,3,0,210,787,28,285,343,83,33,59,120,27,1,386,17,66,51,61,3,317,7,91,0,133,1,290,772,4
2011/2012,silverton,city of tshwane,city of tshwane,28.29632,-25.73355,987,8,231,26,2,0,242,651,19,271,230,75,18,58,112,14,1,317,13,53,52,27,0,253,7,73,3,123,0,277,551,2
2012/2013,silverton,city of tshwane,city of tshwane,28.29632,-25.73355,1154,9,184,24,3,0,204,770,25,253,232,82,10,58,176,30,1,339,15,39,32,30,0,220,8,56,0,196,0,281,697,5
2013/2014,silverton,city of tshwane,city of tshwane,28.29632,-25.73355,1114,4,167,30,2,0,225,674,27,268,233,59,8,61,397,23,21,258,19,49,51,40,1,274,6,61,1,146,0,258,645,4
2014/2015,silverton,city of tshwane,city of tshwane,28.29632,-25.73355,1226,2,170,34,2,0,222,759,57,228,212,92,5,74,384,27,2,218,21,40,68,42,0,401,7,52,9,176,0,215,787,5
2015/2016,silverton,city of tshwane,city of tshwane,28.29632,-25.73355,1002,3,92,28,0,0,188,668,43,193,160,64,4,85,411,25,23,110,11,31,38,44,0,293,8,41,0,167,1,132,509,5
2016/2017,silverton,city of tshwane,city of tshwane,28.29632,-25.73355,1064,2,91,26,1,0,171,750,74,240,184,41,5,76,507,18,25,149,16,41,57,57,0,398,8,53,1,140,0,199,491,7
2017/2018,silverton,city of tshwane,city of tshwane,28.29632,-25.73355,961,4,154,19,2,1,195,482,90,251,241,63,8,93,522,26,14,149,9,46,62,58,0,399,7,59,0,119,0,245,548,5
2018/2019,silverton,city of tshwane,city of tshwane,28.29632,-25.73355,815,3,138,21,0,0,236,467,64,309,282,77,5,109,487,25,22,130,19,39,60,71,5,355,12,54,0,128,0,231,471,6
2019/2020,silverton,city of tshwane,city of tshwane,28.29632,-25.73355,747,2,138,24,0,0,155,479,75,374,361,68,7,114,501,22,2,157,11,39,55,46,3,427,13,53,1,97,0,282,530,8
2020/2021,silverton,city of tshwane,city of tshwane,28.29632,-25.73355,812,1,128,25,1,0,143,302,121,398,353,85,8,68,237,24,17,188,13,36,74,42,0,478,10,51,3,122,0,285,381,7
2021/2022,silverton,city of tshwane,city of tshwane,28.29632,-25.73355,899,1,146,46,4,0,150,322,151,480,460,94,7,117,294,18,44,229,21,61,99,62,3,564,12,78,3,95,0,271,352,4
2022/2023,silverton,city of tshwane,city of tshwane,28.29632,-25.73355,921,4,124,40,2,0,165,324,111,609,508,124,7,48,239,19,72,230,25,66,65,36,2,537,16,85,0,69,2,253,367,12
2023/2024,silverton,tshwane district,tshwane district,28.29632,-25.73355,0,0,0,0,0,0,0,288,97,0,0,0,0,0,0,0,0,0,0,0,0,63,0,0,0,0,0,0,0,170,369,0
2024/2025,silverton,tshwane district,tshwane district,28.29632,-25.73355,0,0,0,0,0,0,0,276,123,0,0,0,0,0,0,0,0,0,0,0,0,107,0,0,0,0,0,0,0,159,330,0
2008/2009,simon's town,city of cape town,city of cape town,18.43659,-34.19313,201,0,21,1,1,0,16,199,0,34,48,9,7,35,13,0,1,35,0,5,0,3,0,3,0,7,0,2,0,26,121,0
2009/2010,simon's town,city of cape town,city of cape town,18.43659,-34.19313,178,1,16,2,0,0,12,235,3,22,52,8,7,42,13,0,1,27,1,7,1,1,0,8,1,9,0,2,0,28,141,0
2010/2011,simon's town,city of cape town,city of cape town,18.43659,-34.19313,188,1,19,0,2,0,8,304,0,21,38,2,8,40,8,2,1,30,0,4,1,3,0,9,1,11,0,4,0,25,111,0
2011/2012,simon's town,city of cape town,city of cape town,18.43659,-34.19313,185,1,30,0,2,0,4,212,0,15,34,2,6,37,28,1,1,23,1,5,0,3,0,5,3,10,0,1,0,20,128,0
2012/2013,simon's town,city of cape town,city of cape town,18.43659,-34.19313,198,1,42,1,2,0,14,199,1,25,35,6,6,37,31,3,1,29,0,7,0,7,0,14,1,10,0,2,0,18,119,0
2013/2014,simon's town,city of cape town,city of cape town,18.43659,-34.19313,189,2,28,2,1,0,15,247,0,43,36,8,6,35,34,3,13,21,0,5,2,9,0,16,0,6,1,0,0,26,121,0
2014/2015,simon's town,city of cape town,city of cape town,18.43659,-34.19313,161,0,47,1,0,0,14,242,0,20,44,17,7,36,77,3,13,28,1,8,0,4,0,10,2,11,0,0,0,28,137,0
2015/2016,simon's town,city of cape town,city of cape town,18.43659,-34.19313,174,1,33,3,1,0,35,253,3,22,38,5,6,31,83,5,21,32,1,3,1,3,0,16,0,4,3,1,0,19,141,0
2016/2017,simon's town,city of cape town,city of cape town,18.43659,-34.19313,169,0,40,2,3,0,36,196,1,16,50,6,6,24,48,3,14,31,0,5,2,9,0,26,5,13,2,0,0,28,80,0
2017/2018,simon's town,city of cape town,city of cape town,18.43659,-34.19313,149,1,25,2,1,0,29,178,0,24,55,10,6,23,21,1,13,25,2,2,0,12,0,30,1,4,0,2,0,43,112,0
2018/2019,simon's town,city of cape town,city of cape town,18.43659,-34.19313,156,0,22,5,0,0,40,292,2,38,53,7,6,30,34,1,21,40,2,1,2,9,0,35,2,3,0,5,1,34,105,0
2019/2020,simon's town,city of cape town,city of cape town,18.43659,-34.19313,128,0,21,6,0,0,23,160,1,41,53,12,4,15,5,0,21,34,1,3,5,6,0,24,5,10,0,4,0,24,76,0
2020/2021,simon's town,city of cape town,city of cape town,18.43659,-34.19313,73,0,31,0,2,0,16,126,1,34,32,8,6,3,9,2,12,21,0,5,1,7,0,20,3,10,0,4,0,8,76,0
2021/2022,simon's town,city of cape town,city of cape town,18.43659,-34.19313,106,0,17,2,2,0,8,59,1,67,47,3,4,4,5,3,14,23,1,5,5,5,0,19,3,12,0,6,0,10,42,0
2022/2023,simon's town,city of cape town,city of cape town,18.43659,-34.19313,132,0,17,3,1,0,7,81,0,60,37,2,6,10,6,0,13,26,0,4,3,3,0,14,2,7,0,2,0,15,47,0
2023/2024,simon's town,city of cape town district,city of cape town district,18.43659,-34.19313,0,0,0,0,0,0,0,100,1,0,0,0,0,0,0,0,0,0,0,0,0,2,0,0,0,0,0,0,0,25,53,0
2024/2025,simon's town,city of cape town district,city of cape town district,18.43659,-34.19313,0,0,0,0,0,0,0,108,0,0,0,0,0,0,0,0,0,0,0,0,0,1,0,0,0,0,0,0,0,14,56,0
2008/2009,sinoville,city of tshwane,city of tshwane,28.22617,-25.67601,1058,10,113,23,3,0,104,578,14,388,355,64,38,52,74,11,1,247,4,22,26,90,0,218,12,61,0,395,6,456,348,7
2009/2010,sinoville,city of tshwane,city of tshwane,28.22617,-25.67601,1092,5,124,22,3,0,100,817,11,395,348,55,32,50,52,9,1,310,7,38,34,35,0,155,11,64,0,437,0,444,353,2
2010/2011,sinoville,city of tshwane,city of tshwane,28.22617,-25.67601,1028,4,111,18,1,0,83,824,11,393,334,65,17,86,45,4,1,316,9,24,14,61,0,168,13,47,0,346,0,359,389,5
2011/2012,sinoville,city of tshwane,city of tshwane,28.22617,-25.67601,996,2,96,9,4,0,87,625,3,348,267,51,9,88,54,12,1,296,6,18,4,32,0,96,13,40,2,309,2,385,440,7
2012/2013,sinoville,city of tshwane,city of tshwane,28.22617,-25.67601,1019,2,74,9,0,0,103,735,7,310,227,48,17,95,110,8,1,259,6,9,16,38,0,112,9,27,0,306,2,312,370,6
2013/2014,sinoville,city of tshwane,city of tshwane,28.22617,-25.67601,1031,2,50,7,1,0,84,445,10,316,260,52,11,82,177,18,12,243,2,13,10,35,0,131,7,29,4,329,0,282,316,5
2014/2015,sinoville,city of tshwane,city of tshwane,28.22617,-25.67601,1092,2,41,15,2,0,90,407,13,301,271,49,8,113,171,10,14,242,5,12,23,36,0,155,8,26,4,337,3,244,312,9
2015/2016,sinoville,city of tshwane,city of tshwane,28.22617,-25.67601,863,4,56,8,1,0,56,418,8,314,234,45,8,143,175,4,14,241,3,10,24,28,0,139,17,32,2,329,2,323,280,4
2016/2017,sinoville,city of tshwane,city of tshwane,28.22617,-25.67601,880,0,41,12,0,0,75,509,12,300,244,46,7,162,201,13,12,253,2,11,25,16,0,129,9,21,0,296,8,367,296,7
2017/2018,sinoville,city of tshwane,city of tshwane,28.22617,-25.67601,884,0,34,4,0,0,114,462,22,283,190,40,7,188,244,32,12,185,4,14,27,32,0,161,10,25,1,269,2,390,369,11
2018/2019,sinoville,city of tshwane,city of tshwane,28.22617,-25.67601,818,0,32,8,0,0,144,442,16,432,257,38,6,211,127,6,14,190,2,16,34,43,0,206,11,27,2,247,3,392,361,11
2019/2020,sinoville,city of tshwane,city of tshwane,28.22617,-25.67601,730,0,44,10,0,0,110,475,18,406,244,46,16,176,181,12,17,176,3,20,22,48,1,164,20,50,3,232,2,361,352,11
2020/2021,sinoville,city of tshwane,city of tshwane,28.22617,-25.67601,651,0,22,6,0,0,74,270,22,464,186,37,10,44,88,7,23,114,4,16,23,41,1,141,13,35,1,293,0,366,245,11
2021/2022,sinoville,city of tshwane,city of tshwane,28.22617,-25.67601,719,0,32,11,0,0,85,389,26,582,249,54,8,73,210,20,2,122,4,25,21,29,0,157,17,46,1,211,2,334,233,18
2022/2023,sinoville,city of tshwane,city of tshwane,28.22617,-25.67601,764,0,27,14,0,0,71,269,19,663,260,60,4,61,177,7,30,140,7,12,35,16,1,184,15,29,0,190,0,380,227,11
2023/2024,sinoville,tshwane district,tshwane district,28.22617,-25.67601,0,0,0,0,0,0,0,263,12,0,0,0,0,0,0,0,0,0,0,0,0,21,0,0,0,0,0,0,0,455,222,0
2024/2025,sinoville,tshwane district,tshwane district,28.22617,-25.67601,0,0,0,0,0,0,0,251,14,0,0,0,0,0,0,0,0,0,0,0,0,32,0,0,0,0,0,0,0,316,255,0
2008/2009,siyabuswa,dr js moroka,nkangala,29.05024,-25.11259,493,10,562,56,15,1,150,286,50,37,288,122,19,4,20,18,1,224,32,165,19,26,0,276,4,198,0,52,100,33,48,2
2009/2010,siyabuswa,dr js moroka,nkangala,29.05024,-25.11259,408,6,375,34,6,0,160,266,22,32,223,89,3,10,47,38,1,175,29,110,10,15,0,150,4,133,0,15,119,47,55,0
2010/2011,siyabuswa,dr js moroka,nkangala,29.05024,-25.11259,245,2,270,14,8,0,104,266,13,27,173,54,17,99,56,21,1,117,12,84,19,17,0,92,4,105,0,11,75,47,64,1
2011/2012,siyabuswa,dr js moroka,nkangala,29.05024,-25.11259,758,5,315,19,5,0,157,271,14,29,147,68,8,34,70,21,1,118,26,94,24,21,0,123,5,108,0,12,94,36,65,0
2012/2013,siyabuswa,dr js moroka,nkangala,29.05024,-25.11259,1374,5,330,10,10,0,166,283,12,51,195,80,10,43,168,26,1,142,15,118,46,28,0,147,10,144,0,36,73,21,53,0
2013/2014,siyabuswa,dr js moroka,nkangala,29.05024,-25.11259,600,3,251,21,7,0,124,281,17,60,111,61,7,34,230,45,21,88,19,98,31,20,0,136,3,109,1,50,106,38,69,1
2014/2015,siyabuswa,dr js moroka,nkangala,29.05024,-25.11259,425,1,274,22,3,0,128,356,17,69,142,38,12,12,271,24,25,86,14,83,36,15,0,133,6,99,1,63,48,27,75,2
2015/2016,siyabuswa,dr js moroka,nkangala,29.05024,-25.11259,417,1,282,20,8,0,127,334,20,55,175,60,8,42,226,22,25,92,21,72,30,15,0,131,6,90,0,107,57,35,73,0
2016/2017,siyabuswa,dr js moroka,nkangala,29.05024,-25.11259,349,5,309,30,4,0,142,337,39,70,215,73,8,66,234,25,2,121,17,68,33,19,1,160,8,84,1,137,91,18,60,0
2017/2018,siyabuswa,dr js moroka,nkangala,29.05024,-25.11259,364,2,263,26,3,0,152,322,35,58,151,41,5,76,245,42,2,128,18,77,24,15,2,138,3,86,0,142,94,20,58,0
2018/2019,siyabuswa,dr js moroka,nkangala,29.05024,-25.11259,340,5,295,13,4,0,110,304,17,158,193,53,8,27,135,32,22,123,10,60,27,25,0,116,8,76,0,115,124,34,81,0
2019/2020,siyabuswa,dr js moroka,nkangala,29.05024,-25.11259,278,4,307,29,3,0,139,367,17,62,217,55,6,32,153,19,25,140,12,67,41,17,2,159,5,75,0,86,150,23,65,0
2020/2021,siyabuswa,dr js moroka,nkangala,29.05024,-25.11259,290,3,281,14,5,0,100,289,22,58,228,38,4,9,107,20,43,107,20,51,46,36,0,156,1,59,0,55,101,25,72,0
2021/2022,siyabuswa,dr js moroka,nkangala,29.05024,-25.11259,221,2,275,29,4,0,111,183,39,91,184,44,7,10,92,13,42,144,18,53,41,14,0,171,5,63,0,69,164,33,29,1
2022/2023,siyabuswa,dr js moroka,nkangala,29.05024,-25.11259,248,4,268,31,7,0,99,275,24,96,211,62,6,4,91,18,8,133,22,61,53,32,1,201,9,77,0,107,133,30,29,3
2023/2024,siyabuswa,nkangala district,nkangala district,29.05024,-25.11259,0,0,0,0,0,0,0,217,41,0,0,0,0,0,0,0,0,0,0,0,0,47,0,0,0,0,0,0,0,29,32,0
2024/2025,siyabuswa,nkangala district,nkangala district,29.05024,-25.11259,0,0,0,0,0,0,0,203,44,0,0,0,0,0,0,0,0,0,0,0,0,51,0,0,0,0,0,0,0,21,42,0
2023/2024,siyathemba,john taolo gaetsewe district,john taolo gaetsewe district,,,0,0,0,0,0,0,0,9,0,0,0,0,0,0,0,0,0,0,0,0,0,1,0,0,0,0,0,0,0,2,9,0
2024/2025,siyathemba,john taolo gaetsewe district,john taolo gaetsewe district,,,0,0,0,0,0,0,0,3,0,0,0,0,0,0,0,0,0,0,0,0,0,0,0,0,0,0,0,0,0,0,3,0
2008/2009,skukuza,bushbuckridge,ehlanzeni,31.59017,-24.99523,76,0,13,1,0,0,10,14,0,11,6,1,6,0,2,3,1,3,0,1,0,0,0,3,1,2,0,6,0,2,2,0
2009/2010,skukuza,bushbuckridge,ehlanzeni,31.59017,-24.99523,53,0,10,1,2,0,7,10,0,8,5,1,4,0,4,5,1,2,0,1,0,1,0,3,0,5,0,2,0,1,2,0
2010/2011,skukuza,bushbuckridge,ehlanzeni,31.59017,-24.99523,59,0,4,11,0,0,13,4,0,7,14,0,7,5,1,21,1,0,6,1,0,0,0,1,0,2,0,0,0,1,4,0
2011/2012,skukuza,bushbuckridge,ehlanzeni,31.59017,-24.99523,35,1,5,2,0,0,3,8,0,9,8,0,6,0,2,31,1,3,0,0,2,0,0,2,0,0,0,3,0,1,2,0
2012/2013,skukuza,bushbuckridge,ehlanzeni,31.59017,-24.99523,44,0,6,11,0,0,2,11,0,3,6,0,6,3,1,47,1,6,0,0,0,0,0,1,1,1,0,1,0,0,5,0
2013/2014,skukuza,bushbuckridge,ehlanzeni,31.59017,-24.99523,37,0,8,6,1,0,6,12,0,7,11,0,6,3,4,67,13,6,2,0,0,0,0,0,0,1,0,5,0,0,4,0
2014/2015,skukuza,bushbuckridge,ehlanzeni,31.59017,-24.99523,41,0,9,5,2,0,0,5,0,2,15,0,6,4,2,126,13,0,5,0,0,1,0,1,2,4,0,2,0,2,7,0
2015/2016,skukuza,bushbuckridge,ehlanzeni,31.59017,-24.99523,38,1,8,4,0,0,2,15,0,4,4,0,6,3,5,143,12,4,0,0,1,0,0,2,0,0,1,2,0,1,4,0
2016/2017,skukuza,bushbuckridge,ehlanzeni,31.59017,-24.99523,35,0,3,13,0,0,0,6,0,4,5,0,6,0,3,189,12,2,23,0,1,0,0,1,1,1,0,2,0,0,4,0
2017/2018,skukuza,bushbuckridge,ehlanzeni,31.59017,-24.99523,36,0,3,5,0,0,2,5,0,13,8,0,6,5,3,128,13,2,19,0,0,0,0,0,1,1,0,1,0,1,3,0
2018/2019,skukuza,bushbuckridge,ehlanzeni,31.59017,-24.99523,29,0,2,7,0,0,4,1,0,5,8,0,6,3,0,147,13,2,11,0,0,0,0,0,1,1,0,0,0,0,3,0
2019/2020,skukuza,bushbuckridge,ehlanzeni,31.59017,-24.99523,32,0,4,2,0,0,2,1,0,5,4,0,6,1,1,85,13,1,3,0,0,0,0,0,2,2,0,0,0,1,2,0
2020/2021,skukuza,bushbuckridge,ehlanzeni,31.59017,-24.99523,13,0,2,0,1,0,3,8,0,4,2,0,6,0,2,33,13,1,0,0,0,0,0,0,1,2,0,2,0,0,0,0
2021/2022,skukuza,bushbuckridge,ehlanzeni,31.59017,-24.99523,29,0,2,0,0,0,3,4,0,8,3,0,6,0,0,46,13,3,0,0,0,0,0,0,2,2,0,0,0,1,1,0
2022/2023,skukuza,bushbuckridge,ehlanzeni,31.59017,-24.99523,27,0,2,1,0,0,3,2,0,9,7,0,6,0,1,19,13,3,1,3,0,0,0,0,0,3,0,0,0,0,1,0
2023/2024,skukuza,ehlanzeni district,ehlanzeni district,31.59017,-24.99523,0,0,0,0,0,0,0,3,0,0,0,0,0,0,0,0,0,0,0,0,0,0,0,0,0,0,0,0,0,0,0,0
2024/2025,skukuza,ehlanzeni district,ehlanzeni district,31.59017,-24.99523,0,0,0,0,0,0,0,2,0,0,0,0,0,0,0,0,0,0,0,0,0,0,0,0,0,0,0,0,0,0,4,0
2008/2009,smithfield,mohokare,xhariep,26.53167,-30.20976,41,2,73,1,1,0,13,60,0,7,81,5,7,1,7,0,1,32,1,8,0,0,0,1,0,10,0,2,59,1,6,0
2009/2010,smithfield,mohokare,xhariep,26.53167,-30.20976,37,0,61,2,0,0,15,62,0,2,69,2,6,2,13,0,1,17,3,11,0,0,0,2,2,13,0,4,79,2,2,0
2010/2011,smithfield,mohokare,xhariep,26.53167,-30.20976,40,0,68,3,2,0,13,36,0,3,86,3,6,2,1,0,1,25,2,9,0,2,0,3,2,13,0,1,50,2,4,0
2011/2012,smithfield,mohokare,xhariep,26.53167,-30.20976,50,1,63,0,1,0,6,41,0,9,101,2,5,1,8,0,1,38,3,10,5,2,0,7,3,17,1,3,52,7,5,0
2012/2013,smithfield,mohokare,xhariep,26.53167,-30.20976,41,0,107,0,6,0,7,44,1,2,86,3,4,3,7,1,1,23,1,9,2,0,0,7,1,18,0,2,46,3,5,0
2013/2014,smithfield,mohokare,xhariep,26.53167,-30.20976,39,0,102,0,2,0,11,54,0,6,87,5,6,4,18,1,13,37,2,7,4,2,0,7,2,11,0,2,46,4,2,0
2014/2015,smithfield,mohokare,xhariep,26.53167,-30.20976,29,0,49,0,0,0,15,28,0,2,63,0,7,5,16,0,12,22,3,9,3,0,0,3,1,11,0,1,26,0,6,0
2015/2016,smithfield,mohokare,xhariep,26.53167,-30.20976,24,0,67,1,0,0,11,44,1,5,46,1,7,6,15,1,12,19,0,9,1,0,0,3,1,11,1,2,27,0,9,0
2016/2017,smithfield,mohokare,xhariep,26.53167,-30.20976,22,0,45,0,1,0,8,29,0,2,56,0,4,2,10,2,13,11,5,7,3,0,0,3,4,14,0,3,32,0,6,0
2017/2018,smithfield,mohokare,xhariep,26.53167,-30.20976,26,0,50,0,2,0,15,16,0,3,37,2,6,3,16,1,13,7,4,8,1,0,0,1,0,10,0,2,24,2,1,0
2018/2019,smithfield,mohokare,xhariep,26.53167,-30.20976,23,0,55,2,0,0,15,29,0,7,31,0,7,1,11,0,13,12,2,4,1,0,0,2,1,6,1,1,28,3,2,0
2019/2020,smithfield,mohokare,xhariep,26.53167,-30.20976,24,0,50,0,0,0,8,20,0,8,54,2,6,1,4,0,13,16,2,5,1,0,0,4,2,7,0,0,25,3,1,0
2020/2021,smithfield,mohokare,xhariep,26.53167,-30.20976,25,0,50,0,1,0,4,19,0,10,48,2,6,0,3,0,13,18,3,10,1,1,0,2,0,11,0,1,39,0,3,0
2021/2022,smithfield,mohokare,xhariep,26.53167,-30.20976,18,2,58,0,0,0,7,17,0,12,61,3,7,0,9,2,13,18,1,5,3,1,0,4,3,9,0,2,44,0,0,0
2022/2023,smithfield,mohokare,xhariep,26.53167,-30.20976,22,0,49,1,1,0,16,28,0,6,59,2,6,1,13,2,12,21,0,2,1,2,0,8,0,3,0,3,45,0,4,1
2023/2024,smithfield,xhariep district,xhariep district,26.53167,-30.20976,0,0,0,0,0,0,0,32,0,0,0,0,0,0,0,0,0,0,0,0,0,1,0,0,0,0,0,0,0,2,4,0
2024/2025,smithfield,xhariep district,xhariep district,26.53167,-30.20976,0,0,0,0,0,0,0,19,0,0,0,0,0,0,0,0,0,0,0,0,0,0,0,0,0,0,0,0,0,2,2,0
2008/2009,somerset east,blue crane route,sarah baartman,25.59114,-32.7182,172,3,156,4,0,0,29,102,0,10,168,11,4,11,48,0,1,64,8,29,2,0,0,4,8,39,0,39,70,6,10,0
2009/2010,somerset east,blue crane route,sarah baartman,25.59114,-32.7182,129,0,161,4,1,0,18,93,1,8,189,13,6,36,16,0,1,54,11,22,3,0,1,6,7,30,0,36,93,6,10,0
2010/2011,somerset east,blue crane route,sarah baartman,25.59114,-32.7182,98,3,133,2,2,0,23,83,0,9,136,15,6,17,21,1,1,49,16,34,1,0,0,2,4,40,0,30,49,16,15,0
2011/2012,somerset east,blue crane route,sarah baartman,25.59114,-32.7182,117,1,120,3,0,0,25,65,0,18,131,15,4,14,17,2,1,39,8,22,7,1,0,10,4,28,0,33,44,7,7,1
2012/2013,somerset east,blue crane route,sarah baartman,25.59114,-32.7182,95,1,122,2,5,0,54,85,0,13,119,10,7,19,31,0,1,44,6,24,4,2,1,13,1,31,0,31,62,14,12,0
2013/2014,somerset east,blue crane route,sarah baartman,25.59114,-32.7182,88,2,113,3,2,0,29,61,0,12,119,20,7,18,32,0,12,49,8,35,3,1,0,8,3,41,0,23,52,13,26,0
2014/2015,somerset east,blue crane route,sarah baartman,25.59114,-32.7182,95,3,107,1,0,0,38,65,0,12,127,16,6,6,29,0,12,33,11,17,5,2,0,18,6,23,0,20,30,9,29,0
2015/2016,somerset east,blue crane route,sarah baartman,25.59114,-32.7182,79,3,93,3,2,0,33,79,0,12,95,10,6,12,28,1,21,24,11,27,2,0,0,9,6,35,0,16,34,4,22,0
2016/2017,somerset east,blue crane route,sarah baartman,25.59114,-32.7182,104,5,114,2,3,0,30,90,0,22,99,11,6,9,38,1,23,41,14,25,4,2,0,22,4,32,0,19,47,4,15,0
2017/2018,somerset east,blue crane route,sarah baartman,25.59114,-32.7182,99,3,104,2,4,0,34,118,0,13,85,9,6,10,32,2,21,45,7,17,0,0,0,16,5,26,0,12,44,10,17,0
2018/2019,somerset east,blue crane route,sarah baartman,25.59114,-32.7182,124,3,98,7,3,0,47,124,2,12,91,10,7,9,34,1,21,28,7,26,4,2,0,24,3,33,0,12,50,10,16,0
2019/2020,somerset east,blue crane route,sarah baartman,25.59114,-32.7182,132,6,96,4,2,0,38,112,1,19,138,13,7,17,71,2,21,36,9,19,1,1,0,20,6,28,0,16,41,11,42,0
2020/2021,somerset east,blue crane route,sarah baartman,25.59114,-32.7182,83,1,81,2,0,0,34,98,0,24,70,8,7,16,71,1,14,35,5,16,3,1,0,14,1,18,0,8,37,2,29,0
2021/2022,somerset east,blue crane route,sarah baartman,25.59114,-32.7182,111,3,90,8,3,0,19,92,0,27,123,14,7,7,104,2,13,32,10,17,2,0,0,14,7,28,0,3,23,3,28,0
2022/2023,somerset east,blue crane route,sarah baartman,25.59114,-32.7182,99,4,77,2,0,0,40,76,0,33,116,12,6,21,93,1,13,40,7,19,3,1,0,10,4,23,0,13,41,2,24,0
2008/2009,somerset west,city of cape town,city of cape town,18.84466,-34.07682,1053,1,119,6,2,0,232,867,2,241,250,46,6,114,262,10,1,241,6,31,9,12,2,66,14,47,0,394,3,331,294,0
2009/2010,somerset west,city of cape town,city of cape town,18.84466,-34.07682,1270,1,140,5,0,0,307,1088,7,297,293,81,9,182,264,6,1,311,5,39,14,26,0,75,9,53,0,361,1,283,453,0
2010/2011,somerset west,city of cape town,city of cape town,18.84466,-34.07682,1368,4,120,7,1,0,279,975,4,333,239,57,10,244,339,14,1,297,8,23,5,31,1,98,14,44,0,352,2,243,557,0
2011/2012,somerset west,city of cape town,city of cape town,18.84466,-34.07682,1480,5,152,4,2,0,244,819,3,252,254,80,8,226,361,7,1,317,5,21,11,21,0,112,10,37,0,325,1,231,483,0
2012/2013,somerset west,city of cape town,city of cape town,18.84466,-34.07682,1456,6,135,9,1,0,294,838,1,254,320,85,7,167,424,13,1,333,4,13,19,19,1,118,6,21,0,282,0,213,669,0
2013/2014,somerset west,city of cape town,city of cape town,18.84466,-34.07682,1535,8,167,14,4,0,274,1130,6,272,368,98,7,198,499,13,17,351,7,12,22,27,1,152,11,28,2,312,0,180,611,0
2014/2015,somerset west,city of cape town,city of cape town,18.84466,-34.07682,1544,3,166,16,0,0,224,984,10,221,326,82,4,181,345,11,13,306,11,25,34,28,1,248,5,32,1,342,1,107,390,0
2015/2016,somerset west,city of cape town,city of cape town,18.84466,-34.07682,1660,3,170,4,0,0,170,924,9,267,365,69,5,155,389,15,12,305,7,22,16,22,0,196,5,30,2,308,0,110,419,0
2016/2017,somerset west,city of cape town,city of cape town,18.84466,-34.07682,1467,4,155,10,0,0,141,1022,6,306,345,90,7,228,491,12,22,308,8,22,18,34,0,206,6,29,5,304,2,125,330,0
2017/2018,somerset west,city of cape town,city of cape town,18.84466,-34.07682,1228,2,161,8,1,0,95,780,7,306,378,112,5,177,678,9,23,246,15,19,21,34,0,206,2,25,7,345,1,85,323,1
2018/2019,somerset west,city of cape town,city of cape town,18.84466,-34.07682,1122,4,164,5,2,0,111,651,7,369,353,95,4,210,550,9,14,239,7,22,25,23,0,174,10,36,0,317,1,112,348,2
2019/2020,somerset west,city of cape town,city of cape town,18.84466,-34.07682,996,3,159,6,1,0,131,465,9,344,302,83,4,129,173,5,17,274,10,33,17,24,0,156,20,56,1,311,1,100,306,1
2020/2021,somerset west,city of cape town,city of cape town,18.84466,-34.07682,742,3,107,12,1,0,83,470,3,356,271,41,4,28,177,7,14,236,5,25,10,33,0,138,6,34,0,309,0,84,225,3
2021/2022,somerset west,city of cape town,city of cape town,18.84466,-34.07682,816,2,145,2,2,0,123,418,4,465,270,51,7,53,363,1,17,225,10,20,24,26,0,130,15,38,1,269,0,75,293,1
2022/2023,somerset west,city of cape town,city of cape town,18.84466,-34.07682,763,3,164,11,3,0,160,335,2,605,361,61,5,137,416,3,14,230,10,35,19,21,0,142,19,60,1,219,1,91,368,2
2023/2024,somerset west,city of cape town district,city of cape town district,18.84466,-34.07682,0,0,0,0,0,0,0,407,6,0,0,0,0,0,0,0,0,0,0,0,0,25,0,0,0,0,0,0,0,97,373,0
2024/2025,somerset west,city of cape town district,city of cape town district,18.84466,-34.07682,0,0,0,0,0,0,0,371,2,0,0,0,0,0,0,0,0,0,0,0,0,34,0,0,0,0,0,0,0,120,345,0
2023/2024,sonskyn,mangaung district,mangaung district,,,0,0,0,0,0,0,0,0,0,0,0,0,0,0,0,0,0,0,0,0,0,0,0,0,0,0,0,0,0,0,0,0
2024/2025,sonskyn,mangaung district,mangaung district,,,0,0,0,0,0,0,0,0,0,0,0,0,0,0,0,0,0,0,0,0,0,0,0,0,0,0,0,0,0,0,0,0
2008/2009,sophia town,city of johannesburg,city of johannesburg,27.97173,-26.17733,897,11,480,48,4,0,94,660,39,136,397,169,29,78,151,40,1,489,21,39,35,73,0,450,29,94,0,126,0,477,478,1
2009/2010,sophia town,city of johannesburg,city of johannesburg,27.97173,-26.17733,772,8,443,67,1,0,99,593,41,107,404,154,30,84,132,68,1,443,29,56,39,53,1,295,26,112,0,151,0,433,558,1
2010/2011,sophia town,city of johannesburg,city of johannesburg,27.97173,-26.17733,985,9,338,37,2,0,88,530,32,79,379,115,31,105,155,16,1,326,16,53,61,55,3,296,9,83,0,176,0,505,462,0
2011/2012,sophia town,city of johannesburg,city of johannesburg,27.97173,-26.17733,890,9,357,14,3,0,80,595,41,59,272,87,3,385,463,22,1,247,10,34,39,63,0,277,9,59,1,156,0,354,385,0
2012/2013,sophia town,city of johannesburg,city of johannesburg,27.97173,-26.17733,1094,10,408,27,2,0,95,614,28,82,330,109,17,383,906,22,1,330,12,52,43,86,0,311,17,80,2,154,0,409,456,0
2013/2014,sophia town,city of johannesburg,city of johannesburg,27.97173,-26.17733,994,15,429,33,2,0,84,656,55,108,364,116,11,355,961,25,24,414,17,46,65,78,0,407,27,83,1,132,0,371,421,1
2014/2015,sophia town,city of johannesburg,city of johannesburg,27.97173,-26.17733,1038,9,415,32,4,0,141,692,45,102,391,142,8,404,1515,26,3,451,16,51,57,110,0,457,27,86,4,134,0,393,357,0
2015/2016,sophia town,city of johannesburg,city of johannesburg,27.97173,-26.17733,1089,7,507,35,2,0,135,680,49,104,408,239,18,549,938,34,24,485,27,49,64,84,0,649,32,94,1,105,0,345,330,0
2016/2017,sophia town,city of johannesburg,city of johannesburg,27.97173,-26.17733,1008,3,449,55,1,0,133,642,100,114,373,193,11,319,731,53,22,441,36,41,37,89,0,686,15,65,1,125,0,281,319,2
2017/2018,sophia town,city of johannesburg,city of johannesburg,27.97173,-26.17733,773,2,425,42,1,0,133,531,50,111,407,147,8,244,574,37,24,364,33,35,24,103,0,512,27,67,1,86,0,267,340,1
2018/2019,sophia town,city of johannesburg,city of johannesburg,27.97173,-26.17733,929,3,489,49,0,0,149,513,79,148,490,165,7,140,633,35,28,396,26,33,57,85,0,565,27,61,0,106,0,231,261,0
2019/2020,sophia town,city of johannesburg,city of johannesburg,27.97173,-26.17733,732,5,343,39,0,0,94,380,78,155,393,177,4,145,643,55,24,287,30,53,37,86,0,535,21,76,1,124,0,188,212,0
2020/2021,sophia town,city of johannesburg,city of johannesburg,27.97173,-26.17733,476,5,317,51,0,0,123,257,48,166,327,111,4,48,649,38,25,247,40,55,32,66,0,380,26,83,0,78,0,170,186,0
2021/2022,sophia town,city of johannesburg,city of johannesburg,27.97173,-26.17733,562,7,300,49,3,0,102,281,70,190,342,123,4,54,1010,61,38,278,29,44,27,51,0,355,32,81,0,96,0,154,185,2
2022/2023,sophia town,city of johannesburg,city of johannesburg,27.97173,-26.17733,558,3,292,114,1,0,107,302,57,204,286,99,6,142,1126,97,62,269,46,37,31,57,0,392,16,54,0,142,0,153,165,1
2023/2024,sophia town,johannesburg district,johannesburg district,27.97173,-26.17733,0,0,0,0,0,0,0,303,57,0,0,0,0,0,0,0,0,0,0,0,0,66,0,0,0,0,0,0,0,146,126,0
2024/2025,sophia town,johannesburg district,johannesburg district,27.97173,-26.17733,0,0,0,0,0,0,0,205,41,0,0,0,0,0,0,0,0,0,0,0,0,38,0,0,0,0,0,0,0,98,126,0
2008/2009,soshanguve,city of tshwane,city of tshwane,28.1126,-25.5287,906,5,357,35,2,0,59,373,101,33,561,111,9,101,97,35,1,287,23,90,16,43,0,384,4,101,0,58,1,97,160,6
2009/2010,soshanguve,city of tshwane,city of tshwane,28.1126,-25.5287,686,8,341,34,3,0,41,524,57,29,433,102,12,96,90,18,1,267,17,69,13,38,0,268,4,83,0,40,2,71,206,0
2010/2011,soshanguve,city of tshwane,city of tshwane,28.1126,-25.5287,655,8,314,29,2,0,66,498,59,33,324,86,8,70,150,18,1,220,9,77,11,24,2,196,4,87,0,51,0,91,158,0
2011/2012,soshanguve,city of tshwane,city of tshwane,28.1126,-25.5287,586,8,250,20,1,0,93,446,54,27,316,84,9,35,177,12,1,186,9,66,21,22,0,199,6,78,1,68,0,55,168,0
2012/2013,soshanguve,city of tshwane,city of tshwane,28.1126,-25.5287,560,6,259,13,2,0,64,583,65,47,240,85,9,56,167,16,1,146,4,90,12,39,0,230,7,104,2,40,0,53,209,0
2013/2014,soshanguve,city of tshwane,city of tshwane,28.1126,-25.5287,647,2,293,24,1,0,69,547,72,40,284,84,4,99,894,17,27,187,9,72,31,59,1,344,8,83,1,59,5,60,235,0
2014/2015,soshanguve,city of tshwane,city of tshwane,28.1126,-25.5287,628,3,366,33,1,0,63,612,116,68,363,118,5,67,640,21,27,242,23,76,55,82,0,480,3,83,0,240,0,65,336,0
2015/2016,soshanguve,city of tshwane,city of tshwane,28.1126,-25.5287,705,12,424,65,0,0,102,626,169,61,389,135,5,71,516,27,43,234,30,101,71,108,0,657,7,111,4,263,2,104,235,0
2016/2017,soshanguve,city of tshwane,city of tshwane,28.1126,-25.5287,705,8,414,60,1,0,101,667,192,55,367,146,7,83,569,39,36,297,30,106,65,165,0,760,13,121,0,186,6,84,194,0
2017/2018,soshanguve,city of tshwane,city of tshwane,28.1126,-25.5287,787,5,407,56,0,0,104,683,120,87,433,158,4,149,605,45,37,266,22,93,65,110,0,610,12,107,1,323,5,83,149,1
2018/2019,soshanguve,city of tshwane,city of tshwane,28.1126,-25.5287,777,1,402,48,0,0,134,584,101,105,469,150,4,112,419,37,39,323,27,97,55,99,0,565,14,113,3,292,3,80,172,0
2019/2020,soshanguve,city of tshwane,city of tshwane,28.1126,-25.5287,825,8,414,39,1,0,140,560,122,114,520,217,5,116,385,20,5,291,29,109,82,159,0,723,22,135,0,316,2,103,194,1
2020/2021,soshanguve,city of tshwane,city of tshwane,28.1126,-25.5287,661,12,337,46,0,0,158,345,106,104,476,157,7,77,165,18,28,295,28,96,69,82,0,520,22,119,2,317,1,47,131,1
2021/2022,soshanguve,city of tshwane,city of tshwane,28.1126,-25.5287,726,8,358,43,0,0,99,422,125,147,566,147,7,108,166,22,54,331,28,107,90,98,0,751,22,130,0,217,0,81,149,2
2022/2023,soshanguve,city of tshwane,city of tshwane,28.1126,-25.5287,711,2,311,46,2,0,97,444,150,146,606,110,4,83,218,41,70,268,44,96,78,107,1,713,21,121,0,269,4,65,211,3
2023/2024,soshanguve,tshwane district,tshwane district,28.1126,-25.5287,0,0,0,0,0,0,0,412,111,0,0,0,0,0,0,0,0,0,0,0,0,57,0,0,0,0,0,0,0,44,250,0
2024/2025,soshanguve,tshwane district,tshwane district,28.1126,-25.5287,0,0,0,0,0,0,0,470,99,0,0,0,0,0,0,0,0,0,0,0,0,87,0,0,0,0,0,0,0,41,204,0
2008/2009,southport,ray nkonyeni,ugu,30.50909,-30.66458,84,0,57,7,2,0,37,147,0,7,49,12,6,45,65,1,1,25,8,10,1,6,0,21,1,13,0,1,2,32,30,0
2009/2010,southport,ray nkonyeni,ugu,30.50909,-30.66458,95,6,71,6,2,0,22,214,2,9,67,15,7,39,96,11,1,29,7,30,5,23,0,52,1,34,0,0,1,38,65,0
2010/2011,southport,ray nkonyeni,ugu,30.50909,-30.66458,101,0,54,12,4,0,32,216,2,3,69,8,5,15,105,12,1,27,7,26,1,16,0,58,4,37,0,3,1,33,57,0
2011/2012,southport,ray nkonyeni,ugu,30.50909,-30.66458,97,3,65,7,3,0,25,193,1,17,57,6,7,13,84,13,1,35,9,19,3,16,0,39,3,26,1,0,6,41,37,0
2012/2013,southport,ray nkonyeni,ugu,30.50909,-30.66458,112,2,57,7,0,0,26,205,1,5,51,13,6,19,137,5,1,34,1,19,1,20,0,59,1,20,0,1,10,33,28,0
2013/2014,southport,ray nkonyeni,ugu,30.50909,-30.66458,94,2,58,6,2,0,55,327,1,10,53,19,6,16,136,9,23,36,13,14,2,13,1,41,4,20,0,1,9,27,73,0
2014/2015,southport,ray nkonyeni,ugu,30.50909,-30.66458,96,1,65,7,0,0,36,353,1,15,53,10,7,13,99,12,12,30,8,9,3,22,0,66,2,12,0,2,8,35,50,0
2015/2016,southport,ray nkonyeni,ugu,30.50909,-30.66458,79,2,61,4,2,0,45,226,1,10,57,11,6,13,100,6,14,37,6,19,0,32,0,66,4,25,0,2,8,17,33,0
2016/2017,southport,ray nkonyeni,ugu,30.50909,-30.66458,94,2,78,5,1,0,33,334,1,18,63,10,7,16,124,4,14,40,4,19,9,22,0,55,5,26,1,1,6,17,37,0
2017/2018,southport,ray nkonyeni,ugu,30.50909,-30.66458,125,1,61,7,1,0,23,275,2,12,58,15,6,40,168,2,14,34,10,16,1,25,0,53,3,20,0,0,3,10,43,0
2018/2019,southport,ray nkonyeni,ugu,30.50909,-30.66458,90,2,69,8,1,0,28,268,3,26,71,12,6,42,134,10,13,38,8,11,2,14,0,33,4,16,0,0,5,6,31,0
2019/2020,southport,ray nkonyeni,ugu,30.50909,-30.66458,81,0,66,7,1,0,26,282,0,31,66,8,6,40,4,14,14,43,5,16,1,19,0,34,1,18,0,0,5,10,28,1
2020/2021,southport,ray nkonyeni,ugu,30.50909,-30.66458,87,1,55,2,0,0,27,304,0,33,51,6,6,18,12,8,13,27,7,19,6,28,0,42,2,21,0,0,10,8,37,0
2021/2022,southport,ray nkonyeni,ugu,30.50909,-30.66458,67,1,56,6,3,0,23,172,0,36,61,10,6,7,5,3,23,30,10,26,3,31,0,51,6,35,0,0,5,5,17,0
2022/2023,southport,ray nkonyeni,ugu,30.50909,-30.66458,50,3,57,5,2,0,23,145,2,51,54,6,4,2,7,13,14,29,14,29,6,15,0,41,2,35,0,0,9,3,22,0
2023/2024,southport,ugu district,ugu district,30.50909,-30.66458,0,0,0,0,0,0,0,169,1,0,0,0,0,0,0,0,0,0,0,0,0,22,0,0,0,0,0,0,0,6,26,0
2024/2025,southport,ugu district,ugu district,30.50909,-30.66458,0,0,0,0,0,0,0,166,2,0,0,0,0,0,0,0,0,0,0,0,0,25,0,0,0,0,0,0,0,10,27,0
2008/2009,soutpan,mangaung,mangaung,26.06093,-28.72135,16,0,28,2,0,0,1,15,0,0,12,0,7,0,0,0,1,10,0,4,1,0,0,2,0,5,0,0,16,0,1,0
2009/2010,soutpan,mangaung,mangaung,26.06093,-28.72135,18,0,26,0,1,0,1,22,0,0,24,0,6,5,3,0,1,15,2,3,0,1,0,3,1,5,0,0,42,1,1,0
2010/2011,soutpan,mangaung,mangaung,26.06093,-28.72135,16,0,34,0,0,0,1,15,0,0,20,5,6,1,3,0,1,10,1,8,1,1,0,2,1,9,0,0,23,1,2,0
2011/2012,soutpan,mangaung,mangaung,26.06093,-28.72135,14,3,30,0,0,0,2,13,0,2,30,1,6,0,0,0,1,20,1,18,0,0,0,0,0,18,0,0,16,0,0,0
2012/2013,soutpan,mangaung,mangaung,26.06093,-28.72135,17,1,29,1,1,0,2,9,0,0,12,1,6,1,1,1,1,7,3,6,2,1,0,3,1,8,0,0,26,1,1,0
2013/2014,soutpan,mangaung,mangaung,26.06093,-28.72135,15,0,25,0,2,0,5,16,0,0,15,0,6,2,3,0,13,8,5,6,0,0,0,0,0,8,0,0,11,0,1,0
2014/2015,soutpan,mangaung,mangaung,26.06093,-28.72135,25,0,28,1,2,0,3,19,0,0,21,1,6,0,5,0,13,3,1,8,1,0,0,1,0,10,0,0,18,0,1,0
2015/2016,soutpan,mangaung,mangaung,26.06093,-28.72135,19,0,26,3,0,0,3,9,0,0,16,0,7,1,24,1,13,9,2,6,3,0,0,4,2,9,0,0,33,2,0,0
2016/2017,soutpan,mangaung,mangaung,26.06093,-28.72135,9,0,13,1,0,0,8,8,0,0,12,0,6,0,36,1,13,8,1,7,2,1,0,3,2,9,0,0,22,1,0,0
2017/2018,soutpan,mangaung,mangaung,26.06093,-28.72135,14,1,13,0,0,0,1,2,0,0,17,0,6,1,48,2,13,10,1,6,0,0,0,0,1,7,0,0,19,0,0,0
2018/2019,soutpan,mangaung,mangaung,26.06093,-28.72135,10,0,12,2,0,0,5,8,0,3,12,0,6,4,20,0,13,3,1,3,0,0,0,0,0,3,0,0,23,0,4,0
2019/2020,soutpan,mangaung,mangaung,26.06093,-28.72135,10,0,21,3,0,0,5,12,0,1,13,0,6,2,6,1,13,5,2,2,1,1,0,3,1,3,0,0,6,1,1,0
2020/2021,soutpan,mangaung,mangaung,26.06093,-28.72135,7,1,11,1,0,0,5,6,1,2,12,1,6,1,3,1,13,5,1,4,1,0,0,2,2,6,0,0,17,0,0,0
2021/2022,soutpan,mangaung,mangaung,26.06093,-28.72135,3,3,13,2,0,0,1,7,0,4,15,0,6,1,6,0,12,3,0,3,0,0,0,0,1,4,0,0,21,0,1,0
2022/2023,soutpan,mangaung,mangaung,26.06093,-28.72135,9,0,14,2,0,0,2,6,0,0,15,1,7,1,6,3,13,7,1,2,0,1,0,2,0,3,0,0,17,0,1,0
2023/2024,soutpan,mangaung district,mangaung district,26.06093,-28.72135,0,0,0,0,0,0,0,11,0,0,0,0,0,0,0,0,0,0,0,0,0,0,0,0,0,0,0,0,0,0,1,0
2024/2025,soutpan,mangaung district,mangaung district,26.06093,-28.72135,0,0,0,0,0,0,0,21,0,0,0,0,0,0,0,0,0,0,0,0,0,0,0,0,0,0,0,0,0,0,2,0
2008/2009,springbok,nama khoi,namakwa,17.88498,-29.66587,118,0,83,16,2,0,50,92,0,35,102,21,7,33,41,0,1,46,4,8,1,0,0,14,8,19,0,79,7,5,35,0
2009/2010,springbok,nama khoi,namakwa,17.88498,-29.66587,138,1,89,11,1,0,59,90,0,30,93,32,7,24,101,1,1,40,3,5,1,1,0,19,13,20,0,75,11,5,44,0
2010/2011,springbok,nama khoi,namakwa,17.88498,-29.66587,116,1,86,29,0,0,46,69,0,38,86,12,6,22,78,2,1,55,2,9,2,0,0,15,14,23,0,34,12,6,31,0
2011/2012,springbok,nama khoi,namakwa,17.88498,-29.66587,148,2,85,15,2,0,45,95,0,53,120,15,7,9,87,0,1,54,8,21,1,0,0,12,4,28,0,41,10,4,34,0
2012/2013,springbok,nama khoi,namakwa,17.88498,-29.66587,188,3,111,13,0,0,79,100,0,35,110,26,6,7,88,1,1,67,6,9,0,0,0,15,7,16,0,59,8,0,44,0
2013/2014,springbok,nama khoi,namakwa,17.88498,-29.66587,169,4,118,17,2,0,93,105,0,38,115,28,6,14,89,0,12,66,2,15,2,2,0,24,6,23,0,50,3,3,40,0
2014/2015,springbok,nama khoi,namakwa,17.88498,-29.66587,170,2,125,14,0,0,64,146,0,44,112,24,6,15,101,2,12,67,3,16,1,1,0,25,5,21,0,25,10,2,69,0
2015/2016,springbok,nama khoi,namakwa,17.88498,-29.66587,180,0,97,18,3,0,69,96,1,42,125,20,6,18,144,2,23,64,4,26,4,2,0,23,5,34,0,42,6,4,87,0
2016/2017,springbok,nama khoi,namakwa,17.88498,-29.66587,149,0,119,18,1,0,64,97,0,47,101,23,4,16,178,1,12,64,4,11,3,5,0,16,9,23,0,36,4,2,49,0
2017/2018,springbok,nama khoi,namakwa,17.88498,-29.66587,117,0,82,11,1,0,34,73,0,31,99,11,5,14,225,1,14,60,5,6,0,2,0,16,10,20,0,30,0,2,50,0
2018/2019,springbok,nama khoi,namakwa,17.88498,-29.66587,114,1,85,14,2,0,38,76,1,37,103,22,6,10,129,3,21,58,1,7,2,1,0,10,9,18,2,23,2,4,39,0
2019/2020,springbok,nama khoi,namakwa,17.88498,-29.66587,155,0,94,5,3,0,43,101,0,40,112,14,7,7,146,0,14,70,3,10,0,4,0,14,7,21,0,42,0,2,53,0
2020/2021,springbok,nama khoi,namakwa,17.88498,-29.66587,132,3,77,11,1,0,67,100,0,42,100,14,6,8,174,3,21,51,3,8,0,0,0,10,6,15,0,33,3,0,56,0
2021/2022,springbok,nama khoi,namakwa,17.88498,-29.66587,136,2,81,19,1,0,64,64,0,63,101,4,7,7,105,2,12,78,4,13,1,2,0,20,6,21,0,20,1,3,69,0
2022/2023,springbok,nama khoi,namakwa,17.88498,-29.66587,193,3,87,32,0,0,93,96,0,57,97,18,6,3,150,4,12,73,0,16,0,3,0,17,6,22,0,56,8,1,70,0
2023/2024,springbok,namakwa district,namakwa district,17.88498,-29.66587,0,0,0,0,0,0,0,84,0,0,0,0,0,0,0,0,0,0,0,0,0,6,0,0,0,0,0,0,0,4,57,0
2024/2025,springbok,namakwa district,namakwa district,17.88498,-29.66587,0,0,0,0,0,0,0,68,0,0,0,0,0,0,0,0,0,0,0,0,0,4,0,0,0,0,0,0,0,2,38,0
2008/2009,springfontein,kopanong,xhariep,25.70502,-30.26625,21,2,32,1,0,0,2,12,0,4,49,4,7,11,24,0,1,17,5,8,0,0,0,0,0,9,0,1,13,0,2,0
2009/2010,springfontein,kopanong,xhariep,25.70502,-30.26625,20,2,16,1,1,0,1,18,0,3,39,1,6,1,13,0,1,5,2,8,0,0,0,0,0,9,0,0,11,1,1,0
2010/2011,springfontein,kopanong,xhariep,25.70502,-30.26625,22,0,31,0,0,0,5,8,0,2,35,0,6,5,10,2,1,12,0,8,1,0,0,1,1,9,0,0,5,1,1,0
2011/2012,springfontein,kopanong,xhariep,25.70502,-30.26625,17,0,25,2,1,0,9,8,1,1,30,0,7,3,15,1,1,16,3,2,4,0,0,5,0,4,0,0,14,0,2,0
2012/2013,springfontein,kopanong,xhariep,25.70502,-30.26625,26,1,23,3,2,0,11,7,0,2,25,1,6,4,16,1,1,9,2,7,0,1,0,1,0,9,0,1,4,1,1,0
2013/2014,springfontein,kopanong,xhariep,25.70502,-30.26625,18,0,25,0,1,0,6,10,0,3,24,0,6,1,13,1,13,6,3,4,0,1,0,2,2,7,0,0,24,1,3,1
2014/2015,springfontein,kopanong,xhariep,25.70502,-30.26625,28,1,33,0,0,0,7,14,0,1,17,0,6,3,8,2,13,6,1,4,0,0,0,0,0,4,0,0,6,2,0,0
2015/2016,springfontein,kopanong,xhariep,25.70502,-30.26625,15,0,31,0,4,0,8,13,0,2,17,2,7,4,21,0,13,8,0,3,0,0,0,0,0,8,0,0,13,1,5,0
2016/2017,springfontein,kopanong,xhariep,25.70502,-30.26625,14,0,18,0,0,0,8,13,0,6,24,1,7,3,30,1,13,9,0,4,1,0,0,1,2,7,0,0,9,1,5,0
2017/2018,springfontein,kopanong,xhariep,25.70502,-30.26625,21,0,18,2,3,0,9,19,0,2,17,0,6,2,33,1,13,6,2,3,3,1,0,5,0,6,0,0,7,0,0,0
2018/2019,springfontein,kopanong,xhariep,25.70502,-30.26625,13,0,16,1,1,0,5,17,1,1,15,1,6,2,16,1,12,11,2,2,2,1,0,6,0,3,0,0,17,1,0,1
2019/2020,springfontein,kopanong,xhariep,25.70502,-30.26625,27,1,23,0,0,0,9,17,0,1,13,1,7,2,9,0,13,8,0,4,3,0,0,5,1,6,0,0,16,2,2,0
2020/2021,springfontein,kopanong,xhariep,25.70502,-30.26625,8,0,16,0,1,0,3,9,0,1,6,0,6,3,8,0,13,6,0,4,1,0,0,1,0,5,0,0,12,0,0,0
2021/2022,springfontein,kopanong,xhariep,25.70502,-30.26625,26,0,19,0,2,0,8,4,0,2,8,2,6,2,11,0,13,9,0,12,1,0,0,2,2,16,0,0,7,0,0,0
2022/2023,springfontein,kopanong,xhariep,25.70502,-30.26625,14,0,23,0,2,0,7,7,0,5,16,1,6,7,9,0,13,5,0,3,0,0,0,1,0,5,0,0,16,0,0,0
2023/2024,springfontein,xhariep district,xhariep district,25.70502,-30.26625,0,0,0,0,0,0,0,11,0,0,0,0,0,0,0,0,0,0,0,0,0,0,0,0,0,0,0,0,0,0,2,0
2024/2025,springfontein,xhariep district,xhariep district,25.70502,-30.26625,0,0,0,0,0,0,0,16,0,0,0,0,0,0,0,0,0,0,0,0,0,0,0,0,0,0,0,0,0,0,1,0
2008/2009,springs,ekurhuleni,ekurhuleni,28.44266,-26.24489,1741,36,257,32,18,0,576,957,120,372,789,188,51,392,45,63,1,548,47,92,109,103,1,609,13,160,0,377,9,606,510,25
2009/2010,springs,ekurhuleni,ekurhuleni,28.44266,-26.24489,1738,25,245,68,7,2,423,1141,108,504,819,199,49,88,47,40,1,592,41,108,109,106,0,589,12,163,0,335,11,637,579,18
2010/2011,springs,ekurhuleni,ekurhuleni,28.44266,-26.24489,1564,27,276,41,5,0,469,1033,129,539,685,221,26,79,99,22,1,484,49,99,86,91,0,617,26,151,0,324,1,565,450,8
2011/2012,springs,ekurhuleni,ekurhuleni,28.44266,-26.24489,1396,32,296,50,6,0,399,817,119,590,655,175,17,134,132,30,1,388,35,81,69,75,0,484,25,121,2,328,7,406,401,13
2012/2013,springs,ekurhuleni,ekurhuleni,28.44266,-26.24489,1257,25,369,53,3,0,373,830,103,544,561,144,19,175,253,18,1,432,41,76,99,97,0,481,13,106,1,280,6,425,423,8
2013/2014,springs,ekurhuleni,ekurhuleni,28.44266,-26.24489,1307,19,372,53,7,1,327,954,109,379,528,158,16,214,536,36,3,398,55,71,94,88,1,482,20,108,4,273,12,478,326,12
2014/2015,springs,ekurhuleni,ekurhuleni,28.44266,-26.24489,1389,22,336,74,3,0,330,1002,74,365,443,217,12,212,563,58,36,343,69,104,111,131,0,565,27,141,2,208,12,350,395,16
2015/2016,springs,ekurhuleni,ekurhuleni,28.44266,-26.24489,1229,13,313,75,1,0,377,916,70,364,429,167,11,154,305,47,8,364,80,105,128,139,0,611,30,144,2,206,5,333,501,15
2016/2017,springs,ekurhuleni,ekurhuleni,28.44266,-26.24489,1147,13,319,42,2,0,308,1034,60,361,496,164,36,201,404,28,29,364,45,86,91,129,0,506,33,137,4,200,9,312,434,8
2017/2018,springs,ekurhuleni,ekurhuleni,28.44266,-26.24489,946,9,338,47,1,0,296,919,81,361,549,159,5,324,308,49,36,324,51,78,86,143,1,557,31,113,5,197,9,362,448,12
2018/2019,springs,ekurhuleni,ekurhuleni,28.44266,-26.24489,969,8,323,53,2,0,262,667,45,382,497,157,8,300,245,46,30,342,49,106,95,99,0,505,34,146,1,148,13,285,461,10
2019/2020,springs,ekurhuleni,ekurhuleni,28.44266,-26.24489,1070,6,330,41,2,0,247,735,96,399,534,172,8,286,319,51,18,317,49,88,111,84,0,558,28,122,3,172,21,258,357,8
2020/2021,springs,ekurhuleni,ekurhuleni,28.44266,-26.24489,755,12,319,41,3,0,261,514,73,408,479,105,5,260,403,42,18,277,35,69,99,76,1,450,31,106,0,151,23,240,227,8
2021/2022,springs,ekurhuleni,ekurhuleni,28.44266,-26.24489,1038,9,345,48,2,0,232,469,78,482,438,135,8,219,480,50,18,289,52,78,84,86,1,470,32,116,1,160,11,206,205,11
2022/2023,springs,ekurhuleni,ekurhuleni,28.44266,-26.24489,1030,10,277,47,1,0,271,553,92,569,556,147,4,257,504,80,75,280,51,85,100,135,0,623,27,115,0,152,19,203,220,15
2023/2024,springs,ekurhuleni district,ekurhuleni district,28.44266,-26.24489,0,0,0,0,0,0,0,519,74,0,0,0,0,0,0,0,0,0,0,0,0,108,0,0,0,0,0,0,0,321,157,0
2024/2025,springs,ekurhuleni district,ekurhuleni district,28.44266,-26.24489,0,0,0,0,0,0,0,351,80,0,0,0,0,0,0,0,0,0,0,0,0,88,0,0,0,0,0,0,0,363,241,0
2008/2009,st faiths,umzumbe,ugu,30.20243,-30.52934,27,0,74,4,4,0,8,37,1,4,19,10,7,1,90,8,1,20,13,17,0,6,0,12,2,24,0,0,10,0,1,0
2009/2010,st faiths,umzumbe,ugu,30.20243,-30.52934,20,0,52,5,3,0,10,28,0,1,22,13,4,2,148,22,1,15,8,15,0,9,0,16,1,21,0,0,8,1,1,0
2010/2011,st faiths,umzumbe,ugu,30.20243,-30.52934,22,0,56,5,0,0,10,32,0,1,13,6,6,6,216,15,1,15,3,18,0,4,0,10,2,20,0,0,2,0,3,0
2011/2012,st faiths,umzumbe,ugu,30.20243,-30.52934,32,1,47,3,1,0,12,45,0,6,30,6,6,3,284,13,1,17,8,9,1,1,0,7,9,19,0,0,6,3,6,0
2012/2013,st faiths,umzumbe,ugu,30.20243,-30.52934,20,0,47,3,1,0,13,40,0,2,20,7,6,6,311,16,1,8,5,13,0,7,0,14,1,15,0,0,7,1,3,0
2013/2014,st faiths,umzumbe,ugu,30.20243,-30.52934,31,0,60,5,4,0,8,36,0,0,35,10,6,9,328,16,13,18,6,16,0,6,0,10,3,23,0,0,5,3,10,0
2014/2015,st faiths,umzumbe,ugu,30.20243,-30.52934,27,0,65,5,1,0,7,35,0,1,23,5,6,9,179,4,13,15,2,20,2,6,0,11,0,21,0,3,1,0,3,0
2015/2016,st faiths,umzumbe,ugu,30.20243,-30.52934,26,0,74,0,1,0,19,42,0,5,27,4,6,16,189,10,14,14,2,26,0,2,0,7,1,28,0,3,7,0,5,0
2016/2017,st faiths,umzumbe,ugu,30.20243,-30.52934,28,0,66,3,1,0,25,34,0,1,21,6,6,32,227,14,21,16,4,9,3,5,0,18,5,15,0,11,7,0,4,0
2017/2018,st faiths,umzumbe,ugu,30.20243,-30.52934,24,0,54,3,0,0,19,40,1,3,40,4,6,46,334,12,13,15,3,14,2,1,0,8,3,17,0,6,7,3,4,0
2018/2019,st faiths,umzumbe,ugu,30.20243,-30.52934,23,1,64,1,0,0,19,58,0,8,19,5,6,17,124,8,13,24,1,6,8,3,0,19,5,11,0,5,9,0,5,0
2019/2020,st faiths,umzumbe,ugu,30.20243,-30.52934,41,0,68,3,1,0,40,51,0,5,20,6,6,62,6,3,12,25,6,16,4,7,0,19,3,20,0,6,13,3,6,0
2020/2021,st faiths,umzumbe,ugu,30.20243,-30.52934,23,1,65,1,0,0,19,56,0,4,39,6,6,15,10,3,12,42,8,12,5,8,0,20,0,12,0,4,8,3,1,0
2021/2022,st faiths,umzumbe,ugu,30.20243,-30.52934,39,0,81,4,0,0,31,47,0,10,57,12,7,27,14,4,22,34,6,21,6,10,0,20,5,27,0,3,14,1,2,0
2022/2023,st faiths,umzumbe,ugu,30.20243,-30.52934,36,0,81,3,4,0,29,49,1,8,58,10,6,6,17,0,17,25,5,17,8,9,1,33,5,26,0,6,20,2,3,0
2023/2024,st faiths,ugu district,ugu district,30.20243,-30.52934,0,0,0,0,0,0,0,51,0,0,0,0,0,0,0,0,0,0,0,0,0,11,0,0,0,0,0,0,0,3,2,0
2024/2025,st faiths,ugu district,ugu district,30.20243,-30.52934,0,0,0,0,0,0,0,54,0,0,0,0,0,0,0,0,0,0,0,0,0,14,0,0,0,0,0,0,0,0,8,0
2008/2009,st francis bay,kouga,sarah baartman,24.82673,-34.16691,0,0,0,0,0,0,0,0,0,0,0,0,6,0,0,0,1,0,0,0,0,0,0,0,0,0,0,0,0,0,0,0
2009/2010,st francis bay,kouga,sarah baartman,24.82673,-34.16691,0,0,0,0,0,0,0,0,0,0,0,0,6,0,0,0,1,0,0,0,0,0,0,0,0,0,0,0,0,0,0,0
2010/2011,st francis bay,kouga,sarah baartman,24.82673,-34.16691,95,1,66,2,0,0,10,203,0,11,33,5,7,10,14,0,1,34,2,6,1,7,0,11,4,11,0,3,1,8,23,0
2011/2012,st francis bay,kouga,sarah baartman,24.82673,-34.16691,91,1,52,1,1,0,10,161,0,11,22,3,4,15,38,0,1,27,2,10,7,6,0,17,3,16,1,1,4,3,42,0
2012/2013,st francis bay,kouga,sarah baartman,24.82673,-34.16691,84,0,52,1,1,0,16,160,0,6,25,4,6,18,72,1,1,33,2,10,1,5,0,11,2,13,0,1,0,2,24,0
2013/2014,st francis bay,kouga,sarah baartman,24.82673,-34.16691,47,2,47,2,1,0,14,64,0,1,24,2,6,30,66,0,13,11,2,2,2,0,0,9,1,4,0,1,18,4,14,0
2014/2015,st francis bay,kouga,sarah baartman,24.82673,-34.16691,44,0,41,1,0,0,6,29,0,10,22,3,7,19,87,0,13,9,4,12,2,0,0,6,0,13,0,1,27,3,4,0
2015/2016,st francis bay,kouga,sarah baartman,24.82673,-34.16691,74,0,39,15,2,0,12,98,0,4,17,6,6,12,145,0,12,20,1,7,0,2,0,5,0,9,0,8,0,4,26,0
2016/2017,st francis bay,kouga,sarah baartman,24.82673,-34.16691,145,2,57,26,0,0,42,218,0,25,24,8,6,8,79,3,14,65,4,7,2,10,0,19,2,9,0,2,1,2,82,0
2017/2018,st francis bay,kouga,sarah baartman,24.82673,-34.16691,112,1,60,10,2,0,71,243,0,24,41,3,6,16,79,0,12,44,5,5,1,4,0,13,3,10,0,1,0,3,50,0
2018/2019,st francis bay,kouga,sarah baartman,24.82673,-34.16691,117,1,61,13,0,0,35,230,0,23,51,5,6,16,48,1,21,32,2,11,0,8,0,18,0,11,0,2,1,1,40,0
2019/2020,st francis bay,kouga,sarah baartman,24.82673,-34.16691,100,2,62,11,5,0,37,102,0,243,62,13,7,16,34,1,12,33,1,11,0,4,0,12,0,17,0,1,4,1,22,0
2020/2021,st francis bay,kouga,sarah baartman,24.82673,-34.16691,77,2,42,4,0,0,30,128,0,21,40,6,6,4,17,1,12,33,3,5,2,1,0,6,2,7,0,1,0,1,34,0
2021/2022,st francis bay,kouga,sarah baartman,24.82673,-34.16691,164,4,67,13,4,0,45,138,0,31,41,6,7,2,29,1,14,37,4,10,0,6,0,12,3,18,0,1,0,1,46,0
2022/2023,st francis bay,kouga,sarah baartman,24.82673,-34.16691,124,2,73,11,1,0,41,145,0,47,47,5,6,1,21,2,21,29,4,11,1,10,0,27,2,14,0,3,1,0,38,0
2023/2024,st francis bay,sarah baartman district,sarah baartman district,24.82673,-34.16691,0,0,0,0,0,0,0,93,0,0,0,0,0,0,0,0,0,0,0,0,0,2,0,0,0,0,0,0,0,1,21,0
2024/2025,st francis bay,sarah baartman district,sarah baartman district,24.82673,-34.16691,0,0,0,0,0,0,0,78,0,0,0,0,0,0,0,0,0,0,0,0,0,0,0,0,0,0,0,0,0,0,11,0
2008/2009,st helena bay,saldanha bay,west coast,18.02407,-32.75816,50,2,44,1,2,0,26,44,0,2,81,2,6,10,87,3,1,31,2,13,0,1,0,1,3,18,0,3,0,2,11,0
2009/2010,st helena bay,saldanha bay,west coast,18.02407,-32.75816,65,0,38,0,0,0,27,59,0,6,87,2,6,8,96,2,1,24,3,15,0,0,0,2,6,21,0,4,5,3,9,0
2010/2011,st helena bay,saldanha bay,west coast,18.02407,-32.75816,79,0,26,0,1,0,25,70,0,4,90,3,4,6,62,1,1,34,5,1,1,2,0,5,9,13,0,3,2,5,9,0
2011/2012,st helena bay,saldanha bay,west coast,18.02407,-32.75816,79,1,46,1,0,0,16,82,0,6,108,5,6,10,63,0,1,37,1,10,5,3,0,10,3,13,0,2,0,1,24,0
2012/2013,st helena bay,saldanha bay,west coast,18.02407,-32.75816,99,2,56,1,1,0,22,171,0,5,91,10,4,10,103,2,1,44,3,12,0,0,0,3,10,25,0,2,1,2,22,0
2013/2014,st helena bay,saldanha bay,west coast,18.02407,-32.75816,117,0,32,2,0,0,28,81,1,5,95,0,4,3,103,1,12,44,1,8,2,1,0,4,3,13,0,1,1,4,15,0
2014/2015,st helena bay,saldanha bay,west coast,18.02407,-32.75816,113,1,52,2,3,0,21,143,0,4,110,3,6,10,110,2,13,50,2,8,2,2,0,6,3,14,3,1,1,4,20,0
2015/2016,st helena bay,saldanha bay,west coast,18.02407,-32.75816,134,0,44,1,2,0,56,156,0,4,104,7,6,7,180,3,13,65,1,6,0,1,0,5,6,14,1,0,1,1,19,0
2016/2017,st helena bay,saldanha bay,west coast,18.02407,-32.75816,159,3,57,1,0,0,45,181,0,8,94,8,6,8,152,3,13,55,6,2,3,1,0,10,7,9,0,1,0,0,32,0
2017/2018,st helena bay,saldanha bay,west coast,18.02407,-32.75816,166,4,40,1,1,0,45,113,0,12,111,2,6,4,179,1,13,56,3,8,0,0,0,5,1,10,0,3,1,2,30,0
2018/2019,st helena bay,saldanha bay,west coast,18.02407,-32.75816,189,2,55,3,0,0,23,136,0,22,99,7,6,16,87,0,12,51,3,7,2,2,0,7,3,10,0,1,2,3,25,0
2019/2020,st helena bay,saldanha bay,west coast,18.02407,-32.75816,125,1,63,1,0,0,29,136,0,17,95,11,6,7,61,7,13,47,4,4,1,0,0,6,4,8,0,8,3,3,18,0
2020/2021,st helena bay,saldanha bay,west coast,18.02407,-32.75816,87,1,38,5,1,0,27,171,0,24,80,4,6,9,75,5,13,43,2,9,1,4,0,6,4,14,0,2,1,0,21,0
2021/2022,st helena bay,saldanha bay,west coast,18.02407,-32.75816,94,2,68,4,0,0,18,153,0,23,95,4,6,11,56,1,12,57,2,7,0,3,0,5,3,10,0,4,0,4,17,0
2022/2023,st helena bay,saldanha bay,west coast,18.02407,-32.75816,117,2,61,6,2,0,24,146,0,60,100,12,6,8,65,0,12,58,3,5,0,2,0,7,4,11,0,4,1,3,19,0
2023/2024,st helena bay,west coast district,west coast district,18.02407,-32.75816,0,0,0,0,0,0,0,170,0,0,0,0,0,0,0,0,0,0,0,0,0,2,0,0,0,0,0,0,0,1,26,0
2024/2025,st helena bay,west coast district,west coast district,18.02407,-32.75816,0,0,0,0,0,0,0,75,0,0,0,0,0,0,0,0,0,0,0,0,0,1,0,0,0,0,0,0,0,1,14,0
2008/2009,standerton,lekwa,gert sibande,29.24147,-26.94646,568,14,358,22,5,0,58,365,7,77,304,134,32,102,24,4,1,186,13,51,6,6,0,59,1,69,0,126,93,61,134,2
2009/2010,standerton,lekwa,gert sibande,29.24147,-26.94646,487,13,350,17,7,1,76,339,3,113,355,120,18,109,39,4,1,195,9,56,15,2,0,65,6,80,0,177,128,62,141,4
2010/2011,standerton,lekwa,gert sibande,29.24147,-26.94646,473,5,301,8,9,0,63,254,3,150,289,104,17,93,26,2,1,183,11,51,7,10,0,56,4,73,0,101,68,52,133,3
2011/2012,standerton,lekwa,gert sibande,29.24147,-26.94646,470,3,297,11,4,0,79,314,1,258,258,78,9,115,34,1,1,205,10,44,9,5,0,57,4,57,4,114,70,67,193,5
2012/2013,standerton,lekwa,gert sibande,29.24147,-26.94646,377,3,263,9,14,0,85,385,5,256,247,116,9,97,45,5,1,170,9,47,10,15,0,81,7,73,0,122,68,44,167,7
2013/2014,standerton,lekwa,gert sibande,29.24147,-26.94646,401,2,216,6,7,0,119,389,1,171,240,83,5,58,55,6,23,152,9,58,25,13,0,102,3,71,1,150,45,49,151,10
2014/2015,standerton,lekwa,gert sibande,29.24147,-26.94646,367,4,203,6,3,1,123,424,7,165,195,72,9,91,105,14,12,177,7,42,34,23,0,144,3,53,2,181,39,47,206,3
2015/2016,standerton,lekwa,gert sibande,29.24147,-26.94646,380,5,168,4,5,0,114,452,2,212,218,71,7,146,153,2,12,117,8,45,15,11,0,78,4,55,1,132,58,36,153,7
2016/2017,standerton,lekwa,gert sibande,29.24147,-26.94646,360,0,126,6,7,0,152,382,4,219,233,54,4,123,202,12,22,113,5,44,20,11,0,94,4,57,1,118,36,28,136,2
2017/2018,standerton,lekwa,gert sibande,29.24147,-26.94646,365,3,125,7,3,0,117,493,3,239,228,54,5,60,227,9,21,141,9,35,19,9,0,71,9,50,0,105,70,47,107,0
2018/2019,standerton,lekwa,gert sibande,29.24147,-26.94646,378,5,157,18,2,0,106,313,4,209,215,59,6,69,291,14,2,136,17,40,9,8,0,61,8,50,1,122,71,30,68,0
2019/2020,standerton,lekwa,gert sibande,29.24147,-26.94646,417,5,188,11,2,0,121,351,8,265,319,66,6,70,329,11,21,141,21,48,25,12,0,111,14,64,0,150,94,27,120,3
2020/2021,standerton,lekwa,gert sibande,29.24147,-26.94646,333,5,124,4,1,0,83,385,10,264,348,53,7,18,238,3,3,158,10,40,11,9,1,91,5,47,0,91,67,38,105,2
2021/2022,standerton,lekwa,gert sibande,29.24147,-26.94646,274,9,146,22,3,0,109,325,12,268,360,57,7,21,210,11,30,146,31,42,17,8,0,107,11,57,0,85,44,25,94,9
2022/2023,standerton,lekwa,gert sibande,29.24147,-26.94646,380,7,179,18,0,0,88,382,5,310,347,59,7,34,205,11,9,148,22,52,16,12,0,119,13,66,0,102,42,18,116,4
2023/2024,standerton,gert sibande district,gert sibande district,29.24147,-26.94646,0,0,0,0,0,0,0,334,12,0,0,0,0,0,0,0,0,0,0,0,0,22,0,0,0,0,0,0,0,19,91,0
2024/2025,standerton,gert sibande district,gert sibande district,29.24147,-26.94646,0,0,0,0,0,0,0,270,7,0,0,0,0,0,0,0,0,0,0,0,0,11,0,0,0,0,0,0,0,16,69,0
2008/2009,stanford,overstrand,overberg,19.45789,-34.43881,86,1,45,2,1,0,14,72,0,6,75,1,4,34,63,0,1,17,3,15,0,0,0,3,2,20,0,3,4,4,6,0
2009/2010,stanford,overstrand,overberg,19.45789,-34.43881,59,2,40,1,1,0,14,56,0,3,85,2,6,29,52,0,1,23,2,10,1,0,0,2,3,14,0,3,8,0,17,0
2010/2011,stanford,overstrand,overberg,19.45789,-34.43881,71,0,37,3,2,0,26,51,0,6,90,4,6,25,71,1,1,28,2,5,1,0,0,3,1,8,0,1,7,2,15,0
2011/2012,stanford,overstrand,overberg,19.45789,-34.43881,112,4,29,0,1,0,25,108,0,0,86,1,7,29,63,9,1,29,1,2,0,1,0,2,3,7,0,3,7,2,17,0
2012/2013,stanford,overstrand,overberg,19.45789,-34.43881,88,0,27,0,0,0,21,88,0,4,62,3,7,36,123,2,1,15,0,4,1,1,0,3,1,6,0,10,0,3,12,0
2013/2014,stanford,overstrand,overberg,19.45789,-34.43881,76,0,24,2,1,0,15,63,0,0,68,3,6,32,153,5,13,22,0,0,3,0,0,4,2,3,0,5,2,0,12,0
2014/2015,stanford,overstrand,overberg,19.45789,-34.43881,86,2,48,0,0,0,31,106,0,2,65,3,6,39,155,1,13,16,2,8,3,4,0,10,5,13,0,10,2,1,11,0
2015/2016,stanford,overstrand,overberg,19.45789,-34.43881,75,0,30,1,0,0,24,57,0,6,59,9,6,57,283,2,13,29,4,1,0,0,0,5,3,4,0,6,2,0,10,0
2016/2017,stanford,overstrand,overberg,19.45789,-34.43881,43,0,36,0,0,0,17,64,0,9,36,2,6,46,341,3,17,14,3,6,2,2,0,4,2,8,0,6,1,1,9,0
2017/2018,stanford,overstrand,overberg,19.45789,-34.43881,37,0,15,1,0,0,29,65,0,8,26,1,6,47,369,0,12,17,1,2,0,3,0,3,2,4,0,4,0,0,6,0
2018/2019,stanford,overstrand,overberg,19.45789,-34.43881,41,2,28,1,0,0,32,41,0,5,23,3,7,44,253,3,12,23,0,7,1,0,0,4,3,11,1,3,0,0,9,0
2019/2020,stanford,overstrand,overberg,19.45789,-34.43881,59,0,31,5,0,0,28,47,0,13,26,2,6,35,75,2,13,30,3,3,2,1,0,7,0,3,1,2,0,2,15,0
2020/2021,stanford,overstrand,overberg,19.45789,-34.43881,61,0,27,0,0,0,7,29,0,6,31,0,7,21,143,0,12,20,0,6,0,2,0,4,1,8,0,4,2,0,9,0
2021/2022,stanford,overstrand,overberg,19.45789,-34.43881,42,1,29,2,2,0,16,55,0,13,28,4,4,26,71,1,13,22,2,6,0,3,0,4,4,14,0,0,0,1,12,0
2022/2023,stanford,overstrand,overberg,19.45789,-34.43881,35,0,28,1,1,0,17,48,0,15,27,2,6,23,124,0,13,13,2,7,0,2,0,5,0,8,0,0,0,2,15,0
2023/2024,stanford,overberg district,overberg district,19.45789,-34.43881,0,0,0,0,0,0,0,35,0,0,0,0,0,0,0,0,0,0,0,0,0,1,0,0,0,0,0,0,0,3,1,0
2024/2025,stanford,overberg district,overberg district,19.45789,-34.43881,0,0,0,0,0,0,0,47,0,0,0,0,0,0,0,0,0,0,0,0,0,3,0,0,0,0,0,0,0,1,8,0
2008/2009,steenberg,city of cape town,city of cape town,18.47621,-34.06542,992,3,133,11,5,0,70,392,9,14,360,81,37,160,1588,23,1,310,10,43,3,3,0,99,25,91,0,6,0,78,346,1
2009/2010,steenberg,city of cape town,city of cape town,18.47621,-34.06542,945,2,160,10,4,0,90,306,1,19,414,93,32,145,1656,25,1,278,9,60,1,4,0,82,51,127,0,5,0,73,403,0
2010/2011,steenberg,city of cape town,city of cape town,18.47621,-34.06542,1050,4,153,54,0,0,54,353,0,30,356,103,12,150,1711,101,1,257,36,50,8,3,0,102,26,83,0,11,0,70,314,0
2011/2012,steenberg,city of cape town,city of cape town,18.47621,-34.06542,961,6,152,41,3,0,32,347,2,23,323,117,8,119,1352,39,1,266,23,45,13,5,0,124,28,80,1,4,0,51,319,0
2012/2013,steenberg,city of cape town,city of cape town,18.47621,-34.06542,1032,7,140,60,3,0,57,464,10,22,327,130,4,83,1630,76,1,343,22,39,10,7,0,142,26,70,1,6,0,59,393,0
2013/2014,steenberg,city of cape town,city of cape town,18.47621,-34.06542,975,7,158,39,3,0,94,370,7,14,314,118,8,84,1273,60,22,330,42,59,6,7,0,183,24,90,0,5,0,48,381,1
2014/2015,steenberg,city of cape town,city of cape town,18.47621,-34.06542,1104,10,165,79,1,0,84,344,5,22,329,131,6,67,1456,73,12,359,43,36,24,3,0,154,10,47,0,13,0,59,331,0
2015/2016,steenberg,city of cape town,city of cape town,18.47621,-34.06542,967,7,134,122,1,0,57,300,15,42,407,115,4,67,1831,114,23,392,58,40,16,10,0,172,14,57,0,14,1,64,328,0
2016/2017,steenberg,city of cape town,city of cape town,18.47621,-34.06542,787,5,97,102,0,0,46,270,11,40,404,116,7,53,1698,90,17,327,43,45,9,17,0,159,35,81,0,39,0,55,308,0
2017/2018,steenberg,city of cape town,city of cape town,18.47621,-34.06542,713,5,83,110,3,0,43,222,17,31,333,92,6,47,2444,87,14,325,55,43,16,3,0,134,27,73,0,39,0,66,229,1
2018/2019,steenberg,city of cape town,city of cape town,18.47621,-34.06542,675,1,70,108,2,0,59,201,22,28,346,101,4,55,1847,100,23,316,53,39,4,9,0,188,25,68,1,25,0,28,227,1
2019/2020,steenberg,city of cape town,city of cape town,18.47621,-34.06542,399,6,79,54,0,0,80,218,11,43,310,81,6,42,1897,99,21,301,55,28,6,3,0,141,21,49,0,15,0,37,245,0
2020/2021,steenberg,city of cape town,city of cape town,18.47621,-34.06542,344,1,72,80,3,0,66,191,11,41,359,49,4,10,1146,94,14,241,54,29,8,19,0,118,15,49,0,37,0,30,183,1
2021/2022,steenberg,city of cape town,city of cape town,18.47621,-34.06542,416,4,54,60,3,0,27,130,14,92,322,43,7,19,1294,51,12,274,38,30,12,14,0,165,20,54,1,18,0,26,95,1
2022/2023,steenberg,city of cape town,city of cape town,18.47621,-34.06542,474,5,77,49,3,0,38,212,11,105,365,52,8,28,1417,66,14,319,47,36,8,16,0,152,16,59,0,40,0,29,125,0
2023/2024,steenberg,city of cape town district,city of cape town district,18.47621,-34.06542,0,0,0,0,0,0,0,140,11,0,0,0,0,0,0,0,0,0,0,0,0,6,0,0,0,0,0,0,0,14,102,0
2024/2025,steenberg,city of cape town district,city of cape town district,18.47621,-34.06542,0,0,0,0,0,0,0,110,10,0,0,0,0,0,0,0,0,0,0,0,0,9,0,0,0,0,0,0,0,26,74,0
2008/2009,steinkopf,nama khoi,namakwa,17.73565,-29.26636,25,0,42,6,2,0,7,22,0,2,24,2,4,8,15,0,1,16,1,7,0,0,0,0,2,13,0,1,9,2,4,0
2009/2010,steinkopf,nama khoi,namakwa,17.73565,-29.26636,20,1,42,7,3,0,16,26,0,1,26,3,5,6,23,0,1,25,2,9,1,0,0,1,1,16,0,1,10,1,2,0
2010/2011,steinkopf,nama khoi,namakwa,17.73565,-29.26636,22,1,40,4,1,0,5,9,0,1,11,0,7,5,11,0,1,16,1,11,1,0,0,1,5,18,0,2,5,0,1,0
2011/2012,steinkopf,nama khoi,namakwa,17.73565,-29.26636,21,1,29,2,0,0,4,13,0,2,15,1,6,5,31,0,1,22,3,4,0,0,0,0,9,13,0,0,6,2,6,0
2012/2013,steinkopf,nama khoi,namakwa,17.73565,-29.26636,7,0,31,4,0,0,6,8,0,0,8,2,6,6,19,0,1,9,4,7,0,1,0,1,1,8,0,0,0,0,4,0
2013/2014,steinkopf,nama khoi,namakwa,17.73565,-29.26636,16,1,24,7,0,0,6,9,0,3,13,3,7,1,36,0,13,18,3,1,2,1,0,4,2,4,0,0,3,1,1,0
2014/2015,steinkopf,nama khoi,namakwa,17.73565,-29.26636,27,0,28,1,0,0,5,11,0,0,21,2,7,2,24,0,13,11,1,7,0,0,0,1,5,13,0,0,9,0,17,0
2015/2016,steinkopf,nama khoi,namakwa,17.73565,-29.26636,24,2,29,4,0,0,10,21,0,0,19,3,6,10,86,3,13,11,1,3,2,0,0,4,3,6,0,0,4,0,12,0
2016/2017,steinkopf,nama khoi,namakwa,17.73565,-29.26636,23,1,20,0,0,0,12,22,0,0,19,2,6,2,43,0,13,9,2,8,0,0,0,0,3,11,0,1,4,2,11,0
2017/2018,steinkopf,nama khoi,namakwa,17.73565,-29.26636,15,1,24,1,0,0,8,12,0,0,15,1,7,6,61,1,13,14,0,2,1,0,0,2,0,3,0,0,8,0,5,0
2018/2019,steinkopf,nama khoi,namakwa,17.73565,-29.26636,24,2,30,0,1,0,10,27,0,1,14,1,6,11,73,1,13,14,0,7,0,0,0,2,1,9,0,0,4,0,11,0
2019/2020,steinkopf,nama khoi,namakwa,17.73565,-29.26636,26,0,27,1,0,0,11,24,0,2,22,1,6,5,15,1,13,19,1,6,0,0,0,1,1,7,0,1,16,1,7,0
2020/2021,steinkopf,nama khoi,namakwa,17.73565,-29.26636,40,0,34,3,0,0,5,30,0,6,29,3,6,3,35,0,13,18,1,4,1,1,0,3,1,5,0,0,8,0,18,0
2021/2022,steinkopf,nama khoi,namakwa,17.73565,-29.26636,51,0,41,0,0,0,7,50,0,7,32,2,6,3,17,0,13,34,3,3,0,0,0,2,2,5,0,0,16,0,15,0
2022/2023,steinkopf,nama khoi,namakwa,17.73565,-29.26636,32,0,47,8,0,0,9,31,0,8,26,1,6,0,27,0,13,34,2,1,3,0,0,8,0,1,0,1,6,0,4,0
2023/2024,steinkopf,namakwa district,namakwa district,17.73565,-29.26636,0,0,0,0,0,0,0,12,0,0,0,0,0,0,0,0,0,0,0,0,0,0,0,0,0,0,0,0,0,0,5,0
2024/2025,steinkopf,namakwa district,namakwa district,17.73565,-29.26636,0,0,0,0,0,0,0,14,0,0,0,0,0,0,0,0,0,0,0,0,0,0,0,0,0,0,0,0,0,0,2,0
2008/2009,stella,naledi,dr ruth segomotsi mompati,,,33,0,41,1,1,0,16,14,0,5,6,2,7,8,13,0,1,11,4,13,0,0,0,1,2,17,0,11,19,2,4,0
2009/2010,stella,naledi,dr ruth segomotsi mompati,,,37,1,24,1,0,0,12,14,0,6,12,1,4,3,15,0,1,4,1,10,1,1,0,2,1,13,0,4,19,4,4,0
2010/2011,stella,naledi,dr ruth segomotsi mompati,,,15,1,19,1,1,0,7,19,2,6,4,2,7,1,17,1,1,6,4,9,0,1,0,4,0,11,0,0,25,4,4,0
2011/2012,stella,naledi,dr ruth segomotsi mompati,,,24,2,24,2,0,0,9,10,0,5,9,4,7,2,7,0,1,5,1,15,0,0,0,1,0,16,0,1,28,3,3,0
2012/2013,stella,naledi,dr ruth segomotsi mompati,,,24,1,20,0,0,0,9,18,0,9,8,0,6,1,16,1,1,9,1,5,1,1,0,3,1,6,0,0,26,3,2,0
2013/2014,stella,naledi,dr ruth segomotsi mompati,,,12,1,31,1,1,0,6,11,0,8,11,0,6,0,21,1,13,6,2,7,1,0,0,3,3,11,0,1,30,2,4,0
2014/2015,stella,naledi,dr ruth segomotsi mompati,,,29,0,26,0,0,0,7,30,0,8,9,3,6,0,10,0,13,4,2,9,1,1,0,4,2,11,1,0,32,1,3,0
2015/2016,stella,naledi,dr ruth segomotsi mompati,,,26,2,42,3,0,1,8,22,1,6,11,2,6,0,10,2,14,10,2,9,0,0,0,2,0,9,0,3,29,4,6,0
2016/2017,stella,naledi,dr ruth segomotsi mompati,,,43,0,52,0,1,0,20,17,0,16,23,2,6,0,15,0,13,12,3,7,1,0,0,3,0,8,0,0,26,2,7,0
2017/2018,stella,naledi,dr ruth segomotsi mompati,,,36,1,61,2,1,0,14,28,0,10,21,5,7,2,9,2,13,18,3,13,2,1,0,4,2,17,0,1,26,3,8,0
2018/2019,stella,naledi,dr ruth segomotsi mompati,,,43,2,58,4,3,0,11,23,0,12,20,8,7,0,0,1,12,17,4,10,2,1,0,7,1,15,0,2,32,3,5,0
2019/2020,stella,naledi,dr ruth segomotsi mompati,,,39,0,60,2,0,0,16,59,1,10,19,4,7,0,1,0,13,12,3,12,0,1,0,6,2,15,0,0,14,0,13,0
2020/2021,stella,naledi,dr ruth segomotsi mompati,,,22,0,37,1,0,0,19,43,0,7,15,3,6,0,3,2,12,18,2,4,0,0,0,0,1,5,0,0,30,2,4,0
2021/2022,stella,naledi,dr ruth segomotsi mompati,,,28,1,34,2,0,0,13,37,0,9,27,1,6,1,1,2,13,8,3,9,5,0,0,8,2,11,0,0,24,1,9,0
2022/2023,stella,naledi,dr ruth segomotsi mompati,,,35,1,62,1,1,0,14,34,0,7,33,1,6,1,1,0,21,11,1,4,3,1,0,7,0,5,0,0,35,0,3,0
2023/2024,stella,dr ruth segomotsi mompati district,dr ruth segomotsi mompati district,,,0,0,0,0,0,0,0,54,0,0,0,0,0,0,0,0,0,0,0,0,0,3,0,0,0,0,0,0,0,2,5,0
2024/2025,stella,dr ruth segomotsi mompati district,dr ruth segomotsi mompati district,,,0,0,0,0,0,0,0,27,0,0,0,0,0,0,0,0,0,0,0,0,0,1,0,0,0,0,0,0,0,0,6,0
2008/2009,stellenbosch,stellenbosch,cape winelands,18.85592,-33.93575,1996,7,273,18,6,0,238,894,6,188,278,96,12,121,297,17,1,555,21,39,29,6,0,146,20,72,0,295,23,271,1085,0
2009/2010,stellenbosch,stellenbosch,cape winelands,18.85592,-33.93575,1743,2,261,20,4,0,296,945,3,216,283,117,17,208,361,16,1,449,34,77,19,8,0,146,17,107,0,282,13,223,1296,1
2010/2011,stellenbosch,stellenbosch,cape winelands,18.85592,-33.93575,1949,8,260,27,9,0,405,1056,3,302,248,198,33,147,327,13,1,289,30,63,38,17,0,201,17,104,0,283,7,241,1931,0
2011/2012,stellenbosch,stellenbosch,cape winelands,18.85592,-33.93575,1906,14,248,29,8,0,374,1097,8,314,280,189,12,132,332,14,1,246,24,77,25,23,0,222,22,114,0,281,11,242,1514,0
2012/2013,stellenbosch,stellenbosch,cape winelands,18.85592,-33.93575,1909,12,291,35,10,0,414,1276,7,280,306,227,16,83,253,13,1,310,25,72,23,36,1,327,18,110,0,255,12,324,1698,0
2013/2014,stellenbosch,stellenbosch,cape winelands,18.85592,-33.93575,2143,5,277,42,17,0,479,1137,10,275,338,233,8,74,332,21,24,324,26,79,64,58,0,388,16,116,1,285,8,210,1852,0
2014/2015,stellenbosch,stellenbosch,cape winelands,18.85592,-33.93575,2093,9,308,46,11,0,410,917,14,312,348,222,7,45,374,29,36,316,49,68,61,48,0,500,19,99,0,260,5,190,1819,1
2015/2016,stellenbosch,stellenbosch,cape winelands,18.85592,-33.93575,2379,11,304,48,11,0,429,1069,12,337,488,251,8,53,457,22,3,395,41,80,26,67,1,490,16,111,0,216,2,185,2747,0
2016/2017,stellenbosch,stellenbosch,cape winelands,18.85592,-33.93575,2426,13,316,38,5,0,434,1093,16,489,532,278,7,74,696,7,16,374,30,73,42,84,2,502,21,100,2,240,2,178,2253,0
2017/2018,stellenbosch,stellenbosch,cape winelands,18.85592,-33.93575,1950,14,348,32,5,0,334,1023,24,358,603,196,8,134,939,26,2,371,26,82,43,60,0,498,20,111,2,236,7,172,1840,1
2018/2019,stellenbosch,stellenbosch,cape winelands,18.85592,-33.93575,1776,21,301,21,10,0,235,675,15,413,577,211,5,132,775,26,37,472,32,57,30,38,0,417,20,90,1,258,5,120,1335,0
2019/2020,stellenbosch,stellenbosch,cape winelands,18.85592,-33.93575,1770,11,302,35,9,0,285,629,12,435,589,191,8,97,564,24,28,380,36,80,26,49,1,425,19,112,1,218,4,141,1267,1
2020/2021,stellenbosch,stellenbosch,cape winelands,18.85592,-33.93575,1144,9,230,32,4,0,235,443,17,372,447,95,10,97,312,22,51,347,22,63,29,45,0,267,17,90,1,131,13,74,520,11
2021/2022,stellenbosch,stellenbosch,cape winelands,18.85592,-33.93575,1375,6,287,45,5,0,219,502,12,490,495,154,5,168,371,9,4,370,39,91,32,52,1,347,24,123,1,152,3,99,969,0
2022/2023,stellenbosch,stellenbosch,cape winelands,18.85592,-33.93575,1542,12,294,31,6,0,220,440,6,589,532,261,5,127,682,15,27,369,33,70,50,43,0,422,22,101,0,162,11,121,1337,0
2023/2024,stellenbosch,cape winelands district,cape winelands district,18.85592,-33.93575,0,0,0,0,0,0,0,559,11,0,0,0,0,0,0,0,0,0,0,0,0,37,0,0,0,0,0,0,0,195,1329,0
2024/2025,stellenbosch,cape winelands district,cape winelands district,18.85592,-33.93575,0,0,0,0,0,0,0,429,9,0,0,0,0,0,0,0,0,0,0,0,0,53,0,0,0,0,0,0,0,168,1177,0
2008/2009,sterkspruit,senqu,joe gqabi,27.37134,-30.52837,109,6,196,7,2,0,12,211,0,37,60,64,8,23,62,10,1,76,28,37,3,3,0,9,21,64,0,42,32,5,14,0
2009/2010,sterkspruit,senqu,joe gqabi,27.37134,-30.52837,110,7,255,5,1,0,25,179,1,31,93,25,4,79,91,6,1,81,20,45,3,2,0,9,12,60,0,16,44,3,20,0
2010/2011,sterkspruit,senqu,joe gqabi,27.37134,-30.52837,134,8,277,7,3,0,31,172,0,26,111,40,9,52,120,10,1,60,26,57,5,3,0,12,16,81,0,22,39,14,20,0
2011/2012,sterkspruit,senqu,joe gqabi,27.37134,-30.52837,144,7,270,11,2,0,37,156,0,38,84,39,7,12,133,8,1,64,21,77,18,3,0,36,4,84,6,27,48,8,19,0
2012/2013,sterkspruit,senqu,joe gqabi,27.37134,-30.52837,177,11,247,15,1,0,98,129,0,37,91,35,6,24,70,6,1,95,35,71,18,7,1,41,17,89,0,42,41,7,21,0
2013/2014,sterkspruit,senqu,joe gqabi,27.37134,-30.52837,154,17,279,7,0,0,106,190,0,31,94,21,7,20,77,6,12,114,26,96,27,13,0,52,17,114,0,43,34,11,27,0
2014/2015,sterkspruit,senqu,joe gqabi,27.37134,-30.52837,180,10,286,10,6,0,99,221,0,26,134,43,6,7,113,4,14,99,25,74,13,8,0,45,13,93,0,68,41,7,35,0
2015/2016,sterkspruit,senqu,joe gqabi,27.37134,-30.52837,163,9,313,17,1,0,96,201,0,25,140,43,7,10,126,7,14,103,28,76,23,15,0,68,15,93,0,86,31,10,28,0
2016/2017,sterkspruit,senqu,joe gqabi,27.37134,-30.52837,193,16,359,15,3,0,90,195,2,30,103,51,7,22,150,8,23,105,29,87,11,13,0,54,12,103,0,52,31,3,47,0
2017/2018,sterkspruit,senqu,joe gqabi,27.37134,-30.52837,194,16,368,8,1,0,85,167,1,15,175,50,7,27,159,10,17,117,30,93,6,7,0,48,14,109,1,44,44,5,27,0
2018/2019,sterkspruit,senqu,joe gqabi,27.37134,-30.52837,265,15,366,8,3,0,75,230,3,20,205,56,6,29,163,6,24,134,37,68,15,8,0,79,27,98,0,76,44,16,38,0
2019/2020,sterkspruit,senqu,joe gqabi,27.37134,-30.52837,219,16,367,16,3,0,77,216,3,130,179,35,6,30,171,8,22,167,38,69,19,10,0,89,15,87,0,65,40,15,26,0
2020/2021,sterkspruit,senqu,joe gqabi,27.37134,-30.52837,121,13,336,10,0,0,115,234,0,162,209,32,4,18,84,10,22,184,26,59,28,9,0,86,18,79,0,24,24,5,34,0
2021/2022,sterkspruit,senqu,joe gqabi,27.37134,-30.52837,136,3,371,9,6,0,66,165,3,180,219,31,6,25,88,10,23,130,36,62,18,8,0,80,16,84,0,32,53,3,33,1
2022/2023,sterkspruit,senqu,joe gqabi,27.37134,-30.52837,154,7,412,10,0,0,80,139,7,93,207,33,7,8,56,9,2,148,26,80,15,9,0,90,21,102,0,64,64,7,34,0
2023/2024,sterkspruit,joe gqabi district,joe gqabi district,27.37134,-30.52837,0,0,0,0,0,0,0,147,0,0,0,0,0,0,0,0,0,0,0,0,0,32,0,0,0,0,0,0,0,5,62,0
2024/2025,sterkspruit,joe gqabi district,joe gqabi district,27.37134,-30.52837,0,0,0,0,0,0,0,186,2,0,0,0,0,0,0,0,0,0,0,0,0,8,0,0,0,0,0,0,0,5,45,0
2008/2009,sterkstroom,enoch mgijima,chris hani,26.55598,-31.55052,33,0,55,1,2,0,8,50,0,2,11,3,6,18,22,2,1,8,1,10,0,1,0,2,0,12,0,0,88,0,3,0
2009/2010,sterkstroom,enoch mgijima,chris hani,26.55598,-31.55052,13,0,39,3,0,0,13,32,0,4,5,2,6,15,31,1,1,9,5,13,0,0,0,1,1,14,0,1,44,1,3,0
2010/2011,sterkstroom,enoch mgijima,chris hani,26.55598,-31.55052,20,0,34,2,0,0,8,35,0,4,5,0,6,15,27,0,1,7,1,13,0,1,0,4,3,16,0,0,30,2,1,0
2011/2012,sterkstroom,enoch mgijima,chris hani,26.55598,-31.55052,10,0,42,2,0,0,15,20,0,1,9,0,6,9,26,2,1,7,1,18,1,1,0,3,0,18,0,0,46,2,0,0
2012/2013,sterkstroom,enoch mgijima,chris hani,26.55598,-31.55052,15,0,22,1,0,0,3,19,0,3,9,2,6,8,28,2,1,0,0,13,0,0,0,2,2,15,0,3,36,2,2,0
2013/2014,sterkstroom,enoch mgijima,chris hani,26.55598,-31.55052,20,0,33,0,0,0,11,25,0,0,5,1,6,2,26,0,13,11,2,17,2,0,0,3,1,18,0,0,23,2,0,0
2014/2015,sterkstroom,enoch mgijima,chris hani,26.55598,-31.55052,21,1,42,3,0,0,6,32,0,8,18,2,6,24,27,1,13,18,4,11,0,1,0,5,0,11,0,1,47,2,1,0
2015/2016,sterkstroom,enoch mgijima,chris hani,26.55598,-31.55052,21,7,47,2,1,0,9,38,0,1,17,1,6,7,23,0,13,42,3,14,1,0,0,3,2,17,0,0,38,0,1,0
2016/2017,sterkstroom,enoch mgijima,chris hani,26.55598,-31.55052,21,0,64,1,0,0,5,35,0,2,13,3,6,18,31,1,21,6,1,12,0,2,0,11,2,14,0,1,34,1,3,0
2017/2018,sterkstroom,enoch mgijima,chris hani,26.55598,-31.55052,19,0,52,5,0,0,15,35,0,3,9,0,6,18,25,1,12,9,7,14,1,3,0,7,1,15,0,0,22,2,1,0
2018/2019,sterkstroom,enoch mgijima,chris hani,26.55598,-31.55052,23,2,57,3,0,0,7,28,0,4,16,6,6,3,12,0,13,6,6,12,2,3,0,9,2,14,0,0,45,1,2,0
2019/2020,sterkstroom,enoch mgijima,chris hani,26.55598,-31.55052,13,1,59,2,1,0,15,46,0,3,14,2,6,1,9,0,13,7,3,9,1,2,0,6,0,10,0,0,27,0,7,0
2020/2021,sterkstroom,enoch mgijima,chris hani,26.55598,-31.55052,18,5,56,5,0,0,13,38,0,1,18,2,6,4,14,0,13,7,1,7,2,1,0,11,0,7,0,1,51,2,5,0
2021/2022,sterkstroom,enoch mgijima,chris hani,26.55598,-31.55052,14,1,50,4,0,0,6,21,0,3,31,4,6,8,15,0,13,12,6,8,0,0,0,4,2,10,0,0,36,0,2,2
2022/2023,sterkstroom,enoch mgijima,chris hani,26.55598,-31.55052,25,0,56,3,0,0,11,49,0,5,32,4,6,1,12,0,12,18,3,9,1,1,0,6,4,13,0,0,22,0,2,0
2023/2024,sterkstroom,chris hani district,chris hani district,26.55598,-31.55052,0,0,0,0,0,0,0,47,0,0,0,0,0,0,0,0,0,0,0,0,0,2,0,0,0,0,0,0,0,0,5,0
2024/2025,sterkstroom,chris hani district,chris hani district,26.55598,-31.55052,0,0,0,0,0,0,0,46,0,0,0,0,0,0,0,0,0,0,0,0,0,1,0,0,0,0,0,0,0,0,4,0
2008/2009,steunmekaar,kopanong,xhariep,25.52628,-29.49944,1,0,0,0,0,0,0,6,0,0,2,0,6,0,6,0,1,1,0,1,0,0,0,0,0,1,0,0,5,0,0,0
2009/2010,steunmekaar,kopanong,xhariep,25.52628,-29.49944,2,0,3,0,0,0,0,0,0,0,0,0,6,0,6,0,1,0,0,0,0,0,0,0,0,0,0,0,7,0,0,0
2010/2011,steunmekaar,kopanong,xhariep,25.52628,-29.49944,1,0,11,0,0,0,0,2,0,0,5,0,6,0,1,0,1,1,1,2,0,0,0,0,0,2,0,0,0,0,0,0
2011/2012,steunmekaar,kopanong,xhariep,25.52628,-29.49944,3,0,2,0,0,0,0,0,0,0,3,0,6,1,2,0,1,0,1,0,0,0,0,0,0,0,0,0,6,0,0,0
2012/2013,steunmekaar,kopanong,xhariep,25.52628,-29.49944,0,0,4,0,1,0,0,1,0,0,6,0,6,1,2,0,1,0,0,4,0,0,0,0,0,5,0,0,5,0,0,0
2013/2014,steunmekaar,kopanong,xhariep,25.52628,-29.49944,2,0,1,0,0,0,0,0,0,0,5,0,6,0,3,0,13,0,0,1,0,0,0,0,0,1,0,0,6,0,0,0
2014/2015,steunmekaar,kopanong,xhariep,25.52628,-29.49944,3,0,3,1,0,0,0,1,0,0,0,0,7,1,1,0,13,0,0,1,0,0,0,0,1,3,0,0,5,0,1,0
2015/2016,steunmekaar,kopanong,xhariep,25.52628,-29.49944,2,0,0,0,0,0,0,1,0,0,2,0,6,0,1,1,13,1,1,0,0,0,0,0,0,0,0,0,3,0,0,0
2016/2017,steunmekaar,kopanong,xhariep,25.52628,-29.49944,0,0,2,0,0,0,0,0,0,0,2,0,6,1,5,0,13,2,1,1,0,0,0,0,0,1,0,0,1,0,0,0
2017/2018,steunmekaar,kopanong,xhariep,25.52628,-29.49944,2,0,2,0,0,0,0,1,0,0,0,0,6,0,7,0,13,0,0,0,0,0,0,0,0,0,0,0,3,1,0,0
2018/2019,steunmekaar,kopanong,xhariep,25.52628,-29.49944,0,0,5,0,0,0,0,1,0,0,1,0,6,0,0,0,13,0,1,0,0,0,0,0,0,0,0,0,3,0,0,0
2019/2020,steunmekaar,kopanong,xhariep,25.52628,-29.49944,1,0,0,0,0,0,0,0,0,1,1,0,6,0,1,0,13,1,0,0,0,0,0,0,0,0,0,0,3,0,0,0
2020/2021,steunmekaar,kopanong,xhariep,25.52628,-29.49944,0,0,0,0,0,0,0,0,0,1,1,0,6,0,0,0,13,1,0,1,0,0,0,0,0,1,0,0,7,0,0,0
2021/2022,steunmekaar,kopanong,xhariep,25.52628,-29.49944,1,0,0,0,0,0,0,2,0,1,0,0,6,0,1,0,13,0,0,0,0,0,0,0,0,0,0,0,0,0,0,0
2022/2023,steunmekaar,kopanong,xhariep,25.52628,-29.49944,0,0,3,0,0,0,0,0,0,0,0,0,6,0,0,0,13,0,0,1,0,0,0,0,0,1,0,0,0,0,0,0
2023/2024,steunmekaar,xhariep district,xhariep district,25.52628,-29.49944,0,0,0,0,0,0,0,0,0,0,0,0,0,0,0,0,0,0,0,0,0,0,0,0,0,0,0,0,0,0,0,0
2024/2025,steunmekaar,xhariep district,xhariep district,25.52628,-29.49944,0,0,0,0,0,0,0,0,0,0,0,0,0,0,0,0,0,0,0,0,0,0,0,0,0,0,0,0,0,1,0,0
2008/2009,steve vukile tshwete,amahlathi,amathole,27.46567,-32.72903,21,3,92,3,6,0,3,52,3,1,38,8,6,0,6,1,1,27,9,22,0,3,0,11,1,29,0,0,23,3,1,0
2009/2010,steve vukile tshwete,amahlathi,amathole,27.46567,-32.72903,42,5,113,5,9,0,1,45,0,1,43,15,6,3,6,2,1,35,6,20,0,4,0,9,0,29,0,0,23,3,3,0
2010/2011,steve vukile tshwete,amahlathi,amathole,27.46567,-32.72903,44,1,140,2,7,0,6,59,0,3,19,13,7,7,3,0,1,35,5,24,0,1,0,7,3,35,0,0,13,0,3,0
2011/2012,steve vukile tshwete,amahlathi,amathole,27.46567,-32.72903,27,3,113,3,4,0,14,44,0,1,25,8,4,3,4,0,1,31,7,19,2,2,0,14,1,26,0,0,22,1,2,0
2012/2013,steve vukile tshwete,amahlathi,amathole,27.46567,-32.72903,45,7,102,3,2,0,11,39,0,0,19,16,7,2,3,1,1,36,10,39,4,2,0,10,1,43,0,0,47,2,2,0
2013/2014,steve vukile tshwete,amahlathi,amathole,27.46567,-32.72903,70,5,115,2,1,0,24,82,4,1,14,10,7,3,11,3,13,60,8,43,19,9,0,51,3,48,0,0,28,1,2,0
2014/2015,steve vukile tshwete,amahlathi,amathole,27.46567,-32.72903,49,4,88,3,3,0,19,84,0,0,6,12,6,2,13,6,13,56,8,20,11,13,0,41,1,24,0,0,58,3,2,0
2015/2016,steve vukile tshwete,amahlathi,amathole,27.46567,-32.72903,35,2,84,2,1,0,9,60,3,2,14,8,7,2,15,7,21,38,15,22,4,8,0,32,3,27,0,0,42,0,9,0
2016/2017,steve vukile tshwete,amahlathi,amathole,27.46567,-32.72903,31,4,64,1,2,0,7,48,0,2,7,6,7,0,12,2,13,25,6,12,1,7,0,21,2,17,0,0,49,1,3,0
2017/2018,steve vukile tshwete,amahlathi,amathole,27.46567,-32.72903,40,1,69,4,2,0,9,48,0,0,2,9,6,6,22,3,13,16,7,27,1,6,0,17,1,30,0,0,53,0,7,0
2018/2019,steve vukile tshwete,amahlathi,amathole,27.46567,-32.72903,40,0,82,2,4,0,11,87,0,2,7,4,6,0,24,6,13,30,11,20,0,2,0,8,6,30,0,0,45,2,5,0
2019/2020,steve vukile tshwete,amahlathi,amathole,27.46567,-32.72903,42,1,89,3,7,0,9,74,0,1,5,6,6,1,9,5,13,34,9,16,5,1,0,19,2,25,0,0,44,0,4,0
2020/2021,steve vukile tshwete,amahlathi,amathole,27.46567,-32.72903,30,3,75,11,1,0,8,68,0,3,10,4,6,1,8,1,13,29,6,16,12,11,0,32,2,19,0,0,39,1,4,0
2021/2022,steve vukile tshwete,amahlathi,amathole,27.46567,-32.72903,76,1,85,4,2,0,6,68,1,6,6,2,7,1,11,2,12,35,7,14,4,2,0,10,1,18,0,0,29,1,1,0
2022/2023,steve vukile tshwete,amahlathi,amathole,27.46567,-32.72903,41,2,85,4,4,0,18,77,0,3,10,5,6,2,16,1,13,37,11,10,0,2,0,5,5,19,0,0,43,0,0,0
2023/2024,steve vukile tshwete,amathole district,amathole district,27.46567,-32.72903,0,0,0,0,0,0,0,74,0,0,0,0,0,0,0,0,0,0,0,0,0,2,0,0,0,0,0,0,0,0,4,0
2024/2025,steve vukile tshwete,amathole district,amathole district,27.46567,-32.72903,0,0,0,0,0,0,0,68,1,0,0,0,0,0,0,0,0,0,0,0,0,3,0,0,0,0,0,0,0,4,8,0
2008/2009,steynsburg,walter sisulu,joe gqabi,25.82328,-31.29284,34,1,88,2,2,0,9,51,0,6,32,4,5,7,20,0,1,26,8,13,1,1,0,5,1,19,0,3,24,6,1,0
2009/2010,steynsburg,walter sisulu,joe gqabi,25.82328,-31.29284,33,4,96,6,1,0,8,59,0,6,25,7,6,9,10,0,1,29,4,8,2,2,0,7,3,12,0,6,34,3,5,0
2010/2011,steynsburg,walter sisulu,joe gqabi,25.82328,-31.29284,26,5,101,3,1,0,11,37,0,13,40,6,7,1,6,0,1,15,6,13,2,1,0,6,0,15,0,1,25,2,1,0
2011/2012,steynsburg,walter sisulu,joe gqabi,25.82328,-31.29284,44,2,84,2,1,0,8,31,0,7,26,6,6,12,10,6,1,18,6,10,2,0,0,4,1,12,0,1,30,3,4,0
2012/2013,steynsburg,walter sisulu,joe gqabi,25.82328,-31.29284,24,0,64,4,0,0,15,32,1,5,22,5,7,2,7,0,1,20,7,13,1,1,0,4,1,15,0,0,31,2,4,0
2013/2014,steynsburg,walter sisulu,joe gqabi,25.82328,-31.29284,23,2,71,4,0,0,15,20,0,0,17,3,4,2,6,0,13,14,4,10,1,0,0,2,1,13,0,0,36,3,2,0
2014/2015,steynsburg,walter sisulu,joe gqabi,25.82328,-31.29284,18,0,82,2,0,0,9,27,0,1,28,3,6,0,19,0,13,13,10,5,1,1,0,5,1,6,0,2,28,1,2,0
2015/2016,steynsburg,walter sisulu,joe gqabi,25.82328,-31.29284,13,0,75,3,0,0,10,27,0,6,15,1,7,4,25,0,13,8,7,12,2,2,0,4,3,16,0,0,31,1,1,0
2016/2017,steynsburg,walter sisulu,joe gqabi,25.82328,-31.29284,11,0,67,3,1,0,8,47,0,6,19,6,7,7,8,0,12,18,10,11,0,0,0,2,3,16,0,0,27,1,3,0
2017/2018,steynsburg,walter sisulu,joe gqabi,25.82328,-31.29284,14,0,57,3,1,0,8,33,0,4,26,5,6,5,25,2,12,11,6,10,3,2,0,9,2,13,0,1,19,1,4,0
2018/2019,steynsburg,walter sisulu,joe gqabi,25.82328,-31.29284,15,1,54,5,2,0,15,34,1,10,28,4,6,8,12,1,12,13,4,15,1,2,0,5,4,21,1,0,39,4,0,0
2019/2020,steynsburg,walter sisulu,joe gqabi,25.82328,-31.29284,21,3,52,3,0,0,5,43,0,7,29,1,7,5,8,0,12,24,3,12,1,2,0,4,2,15,0,0,28,0,4,0
2020/2021,steynsburg,walter sisulu,joe gqabi,25.82328,-31.29284,28,3,54,5,0,0,17,39,0,7,24,2,6,5,12,0,13,17,6,11,1,3,0,7,3,14,0,0,33,0,1,0
2021/2022,steynsburg,walter sisulu,joe gqabi,25.82328,-31.29284,22,0,59,4,0,0,6,33,0,4,32,2,6,1,3,0,12,28,0,8,2,0,0,7,0,8,0,0,22,2,4,0
2022/2023,steynsburg,walter sisulu,joe gqabi,25.82328,-31.29284,26,1,79,1,0,0,7,42,0,9,40,3,6,5,13,1,13,22,6,10,1,3,0,10,2,12,0,0,17,0,3,0
2023/2024,steynsburg,joe gqabi district,joe gqabi district,25.82328,-31.29284,0,0,0,0,0,0,0,34,0,0,0,0,0,0,0,0,0,0,0,0,0,1,0,0,0,0,0,0,0,0,0,0
2024/2025,steynsburg,joe gqabi district,joe gqabi district,25.82328,-31.29284,0,0,0,0,0,0,0,16,0,0,0,0,0,0,0,0,0,0,0,0,0,0,0,0,0,0,0,0,0,0,0,0
2008/2009,steynsrus,moqhaka,fezile dabi,27.56381,-27.95346,61,1,45,2,2,0,21,37,0,3,35,3,7,5,17,1,1,11,2,6,0,1,0,2,0,9,0,0,52,1,2,0
2009/2010,steynsrus,moqhaka,fezile dabi,27.56381,-27.95346,39,1,54,3,0,0,15,45,0,2,36,7,7,3,15,0,1,13,2,9,1,0,0,3,2,12,0,0,55,2,1,0
2010/2011,steynsrus,moqhaka,fezile dabi,27.56381,-27.95346,20,0,36,2,0,0,9,36,0,2,33,3,7,2,7,0,1,10,4,15,0,0,0,2,1,17,0,1,44,3,5,0
2011/2012,steynsrus,moqhaka,fezile dabi,27.56381,-27.95346,29,1,30,0,0,0,13,21,0,1,39,2,6,0,10,0,1,8,1,10,2,0,0,4,5,15,0,1,48,4,1,0
2012/2013,steynsrus,moqhaka,fezile dabi,27.56381,-27.95346,24,0,33,3,1,0,15,20,1,2,22,0,6,0,40,0,1,15,2,6,1,0,0,3,1,8,0,0,47,2,2,0
2013/2014,steynsrus,moqhaka,fezile dabi,27.56381,-27.95346,37,1,32,1,0,0,12,27,0,2,26,1,6,1,33,0,13,10,2,8,0,0,0,1,3,11,0,0,44,0,2,0
2014/2015,steynsrus,moqhaka,fezile dabi,27.56381,-27.95346,26,2,23,1,0,0,5,12,0,3,22,1,6,2,30,0,13,17,3,3,0,0,0,0,2,5,0,0,54,0,4,0
2015/2016,steynsrus,moqhaka,fezile dabi,27.56381,-27.95346,27,0,36,0,0,0,9,21,1,2,27,0,6,0,15,0,13,15,1,7,0,3,0,4,1,8,0,0,47,1,0,0
2016/2017,steynsrus,moqhaka,fezile dabi,27.56381,-27.95346,23,1,40,1,1,0,21,27,0,1,42,3,6,0,28,0,13,22,2,5,0,1,0,2,0,6,1,0,56,1,0,0
2017/2018,steynsrus,moqhaka,fezile dabi,27.56381,-27.95346,18,1,35,2,1,0,21,26,0,9,33,2,6,3,40,1,13,13,3,9,2,0,0,2,1,11,0,0,67,6,3,0
2018/2019,steynsrus,moqhaka,fezile dabi,27.56381,-27.95346,31,0,29,0,1,0,23,23,0,1,51,1,6,4,9,2,13,15,1,12,0,1,0,4,3,16,0,2,80,1,3,0
2019/2020,steynsrus,moqhaka,fezile dabi,27.56381,-27.95346,23,0,23,0,0,0,25,29,1,1,20,0,6,3,3,1,13,24,1,10,1,1,0,4,0,10,0,0,43,2,2,0
2020/2021,steynsrus,moqhaka,fezile dabi,27.56381,-27.95346,31,0,18,0,1,0,18,24,0,3,31,2,6,0,6,0,13,11,2,6,3,1,0,6,2,9,0,2,35,0,3,0
2021/2022,steynsrus,moqhaka,fezile dabi,27.56381,-27.95346,31,0,25,2,1,0,6,26,1,3,29,2,6,0,1,0,13,12,2,2,0,0,0,2,1,4,0,0,30,0,1,0
2022/2023,steynsrus,moqhaka,fezile dabi,27.56381,-27.95346,29,0,26,1,0,0,6,30,0,6,37,3,6,1,5,1,13,19,0,4,1,0,0,1,3,7,0,0,34,0,4,0
2023/2024,steynsrus,fezile dabi district,fezile dabi district,27.56381,-27.95346,0,0,0,0,0,0,0,34,0,0,0,0,0,0,0,0,0,0,0,0,0,0,0,0,0,0,0,0,0,1,1,0
2024/2025,steynsrus,fezile dabi district,fezile dabi district,27.56381,-27.95346,0,0,0,0,0,0,0,30,1,0,0,0,0,0,0,0,0,0,0,0,0,0,0,0,0,0,0,0,0,1,3,0
2008/2009,steytlerville,dr beyers naude,sarah baartman,24.34185,-33.32752,29,0,38,3,0,0,7,35,0,2,31,0,7,0,7,0,1,21,3,6,0,0,0,1,0,7,0,0,10,1,2,0
2009/2010,steytlerville,dr beyers naude,sarah baartman,24.34185,-33.32752,22,0,44,4,1,0,6,41,0,2,27,2,4,2,22,0,1,21,1,4,0,1,0,1,2,9,0,0,13,0,3,0
2010/2011,steytlerville,dr beyers naude,sarah baartman,24.34185,-33.32752,19,0,25,1,1,0,3,19,0,4,11,1,6,4,21,0,1,11,1,6,0,0,0,0,1,8,0,0,7,0,0,0
2011/2012,steytlerville,dr beyers naude,sarah baartman,24.34185,-33.32752,20,0,21,1,0,0,6,28,0,1,18,0,6,7,28,1,1,12,3,3,0,0,0,1,0,3,0,0,5,0,2,1
2012/2013,steytlerville,dr beyers naude,sarah baartman,24.34185,-33.32752,21,0,33,0,0,0,6,39,0,1,22,0,6,1,30,0,1,8,1,6,0,0,0,0,3,9,0,1,2,3,0,0
2013/2014,steytlerville,dr beyers naude,sarah baartman,24.34185,-33.32752,25,0,26,2,0,0,6,34,0,1,24,0,6,3,24,1,13,7,3,10,0,0,0,0,2,12,0,0,10,1,0,0
2014/2015,steytlerville,dr beyers naude,sarah baartman,24.34185,-33.32752,16,0,28,0,0,0,10,26,0,2,14,0,6,1,31,1,13,9,2,7,0,0,0,0,1,8,0,0,11,1,7,0
2015/2016,steytlerville,dr beyers naude,sarah baartman,24.34185,-33.32752,16,0,34,0,0,0,6,28,0,0,25,2,7,7,14,2,13,11,0,6,0,0,0,1,3,10,0,1,14,0,4,0
2016/2017,steytlerville,dr beyers naude,sarah baartman,24.34185,-33.32752,14,0,26,1,0,0,6,32,0,3,19,0,6,5,22,0,13,11,2,4,0,0,0,1,2,6,0,0,19,0,5,0
2017/2018,steytlerville,dr beyers naude,sarah baartman,24.34185,-33.32752,24,0,44,4,0,0,5,39,0,0,20,1,6,7,22,0,13,12,1,3,0,0,0,0,2,5,0,0,16,0,1,0
2018/2019,steytlerville,dr beyers naude,sarah baartman,24.34185,-33.32752,20,0,39,0,0,0,14,33,0,2,18,3,6,2,11,1,13,10,1,5,0,1,0,2,1,6,0,0,13,0,3,0
2019/2020,steytlerville,dr beyers naude,sarah baartman,24.34185,-33.32752,16,0,33,1,1,0,4,28,0,1,16,4,6,3,6,1,13,11,1,10,0,0,0,1,0,11,0,0,8,0,4,0
2020/2021,steytlerville,dr beyers naude,sarah baartman,24.34185,-33.32752,26,0,25,0,0,0,7,27,0,1,24,0,6,8,6,0,13,5,2,4,0,0,0,1,2,6,0,1,18,1,4,0
2021/2022,steytlerville,dr beyers naude,sarah baartman,24.34185,-33.32752,26,0,33,1,0,0,1,19,0,2,20,2,6,4,7,1,13,14,1,2,0,0,0,1,0,2,0,0,19,0,1,0
2022/2023,steytlerville,dr beyers naude,sarah baartman,24.34185,-33.32752,41,0,32,2,0,0,3,56,0,5,29,2,6,2,8,1,13,23,2,5,0,1,0,2,0,5,0,3,19,0,5,0
2023/2024,steytlerville,sarah baartman district,sarah baartman district,24.34185,-33.32752,0,0,0,0,0,0,0,32,0,0,0,0,0,0,0,0,0,0,0,0,0,0,0,0,0,0,0,0,0,0,2,0
2024/2025,steytlerville,sarah baartman district,sarah baartman district,24.34185,-33.32752,0,0,0,0,0,0,0,33,0,0,0,0,0,0,0,0,0,0,0,0,0,0,0,0,0,0,0,0,0,0,0,0
2008/2009,stilfontein,city of matlosana,dr kenneth kaunda,26.7773,-26.84451,421,1,82,11,2,0,41,79,1,57,92,8,11,102,180,1,1,78,5,16,2,11,0,32,7,33,0,7,6,24,48,3
2009/2010,stilfontein,city of matlosana,dr kenneth kaunda,26.7773,-26.84451,354,5,81,9,2,0,50,79,0,83,101,33,17,92,127,3,1,79,6,22,4,2,0,19,8,41,0,15,21,17,59,0
2010/2011,stilfontein,city of matlosana,dr kenneth kaunda,26.7773,-26.84451,390,0,88,11,1,0,81,94,0,80,73,27,5,75,75,2,1,67,4,18,5,4,0,19,3,25,0,10,13,10,63,0
2011/2012,stilfontein,city of matlosana,dr kenneth kaunda,26.7773,-26.84451,358,3,75,8,1,0,77,94,1,73,62,31,8,93,44,1,1,57,2,19,6,1,0,20,7,31,1,9,11,25,36,0
2012/2013,stilfontein,city of matlosana,dr kenneth kaunda,26.7773,-26.84451,353,1,67,11,3,0,58,139,1,50,66,24,7,68,78,4,1,69,4,26,9,3,0,33,8,38,0,5,7,14,54,1
2013/2014,stilfontein,city of matlosana,dr kenneth kaunda,26.7773,-26.84451,282,2,70,18,0,0,62,113,0,23,59,21,7,62,45,7,23,67,13,25,8,4,0,38,3,29,1,5,5,27,60,0
2014/2015,stilfontein,city of matlosana,dr kenneth kaunda,26.7773,-26.84451,274,2,67,23,0,0,82,137,2,33,75,15,4,30,58,4,21,103,10,23,13,7,0,49,2,27,0,3,12,16,56,0
2015/2016,stilfontein,city of matlosana,dr kenneth kaunda,26.7773,-26.84451,248,3,36,14,1,0,62,175,3,22,59,13,5,38,37,4,13,61,11,16,6,8,0,43,3,23,0,16,19,11,45,0
2016/2017,stilfontein,city of matlosana,dr kenneth kaunda,26.7773,-26.84451,164,1,36,13,1,0,40,185,0,25,34,8,5,33,39,6,13,32,11,15,7,5,0,34,3,22,0,6,5,15,42,1
2017/2018,stilfontein,city of matlosana,dr kenneth kaunda,26.7773,-26.84451,159,0,55,6,0,0,23,102,1,13,33,17,8,52,56,0,14,34,4,17,6,11,0,33,6,27,0,4,12,10,82,0
2018/2019,stilfontein,city of matlosana,dr kenneth kaunda,26.7773,-26.84451,162,0,33,17,1,0,33,116,1,21,62,9,7,35,32,11,23,40,12,28,4,8,0,32,10,40,0,7,6,9,69,0
2019/2020,stilfontein,city of matlosana,dr kenneth kaunda,26.7773,-26.84451,159,1,28,4,0,0,31,111,0,25,52,12,6,22,7,0,14,31,9,21,5,5,0,27,5,26,0,3,7,6,57,0
2020/2021,stilfontein,city of matlosana,dr kenneth kaunda,26.7773,-26.84451,137,1,22,11,1,0,29,84,2,39,48,7,7,10,11,22,13,48,10,9,4,7,0,34,2,13,0,1,15,8,39,0
2021/2022,stilfontein,city of matlosana,dr kenneth kaunda,26.7773,-26.84451,176,2,27,6,0,0,34,93,6,56,45,17,7,8,11,6,14,33,11,9,6,5,0,35,5,15,0,2,11,5,49,0
2022/2023,stilfontein,city of matlosana,dr kenneth kaunda,26.7773,-26.84451,163,0,35,12,2,0,33,123,3,53,62,15,4,10,17,38,21,27,16,8,7,8,0,46,2,14,1,3,7,30,45,0
2023/2024,stilfontein,dr kenneth kaunda district,dr kenneth kaunda district,26.7773,-26.84451,0,0,0,0,0,0,0,79,4,0,0,0,0,0,0,0,0,0,0,0,0,3,0,0,0,0,0,0,0,9,38,0
2024/2025,stilfontein,dr kenneth kaunda district,dr kenneth kaunda district,26.7773,-26.84451,0,0,0,0,0,0,0,53,4,0,0,0,0,0,0,0,0,0,0,0,0,3,0,0,0,0,0,0,0,22,47,0
2008/2009,still bay,hessequa,garden route,21.41184,-34.37743,47,0,26,0,1,0,12,21,0,8,28,1,6,34,44,0,1,12,0,5,2,1,0,3,1,7,0,5,0,3,2,0
2009/2010,still bay,hessequa,garden route,21.41184,-34.37743,50,1,29,1,0,0,9,32,0,9,46,0,6,49,87,2,1,16,3,7,1,0,0,1,3,10,0,5,0,5,7,0
2010/2011,still bay,hessequa,garden route,21.41184,-34.37743,51,0,26,2,0,0,11,37,0,9,49,3,6,28,69,0,1,23,4,9,0,1,0,2,1,10,0,3,0,1,9,0
2011/2012,still bay,hessequa,garden route,21.41184,-34.37743,49,1,30,1,0,0,8,30,0,9,45,0,7,25,85,1,1,14,1,9,0,0,0,1,2,12,1,4,1,0,7,0
2012/2013,still bay,hessequa,garden route,21.41184,-34.37743,74,1,36,1,2,0,12,45,0,14,56,2,6,36,92,0,1,14,0,6,0,1,0,1,1,9,0,2,1,2,10,0
2013/2014,still bay,hessequa,garden route,21.41184,-34.37743,56,0,36,1,2,0,13,59,0,8,48,3,7,42,123,0,13,25,3,1,0,0,0,2,3,7,0,3,1,4,11,0
2014/2015,still bay,hessequa,garden route,21.41184,-34.37743,59,0,50,0,2,0,11,59,0,6,53,1,7,53,152,0,12,32,2,3,0,1,0,4,2,8,0,8,1,0,8,0
2015/2016,still bay,hessequa,garden route,21.41184,-34.37743,73,1,33,1,1,0,8,54,0,14,47,3,6,34,189,2,13,26,2,9,2,1,0,7,2,12,0,7,4,3,10,0
2016/2017,still bay,hessequa,garden route,21.41184,-34.37743,76,1,34,0,1,0,6,73,0,7,83,3,6,24,274,0,13,30,0,5,1,0,0,1,2,8,0,7,2,3,11,0
2017/2018,still bay,hessequa,garden route,21.41184,-34.37743,70,2,45,1,0,0,14,66,0,16,51,0,6,28,361,1,13,24,3,4,0,4,0,9,1,5,0,4,0,2,14,0
2018/2019,still bay,hessequa,garden route,21.41184,-34.37743,70,0,47,5,3,0,10,70,0,39,72,2,7,24,151,0,13,30,2,1,2,3,0,6,0,5,0,7,1,8,5,0
2019/2020,still bay,hessequa,garden route,21.41184,-34.37743,57,0,37,0,2,0,2,53,0,18,53,3,6,24,42,0,13,18,1,6,1,1,0,5,1,9,0,3,1,3,8,0
2020/2021,still bay,hessequa,garden route,21.41184,-34.37743,52,0,32,0,0,0,10,35,0,23,46,1,6,15,67,1,13,15,2,4,0,1,0,1,0,4,0,2,3,3,11,0
2021/2022,still bay,hessequa,garden route,21.41184,-34.37743,70,0,50,0,1,0,6,24,0,49,59,0,6,15,124,0,13,31,3,3,0,0,0,0,1,5,0,12,1,2,5,0
2022/2023,still bay,hessequa,garden route,21.41184,-34.37743,101,0,50,0,0,0,6,47,0,83,61,3,6,15,137,1,13,20,0,0,1,1,0,4,4,4,0,5,0,1,10,0
2023/2024,still bay,garden route district,garden route district,21.41184,-34.37743,0,0,0,0,0,0,0,61,0,0,0,0,0,0,0,0,0,0,0,0,0,0,0,0,0,0,0,0,0,0,3,0
2024/2025,still bay,garden route district,garden route district,21.41184,-34.37743,0,0,0,0,0,0,0,48,0,0,0,0,0,0,0,0,0,0,0,0,0,0,0,0,0,0,0,0,0,0,11,0
2023/2024,storms river,sarah baartman district,sarah baartman district,,,0,0,0,0,0,0,0,62,0,0,0,0,0,0,0,0,0,0,0,0,0,9,0,0,0,0,0,0,0,0,10,0
2024/2025,storms river,sarah baartman district,sarah baartman district,,,0,0,0,0,0,0,0,28,0,0,0,0,0,0,0,0,0,0,0,0,0,9,0,0,0,0,0,0,0,0,12,0
2008/2009,storms water,,,,,70,2,97,1,3,0,18,72,0,2,56,3,4,12,17,3,1,28,5,13,1,2,0,7,3,21,0,0,8,1,9,0
2009/2010,storms water,,,,,54,6,64,2,0,0,28,69,0,4,29,7,6,12,20,2,1,28,5,15,0,0,0,1,1,16,0,0,7,4,12,0
2010/2011,storms water,,,,,58,1,75,0,0,0,20,58,0,6,28,4,6,18,42,0,1,12,1,12,5,0,0,8,5,17,0,0,7,3,4,0
2011/2012,storms water,,,,,38,5,61,1,1,0,23,45,0,5,21,6,6,17,56,2,1,4,5,8,3,2,0,5,3,12,0,2,6,3,4,0
2012/2013,storms water,,,,,24,1,45,0,3,0,17,30,0,5,20,5,6,15,84,3,1,14,4,13,2,2,0,7,2,18,0,2,6,1,9,0
2013/2014,storms water,,,,,66,1,39,1,-1,0,16,138,0,6,20,5,6,12,84,1,13,38,4,5,1,7,0,15,1,5,0,1,1,0,29,0
2014/2015,storms water,,,,,52,0,45,3,0,0,12,92,0,5,24,2,4,24,124,0,13,19,1,7,0,7,0,12,3,12,0,1,0,2,22,0
2015/2016,storms water,,,,,39,3,41,0,0,0,14,48,0,4,20,1,7,24,93,5,13,6,7,9,2,1,0,4,1,11,0,1,3,0,9,0
2016/2017,storms water,,,,,41,2,42,1,0,0,21,73,0,8,20,5,6,24,106,3,13,14,4,9,2,2,0,7,1,10,0,3,2,2,12,0
2017/2018,storms water,,,,,51,1,46,1,1,0,24,89,0,9,12,1,6,22,112,11,13,14,6,14,3,1,0,6,1,16,0,2,3,0,6,0
2018/2019,storms water,,,,,61,2,50,0,2,0,20,71,0,5,20,4,7,11,131,4,13,18,2,12,9,1,0,11,1,16,0,2,2,2,9,0
2019/2020,storms water,,,,,59,0,39,1,0,0,17,56,1,5,26,5,6,29,81,0,13,17,4,12,2,0,0,4,0,12,0,2,4,1,14,0
2020/2021,storms water,,,,,52,0,41,2,0,0,27,54,0,7,26,1,6,14,68,0,13,14,2,4,2,1,0,6,1,5,0,0,3,0,7,0
2021/2022,storms water,,,,,39,2,65,3,1,0,18,55,0,7,26,3,6,32,95,0,13,21,4,4,4,3,0,10,3,8,0,0,1,1,6,0
2022/2023,storms water,,,,,60,2,79,1,2,0,21,48,0,14,17,3,6,26,91,1,21,29,2,12,0,1,0,3,1,15,0,0,6,0,10,0
2008/2009,strand,city of cape town,city of cape town,18.83286,-34.11592,1822,10,272,35,3,0,204,1179,2,185,533,154,10,185,419,32,1,623,36,51,33,23,1,162,35,95,0,167,0,258,761,0
2009/2010,strand,city of cape town,city of cape town,18.83286,-34.11592,1335,7,153,3,3,0,225,718,2,171,387,113,4,218,468,27,1,384,9,31,12,7,0,93,21,57,0,132,0,291,661,0
2010/2011,strand,city of cape town,city of cape town,18.83286,-34.11592,1304,2,118,3,0,0,218,708,2,210,306,65,8,254,526,20,1,332,4,40,14,8,0,72,15,59,0,90,0,288,670,0
2011/2012,strand,city of cape town,city of cape town,18.83286,-34.11592,1803,5,123,11,3,0,180,741,2,137,338,56,5,190,640,26,1,407,6,27,27,9,1,116,16,49,0,77,0,276,766,0
2012/2013,strand,city of cape town,city of cape town,18.83286,-34.11592,1625,0,142,18,3,0,200,909,0,90,373,125,9,200,751,27,1,364,10,28,32,10,0,132,4,40,5,61,0,243,769,0
2013/2014,strand,city of cape town,city of cape town,18.83286,-34.11592,1621,6,168,17,2,0,220,788,6,127,443,95,9,247,854,40,21,313,13,43,30,10,0,136,18,68,5,54,0,215,695,0
2014/2015,strand,city of cape town,city of cape town,18.83286,-34.11592,1587,6,151,16,2,0,184,598,5,104,503,107,8,290,1039,42,13,354,14,31,35,9,0,223,7,44,5,62,0,147,521,1
2015/2016,strand,city of cape town,city of cape town,18.83286,-34.11592,1520,5,134,13,0,0,122,474,13,107,559,80,7,328,1204,27,24,325,18,28,23,7,0,196,8,37,4,63,0,138,510,0
2016/2017,strand,city of cape town,city of cape town,18.83286,-34.11592,1355,8,108,35,0,0,113,434,11,115,565,89,8,253,1554,38,24,329,15,28,28,8,0,203,12,44,2,75,0,183,383,1
2017/2018,strand,city of cape town,city of cape town,18.83286,-34.11592,1240,6,88,49,1,0,139,489,3,122,476,86,4,162,1917,72,12,333,14,31,23,10,0,208,7,41,2,74,0,141,465,0
2018/2019,strand,city of cape town,city of cape town,18.83286,-34.11592,1033,7,106,87,1,0,152,507,13,159,452,114,6,130,1206,75,22,309,34,24,28,19,0,226,9,34,2,56,0,142,447,0
2019/2020,strand,city of cape town,city of cape town,18.83286,-34.11592,767,8,101,68,3,0,147,600,7,163,407,112,4,109,566,62,14,377,34,32,33,11,0,242,12,49,0,54,0,128,506,1
2020/2021,strand,city of cape town,city of cape town,18.83286,-34.11592,661,3,95,58,6,0,136,368,7,198,364,63,4,25,253,26,23,256,25,30,34,13,0,162,9,47,0,65,0,87,321,0
2021/2022,strand,city of cape town,city of cape town,18.83286,-34.11592,679,7,96,53,2,0,143,345,5,285,296,63,7,46,654,59,24,283,20,37,34,13,0,177,14,54,0,36,0,109,293,0
2022/2023,strand,city of cape town,city of cape town,18.83286,-34.11592,736,4,112,58,1,0,92,280,6,375,424,77,4,34,1381,54,24,314,21,39,24,13,0,217,24,66,0,30,0,145,273,0
2023/2024,strand,city of cape town district,city of cape town district,18.83286,-34.11592,0,0,0,0,0,0,0,277,3,0,0,0,0,0,0,0,0,0,0,0,0,16,0,0,0,0,0,0,0,149,285,0
2024/2025,strand,city of cape town district,city of cape town district,18.83286,-34.11592,0,0,0,0,0,0,0,265,4,0,0,0,0,0,0,0,0,0,0,0,0,15,0,0,0,0,0,0,0,141,304,0
2008/2009,strandfontein,city of cape town,city of cape town,18.57684,-34.07212,400,1,34,3,0,0,3,160,1,15,158,43,17,84,342,3,1,117,5,21,3,0,0,34,12,42,0,5,0,61,169,0
2009/2010,strandfontein,city of cape town,city of cape town,18.57684,-34.07212,367,2,45,2,2,0,8,191,1,16,154,36,10,64,368,2,1,80,2,6,2,4,0,25,10,24,0,15,0,58,129,0
2010/2011,strandfontein,city of cape town,city of cape town,18.57684,-34.07212,366,4,31,2,1,0,6,157,1,30,137,28,4,61,420,6,1,74,3,11,6,2,0,44,7,21,0,11,0,60,123,0
2011/2012,strandfontein,city of cape town,city of cape town,18.57684,-34.07212,446,1,49,2,0,0,7,301,3,20,134,49,7,56,296,5,1,98,1,12,1,3,0,60,3,16,0,8,0,42,197,0
2012/2013,strandfontein,city of cape town,city of cape town,18.57684,-34.07212,378,1,39,5,2,0,16,251,4,20,131,65,8,55,424,2,1,79,4,10,2,5,1,58,6,22,6,7,0,67,147,0
2013/2014,strandfontein,city of cape town,city of cape town,18.57684,-34.07212,444,3,43,7,0,0,16,370,2,22,124,55,5,46,329,2,21,110,2,10,12,4,0,89,3,16,0,10,0,114,221,0
2014/2015,strandfontein,city of cape town,city of cape town,18.57684,-34.07212,481,0,49,5,1,0,14,255,11,16,117,62,6,60,345,4,22,105,5,8,5,3,0,99,7,16,0,10,0,72,177,0
2015/2016,strandfontein,city of cape town,city of cape town,18.57684,-34.07212,480,4,41,4,3,0,12,233,7,21,118,72,6,46,533,5,23,119,7,11,8,1,0,95,10,24,0,12,0,74,159,0
2016/2017,strandfontein,city of cape town,city of cape town,18.57684,-34.07212,423,0,39,2,0,0,18,243,9,19,140,51,4,89,548,3,21,98,3,5,6,7,0,92,6,13,0,5,0,53,124,1
2017/2018,strandfontein,city of cape town,city of cape town,18.57684,-34.07212,328,0,30,4,0,0,14,205,9,31,124,53,4,115,349,10,12,103,4,9,10,2,0,103,6,17,0,7,0,51,89,0
2018/2019,strandfontein,city of cape town,city of cape town,18.57684,-34.07212,319,1,24,1,2,0,20,128,2,31,114,18,4,93,220,5,17,92,10,9,5,4,0,56,7,20,0,11,0,44,72,0
2019/2020,strandfontein,city of cape town,city of cape town,18.57684,-34.07212,233,1,21,4,1,0,18,121,8,36,104,36,7,56,180,2,12,90,7,15,6,0,0,69,7,24,0,7,0,38,83,0
2020/2021,strandfontein,city of cape town,city of cape town,18.57684,-34.07212,173,2,28,3,0,0,9,67,3,26,78,18,7,15,265,5,21,48,1,11,2,9,0,54,9,21,0,12,0,28,58,3
2021/2022,strandfontein,city of cape town,city of cape town,18.57684,-34.07212,236,2,28,6,3,0,7,102,11,71,103,18,7,57,276,3,21,81,6,13,3,15,0,84,4,21,0,3,0,48,45,0
2022/2023,strandfontein,city of cape town,city of cape town,18.57684,-34.07212,168,1,22,2,2,0,6,93,7,73,114,23,4,73,108,2,14,110,1,13,2,5,0,58,4,21,0,13,0,36,73,0
2023/2024,strandfontein,city of cape town district,city of cape town district,18.57684,-34.07212,0,0,0,0,0,0,0,85,3,0,0,0,0,0,0,0,0,0,0,0,0,2,0,0,0,0,0,0,0,46,43,0
2024/2025,strandfontein,city of cape town district,city of cape town district,18.57684,-34.07212,0,0,0,0,0,0,0,83,4,0,0,0,0,0,0,0,0,0,0,0,0,1,0,0,0,0,0,0,0,23,50,0
2008/2009,struisbaai,cape agulhas,overberg,20.05088,-34.80059,48,0,25,1,0,0,4,26,0,5,51,1,7,7,28,0,1,16,2,3,0,0,0,1,1,5,0,3,0,0,9,0
2009/2010,struisbaai,cape agulhas,overberg,20.05088,-34.80059,44,1,28,1,0,0,6,34,0,5,45,1,6,4,38,2,1,17,1,7,0,0,0,0,4,11,0,1,0,2,9,0
2010/2011,struisbaai,cape agulhas,overberg,20.05088,-34.80059,63,0,34,1,0,0,13,57,0,4,66,1,7,9,63,1,1,23,2,6,1,0,0,3,1,8,0,2,1,0,39,0
2011/2012,struisbaai,cape agulhas,overberg,20.05088,-34.80059,55,0,51,0,0,0,19,52,0,6,52,1,6,12,68,1,1,18,0,2,0,0,0,0,2,4,1,1,0,0,18,0
2012/2013,struisbaai,cape agulhas,overberg,20.05088,-34.80059,50,0,29,0,1,0,7,52,0,4,61,0,6,10,65,0,1,21,1,4,0,1,0,2,4,9,0,0,0,0,13,0
2013/2014,struisbaai,cape agulhas,overberg,20.05088,-34.80059,43,1,31,0,2,0,6,38,0,2,40,0,4,15,77,3,12,16,2,5,0,2,0,2,5,14,0,1,0,1,34,0
2014/2015,struisbaai,cape agulhas,overberg,20.05088,-34.80059,35,0,43,0,0,0,8,44,0,6,39,1,7,9,79,3,13,19,0,4,0,3,0,4,1,6,0,2,0,1,12,0
2015/2016,struisbaai,cape agulhas,overberg,20.05088,-34.80059,39,1,35,0,1,0,3,43,0,8,39,2,6,7,94,0,13,13,0,3,0,2,0,3,5,9,0,1,1,0,12,0
2016/2017,struisbaai,cape agulhas,overberg,20.05088,-34.80059,42,3,34,2,0,0,1,37,0,4,49,0,6,8,126,1,12,20,1,1,0,1,0,4,4,5,0,1,0,2,26,0
2017/2018,struisbaai,cape agulhas,overberg,20.05088,-34.80059,46,0,48,1,1,0,3,99,0,7,46,2,7,5,106,0,13,16,1,2,0,2,0,5,1,5,0,1,0,2,35,0
2018/2019,struisbaai,cape agulhas,overberg,20.05088,-34.80059,54,1,53,2,1,0,2,81,0,15,36,0,7,7,74,1,12,20,0,2,0,0,0,0,6,10,0,1,0,1,15,0
2019/2020,struisbaai,cape agulhas,overberg,20.05088,-34.80059,30,0,32,2,0,0,4,39,0,15,81,1,6,11,75,0,21,15,2,1,0,0,0,0,0,1,0,1,0,0,10,0
2020/2021,struisbaai,cape agulhas,overberg,20.05088,-34.80059,41,2,27,6,0,0,5,35,0,10,36,0,6,18,63,2,13,12,1,2,0,4,0,7,1,3,0,0,0,0,11,0
2021/2022,struisbaai,cape agulhas,overberg,20.05088,-34.80059,32,2,35,5,0,0,1,39,0,26,40,2,7,5,59,0,12,20,2,4,0,0,0,0,3,8,0,1,0,0,7,0
2022/2023,struisbaai,cape agulhas,overberg,20.05088,-34.80059,55,0,50,5,0,0,9,79,0,22,76,2,6,5,94,0,13,22,1,2,0,0,0,2,1,3,0,2,0,0,19,0
2023/2024,struisbaai,overberg district,overberg district,20.05088,-34.80059,0,0,0,0,0,0,0,59,0,0,0,0,0,0,0,0,0,0,0,0,0,2,0,0,0,0,0,0,0,1,22,0
2024/2025,struisbaai,overberg district,overberg district,20.05088,-34.80059,0,0,0,0,0,0,0,39,0,0,0,0,0,0,0,0,0,0,0,0,0,3,0,0,0,0,0,0,0,0,6,0
2008/2009,strydenburg,thembelihle,pixley ka seme,23.67684,-29.94306,11,1,22,4,1,0,6,8,0,1,18,1,5,4,32,0,1,6,5,4,0,0,0,0,0,8,0,0,20,0,2,0
2009/2010,strydenburg,thembelihle,pixley ka seme,23.67684,-29.94306,7,0,21,1,0,0,5,9,0,1,26,0,5,1,19,0,1,6,2,1,0,0,0,0,0,4,0,0,23,0,1,0
2010/2011,strydenburg,thembelihle,pixley ka seme,23.67684,-29.94306,4,0,26,0,3,0,13,2,0,2,25,0,6,1,11,1,1,3,4,4,0,1,0,1,0,7,0,0,20,2,2,0
2011/2012,strydenburg,thembelihle,pixley ka seme,23.67684,-29.94306,11,0,35,1,3,0,7,6,0,2,33,0,6,2,10,0,1,9,3,5,0,0,0,0,0,8,0,1,17,2,5,0
2012/2013,strydenburg,thembelihle,pixley ka seme,23.67684,-29.94306,8,0,41,4,1,0,17,15,0,1,28,0,6,2,15,0,1,5,1,3,1,0,0,1,2,6,0,0,22,0,3,0
2013/2014,strydenburg,thembelihle,pixley ka seme,23.67684,-29.94306,10,1,29,4,1,0,3,9,0,1,20,0,6,1,12,0,13,10,5,10,0,0,0,0,1,12,0,0,21,3,2,0
2014/2015,strydenburg,thembelihle,pixley ka seme,23.67684,-29.94306,14,1,43,0,0,0,6,14,0,0,34,1,7,3,14,1,13,13,1,3,0,0,0,1,1,5,0,0,21,0,0,0
2015/2016,strydenburg,thembelihle,pixley ka seme,23.67684,-29.94306,16,1,45,1,1,0,18,14,0,1,36,3,7,1,9,1,13,6,3,4,1,0,0,1,2,8,0,0,28,0,2,0
2016/2017,strydenburg,thembelihle,pixley ka seme,23.67684,-29.94306,10,0,38,0,1,0,26,28,0,1,28,0,6,4,25,0,13,4,1,4,0,1,0,1,2,7,0,0,31,1,0,0
2017/2018,strydenburg,thembelihle,pixley ka seme,23.67684,-29.94306,16,1,21,0,1,0,16,21,0,0,18,3,6,0,38,1,13,1,2,3,1,0,0,1,0,4,0,0,23,0,1,0
2018/2019,strydenburg,thembelihle,pixley ka seme,23.67684,-29.94306,12,0,32,1,5,0,18,20,0,2,17,1,7,0,15,2,13,5,2,6,1,1,0,2,0,12,0,0,30,2,2,0
2019/2020,strydenburg,thembelihle,pixley ka seme,23.67684,-29.94306,24,0,19,0,1,0,11,12,0,0,8,1,6,0,0,0,13,3,1,6,2,0,0,3,0,7,0,1,18,0,7,0
2020/2021,strydenburg,thembelihle,pixley ka seme,23.67684,-29.94306,10,0,25,2,1,0,13,15,0,0,19,1,6,0,2,0,13,5,4,5,2,1,0,3,1,7,0,0,27,1,4,0
2021/2022,strydenburg,thembelihle,pixley ka seme,23.67684,-29.94306,10,2,34,2,0,0,8,10,0,5,19,1,6,0,2,0,13,3,3,1,0,0,0,1,0,1,0,0,11,1,2,0
2022/2023,strydenburg,thembelihle,pixley ka seme,23.67684,-29.94306,16,1,23,12,1,0,15,12,0,4,27,2,6,0,1,0,12,13,3,1,0,1,0,1,0,2,0,0,15,0,0,0
2023/2024,strydenburg,pixley ka seme district,pixley ka seme district,23.67684,-29.94306,0,0,0,0,0,0,0,6,0,0,0,0,0,0,0,0,0,0,0,0,0,0,0,0,0,0,0,0,0,0,0,0
2024/2025,strydenburg,pixley ka seme district,pixley ka seme district,23.67684,-29.94306,0,0,0,0,0,0,0,4,0,0,0,0,0,0,0,0,0,0,0,0,0,0,0,0,0,0,0,0,0,0,1,0
2008/2009,stutterheim,amahlathi,amathole,27.42741,-32.57118,173,9,338,4,5,0,48,221,0,17,129,46,8,16,13,2,1,120,17,46,2,0,0,5,3,58,0,71,98,23,43,0
2009/2010,stutterheim,amahlathi,amathole,27.42741,-32.57118,217,4,370,14,9,0,47,199,1,42,80,52,10,41,8,1,1,114,8,41,7,2,0,18,6,62,0,76,125,20,38,0
2010/2011,stutterheim,amahlathi,amathole,27.42741,-32.57118,175,2,372,6,7,0,47,204,0,37,87,57,6,32,14,2,1,97,17,49,9,3,1,16,4,60,0,56,95,16,37,0
2011/2012,stutterheim,amahlathi,amathole,27.42741,-32.57118,211,6,407,10,8,0,56,221,1,74,67,57,8,34,29,4,1,86,14,57,16,4,0,39,9,78,1,38,111,28,46,0
2012/2013,stutterheim,amahlathi,amathole,27.42741,-32.57118,202,8,359,4,4,0,48,227,1,123,68,70,7,28,14,3,1,86,19,48,14,7,0,33,6,59,1,37,85,18,41,0
2013/2014,stutterheim,amahlathi,amathole,27.42741,-32.57118,235,10,332,3,7,0,67,238,1,40,67,44,7,27,18,1,14,98,19,63,16,10,0,70,9,80,0,48,74,16,34,0
2014/2015,stutterheim,amahlathi,amathole,27.42741,-32.57118,182,4,278,5,9,0,54,204,5,27,46,42,5,20,14,0,13,57,18,57,12,1,0,44,3,72,0,34,101,11,42,0
2015/2016,stutterheim,amahlathi,amathole,27.42741,-32.57118,138,1,280,8,6,0,48,231,0,30,50,27,5,25,26,2,12,72,25,49,17,6,0,48,4,62,0,46,107,5,48,0
2016/2017,stutterheim,amahlathi,amathole,27.42741,-32.57118,141,0,198,0,1,0,55,202,0,41,80,26,6,19,29,1,12,77,20,48,23,4,0,91,2,51,0,27,100,10,59,0
2017/2018,stutterheim,amahlathi,amathole,27.42741,-32.57118,150,3,175,5,2,0,39,216,0,41,47,28,6,34,34,13,13,74,20,39,21,7,0,74,7,48,0,23,132,1,45,0
2018/2019,stutterheim,amahlathi,amathole,27.42741,-32.57118,148,5,215,7,1,0,50,240,3,41,57,22,6,31,55,11,23,94,22,39,25,9,0,97,6,46,0,26,107,3,51,0
2019/2020,stutterheim,amahlathi,amathole,27.42741,-32.57118,158,0,207,9,5,0,78,225,4,42,70,19,6,13,18,3,23,94,15,43,21,12,0,89,5,53,0,38,104,4,47,0
2020/2021,stutterheim,amahlathi,amathole,27.42741,-32.57118,170,2,203,3,4,0,68,248,1,67,44,28,6,12,33,5,14,69,17,34,12,12,0,62,1,39,0,21,85,11,69,1
2021/2022,stutterheim,amahlathi,amathole,27.42741,-32.57118,247,4,209,3,5,0,61,199,2,54,65,21,6,9,24,2,12,89,20,36,14,5,0,37,3,44,0,28,67,7,29,0
2022/2023,stutterheim,amahlathi,amathole,27.42741,-32.57118,235,3,230,5,3,0,46,217,4,69,77,20,4,8,50,8,22,92,19,33,14,10,0,48,6,44,0,26,70,8,62,0
2023/2024,stutterheim,amathole district,amathole district,27.42741,-32.57118,0,0,0,0,0,0,0,229,1,0,0,0,0,0,0,0,0,0,0,0,0,6,0,0,0,0,0,0,0,6,39,0
2024/2025,stutterheim,amathole district,amathole district,27.42741,-32.57118,0,0,0,0,0,0,0,223,3,0,0,0,0,0,0,0,0,0,0,0,0,15,0,0,0,0,0,0,0,5,53,0
2008/2009,sulenkama,mhlontlo,o.r.tambo,28.68437,-31.01688,18,4,79,18,2,0,0,44,0,0,26,12,6,0,2,20,1,13,13,14,2,15,0,19,2,18,0,0,111,5,3,0
2009/2010,sulenkama,mhlontlo,o.r.tambo,28.68437,-31.01688,29,7,77,10,3,1,4,40,1,5,40,2,5,0,3,7,1,17,9,13,2,20,0,33,2,21,0,0,172,3,0,1
2010/2011,sulenkama,mhlontlo,o.r.tambo,28.68437,-31.01688,18,4,64,7,2,0,0,39,0,0,23,2,6,0,3,12,1,10,12,14,3,30,0,36,1,17,0,0,206,0,5,0
2011/2012,sulenkama,mhlontlo,o.r.tambo,28.68437,-31.01688,27,1,74,8,2,0,4,49,0,1,11,3,8,0,8,8,1,3,14,16,4,23,0,29,0,22,0,0,192,2,1,0
2012/2013,sulenkama,mhlontlo,o.r.tambo,28.68437,-31.01688,28,10,73,12,1,0,12,26,1,3,20,3,5,0,9,12,1,11,19,18,10,33,0,50,0,22,0,0,192,1,2,0
2013/2014,sulenkama,mhlontlo,o.r.tambo,28.68437,-31.01688,23,2,52,10,1,0,15,29,0,1,17,2,7,1,1,7,13,9,14,30,7,27,0,44,3,35,0,0,174,2,2,0
2014/2015,sulenkama,mhlontlo,o.r.tambo,28.68437,-31.01688,26,6,51,14,1,0,6,57,2,2,27,4,4,1,5,16,13,7,16,31,12,34,0,58,2,36,0,0,227,0,5,0
2015/2016,sulenkama,mhlontlo,o.r.tambo,28.68437,-31.01688,14,3,66,16,0,0,17,30,2,3,20,4,6,0,1,8,13,15,24,33,7,29,0,50,6,39,1,0,271,1,1,0
2016/2017,sulenkama,mhlontlo,o.r.tambo,28.68437,-31.01688,20,3,74,8,0,0,16,36,0,2,24,8,4,0,17,8,13,16,15,33,6,21,0,37,2,37,0,0,231,2,3,0
2017/2018,sulenkama,mhlontlo,o.r.tambo,28.68437,-31.01688,10,3,63,18,0,0,23,34,0,1,16,3,6,0,21,10,12,20,21,47,4,32,0,47,1,48,0,0,248,1,5,0
2018/2019,sulenkama,mhlontlo,o.r.tambo,28.68437,-31.01688,11,6,85,24,0,0,17,31,0,5,17,3,6,2,10,13,17,20,20,75,10,25,0,47,2,77,0,0,252,0,2,0
2019/2020,sulenkama,mhlontlo,o.r.tambo,28.68437,-31.01688,20,4,73,19,0,0,33,32,0,1,17,1,6,0,3,38,12,30,17,36,7,36,0,55,2,38,0,0,358,0,0,0
2020/2021,sulenkama,mhlontlo,o.r.tambo,28.68437,-31.01688,32,5,55,16,1,0,15,26,0,4,16,2,5,1,1,38,13,34,12,27,1,22,0,34,2,33,0,0,290,1,2,1
2021/2022,sulenkama,mhlontlo,o.r.tambo,28.68437,-31.01688,16,0,58,14,1,0,20,27,0,2,10,4,7,0,7,20,13,10,28,24,7,14,0,27,1,27,0,0,212,1,0,0
2022/2023,sulenkama,mhlontlo,o.r.tambo,28.68437,-31.01688,18,0,60,11,0,0,15,16,2,2,14,6,6,0,3,6,21,11,27,30,4,25,0,41,2,32,0,0,214,1,1,1
2023/2024,sulenkama,or tambo district,or tambo district,28.68437,-31.01688,0,0,0,0,0,0,0,24,3,0,0,0,0,0,0,0,0,0,0,0,0,39,0,0,0,0,0,0,0,2,2,0
2024/2025,sulenkama,or tambo district,or tambo district,28.68437,-31.01688,0,0,0,0,0,0,0,26,4,0,0,0,0,0,0,0,0,0,0,0,0,22,0,0,0,0,0,0,0,0,2,0
2008/2009,sun city,moses kotane,bojanala,27.09869,-25.36291,301,15,168,5,6,0,110,129,6,72,109,24,8,20,293,12,1,82,19,47,33,3,0,66,3,60,0,10,58,34,16,0
2009/2010,sun city,moses kotane,bojanala,27.09869,-25.36291,328,13,230,15,7,0,75,154,1,77,160,41,8,12,237,15,1,127,11,54,31,6,0,68,8,73,0,9,62,19,30,0
2010/2011,sun city,moses kotane,bojanala,27.09869,-25.36291,412,11,248,4,6,0,120,230,4,80,198,47,8,15,169,8,1,87,11,64,36,11,0,79,6,80,0,6,53,14,22,0
2011/2012,sun city,moses kotane,bojanala,27.09869,-25.36291,326,17,225,12,10,0,106,209,3,33,198,45,6,15,182,19,1,124,9,68,70,12,0,132,1,79,0,21,42,18,66,1
2012/2013,sun city,moses kotane,bojanala,27.09869,-25.36291,250,7,222,5,11,0,101,221,1,30,156,26,8,18,307,12,1,95,9,55,19,5,0,45,5,75,4,14,51,5,40,0
2013/2014,sun city,moses kotane,bojanala,27.09869,-25.36291,244,3,191,7,7,0,94,172,2,15,143,23,4,19,452,11,12,66,9,44,18,8,0,50,8,61,1,13,43,17,30,0
2014/2015,sun city,moses kotane,bojanala,27.09869,-25.36291,405,3,213,7,9,0,122,194,2,22,175,27,9,20,376,5,21,111,12,61,41,16,0,101,7,82,1,10,40,4,43,1
2015/2016,sun city,moses kotane,bojanala,27.09869,-25.36291,371,9,229,10,9,0,89,200,5,33,184,31,5,41,399,5,14,130,11,44,19,7,0,68,14,70,1,5,24,16,48,1
2016/2017,sun city,moses kotane,bojanala,27.09869,-25.36291,362,10,237,5,1,0,89,178,9,39,183,36,5,21,293,11,13,113,12,40,36,9,0,90,8,52,0,9,43,7,39,1
2017/2018,sun city,moses kotane,bojanala,27.09869,-25.36291,272,4,225,6,5,0,89,191,5,43,186,32,6,14,256,6,22,87,12,42,21,4,0,71,4,51,1,9,48,18,38,0
2018/2019,sun city,moses kotane,bojanala,27.09869,-25.36291,242,6,234,5,6,0,74,178,4,38,173,32,6,10,122,3,23,131,10,47,26,11,0,69,3,56,0,2,65,16,41,0
2019/2020,sun city,moses kotane,bojanala,27.09869,-25.36291,255,4,246,16,7,0,86,200,5,51,217,36,5,21,72,9,28,138,2,61,21,6,1,75,11,82,0,4,67,16,21,2
2020/2021,sun city,moses kotane,bojanala,27.09869,-25.36291,168,4,186,11,1,0,75,146,2,42,159,24,4,15,53,3,14,115,9,24,24,10,0,66,2,29,1,4,52,5,27,0
2021/2022,sun city,moses kotane,bojanala,27.09869,-25.36291,171,8,266,17,7,0,92,139,7,55,168,27,8,20,51,5,21,117,15,44,21,7,0,70,10,65,0,0,82,13,30,0
2022/2023,sun city,moses kotane,bojanala,27.09869,-25.36291,89,1,173,11,2,0,53,98,6,63,137,18,8,23,109,4,2,91,8,41,24,8,0,66,9,56,0,2,44,18,38,1
2023/2024,sun city,bojanala district,bojanala district,27.09869,-25.36291,0,0,0,0,0,0,0,103,9,0,0,0,0,0,0,0,0,0,0,0,0,12,0,0,0,0,0,0,0,16,31,0
2024/2025,sun city,bojanala district,bojanala district,27.09869,-25.36291,0,0,0,0,0,0,0,96,5,0,0,0,0,0,0,0,0,0,0,0,0,15,0,0,0,0,0,0,0,12,30,0
2008/2009,sundra,victor khanye,nkangala,28.55062,-26.18637,340,0,61,9,3,0,22,188,3,5,59,19,12,2,6,0,1,76,5,15,2,12,0,32,2,27,0,1,20,49,69,4
2009/2010,sundra,victor khanye,nkangala,28.55062,-26.18637,327,3,49,8,1,0,21,264,8,12,124,24,9,9,2,1,1,91,2,18,7,34,0,66,4,28,0,1,45,72,101,7
2010/2011,sundra,victor khanye,nkangala,28.55062,-26.18637,258,1,40,4,3,0,14,189,3,19,68,15,9,38,5,2,1,54,5,15,5,24,0,44,6,29,0,3,33,32,66,2
2011/2012,sundra,victor khanye,nkangala,28.55062,-26.18637,258,3,40,7,2,0,18,163,0,9,59,13,5,57,3,4,1,50,7,10,4,6,0,23,3,18,0,1,28,30,62,3
2012/2013,sundra,victor khanye,nkangala,28.55062,-26.18637,225,3,51,3,1,0,12,88,7,10,58,10,4,45,6,9,1,40,4,13,4,8,0,29,1,17,4,1,31,20,63,3
2013/2014,sundra,victor khanye,nkangala,28.55062,-26.18637,191,4,35,4,0,0,25,101,4,8,38,6,6,77,12,11,12,35,2,15,6,9,0,28,2,17,0,0,33,31,37,4
2014/2015,sundra,victor khanye,nkangala,28.55062,-26.18637,222,0,29,3,1,0,14,141,8,10,39,7,7,75,9,7,12,35,1,11,10,10,0,46,1,14,0,0,33,36,52,4
2015/2016,sundra,victor khanye,nkangala,28.55062,-26.18637,180,4,33,2,1,0,12,99,10,18,42,9,6,74,18,10,12,25,3,10,9,10,0,40,2,13,0,2,15,30,47,4
2016/2017,sundra,victor khanye,nkangala,28.55062,-26.18637,129,0,26,4,1,0,22,88,3,12,37,8,6,59,18,1,13,23,5,9,15,4,0,38,2,12,0,0,12,21,71,8
2017/2018,sundra,victor khanye,nkangala,28.55062,-26.18637,135,1,38,2,1,0,30,121,5,10,36,2,6,68,17,9,21,35,2,7,11,7,0,43,5,13,1,0,35,40,60,8
2018/2019,sundra,victor khanye,nkangala,28.55062,-26.18637,101,4,45,7,0,0,11,107,10,21,39,4,4,59,15,10,17,29,8,9,13,11,0,71,6,17,0,0,41,53,47,14
2019/2020,sundra,victor khanye,nkangala,28.55062,-26.18637,93,1,28,6,1,0,26,122,16,20,47,4,7,26,5,6,3,31,4,5,20,16,0,73,2,9,0,0,34,20,39,11
2020/2021,sundra,victor khanye,nkangala,28.55062,-26.18637,98,1,22,1,0,0,23,85,4,31,32,3,6,10,8,3,2,20,7,4,6,6,0,29,4,8,0,0,21,26,55,4
2021/2022,sundra,victor khanye,nkangala,28.55062,-26.18637,75,0,25,1,0,0,17,69,9,20,52,4,7,7,0,0,2,11,0,4,6,7,0,45,2,7,0,0,20,22,38,9
2022/2023,sundra,victor khanye,nkangala,28.55062,-26.18637,102,0,34,6,0,0,12,63,9,25,41,4,4,2,5,2,29,14,5,9,7,4,0,48,2,13,0,0,41,15,24,16
2023/2024,sundra,nkangala district,nkangala district,28.55062,-26.18637,0,0,0,0,0,0,0,70,10,0,0,0,0,0,0,0,0,0,0,0,0,8,0,0,0,0,0,0,0,23,24,0
2024/2025,sundra,nkangala district,nkangala district,28.55062,-26.18637,0,0,0,0,0,0,0,72,4,0,0,0,0,0,0,0,0,0,0,0,0,8,0,0,0,0,0,0,0,16,39,0
2008/2009,sundumbili,umlalazi,king cetshwayo,31.40266,-29.13495,97,8,243,96,1,0,54,355,18,30,138,32,12,20,49,56,1,64,68,82,14,89,2,207,7,97,0,165,43,38,24,0
2009/2010,sundumbili,umlalazi,king cetshwayo,31.40266,-29.13495,92,11,253,59,2,0,53,252,10,43,209,28,17,35,98,77,1,56,62,79,17,108,1,182,8,98,0,121,37,27,14,0
2010/2011,sundumbili,umlalazi,king cetshwayo,31.40266,-29.13495,108,8,190,42,1,0,40,214,6,161,212,28,4,19,145,94,1,63,34,56,11,50,1,120,8,67,0,116,24,20,24,0
2011/2012,sundumbili,umlalazi,king cetshwayo,31.40266,-29.13495,102,4,194,19,2,0,80,236,3,130,192,21,5,44,220,39,1,63,31,86,10,38,0,83,6,97,0,93,45,19,33,0
2012/2013,sundumbili,umlalazi,king cetshwayo,31.40266,-29.13495,115,8,189,32,2,0,60,278,4,213,170,31,8,49,250,28,1,62,38,78,12,73,0,129,3,87,0,107,30,27,35,0
2013/2014,sundumbili,umlalazi,king cetshwayo,31.40266,-29.13495,105,8,153,36,1,0,50,262,5,40,155,27,9,66,293,20,12,70,54,66,14,40,1,103,8,80,0,69,24,24,24,0
2014/2015,sundumbili,umlalazi,king cetshwayo,31.40266,-29.13495,92,3,164,31,2,0,55,201,4,13,108,13,5,73,333,31,23,65,36,64,22,38,0,110,2,71,0,80,38,24,44,0
2015/2016,sundumbili,umlalazi,king cetshwayo,31.40266,-29.13495,93,4,176,28,3,0,34,210,4,14,95,16,7,79,397,36,12,70,47,68,26,23,0,86,9,81,0,75,30,14,42,0
2016/2017,sundumbili,umlalazi,king cetshwayo,31.40266,-29.13495,110,9,158,38,1,1,46,237,4,6,111,22,4,84,451,37,21,51,36,67,18,43,0,96,5,75,0,45,14,20,23,0
2017/2018,sundumbili,umlalazi,king cetshwayo,31.40266,-29.13495,74,9,174,34,0,0,51,198,5,16,99,21,7,90,485,55,12,53,32,73,35,34,1,99,5,79,0,45,52,25,19,0
2018/2019,sundumbili,umlalazi,king cetshwayo,31.40266,-29.13495,103,7,177,40,2,0,50,209,4,20,79,13,7,94,245,34,23,47,45,50,18,77,0,122,3,56,0,29,19,30,20,1
2019/2020,sundumbili,umlalazi,king cetshwayo,31.40266,-29.13495,94,5,155,22,2,0,28,124,8,10,89,6,6,86,25,57,14,54,51,70,10,69,0,110,6,78,0,10,30,18,13,0
2020/2021,sundumbili,umlalazi,king cetshwayo,31.40266,-29.13495,68,6,153,26,2,0,52,133,5,7,94,6,6,36,22,17,14,51,44,55,14,35,0,63,5,62,0,17,19,15,15,0
2021/2022,sundumbili,umlalazi,king cetshwayo,31.40266,-29.13495,104,8,192,65,2,0,71,182,4,11,217,16,6,41,28,14,21,88,57,63,38,20,0,88,6,71,0,16,31,10,16,0
2022/2023,sundumbili,umlalazi,king cetshwayo,31.40266,-29.13495,92,5,255,41,3,0,48,114,4,17,249,16,6,17,98,17,26,72,47,62,24,31,0,89,11,76,0,32,18,22,19,0
2023/2024,sundumbili,ilembe district,ilembe district,31.40266,-29.13495,0,0,0,0,0,0,0,162,4,0,0,0,0,0,0,0,0,0,0,0,0,33,0,0,0,0,0,0,0,16,28,0
2024/2025,sundumbili,ilembe district,ilembe district,31.40266,-29.13495,0,0,0,0,0,0,0,184,6,0,0,0,0,0,0,0,0,0,0,0,0,43,0,0,0,0,0,0,0,5,21,0
2008/2009,sunnyside,city of tshwane,city of tshwane,28.2077,-25.75444,1881,4,337,27,4,0,242,772,112,623,710,312,48,392,651,25,1,574,11,58,37,104,0,763,12,109,0,425,0,1115,1008,0
2009/2010,sunnyside,city of tshwane,city of tshwane,28.2077,-25.75444,2044,5,302,25,8,0,124,860,110,849,768,486,49,250,472,18,1,572,8,60,27,127,1,749,9,113,0,504,0,880,1238,2
2010/2011,sunnyside,city of tshwane,city of tshwane,28.2077,-25.75444,2168,3,297,34,9,0,114,951,84,735,781,472,50,268,564,21,1,587,7,65,24,76,1,615,9,125,0,392,0,815,1206,2
2011/2012,sunnyside,city of tshwane,city of tshwane,28.2077,-25.75444,1862,9,231,6,9,0,105,929,50,641,574,324,10,329,592,20,1,584,4,63,12,56,0,420,13,91,12,379,0,654,1483,0
2012/2013,sunnyside,city of tshwane,city of tshwane,28.2077,-25.75444,1861,0,117,15,5,0,116,674,24,577,673,249,9,480,724,17,1,564,7,54,22,72,0,458,11,75,13,373,0,621,1751,0
2013/2014,sunnyside,city of tshwane,city of tshwane,28.2077,-25.75444,2350,0,69,7,3,0,111,703,46,456,726,299,8,692,835,18,22,579,2,48,19,71,0,682,21,76,12,238,0,484,1624,0
2014/2015,sunnyside,city of tshwane,city of tshwane,28.2077,-25.75444,1985,0,45,15,8,0,200,615,46,387,751,358,5,820,614,25,16,632,6,48,26,56,0,714,6,65,10,287,0,490,1943,2
2015/2016,sunnyside,city of tshwane,city of tshwane,28.2077,-25.75444,1820,1,74,26,3,0,127,516,44,362,641,429,4,444,765,22,3,603,6,51,24,48,0,710,7,63,10,338,0,424,1614,2
2016/2017,sunnyside,city of tshwane,city of tshwane,28.2077,-25.75444,1837,1,70,16,1,0,91,521,96,385,623,459,4,364,1016,27,16,609,14,46,18,53,0,717,9,58,6,200,0,450,1606,2
2017/2018,sunnyside,city of tshwane,city of tshwane,28.2077,-25.75444,1675,0,79,7,0,0,88,349,71,395,670,473,7,672,1402,16,22,575,11,52,41,33,0,631,19,72,9,177,0,495,1780,5
2018/2019,sunnyside,city of tshwane,city of tshwane,28.2077,-25.75444,1679,0,79,17,2,0,122,338,93,412,687,656,5,385,1001,26,28,321,11,63,46,38,1,717,29,97,12,272,0,511,1914,3
2019/2020,sunnyside,city of tshwane,city of tshwane,28.2077,-25.75444,1604,0,92,16,0,0,115,282,76,411,727,502,4,405,612,11,43,274,13,65,27,29,1,655,19,86,29,267,0,508,1492,0
2020/2021,sunnyside,city of tshwane,city of tshwane,28.2077,-25.75444,1001,0,77,14,1,0,122,243,104,264,453,315,8,229,255,10,25,197,7,65,42,40,0,576,16,86,47,228,0,379,918,0
2021/2022,sunnyside,city of tshwane,city of tshwane,28.2077,-25.75444,1178,0,93,24,1,0,103,223,98,345,490,339,4,348,344,10,64,211,10,58,71,57,2,610,29,90,89,193,0,428,1021,2
2022/2023,sunnyside,city of tshwane,city of tshwane,28.2077,-25.75444,1291,1,125,19,1,0,80,167,103,428,572,410,6,363,418,10,72,223,14,68,50,45,1,744,31,100,118,218,0,473,963,1
2023/2024,sunnyside,tshwane district,tshwane district,28.2077,-25.75444,0,0,0,0,0,0,0,200,118,0,0,0,0,0,0,0,0,0,0,0,0,67,0,0,0,0,0,0,0,311,831,0
2024/2025,sunnyside,tshwane district,tshwane district,28.2077,-25.75444,0,0,0,0,0,0,0,146,89,0,0,0,0,0,0,0,0,0,0,0,0,17,0,0,0,0,0,0,0,270,815,0
2008/2009,sunrise,emthanjeni,pixley ka seme,24.02046,-30.64993,27,4,102,22,1,0,5,45,0,3,61,4,6,3,20,0,1,27,16,20,1,0,0,2,3,24,0,2,0,3,5,0
2009/2010,sunrise,emthanjeni,pixley ka seme,24.02046,-30.64993,28,2,120,14,1,0,13,47,0,3,83,7,7,9,18,1,1,25,12,18,2,0,0,9,3,23,0,0,0,4,2,0
2010/2011,sunrise,emthanjeni,pixley ka seme,24.02046,-30.64993,42,3,171,11,0,0,11,48,0,5,79,11,5,1,24,0,1,31,11,21,4,1,0,8,3,27,0,0,0,0,9,0
2011/2012,sunrise,emthanjeni,pixley ka seme,24.02046,-30.64993,47,6,191,9,2,0,15,28,0,2,84,9,4,5,11,0,1,42,8,19,3,0,0,6,2,25,0,1,0,2,5,0
2012/2013,sunrise,emthanjeni,pixley ka seme,24.02046,-30.64993,33,4,208,3,2,0,16,45,0,2,92,13,6,1,17,0,1,42,11,24,1,3,0,10,5,31,0,0,0,1,4,0
2013/2014,sunrise,emthanjeni,pixley ka seme,24.02046,-30.64993,40,4,221,9,0,0,16,41,0,2,109,18,4,3,16,1,13,38,15,10,2,1,0,12,3,15,0,0,0,1,3,0
2014/2015,sunrise,emthanjeni,pixley ka seme,24.02046,-30.64993,67,4,207,12,0,0,22,72,0,2,111,9,7,3,53,2,12,69,15,12,2,1,0,8,3,16,0,1,0,5,14,0
2015/2016,sunrise,emthanjeni,pixley ka seme,24.02046,-30.64993,86,3,244,4,2,0,23,50,4,3,123,22,6,4,68,3,13,63,16,30,6,2,0,28,2,34,0,0,0,3,8,0
2016/2017,sunrise,emthanjeni,pixley ka seme,24.02046,-30.64993,83,5,196,11,2,0,36,71,1,4,93,27,7,8,38,2,13,43,16,17,2,1,0,23,3,23,0,1,2,5,19,0
2017/2018,sunrise,emthanjeni,pixley ka seme,24.02046,-30.64993,96,4,177,4,0,0,25,90,1,0,119,20,6,0,83,3,21,47,6,16,5,3,0,22,6,22,0,0,1,2,15,0
2018/2019,sunrise,emthanjeni,pixley ka seme,24.02046,-30.64993,84,3,143,12,1,0,34,102,0,1,119,17,6,4,67,0,21,52,14,17,4,2,0,27,1,19,0,1,3,2,32,0
2019/2020,sunrise,emthanjeni,pixley ka seme,24.02046,-30.64993,62,6,159,15,4,0,33,63,0,2,108,13,6,2,33,0,14,39,7,23,1,7,0,25,2,29,0,2,1,1,16,0
2020/2021,sunrise,emthanjeni,pixley ka seme,24.02046,-30.64993,63,1,144,10,2,0,25,69,0,0,89,10,4,3,19,1,12,53,6,10,2,5,0,27,5,19,0,0,2,0,13,0
2021/2022,sunrise,emthanjeni,pixley ka seme,24.02046,-30.64993,71,1,144,11,1,0,22,57,0,8,111,9,6,4,12,2,14,52,5,17,3,2,0,16,4,22,0,1,1,1,23,0
2022/2023,sunrise,emthanjeni,pixley ka seme,24.02046,-30.64993,100,6,120,56,0,0,22,99,0,4,101,14,6,3,17,1,14,65,13,13,2,2,0,16,2,15,1,0,0,1,14,0
2023/2024,sunrise,pixley ka seme district,pixley ka seme district,24.02046,-30.64993,0,0,0,0,0,0,0,62,0,0,0,0,0,0,0,0,0,0,0,0,0,6,0,0,0,0,0,0,0,1,19,0
2024/2025,sunrise,pixley ka seme district,pixley ka seme district,24.02046,-30.64993,0,0,0,0,0,0,0,57,0,0,0,0,0,0,0,0,0,0,0,0,0,4,0,0,0,0,0,0,0,0,20,0
2023/2024,sunrise view,lejweleputswa district,lejweleputswa district,,,0,0,0,0,0,0,0,0,0,0,0,0,0,0,0,0,0,0,0,0,0,0,0,0,0,0,0,0,0,0,0,0
2024/2025,sunrise view,lejweleputswa district,lejweleputswa district,,,0,0,0,0,0,0,0,0,0,0,0,0,0,0,0,0,0,0,0,0,0,0,0,0,0,0,0,0,0,0,0,0
2008/2009,sutherland,karoo hoogland,namakwa,20.66037,-32.39583,13,0,11,2,0,0,2,7,0,1,9,0,7,3,6,0,1,5,3,1,0,0,0,0,0,2,0,0,3,1,1,0
2009/2010,sutherland,karoo hoogland,namakwa,20.66037,-32.39583,21,0,21,0,1,0,8,18,0,2,20,0,4,4,16,0,1,6,2,6,0,1,0,1,1,10,0,0,8,2,2,0
2010/2011,sutherland,karoo hoogland,namakwa,20.66037,-32.39583,11,0,17,5,1,0,4,7,0,1,9,1,7,1,12,3,1,9,2,7,0,0,0,0,2,11,0,1,1,3,1,0
2011/2012,sutherland,karoo hoogland,namakwa,20.66037,-32.39583,14,0,15,3,0,0,9,11,0,2,27,0,8,6,17,0,1,6,3,7,0,0,0,0,0,11,0,3,6,0,3,0
2012/2013,sutherland,karoo hoogland,namakwa,20.66037,-32.39583,9,0,9,2,0,0,5,10,0,2,17,0,6,4,13,0,1,2,1,6,0,1,0,1,0,6,0,1,3,0,1,0
2013/2014,sutherland,karoo hoogland,namakwa,20.66037,-32.39583,20,0,24,2,0,0,5,9,0,2,16,0,6,5,8,0,13,4,3,6,1,1,0,2,1,7,0,1,3,1,2,0
2014/2015,sutherland,karoo hoogland,namakwa,20.66037,-32.39583,26,0,21,2,0,0,8,23,0,2,10,0,6,6,25,0,13,9,2,5,0,0,0,0,2,7,0,0,1,0,3,0
2015/2016,sutherland,karoo hoogland,namakwa,20.66037,-32.39583,17,0,14,2,1,0,12,11,0,0,15,0,6,2,40,0,12,12,1,5,0,0,0,0,1,7,0,0,6,0,3,0
2016/2017,sutherland,karoo hoogland,namakwa,20.66037,-32.39583,10,0,23,2,0,0,17,7,0,2,11,3,6,3,68,0,12,4,0,7,0,0,0,1,0,7,0,1,9,1,3,0
2017/2018,sutherland,karoo hoogland,namakwa,20.66037,-32.39583,12,0,12,0,0,0,10,7,0,4,14,0,6,1,68,0,13,3,3,5,0,0,0,0,1,6,0,0,4,0,3,0
2018/2019,sutherland,karoo hoogland,namakwa,20.66037,-32.39583,8,1,15,0,0,0,3,7,0,8,13,0,6,2,58,1,13,4,0,2,0,0,0,0,1,3,0,2,1,0,0,0
2019/2020,sutherland,karoo hoogland,namakwa,20.66037,-32.39583,12,0,9,0,0,0,4,11,0,4,12,0,6,1,19,0,13,9,1,5,0,0,0,0,1,6,0,0,5,0,1,0
2020/2021,sutherland,karoo hoogland,namakwa,20.66037,-32.39583,10,0,14,0,0,0,2,5,0,6,17,0,6,2,13,1,13,2,0,2,0,0,0,0,0,2,0,0,1,0,1,0
2021/2022,sutherland,karoo hoogland,namakwa,20.66037,-32.39583,9,0,13,1,0,0,10,10,0,3,25,0,6,1,16,4,13,6,0,5,0,0,0,0,1,6,0,0,2,2,1,0
2022/2023,sutherland,karoo hoogland,namakwa,20.66037,-32.39583,11,0,19,3,0,0,8,7,0,4,18,0,6,0,32,4,13,5,1,4,0,0,0,0,1,5,0,2,10,0,0,0
2023/2024,sutherland,namakwa district,namakwa district,20.66037,-32.39583,0,0,0,0,0,0,0,14,0,0,0,0,0,0,0,0,0,0,0,0,0,0,0,0,0,0,0,0,0,0,1,0
2024/2025,sutherland,namakwa district,namakwa district,20.66037,-32.39583,0,0,0,0,0,0,0,12,0,0,0,0,0,0,0,0,0,0,0,0,0,0,0,0,0,0,0,0,0,0,3,0
2008/2009,suurbraak,swellendam,overberg,20.654,-34.0046,4,0,17,0,0,0,4,9,0,1,39,0,6,7,45,0,1,11,0,7,0,0,0,0,2,9,0,0,5,0,0,0
2009/2010,suurbraak,swellendam,overberg,20.654,-34.0046,6,1,15,0,1,0,1,19,0,0,34,2,6,2,54,0,1,12,0,3,0,0,0,1,0,4,0,0,3,0,0,0
2010/2011,suurbraak,swellendam,overberg,20.654,-34.0046,19,0,17,0,0,0,2,11,0,2,44,3,7,1,39,0,1,11,0,3,0,0,0,0,1,5,0,0,3,0,1,0
2011/2012,suurbraak,swellendam,overberg,20.654,-34.0046,24,0,22,0,0,0,0,14,0,0,37,1,6,5,50,0,1,11,0,2,0,0,0,0,1,3,0,0,5,0,8,0
2012/2013,suurbraak,swellendam,overberg,20.654,-34.0046,24,1,21,0,0,0,2,13,0,0,34,0,7,9,52,1,1,12,0,2,0,0,0,0,1,4,0,0,9,0,4,0
2013/2014,suurbraak,swellendam,overberg,20.654,-34.0046,21,0,17,1,0,0,1,14,0,1,49,0,6,5,60,0,13,11,1,3,0,0,0,2,3,6,1,0,9,0,2,0
2014/2015,suurbraak,swellendam,overberg,20.654,-34.0046,20,0,11,0,0,0,2,21,0,0,29,1,6,7,76,0,12,7,1,3,0,0,0,1,5,8,0,0,4,0,4,0
2015/2016,suurbraak,swellendam,overberg,20.654,-34.0046,16,0,23,0,1,0,7,24,0,0,39,1,6,13,126,0,13,5,0,5,0,1,0,1,1,7,0,0,6,0,1,0
2016/2017,suurbraak,swellendam,overberg,20.654,-34.0046,8,0,19,2,0,0,4,26,0,1,33,0,6,5,139,1,13,15,0,3,0,1,0,1,2,5,0,0,5,0,9,0
2017/2018,suurbraak,swellendam,overberg,20.654,-34.0046,20,0,15,0,1,0,1,18,0,1,31,0,6,12,137,0,13,7,1,1,0,0,0,3,1,3,0,0,0,1,8,0
2018/2019,suurbraak,swellendam,overberg,20.654,-34.0046,12,1,20,0,0,0,1,25,0,1,32,1,6,6,27,0,13,9,0,2,0,0,0,2,2,4,0,0,5,0,5,0
2019/2020,suurbraak,swellendam,overberg,20.654,-34.0046,20,0,12,0,0,0,1,22,0,3,56,3,6,0,17,0,13,11,0,2,0,0,0,1,0,2,0,0,3,1,9,0
2020/2021,suurbraak,swellendam,overberg,20.654,-34.0046,16,0,13,0,1,0,4,15,0,2,34,0,6,3,12,0,13,8,1,2,0,0,0,0,2,5,0,0,15,0,2,0
2021/2022,suurbraak,swellendam,overberg,20.654,-34.0046,40,0,33,0,0,0,3,20,0,5,47,1,6,7,13,0,13,16,0,1,0,1,0,3,3,4,0,1,4,1,8,0
2022/2023,suurbraak,swellendam,overberg,20.654,-34.0046,38,1,31,0,0,0,2,20,0,9,81,0,6,4,29,0,13,18,1,3,0,0,0,1,3,6,0,1,2,0,4,0
2023/2024,suurbraak,overberg district,overberg district,20.654,-34.0046,0,0,0,0,0,0,0,21,0,0,0,0,0,0,0,0,0,0,0,0,0,0,0,0,0,0,0,0,0,0,2,0
2024/2025,suurbraak,overberg district,overberg district,20.654,-34.0046,0,0,0,0,0,0,0,13,0,0,0,0,0,0,0,0,0,0,0,0,0,0,0,0,0,0,0,0,0,0,6,0
2008/2009,swartberg,greater kokstad,harry gwala,29.33874,-30.24156,11,1,12,0,0,0,0,18,0,0,2,0,7,1,2,0,1,2,1,3,0,0,0,0,0,4,0,0,41,0,2,0
2009/2010,swartberg,greater kokstad,harry gwala,29.33874,-30.24156,20,1,19,0,0,0,4,17,0,0,3,1,7,3,6,0,1,7,1,3,0,0,0,1,2,6,0,0,35,0,1,0
2010/2011,swartberg,greater kokstad,harry gwala,29.33874,-30.24156,18,0,11,0,0,0,0,17,1,0,7,1,7,2,15,0,1,6,0,0,0,0,0,1,5,6,0,0,23,1,1,0
2011/2012,swartberg,greater kokstad,harry gwala,29.33874,-30.24156,7,0,11,1,0,0,2,9,0,1,6,0,6,1,15,1,1,7,1,2,0,0,0,0,0,2,0,0,59,0,1,0
2012/2013,swartberg,greater kokstad,harry gwala,29.33874,-30.24156,12,0,12,2,0,0,3,15,0,0,3,0,6,1,13,0,1,5,0,4,0,0,0,0,0,4,0,0,52,1,4,0
2013/2014,swartberg,greater kokstad,harry gwala,29.33874,-30.24156,10,0,15,0,0,0,1,11,0,0,3,0,6,1,19,0,12,2,1,4,0,0,0,0,0,4,0,0,42,0,3,0
2014/2015,swartberg,greater kokstad,harry gwala,29.33874,-30.24156,17,0,11,1,0,0,5,12,0,0,3,0,6,0,15,0,13,0,0,4,0,0,0,0,0,4,0,0,34,0,1,0
2015/2016,swartberg,greater kokstad,harry gwala,29.33874,-30.24156,9,1,12,0,0,0,2,15,0,1,1,2,6,1,15,0,13,5,0,2,0,0,0,0,0,2,0,0,34,0,3,0
2016/2017,swartberg,greater kokstad,harry gwala,29.33874,-30.24156,20,0,17,1,0,0,2,16,0,0,2,0,6,0,15,1,13,7,1,3,0,0,0,1,0,3,1,0,23,2,1,0
2017/2018,swartberg,greater kokstad,harry gwala,29.33874,-30.24156,9,1,12,1,1,0,5,11,0,2,2,0,6,5,26,0,13,2,1,2,0,0,0,0,0,3,0,0,12,1,0,0
2018/2019,swartberg,greater kokstad,harry gwala,29.33874,-30.24156,12,0,12,0,0,0,0,10,0,4,1,0,6,9,10,4,13,10,1,2,0,1,0,2,0,2,0,0,29,1,1,0
2019/2020,swartberg,greater kokstad,harry gwala,29.33874,-30.24156,14,0,11,0,1,0,0,16,0,2,2,0,6,18,0,0,13,7,2,4,0,0,0,0,0,5,0,0,26,0,2,0
2020/2021,swartberg,greater kokstad,harry gwala,29.33874,-30.24156,11,0,5,0,0,0,2,6,0,0,2,0,6,0,6,0,13,2,1,1,1,1,0,2,0,1,0,0,23,0,0,0
2021/2022,swartberg,greater kokstad,harry gwala,29.33874,-30.24156,9,1,8,1,1,0,3,5,0,1,3,0,6,2,9,0,13,3,1,2,0,0,0,0,2,5,0,0,22,0,2,0
2022/2023,swartberg,greater kokstad,harry gwala,29.33874,-30.24156,4,1,10,1,1,0,1,7,1,3,1,0,6,0,15,0,13,1,0,3,0,0,0,2,0,4,0,0,13,1,1,0
2023/2024,swartberg,harry gwala district,harry gwala district,29.33874,-30.24156,0,0,0,0,0,0,0,9,0,0,0,0,0,0,0,0,0,0,0,0,0,0,0,0,0,0,0,0,0,1,1,0
2024/2025,swartberg,harry gwala district,harry gwala district,29.33874,-30.24156,0,0,0,0,0,0,0,5,1,0,0,0,0,0,0,0,0,0,0,0,0,0,0,0,0,0,0,0,0,0,1,0
2008/2009,swartkops,nelson mandela bay,nelson mandela bay,25.60443,-33.85136,499,6,146,18,7,0,110,247,12,30,154,44,16,239,16,6,1,130,20,52,20,13,3,167,8,77,0,20,8,36,141,2
2009/2010,swartkops,nelson mandela bay,nelson mandela bay,25.60443,-33.85136,456,9,196,19,3,0,158,272,20,53,146,36,16,275,20,6,1,126,21,48,18,13,1,190,4,65,0,28,14,33,203,3
2010/2011,swartkops,nelson mandela bay,nelson mandela bay,25.60443,-33.85136,412,5,135,10,2,0,125,181,17,40,174,29,12,265,25,11,1,111,9,53,24,9,0,195,8,70,0,18,17,36,166,1
2011/2012,swartkops,nelson mandela bay,nelson mandela bay,25.60443,-33.85136,350,0,127,12,3,0,73,227,24,29,155,21,8,346,36,20,1,91,7,42,37,36,0,220,0,49,7,14,13,29,138,2
2012/2013,swartkops,nelson mandela bay,nelson mandela bay,25.60443,-33.85136,341,7,129,14,4,0,119,186,17,23,164,22,5,270,62,8,1,139,17,56,18,12,0,146,9,72,14,21,19,39,219,2
2013/2014,swartkops,nelson mandela bay,nelson mandela bay,25.60443,-33.85136,412,6,129,9,2,0,156,188,18,26,160,30,6,254,83,12,2,133,12,78,28,13,0,198,6,86,16,18,13,36,160,3
2014/2015,swartkops,nelson mandela bay,nelson mandela bay,25.60443,-33.85136,377,12,116,8,3,0,113,168,21,21,150,33,8,255,110,13,23,121,18,35,50,15,0,240,5,47,18,20,26,51,139,2
2015/2016,swartkops,nelson mandela bay,nelson mandela bay,25.60443,-33.85136,331,6,115,15,1,0,53,150,19,42,145,28,7,193,153,12,25,113,15,39,27,25,0,190,3,44,37,13,10,21,102,1
2016/2017,swartkops,nelson mandela bay,nelson mandela bay,25.60443,-33.85136,304,4,111,14,4,0,101,145,37,38,125,15,7,83,136,5,22,89,17,42,42,17,0,256,2,49,47,9,11,23,105,11
2017/2018,swartkops,nelson mandela bay,nelson mandela bay,25.60443,-33.85136,269,5,90,9,4,0,103,201,23,40,120,27,4,85,149,11,14,114,20,39,46,23,2,231,6,51,38,10,7,28,86,12
2018/2019,swartkops,nelson mandela bay,nelson mandela bay,25.60443,-33.85136,262,2,96,16,1,0,83,197,22,53,142,27,6,111,101,18,14,107,24,37,31,15,0,169,6,44,48,6,9,16,101,6
2019/2020,swartkops,nelson mandela bay,nelson mandela bay,25.60443,-33.85136,295,1,92,15,1,0,91,132,35,70,128,25,7,116,117,18,28,112,35,36,40,7,0,211,4,42,53,8,17,27,110,17
2020/2021,swartkops,nelson mandela bay,nelson mandela bay,25.60443,-33.85136,238,5,91,12,2,0,60,132,30,55,131,22,7,27,18,8,23,99,41,34,12,11,0,167,4,41,6,12,15,26,105,30
2021/2022,swartkops,nelson mandela bay,nelson mandela bay,25.60443,-33.85136,233,3,80,14,0,0,50,120,29,94,132,27,7,58,27,10,22,148,40,27,16,9,0,154,2,30,0,8,7,22,85,13
2022/2023,swartkops,nelson mandela bay,nelson mandela bay,25.60443,-33.85136,234,4,79,25,0,0,31,92,66,98,148,26,7,85,39,17,38,121,41,29,14,15,1,222,3,33,7,15,11,25,127,26
2023/2024,swartkops,nelson mandela district,nelson mandela district,25.60443,-33.85136,0,0,0,0,0,0,0,97,89,0,0,0,0,0,0,0,0,0,0,0,0,35,0,0,0,0,0,0,0,23,128,0
2024/2025,swartkops,nelson mandela district,nelson mandela district,25.60443,-33.85136,0,0,0,0,0,0,0,97,66,0,0,0,0,0,0,0,0,0,0,0,0,30,0,0,0,0,0,0,0,17,126,0
2008/2009,swartruggens,kgetlengrivier,bojanala,26.68895,-25.6489,128,3,66,2,2,0,43,72,2,13,29,9,7,8,11,3,1,23,4,12,6,3,0,15,2,17,0,9,21,9,9,0
2009/2010,swartruggens,kgetlengrivier,bojanala,26.68895,-25.6489,115,1,70,4,5,0,32,75,2,11,25,8,5,12,58,4,1,28,3,17,5,1,0,11,3,28,0,15,34,10,6,2
2010/2011,swartruggens,kgetlengrivier,bojanala,26.68895,-25.6489,134,3,70,3,3,0,55,115,0,14,23,6,5,11,46,3,1,30,3,9,0,5,0,9,6,21,0,12,32,10,8,2
2011/2012,swartruggens,kgetlengrivier,bojanala,26.68895,-25.6489,123,4,54,1,1,0,33,108,2,8,12,12,7,7,36,5,1,23,5,12,2,5,0,13,5,19,1,6,24,6,3,2
2012/2013,swartruggens,kgetlengrivier,bojanala,26.68895,-25.6489,136,3,61,7,3,0,48,140,2,8,24,6,7,11,61,5,1,18,4,21,2,3,0,13,1,26,2,16,14,20,21,1
2013/2014,swartruggens,kgetlengrivier,bojanala,26.68895,-25.6489,85,1,37,1,3,0,53,113,5,14,9,4,6,16,102,4,12,19,5,14,4,5,0,22,1,18,0,3,18,11,18,3
2014/2015,swartruggens,kgetlengrivier,bojanala,26.68895,-25.6489,81,2,43,8,1,0,32,109,2,6,5,6,8,7,121,2,12,22,6,8,5,11,0,22,1,14,0,5,10,9,9,0
2015/2016,swartruggens,kgetlengrivier,bojanala,26.68895,-25.6489,91,3,69,3,0,0,32,104,2,9,18,10,6,20,76,4,14,17,3,17,2,2,0,17,4,21,0,5,16,3,11,3
2016/2017,swartruggens,kgetlengrivier,bojanala,26.68895,-25.6489,98,6,57,2,0,0,33,92,3,7,23,10,6,51,56,5,13,26,4,9,13,5,0,31,0,9,1,1,7,7,6,2
2017/2018,swartruggens,kgetlengrivier,bojanala,26.68895,-25.6489,106,1,78,5,1,0,52,103,2,6,21,9,6,41,28,0,12,12,1,17,7,6,0,21,5,23,2,4,15,8,11,0
2018/2019,swartruggens,kgetlengrivier,bojanala,26.68895,-25.6489,96,5,88,4,0,0,37,107,5,5,39,17,4,31,20,3,14,26,2,12,2,5,0,30,7,21,0,9,33,3,17,2
2019/2020,swartruggens,kgetlengrivier,bojanala,26.68895,-25.6489,82,3,86,0,3,0,34,84,0,4,35,10,7,27,5,2,12,16,4,16,2,4,0,16,4,24,2,10,24,19,11,0
2020/2021,swartruggens,kgetlengrivier,bojanala,26.68895,-25.6489,104,1,58,0,0,0,20,84,2,12,31,3,7,25,24,2,14,21,2,25,7,4,0,16,2,28,2,2,21,3,7,0
2021/2022,swartruggens,kgetlengrivier,bojanala,26.68895,-25.6489,100,2,54,6,0,0,30,54,1,12,32,1,6,40,20,3,13,24,4,14,12,9,0,25,3,17,10,5,20,8,7,1
2022/2023,swartruggens,kgetlengrivier,bojanala,26.68895,-25.6489,96,0,69,3,0,0,22,56,3,16,40,2,6,79,21,6,23,19,2,14,2,6,0,17,1,15,3,7,19,6,10,1
2023/2024,swartruggens,bojanala district,bojanala district,26.68895,-25.6489,0,0,0,0,0,0,0,107,1,0,0,0,0,0,0,0,0,0,0,0,0,3,0,0,0,0,0,0,0,4,11,0
2024/2025,swartruggens,bojanala district,bojanala district,26.68895,-25.6489,0,0,0,0,0,0,0,91,0,0,0,0,0,0,0,0,0,0,0,0,0,8,0,0,0,0,0,0,0,4,19,0
2008/2009,swellendam,swellendam,overberg,20.44455,-34.02047,331,1,216,1,0,0,56,159,0,24,299,13,5,126,197,11,1,165,7,31,2,0,0,8,12,46,0,15,36,2,71,0
2009/2010,swellendam,swellendam,overberg,20.44455,-34.02047,284,3,200,0,0,0,60,227,0,34,296,24,5,183,186,5,1,131,5,26,3,1,0,19,11,40,0,22,34,6,75,0
2010/2011,swellendam,swellendam,overberg,20.44455,-34.02047,283,7,194,7,0,0,72,202,0,43,343,16,9,102,284,8,1,138,5,23,1,3,0,12,14,42,0,17,37,7,80,0
2011/2012,swellendam,swellendam,overberg,20.44455,-34.02047,355,1,203,3,1,0,98,207,0,42,379,16,4,123,291,5,1,143,6,24,1,3,0,14,16,43,0,35,38,2,102,0
2012/2013,swellendam,swellendam,overberg,20.44455,-34.02047,336,5,203,6,4,0,93,241,0,40,378,32,7,118,327,7,1,125,10,25,3,5,0,16,13,43,1,39,24,6,78,0
2013/2014,swellendam,swellendam,overberg,20.44455,-34.02047,379,6,215,4,2,0,102,253,0,37,403,35,8,91,369,4,12,153,9,27,5,2,0,19,16,49,1,24,27,3,158,0
2014/2015,swellendam,swellendam,overberg,20.44455,-34.02047,380,7,239,4,2,0,72,268,0,39,343,49,7,122,312,3,14,168,10,24,6,6,0,29,14,41,1,45,31,5,135,0
2015/2016,swellendam,swellendam,overberg,20.44455,-34.02047,337,2,160,5,2,0,51,235,0,42,337,35,4,104,258,6,13,147,8,15,5,1,0,29,8,27,0,29,40,7,122,0
2016/2017,swellendam,swellendam,overberg,20.44455,-34.02047,304,9,156,8,2,0,71,246,1,52,324,25,4,96,374,2,12,129,9,16,11,4,0,32,8,28,0,25,22,5,126,0
2017/2018,swellendam,swellendam,overberg,20.44455,-34.02047,320,1,163,5,0,0,59,206,1,69,243,21,5,120,406,5,13,103,6,15,10,1,0,25,9,27,0,30,35,7,87,0
2018/2019,swellendam,swellendam,overberg,20.44455,-34.02047,315,3,163,6,0,0,46,177,0,63,226,25,9,135,192,2,21,107,15,22,4,2,0,20,9,36,0,16,37,6,89,0
2019/2020,swellendam,swellendam,overberg,20.44455,-34.02047,344,4,158,1,2,0,91,225,0,50,240,17,6,130,71,5,12,110,8,13,11,3,0,32,10,25,1,51,19,5,141,0
2020/2021,swellendam,swellendam,overberg,20.44455,-34.02047,280,2,123,6,4,0,82,183,0,65,178,15,7,45,148,2,23,115,14,12,9,2,0,33,7,24,1,20,15,3,101,0
2021/2022,swellendam,swellendam,overberg,20.44455,-34.02047,269,4,123,6,1,0,59,143,0,60,161,10,4,78,127,2,21,127,9,27,11,4,0,26,4,34,0,20,21,3,81,1
2022/2023,swellendam,swellendam,overberg,20.44455,-34.02047,398,2,137,13,0,0,44,158,0,88,184,20,7,122,179,3,12,115,14,29,6,3,0,28,8,38,1,38,14,2,89,0
2023/2024,swellendam,overberg district,overberg district,20.44455,-34.02047,0,0,0,0,0,0,0,162,0,0,0,0,0,0,0,0,0,0,0,0,0,2,0,0,0,0,0,0,0,4,72,0
2024/2025,swellendam,overberg district,overberg district,20.44455,-34.02047,0,0,0,0,0,0,0,125,0,0,0,0,0,0,0,0,0,0,0,0,0,1,0,0,0,0,0,0,0,2,57,0
2008/2009,sydenham,ethekwini,ethekwini,30.97629,-29.83128,313,3,140,27,0,0,30,324,38,130,248,27,36,366,503,50,1,67,28,40,28,39,0,202,12,68,0,61,0,185,66,0
2009/2010,sydenham,ethekwini,ethekwini,30.97629,-29.83128,435,5,194,31,4,0,57,462,53,142,305,61,32,245,712,34,1,86,29,43,32,41,0,246,14,73,0,108,0,260,181,1
2010/2011,sydenham,ethekwini,ethekwini,30.97629,-29.83128,669,8,207,54,6,0,113,586,89,136,338,113,9,107,684,32,1,203,21,51,27,63,1,378,24,86,0,150,0,290,344,0
2011/2012,sydenham,ethekwini,ethekwini,30.97629,-29.83128,682,4,163,37,4,0,91,472,78,126,309,107,4,280,799,27,1,184,25,51,36,47,1,333,23,80,2,133,0,276,289,1
2012/2013,sydenham,ethekwini,ethekwini,30.97629,-29.83128,749,4,180,30,0,0,85,684,87,144,266,117,9,303,862,33,1,199,26,59,43,62,0,372,12,76,5,88,0,204,419,0
2013/2014,sydenham,ethekwini,ethekwini,30.97629,-29.83128,831,5,231,44,2,0,61,664,108,117,268,105,9,334,874,23,22,216,20,53,31,77,1,387,17,77,0,99,0,160,367,0
2014/2015,sydenham,ethekwini,ethekwini,30.97629,-29.83128,809,4,210,38,3,0,78,635,77,93,292,121,8,245,919,18,3,162,32,48,36,71,0,379,11,66,3,140,0,147,336,0
2015/2016,sydenham,ethekwini,ethekwini,30.97629,-29.83128,577,5,171,42,1,0,106,581,103,82,263,84,4,184,885,26,17,144,22,55,33,91,0,374,14,72,2,103,0,202,341,0
2016/2017,sydenham,ethekwini,ethekwini,30.97629,-29.83128,677,6,152,32,5,0,73,522,126,93,231,106,8,140,1002,45,2,148,30,61,55,106,0,469,10,80,1,96,0,162,319,0
2017/2018,sydenham,ethekwini,ethekwini,30.97629,-29.83128,512,6,100,33,5,0,86,442,68,85,267,90,8,170,934,30,22,118,39,45,48,129,1,397,15,69,1,105,0,138,320,0
2018/2019,sydenham,ethekwini,ethekwini,30.97629,-29.83128,546,3,141,33,4,0,89,431,72,140,322,93,9,182,567,35,25,137,26,58,58,75,0,369,19,86,3,103,0,199,205,1
2019/2020,sydenham,ethekwini,ethekwini,30.97629,-29.83128,492,6,184,26,3,0,72,435,88,138,279,81,9,286,637,37,22,126,38,67,36,90,0,388,18,93,3,139,1,209,205,0
2020/2021,sydenham,ethekwini,ethekwini,30.97629,-29.83128,487,2,163,28,2,0,72,278,29,134,285,88,5,3,432,33,14,158,25,60,62,80,0,321,13,78,0,111,0,147,204,1
2021/2022,sydenham,ethekwini,ethekwini,30.97629,-29.83128,566,4,192,53,4,0,91,243,52,156,288,85,4,17,611,38,7,172,74,55,27,83,0,358,19,80,1,82,0,153,182,0
2022/2023,sydenham,ethekwini,ethekwini,30.97629,-29.83128,714,8,173,71,3,0,53,252,54,195,333,119,6,4,417,26,10,176,68,69,40,122,0,497,14,86,1,80,0,228,233,4
2023/2024,sydenham,ethekwini district,ethekwini district,30.97629,-29.83128,0,0,0,0,0,0,0,214,43,0,0,0,0,0,0,0,0,0,0,0,0,44,0,0,0,0,0,0,0,217,196,0
2024/2025,sydenham,ethekwini district,ethekwini district,30.97629,-29.83128,0,0,0,0,0,0,0,221,21,0,0,0,0,0,0,0,0,0,0,0,0,39,0,0,0,0,0,0,0,180,207,0
2008/2009,tabase,elundini,joe gqabi,28.31933,-30.52585,2,0,12,0,0,0,0,7,0,0,0,0,6,0,1,0,1,1,0,2,0,0,0,0,0,2,0,0,5,1,0,0
2009/2010,tabase,elundini,joe gqabi,28.31933,-30.52585,5,0,16,0,1,0,0,4,0,0,2,0,6,1,4,5,1,0,1,1,0,0,0,0,0,2,0,0,8,0,0,0
2010/2011,tabase,elundini,joe gqabi,28.31933,-30.52585,3,0,13,0,1,0,1,6,0,0,1,0,6,0,6,2,1,3,1,4,0,0,0,0,0,5,0,0,7,0,0,0
2011/2012,tabase,elundini,joe gqabi,28.31933,-30.52585,2,0,10,0,0,0,2,3,0,0,2,0,6,0,6,6,1,0,0,2,1,0,0,1,0,2,0,0,8,0,0,0
2012/2013,tabase,elundini,joe gqabi,28.31933,-30.52585,7,2,19,0,1,0,3,8,0,0,0,0,6,0,6,3,1,3,2,4,0,2,0,2,0,5,0,0,0,0,0,0
2013/2014,tabase,elundini,joe gqabi,28.31933,-30.52585,1,0,12,1,3,0,2,5,0,0,1,0,6,0,11,1,13,1,3,5,0,1,0,1,0,8,0,0,4,0,0,0
2014/2015,tabase,elundini,joe gqabi,28.31933,-30.52585,6,0,12,0,0,0,2,3,0,0,2,0,6,0,7,0,13,2,1,2,0,0,0,0,0,2,0,0,1,1,0,0
2015/2016,tabase,elundini,joe gqabi,28.31933,-30.52585,4,1,17,1,0,0,3,5,0,1,5,0,6,1,5,1,13,4,0,3,0,2,0,2,0,3,0,0,3,0,0,0
2016/2017,tabase,elundini,joe gqabi,28.31933,-30.52585,1,0,9,0,0,0,4,2,0,0,1,1,6,0,9,0,12,2,2,1,1,0,0,1,1,2,0,0,2,0,0,0
2017/2018,tabase,elundini,joe gqabi,28.31933,-30.52585,2,0,13,0,0,0,4,2,0,0,2,0,6,0,8,0,13,1,1,5,0,0,0,0,0,5,0,0,4,0,0,0
2018/2019,tabase,elundini,joe gqabi,28.31933,-30.52585,1,0,13,0,0,0,1,3,0,1,4,0,6,0,2,3,13,2,3,3,0,0,0,0,0,3,0,0,4,0,0,0
2019/2020,tabase,elundini,joe gqabi,28.31933,-30.52585,1,0,10,0,0,0,1,0,0,1,0,0,6,0,7,2,12,1,0,3,0,0,0,0,1,4,0,0,2,0,0,0
2020/2021,tabase,elundini,joe gqabi,28.31933,-30.52585,5,1,7,0,1,0,3,2,0,1,3,1,7,1,1,0,21,2,1,0,0,0,0,0,1,3,0,0,0,0,0,0
2021/2022,tabase,elundini,joe gqabi,28.31933,-30.52585,2,2,7,0,0,0,3,0,0,0,0,0,6,0,2,0,12,1,1,2,0,3,0,4,1,3,0,0,2,0,0,0
2022/2023,tabase,elundini,joe gqabi,28.31933,-30.52585,2,0,6,0,0,0,0,2,0,1,3,1,6,0,1,2,13,1,3,5,0,1,0,1,0,5,0,0,2,0,0,0
2023/2024,tabase,joe gqabi district,joe gqabi district,28.31933,-30.52585,0,0,0,0,0,0,0,5,0,0,0,0,0,0,0,0,0,0,0,0,0,0,0,0,0,0,0,0,0,0,0,0
2024/2025,tabase,joe gqabi district,joe gqabi district,28.31933,-30.52585,0,0,0,0,0,0,0,5,0,0,0,0,0,0,0,0,0,0,0,0,0,2,0,0,0,0,0,0,0,0,0,0
2008/2009,table bay harbour,city of cape town,city of cape town,18.42454,-33.91001,760,0,16,1,0,0,16,6,1,144,93,11,4,51,165,3,1,59,1,1,2,0,0,10,2,5,0,451,0,15,101,0
2009/2010,table bay harbour,city of cape town,city of cape town,18.42454,-33.91001,730,0,13,4,0,0,34,6,0,154,63,14,9,21,115,2,1,50,2,1,1,0,0,10,3,9,0,498,0,13,103,0
2010/2011,table bay harbour,city of cape town,city of cape town,18.42454,-33.91001,818,0,17,1,0,0,44,1,0,158,80,11,7,26,86,1,1,38,1,1,2,1,0,8,0,2,0,484,0,9,91,0
2011/2012,table bay harbour,city of cape town,city of cape town,18.42454,-33.91001,660,0,18,0,0,0,35,1,0,114,73,7,6,6,64,0,1,28,0,6,0,1,0,7,6,12,1,404,0,4,101,0
2012/2013,table bay harbour,city of cape town,city of cape town,18.42454,-33.91001,709,0,14,1,0,0,28,4,0,97,53,7,4,8,92,2,1,24,2,1,0,0,0,10,0,3,4,314,0,11,83,0
2013/2014,table bay harbour,city of cape town,city of cape town,18.42454,-33.91001,725,0,10,2,0,0,24,6,0,125,31,9,6,13,120,2,13,27,1,0,0,0,0,4,4,4,3,214,0,8,66,0
2014/2015,table bay harbour,city of cape town,city of cape town,18.42454,-33.91001,683,0,12,0,0,0,16,0,0,99,42,13,6,4,91,0,13,35,0,0,0,0,0,2,2,2,1,218,0,8,58,0
2015/2016,table bay harbour,city of cape town,city of cape town,18.42454,-33.91001,726,0,14,0,0,0,33,0,0,92,40,13,6,11,72,0,13,40,0,0,1,0,0,3,6,6,1,197,0,7,45,0
2016/2017,table bay harbour,city of cape town,city of cape town,18.42454,-33.91001,650,0,7,0,0,0,14,0,0,96,52,13,6,7,97,0,21,36,0,2,0,0,1,4,1,3,0,342,0,7,36,0
2017/2018,table bay harbour,city of cape town,city of cape town,18.42454,-33.91001,573,0,8,0,0,0,13,1,1,106,44,9,7,4,54,0,12,25,1,1,0,0,0,2,5,7,0,298,0,6,25,0
2018/2019,table bay harbour,city of cape town,city of cape town,18.42454,-33.91001,484,0,2,0,0,0,16,3,0,96,49,8,6,4,16,0,12,20,0,2,0,0,0,3,4,6,0,216,0,7,30,0
2019/2020,table bay harbour,city of cape town,city of cape town,18.42454,-33.91001,536,0,13,0,0,0,7,1,0,94,35,6,6,3,14,0,13,12,0,1,1,0,0,2,4,5,2,175,0,2,36,0
2020/2021,table bay harbour,city of cape town,city of cape town,18.42454,-33.91001,188,0,2,2,0,0,4,0,0,41,17,1,6,0,25,0,13,11,0,0,1,0,0,3,1,1,0,123,0,5,19,0
2021/2022,table bay harbour,city of cape town,city of cape town,18.42454,-33.91001,295,0,4,0,0,0,8,1,0,68,15,8,6,1,86,0,13,12,0,2,1,0,0,6,0,2,0,108,0,3,17,0
2022/2023,table bay harbour,city of cape town,city of cape town,18.42454,-33.91001,384,0,8,1,0,0,8,0,0,85,23,6,6,5,38,0,13,16,2,4,0,0,0,1,0,4,0,149,0,2,34,0
2023/2024,table bay harbour,city of cape town district,city of cape town district,18.42454,-33.91001,0,0,0,0,0,0,0,3,0,0,0,0,0,0,0,0,0,0,0,0,0,0,0,0,0,0,0,0,0,8,19,0
2024/2025,table bay harbour,city of cape town district,city of cape town district,18.42454,-33.91001,0,0,0,0,0,0,0,1,0,0,0,0,0,0,0,0,0,0,0,0,0,0,0,0,0,0,0,0,0,3,21,0
2008/2009,table view,city of cape town,city of cape town,18.4893,-33.82635,1498,2,87,11,2,0,121,1003,7,293,316,73,33,344,374,12,1,369,19,29,10,31,1,126,19,65,0,215,0,205,615,0
2009/2010,table view,city of cape town,city of cape town,18.4893,-33.82635,1572,5,74,12,3,0,119,1048,7,379,385,93,8,374,471,16,1,279,20,31,14,30,0,175,28,66,0,389,0,178,797,0
2010/2011,table view,city of cape town,city of cape town,18.4893,-33.82635,1420,1,83,21,3,0,78,1096,3,330,361,115,16,442,559,10,1,239,15,36,7,23,2,136,21,70,0,310,2,210,826,0
2011/2012,table view,city of cape town,city of cape town,18.4893,-33.82635,1498,2,74,8,5,0,86,1011,4,304,354,133,8,480,587,6,1,237,7,44,6,21,1,142,11,64,0,265,0,220,763,0
2012/2013,table view,city of cape town,city of cape town,18.4893,-33.82635,1539,5,82,9,2,0,72,1156,5,365,340,149,11,304,599,12,1,219,6,36,10,39,1,158,11,57,6,250,2,203,834,0
2013/2014,table view,city of cape town,city of cape town,18.4893,-33.82635,1566,0,94,8,3,0,76,1233,5,314,443,165,4,331,640,10,28,248,13,34,12,34,0,173,13,52,7,312,0,233,973,0
2014/2015,table view,city of cape town,city of cape town,18.4893,-33.82635,1509,1,84,7,4,0,85,947,24,314,440,164,4,223,550,6,24,223,17,25,17,66,0,257,23,54,4,297,0,188,797,1
2015/2016,table view,city of cape town,city of cape town,18.4893,-33.82635,1390,3,105,9,3,0,54,922,5,331,456,144,6,156,485,11,22,197,9,33,19,44,1,243,20,56,2,256,0,187,798,0
2016/2017,table view,city of cape town,city of cape town,18.4893,-33.82635,1425,1,80,9,4,0,40,776,8,316,418,143,8,276,748,14,2,179,10,34,18,29,1,199,16,58,2,245,0,141,718,1
2017/2018,table view,city of cape town,city of cape town,18.4893,-33.82635,1318,5,85,13,4,0,59,605,10,340,393,135,10,292,933,14,23,206,13,30,16,30,2,199,16,56,1,300,0,109,557,0
2018/2019,table view,city of cape town,city of cape town,18.4893,-33.82635,1326,1,122,16,0,0,82,464,9,392,418,162,10,305,785,20,17,214,21,26,16,29,0,235,19,51,2,436,0,118,562,1
2019/2020,table view,city of cape town,city of cape town,18.4893,-33.82635,1319,3,121,19,2,0,72,505,11,452,467,172,6,223,561,16,3,178,14,45,17,29,0,239,23,70,1,428,0,90,490,2
2020/2021,table view,city of cape town,city of cape town,18.4893,-33.82635,851,8,105,21,3,0,30,391,7,451,373,118,8,89,664,12,28,178,26,43,13,19,0,150,18,68,0,356,4,56,235,1
2021/2022,table view,city of cape town,city of cape town,18.4893,-33.82635,1039,1,146,18,6,0,36,353,13,619,426,159,8,107,519,5,37,228,23,55,13,22,0,188,22,87,0,254,0,84,325,1
2022/2023,table view,city of cape town,city of cape town,18.4893,-33.82635,1233,5,183,27,3,0,30,485,9,776,475,217,6,123,315,17,3,250,29,48,15,20,0,269,23,74,2,244,0,96,494,0
2023/2024,table view,city of cape town district,city of cape town district,18.4893,-33.82635,0,0,0,0,0,0,0,388,17,0,0,0,0,0,0,0,0,0,0,0,0,29,0,0,0,0,0,0,0,97,508,0
2024/2025,table view,city of cape town district,city of cape town district,18.4893,-33.82635,0,0,0,0,0,0,0,377,7,0,0,0,0,0,0,0,0,0,0,0,0,27,0,0,0,0,0,0,0,70,464,0
2008/2009,tamara,buffalo city,buffalo city,27.28339,-32.97844,29,3,87,2,3,0,2,42,0,2,21,11,8,4,11,1,1,33,11,21,0,0,0,4,0,28,0,1,9,0,5,0
2009/2010,tamara,buffalo city,buffalo city,27.28339,-32.97844,30,0,88,3,5,0,5,47,0,0,31,13,6,3,12,5,1,43,6,28,2,1,0,7,0,33,0,0,28,1,2,0
2010/2011,tamara,buffalo city,buffalo city,27.28339,-32.97844,73,3,104,0,12,0,5,54,0,1,56,9,8,8,14,2,1,42,6,25,9,1,0,12,1,42,0,0,27,1,6,0
2011/2012,tamara,buffalo city,buffalo city,27.28339,-32.97844,47,1,115,2,3,0,5,50,0,1,68,14,6,16,9,3,1,29,9,20,5,2,0,15,3,26,0,1,16,0,3,0
2012/2013,tamara,buffalo city,buffalo city,27.28339,-32.97844,39,1,118,2,6,0,7,57,1,1,56,7,6,9,6,1,1,60,8,20,8,3,0,15,2,28,0,0,12,3,6,0
2013/2014,tamara,buffalo city,buffalo city,27.28339,-32.97844,37,1,111,2,1,0,6,35,0,1,50,6,6,6,13,2,12,48,11,22,5,3,0,15,0,23,0,0,20,1,2,0
2014/2015,tamara,buffalo city,buffalo city,27.28339,-32.97844,36,2,109,1,9,0,6,44,0,0,55,3,4,7,16,2,13,48,7,29,4,6,0,19,4,44,0,0,35,0,7,0
2015/2016,tamara,buffalo city,buffalo city,27.28339,-32.97844,41,0,105,4,5,0,12,51,1,1,31,6,7,6,17,5,13,29,11,21,7,11,0,30,3,30,0,0,40,2,3,0
2016/2017,tamara,buffalo city,buffalo city,27.28339,-32.97844,45,0,88,1,4,0,7,37,1,3,28,3,6,5,11,6,13,51,4,16,8,9,0,24,4,24,0,0,51,2,5,0
2017/2018,tamara,buffalo city,buffalo city,27.28339,-32.97844,33,0,92,4,5,0,2,45,1,0,40,2,7,4,28,1,13,37,10,12,0,1,0,4,5,23,0,0,40,2,3,0
2018/2019,tamara,buffalo city,buffalo city,27.28339,-32.97844,22,3,74,0,3,0,6,60,1,0,26,4,7,5,23,5,13,42,6,19,3,6,0,19,4,27,0,0,59,1,5,0
2019/2020,tamara,buffalo city,buffalo city,27.28339,-32.97844,31,0,91,8,6,0,8,49,1,1,24,4,6,3,20,8,21,25,6,19,6,4,0,20,3,28,0,0,35,2,3,0
2020/2021,tamara,buffalo city,buffalo city,27.28339,-32.97844,27,3,46,5,3,0,8,40,1,2,31,2,7,5,9,0,13,28,10,14,11,5,0,23,2,20,0,0,33,0,1,0
2021/2022,tamara,buffalo city,buffalo city,27.28339,-32.97844,34,1,57,3,1,0,7,34,0,3,46,6,6,2,3,3,13,36,12,22,4,4,0,19,4,27,0,0,24,0,4,0
2022/2023,tamara,buffalo city,buffalo city,27.28339,-32.97844,28,1,74,5,4,0,6,31,0,1,44,5,7,2,3,2,12,35,4,19,7,3,0,14,4,28,0,0,28,3,9,0
2023/2024,tamara,buffalo city district,buffalo city district,27.28339,-32.97844,0,0,0,0,0,0,0,48,0,0,0,0,0,0,0,0,0,0,0,0,0,1,0,0,0,0,0,0,0,0,6,0
2024/2025,tamara,buffalo city district,buffalo city district,27.28339,-32.97844,0,0,0,0,0,0,0,39,0,0,0,0,0,0,0,0,0,0,0,0,0,4,0,0,0,0,0,0,0,0,7,0
2008/2009,tarkastad,enoch mgijima,chris hani,26.25755,-32.00705,53,1,79,2,2,1,11,58,0,11,44,3,6,4,7,2,1,21,2,18,3,1,0,10,0,20,0,2,62,4,4,0
2009/2010,tarkastad,enoch mgijima,chris hani,26.25755,-32.00705,42,0,81,1,0,0,13,44,1,6,22,3,6,8,8,2,1,20,0,18,0,2,0,3,0,18,0,4,73,1,7,0
2010/2011,tarkastad,enoch mgijima,chris hani,26.25755,-32.00705,54,1,73,0,0,0,13,50,0,4,17,1,6,7,20,1,1,15,5,6,2,0,0,5,0,6,0,1,76,2,6,0
2011/2012,tarkastad,enoch mgijima,chris hani,26.25755,-32.00705,33,0,68,1,1,0,8,33,0,5,16,0,6,8,26,2,1,8,2,7,1,1,0,2,0,8,0,2,74,2,5,0
2012/2013,tarkastad,enoch mgijima,chris hani,26.25755,-32.00705,28,1,42,1,0,0,9,31,0,12,16,2,6,6,35,1,1,31,6,7,1,0,0,1,0,7,0,2,39,1,4,0
2013/2014,tarkastad,enoch mgijima,chris hani,26.25755,-32.00705,30,1,39,0,3,0,4,18,0,4,12,0,6,11,36,2,13,13,6,14,1,1,0,2,3,20,0,1,29,3,6,0
2014/2015,tarkastad,enoch mgijima,chris hani,26.25755,-32.00705,20,0,36,3,3,0,9,27,1,9,20,1,7,29,39,0,13,8,8,15,4,0,0,5,1,20,0,0,23,5,6,0
2015/2016,tarkastad,enoch mgijima,chris hani,26.25755,-32.00705,35,2,28,4,3,0,13,36,0,7,20,2,7,24,41,2,13,32,3,12,1,0,0,2,4,20,0,0,36,0,5,0
2016/2017,tarkastad,enoch mgijima,chris hani,26.25755,-32.00705,31,4,31,15,1,0,11,38,0,6,23,2,6,29,41,7,13,22,6,18,1,0,0,3,3,22,0,2,51,5,7,0
2017/2018,tarkastad,enoch mgijima,chris hani,26.25755,-32.00705,33,1,37,21,0,0,11,29,0,22,16,1,6,29,41,8,13,23,5,18,0,2,0,7,5,23,0,1,44,1,9,0
2018/2019,tarkastad,enoch mgijima,chris hani,26.25755,-32.00705,28,0,48,10,0,0,18,65,0,12,37,3,6,20,24,1,13,18,6,12,0,0,0,5,5,17,0,3,43,3,5,0
2019/2020,tarkastad,enoch mgijima,chris hani,26.25755,-32.00705,34,0,64,16,1,0,9,44,1,14,32,1,7,12,8,1,13,13,3,11,1,1,0,3,2,15,0,5,30,3,7,0
2020/2021,tarkastad,enoch mgijima,chris hani,26.25755,-32.00705,29,0,55,10,1,0,20,54,1,15,42,1,6,6,16,1,12,13,3,15,1,0,0,3,0,16,0,3,35,3,7,0
2021/2022,tarkastad,enoch mgijima,chris hani,26.25755,-32.00705,23,1,66,1,0,0,12,19,1,7,30,5,6,0,14,0,12,26,5,8,2,0,0,7,2,10,0,1,20,0,2,0
2022/2023,tarkastad,enoch mgijima,chris hani,26.25755,-32.00705,15,3,77,5,2,0,19,36,1,9,37,3,6,0,13,1,21,15,5,12,1,2,0,6,2,16,0,3,18,0,7,0
2023/2024,tarkastad,chris hani district,chris hani district,26.25755,-32.00705,0,0,0,0,0,0,0,25,0,0,0,0,0,0,0,0,0,0,0,0,0,3,0,0,0,0,0,0,0,0,0,0
2024/2025,tarkastad,chris hani district,chris hani district,26.25755,-32.00705,0,0,0,0,0,0,0,33,0,0,0,0,0,0,0,0,0,0,0,0,0,3,0,0,0,0,0,0,0,3,4,0
2008/2009,tarlton,mogale city,west rand,27.66759,-26.09221,0,0,0,0,0,0,0,0,0,0,0,0,6,0,0,0,1,0,0,0,0,0,0,0,0,0,0,0,0,0,0,0
2009/2010,tarlton,mogale city,west rand,27.66759,-26.09221,146,1,56,2,1,0,12,50,2,5,48,13,6,1,5,2,1,42,0,9,3,1,0,13,0,10,0,3,4,14,11,1
2010/2011,tarlton,mogale city,west rand,27.66759,-26.09221,337,3,139,7,2,0,16,110,4,3,92,9,9,1,2,1,1,73,2,10,4,8,0,33,2,19,0,5,11,22,14,3
2011/2012,tarlton,mogale city,west rand,27.66759,-26.09221,209,7,153,3,2,0,7,67,4,11,83,9,7,11,6,6,1,49,3,17,4,4,0,21,5,25,0,1,6,15,17,1
2012/2013,tarlton,mogale city,west rand,27.66759,-26.09221,131,5,157,3,1,0,16,89,4,3,69,6,8,8,8,5,1,51,4,14,6,14,0,38,1,20,15,1,15,11,37,0
2013/2014,tarlton,mogale city,west rand,27.66759,-26.09221,159,2,140,2,0,0,20,76,2,7,61,10,6,19,12,10,12,53,5,9,3,5,0,32,0,9,0,2,9,18,17,2
2014/2015,tarlton,mogale city,west rand,27.66759,-26.09221,150,2,142,6,2,0,11,64,6,12,67,9,6,24,8,1,13,59,5,6,7,7,0,33,1,9,8,0,11,6,25,0
2015/2016,tarlton,mogale city,west rand,27.66759,-26.09221,142,1,143,7,2,0,16,77,0,9,72,4,6,29,18,5,12,69,6,7,16,8,0,46,0,9,21,0,13,16,27,3
2016/2017,tarlton,mogale city,west rand,27.66759,-26.09221,103,4,142,6,2,0,26,99,9,11,92,15,6,38,31,4,13,64,4,15,3,15,0,54,1,18,0,1,14,17,30,10
2017/2018,tarlton,mogale city,west rand,27.66759,-26.09221,118,8,101,3,0,0,17,84,5,15,76,4,6,59,38,4,21,67,7,13,5,6,0,32,2,15,0,0,18,8,18,3
2018/2019,tarlton,mogale city,west rand,27.66759,-26.09221,104,0,107,2,1,0,16,88,19,21,79,11,7,75,43,7,23,60,3,18,9,6,0,61,3,23,0,0,14,12,16,6
2019/2020,tarlton,mogale city,west rand,27.66759,-26.09221,71,3,111,3,1,0,19,108,16,11,60,8,6,84,50,3,14,56,7,14,7,1,0,39,2,17,0,0,16,12,16,7
2020/2021,tarlton,mogale city,west rand,27.66759,-26.09221,91,0,81,4,0,0,30,68,4,13,74,4,7,80,23,3,21,42,6,13,4,6,0,31,1,15,0,0,29,7,11,2
2021/2022,tarlton,mogale city,west rand,27.66759,-26.09221,151,0,93,2,2,0,26,75,7,14,81,6,6,82,64,0,24,66,2,8,3,14,0,37,0,10,0,0,15,13,11,6
2022/2023,tarlton,mogale city,west rand,27.66759,-26.09221,114,0,106,1,1,0,34,92,9,20,60,6,6,55,100,2,17,75,4,10,6,30,1,68,0,11,0,0,30,16,10,10
2023/2024,tarlton,west rand district,west rand district,27.66759,-26.09221,0,0,0,0,0,0,0,70,4,0,0,0,0,0,0,0,0,0,0,0,0,35,0,0,0,0,0,0,0,11,9,0
2024/2025,tarlton,west rand district,west rand district,27.66759,-26.09221,0,0,0,0,0,0,0,48,10,0,0,0,0,0,0,0,0,0,0,0,0,12,0,0,0,0,0,0,0,18,10,0
2008/2009,taung,greater taung,dr ruth segomotsi mompati,24.77898,-27.54507,146,10,376,12,14,0,163,271,1,27,90,57,5,22,147,6,1,102,16,101,25,6,0,70,3,121,0,42,84,4,33,0
2009/2010,taung,greater taung,dr ruth segomotsi mompati,24.77898,-27.54507,182,4,361,11,22,1,163,264,0,38,106,73,5,6,163,3,1,114,16,103,43,13,0,83,5,133,0,37,92,8,22,0
2010/2011,taung,greater taung,dr ruth segomotsi mompati,24.77898,-27.54507,191,8,354,10,9,0,152,247,2,10,116,76,9,6,176,8,1,125,14,108,37,22,3,99,9,131,0,17,81,14,22,0
2011/2012,taung,greater taung,dr ruth segomotsi mompati,24.77898,-27.54507,182,12,416,13,19,0,156,283,1,17,119,79,9,14,119,7,1,113,19,160,53,18,3,108,8,192,2,25,112,10,57,0
2012/2013,taung,greater taung,dr ruth segomotsi mompati,24.77898,-27.54507,190,14,428,15,23,0,169,266,2,45,125,69,8,34,111,3,1,142,21,168,33,24,1,107,4,199,1,31,124,11,66,0
2013/2014,taung,greater taung,dr ruth segomotsi mompati,24.77898,-27.54507,211,13,416,21,20,0,170,260,2,25,113,77,5,26,134,7,28,116,20,127,41,27,0,107,4,154,0,34,106,9,111,0
2014/2015,taung,greater taung,dr ruth segomotsi mompati,24.77898,-27.54507,200,11,433,22,14,0,121,213,2,21,117,70,4,24,108,4,22,131,16,146,45,23,0,117,1,163,0,54,131,21,96,1
2015/2016,taung,greater taung,dr ruth segomotsi mompati,24.77898,-27.54507,236,17,433,14,13,2,176,228,5,26,154,75,7,58,102,9,22,127,19,109,68,20,0,139,3,126,0,45,89,21,69,0
2016/2017,taung,greater taung,dr ruth segomotsi mompati,24.77898,-27.54507,180,11,414,13,6,0,229,315,5,16,143,66,8,6,117,8,27,113,28,96,57,21,0,120,3,109,1,40,115,20,52,0
2017/2018,taung,greater taung,dr ruth segomotsi mompati,24.77898,-27.54507,213,14,367,22,17,0,169,245,3,22,105,71,6,11,136,10,22,118,26,99,32,28,0,127,1,117,0,32,141,17,42,0
2018/2019,taung,greater taung,dr ruth segomotsi mompati,24.77898,-27.54507,175,10,377,11,11,0,291,220,8,14,102,30,7,9,69,3,25,157,17,85,32,14,0,75,3,100,1,26,120,12,44,0
2019/2020,taung,greater taung,dr ruth segomotsi mompati,24.77898,-27.54507,233,5,441,15,11,0,131,247,4,40,101,45,7,8,44,3,2,147,25,117,52,31,0,127,6,135,0,48,116,12,56,2
2020/2021,taung,greater taung,dr ruth segomotsi mompati,24.77898,-27.54507,241,11,419,28,10,0,141,253,13,37,126,35,6,14,63,1,36,163,23,106,32,34,0,116,7,123,0,20,125,5,78,0
2021/2022,taung,greater taung,dr ruth segomotsi mompati,24.77898,-27.54507,216,5,459,11,9,0,143,207,16,30,162,49,6,20,48,4,43,159,27,86,34,27,0,120,2,97,0,9,160,5,43,3
2022/2023,taung,greater taung,dr ruth segomotsi mompati,24.77898,-27.54507,249,14,470,12,15,0,166,230,2,40,161,68,4,27,33,9,26,171,27,94,33,15,0,97,7,118,0,7,186,3,42,0
2023/2024,taung,dr ruth segomotsi mompati district,dr ruth segomotsi mompati district,24.77898,-27.54507,0,0,0,0,0,0,0,175,7,0,0,0,0,0,0,0,0,0,0,0,0,28,0,0,0,0,0,0,0,8,99,0
2024/2025,taung,dr ruth segomotsi mompati district,dr ruth segomotsi mompati district,24.77898,-27.54507,0,0,0,0,0,0,0,208,7,0,0,0,0,0,0,0,0,0,0,0,0,28,0,0,0,0,0,0,0,2,83,0
2008/2009,taylors halt,the msunduzi,umgungundlovu,30.19095,-29.68305,136,8,301,19,5,0,17,247,6,11,110,40,5,2,104,5,1,68,28,58,5,6,0,31,9,75,0,0,179,14,14,0
2009/2010,taylors halt,the msunduzi,umgungundlovu,30.19095,-29.68305,95,1,257,25,1,0,26,224,3,2,110,30,9,9,149,13,1,52,31,88,9,5,0,32,15,109,0,0,140,16,8,0
2010/2011,taylors halt,the msunduzi,umgungundlovu,30.19095,-29.68305,171,8,189,18,0,0,44,184,3,5,103,30,7,15,178,22,1,53,37,59,6,13,0,41,11,71,0,0,93,11,16,0
2011/2012,taylors halt,the msunduzi,umgungundlovu,30.19095,-29.68305,136,7,201,7,0,0,36,183,2,3,103,25,6,16,205,14,1,51,21,67,3,5,0,25,5,72,0,0,108,9,19,0
2012/2013,taylors halt,the msunduzi,umgungundlovu,30.19095,-29.68305,128,2,195,7,0,0,63,206,2,0,108,31,7,21,218,17,1,67,27,82,4,5,0,26,14,97,0,0,107,7,18,0
2013/2014,taylors halt,the msunduzi,umgungundlovu,30.19095,-29.68305,140,4,192,10,0,0,56,240,0,0,100,32,7,35,209,22,12,55,27,65,8,5,0,33,7,73,0,0,55,7,29,0
2014/2015,taylors halt,the msunduzi,umgungundlovu,30.19095,-29.68305,151,1,216,10,0,0,42,240,3,1,96,36,17,29,246,20,14,63,23,69,14,5,0,38,9,87,0,0,86,12,22,0
2015/2016,taylors halt,the msunduzi,umgungundlovu,30.19095,-29.68305,155,3,223,13,1,0,32,317,1,1,104,33,4,38,304,22,21,66,34,74,12,14,0,43,6,83,0,0,100,7,30,0
2016/2017,taylors halt,the msunduzi,umgungundlovu,30.19095,-29.68305,174,4,252,22,0,0,21,378,3,3,94,43,6,40,391,15,21,71,32,51,32,14,0,63,4,55,0,0,142,21,34,0
2017/2018,taylors halt,the msunduzi,umgungundlovu,30.19095,-29.68305,182,0,237,12,0,0,20,404,6,9,117,37,7,22,419,15,12,88,36,62,41,8,0,75,6,69,0,1,163,9,18,0
2018/2019,taylors halt,the msunduzi,umgungundlovu,30.19095,-29.68305,259,0,245,18,1,0,41,349,5,9,144,41,6,14,276,14,23,101,35,50,20,6,0,57,11,62,0,1,167,14,18,0
2019/2020,taylors halt,the msunduzi,umgungundlovu,30.19095,-29.68305,183,3,213,16,0,0,35,297,7,2,157,36,4,10,142,7,21,94,53,60,11,9,0,42,11,73,0,0,210,11,12,0
2020/2021,taylors halt,the msunduzi,umgungundlovu,30.19095,-29.68305,165,4,205,22,1,0,32,179,10,19,113,24,5,10,95,8,25,102,60,44,29,9,0,80,9,57,0,0,253,8,9,0
2021/2022,taylors halt,the msunduzi,umgungundlovu,30.19095,-29.68305,148,5,216,20,0,0,37,235,14,12,136,31,6,4,93,13,22,96,56,51,28,18,0,82,4,55,0,0,145,11,10,0
2022/2023,taylors halt,the msunduzi,umgungundlovu,30.19095,-29.68305,181,3,241,19,3,0,33,247,8,19,203,39,7,3,208,15,24,116,60,53,16,19,0,91,12,69,0,0,125,14,17,0
2023/2024,taylors halt,umgungundlovu district,umgungundlovu district,30.19095,-29.68305,0,0,0,0,0,0,0,253,8,0,0,0,0,0,0,0,0,0,0,0,0,37,0,0,0,0,0,0,0,3,25,0
2024/2025,taylors halt,umgungundlovu district,umgungundlovu district,30.19095,-29.68305,0,0,0,0,0,0,0,250,5,0,0,0,0,0,0,0,0,0,0,0,0,28,0,0,0,0,0,0,0,13,30,0
2008/2009,temba,city of tshwane,city of tshwane,28.26037,-25.38881,2533,35,1107,76,32,0,217,1077,46,79,840,304,22,151,268,70,1,737,53,299,67,70,0,709,20,371,0,170,42,132,212,2
2009/2010,temba,city of tshwane,city of tshwane,28.26037,-25.38881,2018,29,1251,89,26,0,257,1017,60,94,1137,328,14,145,336,55,1,695,53,264,47,57,0,542,7,324,0,311,55,93,198,2
2010/2011,temba,city of tshwane,city of tshwane,28.26037,-25.38881,1864,51,1269,85,26,0,255,1038,61,121,979,334,36,128,335,48,1,634,47,271,84,67,1,590,6,319,0,262,55,74,172,2
2011/2012,temba,city of tshwane,city of tshwane,28.26037,-25.38881,2594,41,1158,51,27,0,279,1105,34,96,902,291,12,209,1425,39,1,647,37,250,69,79,1,556,14,298,1,191,40,66,164,1
2012/2013,temba,city of tshwane,city of tshwane,28.26037,-25.38881,2082,26,1094,54,17,0,259,1140,40,94,757,283,5,336,1661,44,1,595,32,232,70,58,0,551,14,266,12,225,35,113,206,3
2013/2014,temba,city of tshwane,city of tshwane,28.26037,-25.38881,1893,21,1189,61,23,0,286,1079,55,93,738,322,5,221,2104,42,39,633,47,231,122,78,0,687,8,265,0,165,36,119,236,2
2014/2015,temba,city of tshwane,city of tshwane,28.26037,-25.38881,1932,19,1034,81,17,0,205,1089,85,99,660,263,8,242,2199,28,41,576,49,182,141,72,0,724,25,228,2,148,33,180,320,1
2015/2016,temba,city of tshwane,city of tshwane,28.26037,-25.38881,1455,16,1101,97,14,0,241,1060,115,55,732,298,10,239,1608,42,10,576,53,175,181,101,0,863,16,211,0,150,48,196,267,3
2016/2017,temba,city of tshwane,city of tshwane,28.26037,-25.38881,1372,22,1047,107,4,0,206,1016,135,82,587,256,5,167,1767,72,56,527,63,194,168,133,0,908,10,211,1,98,58,174,241,1
2017/2018,temba,city of tshwane,city of tshwane,28.26037,-25.38881,1149,13,958,87,5,0,192,843,97,70,553,242,5,237,2109,82,64,590,60,177,138,130,4,802,19,204,3,109,54,124,217,2
2018/2019,temba,city of tshwane,city of tshwane,28.26037,-25.38881,998,15,1010,71,5,0,217,748,85,63,748,266,9,390,2519,45,5,574,75,180,145,141,3,741,23,213,0,92,40,141,190,2
2019/2020,temba,city of tshwane,city of tshwane,28.26037,-25.38881,872,10,1069,90,5,0,199,766,68,77,834,288,8,249,876,46,66,590,64,189,131,112,1,706,35,233,2,119,49,131,162,0
2020/2021,temba,city of tshwane,city of tshwane,28.26037,-25.38881,855,13,989,58,3,0,218,583,48,110,893,206,5,91,178,27,7,564,40,168,83,85,0,456,36,210,3,102,49,65,115,0
2021/2022,temba,city of tshwane,city of tshwane,28.26037,-25.38881,961,12,1072,65,9,0,144,580,64,83,1189,256,8,247,277,43,72,608,54,215,89,104,0,617,44,272,1,86,92,57,148,3
2022/2023,temba,city of tshwane,city of tshwane,28.26037,-25.38881,1054,7,835,72,9,0,263,680,51,111,1352,282,5,290,345,69,33,509,58,165,99,95,3,576,44,221,0,86,75,73,99,0
2023/2024,temba,tshwane district,tshwane district,28.26037,-25.38881,0,0,0,0,0,0,0,612,48,0,0,0,0,0,0,0,0,0,0,0,0,104,0,0,0,0,0,0,0,120,131,0
2024/2025,temba,tshwane district,tshwane district,28.26037,-25.38881,0,0,0,0,0,0,0,584,80,0,0,0,0,0,0,0,0,0,0,0,0,108,0,0,0,0,0,0,0,62,123,0
2008/2009,tembisa,ekurhuleni,ekurhuleni,28.22014,-26.00749,722,36,802,125,22,0,133,996,136,136,680,286,15,219,53,113,1,554,148,294,76,150,2,736,13,346,0,177,0,173,337,2
2009/2010,tembisa,ekurhuleni,ekurhuleni,28.22014,-26.00749,726,31,798,120,12,0,161,1256,125,184,598,308,47,284,69,175,1,585,122,252,129,107,0,769,6,293,0,232,0,198,465,1
2010/2011,tembisa,ekurhuleni,ekurhuleni,28.22014,-26.00749,762,20,730,100,16,1,174,1012,82,251,821,278,38,354,202,126,1,534,111,246,111,157,0,720,8,294,0,260,1,198,412,0
2011/2012,tembisa,ekurhuleni,ekurhuleni,28.22014,-26.00749,762,35,754,86,13,0,166,1047,53,241,735,276,5,531,457,148,1,474,76,220,117,123,0,576,6,242,4,227,0,221,526,0
2012/2013,tembisa,ekurhuleni,ekurhuleni,28.22014,-26.00749,791,29,683,82,11,0,126,1042,143,431,807,244,5,738,589,101,1,469,78,237,77,82,0,571,10,261,1,280,1,206,540,0
2013/2014,tembisa,ekurhuleni,ekurhuleni,28.22014,-26.00749,839,20,694,70,9,0,149,1041,95,280,755,212,10,792,1199,104,67,506,89,224,102,78,1,586,5,244,12,343,0,303,528,2
2014/2015,tembisa,ekurhuleni,ekurhuleni,28.22014,-26.00749,583,25,703,106,10,0,145,939,142,190,624,226,5,776,942,96,68,396,79,139,110,114,0,649,6,158,5,141,1,203,358,2
2015/2016,tembisa,ekurhuleni,ekurhuleni,28.22014,-26.00749,615,21,585,127,1,0,114,915,98,199,662,240,6,972,766,80,69,392,94,179,112,144,0,694,12,192,1,129,0,220,384,2
2016/2017,tembisa,ekurhuleni,ekurhuleni,28.22014,-26.00749,639,9,514,125,5,0,148,852,118,204,482,201,4,552,515,77,53,375,79,103,91,151,2,698,11,121,4,91,0,221,395,1
2017/2018,tembisa,ekurhuleni,ekurhuleni,28.22014,-26.00749,756,7,656,114,3,0,125,798,156,248,609,286,4,643,563,61,70,405,97,150,108,138,1,787,8,163,0,101,0,311,355,4
2018/2019,tembisa,ekurhuleni,ekurhuleni,28.22014,-26.00749,717,5,548,122,10,0,108,721,99,271,678,355,17,832,422,63,50,440,85,137,110,162,1,784,16,172,3,159,0,178,336,2
2019/2020,tembisa,ekurhuleni,ekurhuleni,28.22014,-26.00749,804,9,770,111,10,0,120,594,143,373,1038,431,12,886,329,63,71,508,91,167,91,108,0,939,13,197,1,185,2,235,308,0
2020/2021,tembisa,ekurhuleni,ekurhuleni,28.22014,-26.00749,460,9,630,136,3,0,110,392,154,358,786,264,5,643,280,73,72,417,70,149,129,142,1,1010,24,179,2,140,0,163,255,1
2021/2022,tembisa,ekurhuleni,ekurhuleni,28.22014,-26.00749,541,8,728,176,7,0,87,354,240,360,825,231,6,599,353,55,73,546,110,153,77,202,1,1095,22,182,2,93,0,155,186,0
2022/2023,tembisa,ekurhuleni,ekurhuleni,28.22014,-26.00749,644,9,859,157,7,0,103,368,210,350,1056,249,4,332,407,63,74,542,120,173,76,207,1,1004,32,214,0,152,1,244,161,5
2023/2024,tembisa,ekurhuleni district,ekurhuleni district,28.22014,-26.00749,0,0,0,0,0,0,0,379,209,0,0,0,0,0,0,0,0,0,0,0,0,275,0,0,0,0,0,0,0,181,204,0
2024/2025,tembisa,ekurhuleni district,ekurhuleni district,28.22014,-26.00749,0,0,0,0,0,0,0,349,191,0,0,0,0,0,0,0,0,0,0,0,0,250,0,0,0,0,0,0,0,133,191,0
2008/2009,tembisa south,ekurhuleni,ekurhuleni,28.20888,-26.02598,0,0,0,0,0,0,0,0,0,0,0,0,6,0,0,0,1,0,0,0,0,0,0,0,0,0,0,0,0,0,0,0
2009/2010,tembisa south,ekurhuleni,ekurhuleni,28.20888,-26.02598,0,0,0,0,0,0,0,0,0,0,0,0,6,0,0,0,1,0,0,0,0,0,0,0,0,0,0,0,0,0,0,0
2010/2011,tembisa south,ekurhuleni,ekurhuleni,28.20888,-26.02598,0,0,0,0,0,0,0,0,0,0,0,0,6,0,0,0,1,0,0,0,0,0,0,0,0,0,0,0,0,0,0,0
2011/2012,tembisa south,ekurhuleni,ekurhuleni,28.20888,-26.02598,0,0,0,0,0,0,0,0,0,0,0,0,6,0,0,0,1,0,0,0,0,0,0,0,0,0,0,0,0,0,0,0
2012/2013,tembisa south,ekurhuleni,ekurhuleni,28.20888,-26.02598,0,0,0,0,0,0,0,0,0,0,0,0,6,0,0,0,1,0,0,0,0,0,0,0,0,0,0,0,0,0,0,0
2013/2014,tembisa south,ekurhuleni,ekurhuleni,28.20888,-26.02598,0,0,0,0,0,0,0,0,0,0,0,0,6,0,0,0,13,0,0,0,0,0,0,0,0,0,0,0,0,0,0,0
2014/2015,tembisa south,ekurhuleni,ekurhuleni,28.20888,-26.02598,175,9,213,36,2,0,43,260,25,78,216,61,4,125,174,54,2,134,30,50,47,57,0,232,4,58,0,143,0,78,214,0
2015/2016,tembisa south,ekurhuleni,ekurhuleni,28.20888,-26.02598,262,12,312,46,5,0,55,265,35,84,238,98,6,183,196,37,26,161,37,48,52,90,0,281,9,62,0,116,0,77,220,0
2016/2017,tembisa south,ekurhuleni,ekurhuleni,28.20888,-26.02598,216,5,308,60,3,0,62,360,38,80,346,84,4,160,298,26,4,170,42,45,44,72,0,305,6,56,2,114,0,85,202,1
2017/2018,tembisa south,ekurhuleni,ekurhuleni,28.20888,-26.02598,210,6,375,49,5,0,65,323,34,98,275,78,6,150,352,35,43,179,50,69,30,48,1,246,1,75,5,146,0,124,166,0
2018/2019,tembisa south,ekurhuleni,ekurhuleni,28.20888,-26.02598,233,9,363,62,8,0,58,331,32,98,321,96,4,204,369,48,8,175,42,64,38,50,0,255,6,80,11,154,1,113,120,0
2019/2020,tembisa south,ekurhuleni,ekurhuleni,28.20888,-26.02598,270,14,392,60,3,0,45,248,51,127,354,118,4,258,381,59,65,219,39,60,62,28,0,321,9,74,20,116,0,89,105,0
2020/2021,tembisa south,ekurhuleni,ekurhuleni,28.20888,-26.02598,199,4,328,69,2,0,48,147,50,132,352,69,7,216,336,48,54,184,59,62,64,61,0,354,10,75,18,54,0,66,106,2
2021/2022,tembisa south,ekurhuleni,ekurhuleni,28.20888,-26.02598,236,5,359,66,1,0,84,140,128,131,365,60,7,345,187,21,66,257,62,83,58,53,0,407,10,95,5,36,0,95,103,1
2022/2023,tembisa south,ekurhuleni,ekurhuleni,28.20888,-26.02598,232,11,390,56,3,0,54,199,96,100,400,89,4,165,239,47,40,216,67,89,17,43,0,364,8,102,2,13,0,63,102,0
2023/2024,tembisa south,ekurhuleni district,ekurhuleni district,28.20888,-26.02598,0,0,0,0,0,0,0,147,96,0,0,0,0,0,0,0,0,0,0,0,0,58,0,0,0,0,0,0,0,59,76,0
2024/2025,tembisa south,ekurhuleni district,ekurhuleni district,28.20888,-26.02598,0,0,0,0,0,0,0,131,102,0,0,0,0,0,0,0,0,0,0,0,0,68,0,0,0,0,0,0,0,64,83,0
2008/2009,thaba-nchu,mangaung,mangaung,26.84379,-29.2112,100,1,111,4,2,0,92,72,5,21,99,24,5,6,30,0,1,60,4,17,9,4,1,34,2,24,0,68,55,7,16,0
2009/2010,thaba-nchu,mangaung,mangaung,26.84379,-29.2112,111,0,125,0,2,1,67,76,1,24,95,26,8,15,49,0,1,45,6,20,7,5,1,25,1,27,0,109,66,2,19,0
2010/2011,thaba-nchu,mangaung,mangaung,26.84379,-29.2112,78,1,108,4,0,0,55,115,3,28,97,24,6,8,50,2,1,57,11,26,20,5,2,36,6,32,0,100,76,3,18,0
2011/2012,thaba-nchu,mangaung,mangaung,26.84379,-29.2112,72,4,122,4,4,0,48,65,3,59,69,22,7,4,32,3,1,53,7,23,7,3,2,26,2,30,0,75,67,3,7,0
2012/2013,thaba-nchu,mangaung,mangaung,26.84379,-29.2112,87,0,116,13,2,0,59,60,4,55,51,23,7,8,37,5,1,53,6,18,11,5,0,33,7,28,1,71,60,4,14,0
2013/2014,thaba-nchu,mangaung,mangaung,26.84379,-29.2112,73,1,123,6,2,0,69,66,1,39,65,18,6,9,48,5,21,49,7,30,9,6,0,24,2,34,0,99,34,2,12,0
2014/2015,thaba-nchu,mangaung,mangaung,26.84379,-29.2112,60,1,114,6,3,0,48,38,3,51,59,17,5,20,74,4,13,42,5,21,5,1,1,26,1,28,0,91,23,8,10,0
2015/2016,thaba-nchu,mangaung,mangaung,26.84379,-29.2112,72,0,77,4,1,0,30,41,1,38,50,16,7,22,75,3,23,29,7,17,12,3,0,25,3,22,0,77,42,2,23,0
2016/2017,thaba-nchu,mangaung,mangaung,26.84379,-29.2112,50,2,73,8,2,0,42,47,1,36,37,13,7,13,43,2,21,27,15,12,13,6,0,32,2,17,0,57,58,6,15,0
2017/2018,thaba-nchu,mangaung,mangaung,26.84379,-29.2112,54,2,71,0,1,0,43,36,2,50,32,9,6,22,39,4,12,31,7,15,5,0,0,11,0,16,0,34,49,2,11,0
2018/2019,thaba-nchu,mangaung,mangaung,26.84379,-29.2112,57,1,66,6,2,0,31,44,1,30,35,11,6,15,22,7,21,38,7,13,9,5,0,25,1,16,0,48,56,0,11,0
2019/2020,thaba-nchu,mangaung,mangaung,26.84379,-29.2112,94,2,88,2,0,0,61,52,0,26,50,9,7,18,11,0,21,23,7,10,8,0,0,14,1,12,0,51,61,3,6,0
2020/2021,thaba-nchu,mangaung,mangaung,26.84379,-29.2112,70,0,71,8,1,0,36,31,5,37,52,10,6,4,22,6,12,29,4,14,11,4,0,27,2,17,0,31,52,3,14,0
2021/2022,thaba-nchu,mangaung,mangaung,26.84379,-29.2112,61,0,101,8,3,0,26,23,1,56,46,12,4,10,21,0,13,30,8,16,11,3,0,22,2,23,0,43,54,5,14,0
2022/2023,thaba-nchu,mangaung,mangaung,26.84379,-29.2112,70,1,106,11,2,0,34,24,2,56,98,8,6,17,36,4,21,32,7,13,10,6,0,32,3,18,1,37,47,0,19,0
2023/2024,thaba-nchu,mangaung district,mangaung district,26.84379,-29.2112,0,0,0,0,0,0,0,62,3,0,0,0,0,0,0,0,0,0,0,0,0,5,0,0,0,0,0,0,0,2,15,0
2024/2025,thaba-nchu,mangaung district,mangaung district,26.84379,-29.2112,0,0,0,0,0,0,0,54,3,0,0,0,0,0,0,0,0,0,0,0,0,6,0,0,0,0,0,0,0,2,8,0
2008/2009,thabazimbi,thabazimbi,waterberg,27.40775,-24.59703,393,3,126,2,6,0,58,153,3,62,191,32,5,51,50,4,1,115,10,21,5,4,0,20,9,39,0,66,7,52,29,0
2009/2010,thabazimbi,thabazimbi,waterberg,27.40775,-24.59703,333,6,131,6,2,0,86,183,2,58,144,12,4,50,70,8,1,93,6,27,8,3,0,14,6,37,0,53,5,40,49,0
2010/2011,thabazimbi,thabazimbi,waterberg,27.40775,-24.59703,364,5,119,3,4,0,48,168,5,44,122,25,7,52,60,6,1,82,4,29,7,2,0,19,7,41,0,40,7,20,19,1
2011/2012,thabazimbi,thabazimbi,waterberg,27.40775,-24.59703,262,9,142,6,1,0,46,123,1,69,115,26,7,52,61,2,1,76,5,39,7,2,0,18,6,47,0,37,11,30,32,2
2012/2013,thabazimbi,thabazimbi,waterberg,27.40775,-24.59703,246,3,135,8,1,0,37,133,0,78,117,15,6,81,81,8,1,73,5,27,7,13,0,32,2,30,0,41,10,19,36,5
2013/2014,thabazimbi,thabazimbi,waterberg,27.40775,-24.59703,192,7,110,3,1,0,49,159,0,57,89,16,6,55,123,6,12,69,7,19,5,2,0,10,1,21,0,50,2,11,30,0
2014/2015,thabazimbi,thabazimbi,waterberg,27.40775,-24.59703,237,6,124,9,0,0,35,226,0,61,87,28,6,57,125,1,21,56,10,23,7,16,0,30,8,31,21,43,3,25,31,1
2015/2016,thabazimbi,thabazimbi,waterberg,27.40775,-24.59703,259,7,129,8,5,0,47,157,3,58,92,17,6,47,100,5,13,59,7,15,11,6,0,36,3,23,8,48,5,28,42,3
2016/2017,thabazimbi,thabazimbi,waterberg,27.40775,-24.59703,257,2,124,9,1,0,51,110,0,82,71,30,7,38,144,9,13,39,13,5,12,5,0,21,0,7,11,38,4,10,34,0
2017/2018,thabazimbi,thabazimbi,waterberg,27.40775,-24.59703,204,3,142,6,1,0,47,126,2,72,80,14,6,68,169,3,13,60,6,21,8,7,0,25,3,25,21,54,3,16,68,1
2018/2019,thabazimbi,thabazimbi,waterberg,27.40775,-24.59703,244,0,135,11,5,0,46,128,1,85,88,23,6,80,107,5,13,44,8,14,11,3,0,25,2,21,20,48,2,9,62,1
2019/2020,thabazimbi,thabazimbi,waterberg,27.40775,-24.59703,192,4,127,5,4,0,55,128,1,77,114,28,7,119,89,8,12,45,7,32,6,1,0,23,5,42,27,60,2,7,27,0
2020/2021,thabazimbi,thabazimbi,waterberg,27.40775,-24.59703,172,2,113,8,1,0,55,108,1,81,107,17,6,45,78,3,12,37,8,14,3,6,0,24,5,20,24,44,3,9,27,1
2021/2022,thabazimbi,thabazimbi,waterberg,27.40775,-24.59703,190,5,143,5,0,0,42,97,1,82,105,16,6,32,84,13,12,47,5,34,6,4,0,27,4,38,7,20,2,14,40,0
2022/2023,thabazimbi,thabazimbi,waterberg,27.40775,-24.59703,247,3,163,6,3,0,48,123,1,120,107,17,7,7,120,6,23,79,3,32,4,2,0,36,5,41,36,33,3,16,28,0
2023/2024,thabazimbi,waterberg district,waterberg district,27.40775,-24.59703,0,0,0,0,0,0,0,136,0,0,0,0,0,0,0,0,0,0,0,0,0,5,0,0,0,0,0,0,0,13,38,0
2024/2025,thabazimbi,waterberg district,waterberg district,27.40775,-24.59703,0,0,0,0,0,0,0,139,2,0,0,0,0,0,0,0,0,0,0,0,0,1,0,0,0,0,0,0,0,8,20,0
2008/2009,thabong,matjhabeng,lejweleputswa,26.78051,-27.97483,627,11,697,29,5,0,94,568,6,19,926,159,10,133,105,12,1,380,49,136,31,33,1,390,16,163,0,8,4,39,142,0
2009/2010,thabong,matjhabeng,lejweleputswa,26.78051,-27.97483,609,11,715,25,7,1,136,560,11,18,983,103,11,146,174,20,1,316,52,157,28,58,1,423,15,187,0,60,16,24,99,0
2010/2011,thabong,matjhabeng,lejweleputswa,26.78051,-27.97483,492,12,709,26,0,0,97,566,11,70,892,118,5,108,181,24,1,322,62,170,30,42,1,409,27,200,0,66,6,29,121,0
2011/2012,thabong,matjhabeng,lejweleputswa,26.78051,-27.97483,490,27,656,52,6,0,133,452,13,62,929,90,8,76,141,24,1,381,76,220,51,74,0,504,30,260,0,47,10,34,198,0
2012/2013,thabong,matjhabeng,lejweleputswa,26.78051,-27.97483,558,22,664,74,2,0,172,534,8,93,835,127,7,77,206,22,1,413,78,264,45,88,0,508,38,305,0,61,11,49,219,0
2013/2014,thabong,matjhabeng,lejweleputswa,26.78051,-27.97483,455,15,636,73,5,0,145,515,10,73,939,130,7,66,272,33,4,340,75,282,40,87,0,516,28,316,0,88,5,44,203,0
2014/2015,thabong,matjhabeng,lejweleputswa,26.78051,-27.97483,466,10,570,93,2,2,86,446,5,71,829,150,6,68,242,24,38,352,69,227,30,98,0,591,25,254,0,58,7,34,162,0
2015/2016,thabong,matjhabeng,lejweleputswa,26.78051,-27.97483,416,6,549,70,0,0,125,514,8,60,860,153,7,74,258,34,42,340,76,198,32,117,0,519,26,225,0,62,2,51,174,0
2016/2017,thabong,matjhabeng,lejweleputswa,26.78051,-27.97483,364,9,450,80,0,0,103,532,14,35,689,114,5,58,312,34,38,302,68,195,49,156,1,522,25,223,0,63,1,28,216,0
2017/2018,thabong,matjhabeng,lejweleputswa,26.78051,-27.97483,369,9,420,58,0,0,115,432,8,64,675,96,4,57,364,58,28,281,77,155,54,114,0,434,21,178,0,53,0,34,135,0
2018/2019,thabong,matjhabeng,lejweleputswa,26.78051,-27.97483,443,6,473,73,0,0,124,455,13,70,737,87,4,47,225,25,39,316,64,172,62,112,1,464,35,209,0,54,0,24,117,0
2019/2020,thabong,matjhabeng,lejweleputswa,26.78051,-27.97483,405,11,457,38,0,0,116,351,16,74,757,75,7,45,191,24,8,285,71,138,58,92,2,409,27,166,0,71,1,48,99,0
2020/2021,thabong,matjhabeng,lejweleputswa,26.78051,-27.97483,362,10,346,72,5,0,99,241,7,76,752,71,5,35,103,25,15,273,51,98,60,65,0,281,28,134,0,22,1,32,90,0
2021/2022,thabong,matjhabeng,lejweleputswa,26.78051,-27.97483,388,9,477,93,8,0,82,310,16,90,872,61,4,49,173,29,6,327,67,141,85,63,0,334,20,171,0,18,0,40,100,0
2022/2023,thabong,matjhabeng,lejweleputswa,26.78051,-27.97483,504,5,585,141,7,0,103,347,7,83,867,76,8,41,207,21,60,379,52,140,53,44,0,290,22,173,0,30,1,28,86,0
2023/2024,thabong,lejweleputswa district,lejweleputswa district,26.78051,-27.97483,0,0,0,0,0,0,0,303,11,0,0,0,0,0,0,0,0,0,0,0,0,50,0,0,0,0,0,0,0,16,122,0
2024/2025,thabong,lejweleputswa district,lejweleputswa district,26.78051,-27.97483,0,0,0,0,0,0,0,346,9,0,0,0,0,0,0,0,0,0,0,0,0,58,0,0,0,0,0,0,0,22,89,0
2008/2009,the barrage,emfuleni,sedibeng,27.6795,-26.76453,154,4,69,4,1,0,14,125,5,7,43,19,4,14,5,4,1,61,3,10,5,5,0,28,2,15,0,1,79,33,13,0
2009/2010,the barrage,emfuleni,sedibeng,27.6795,-26.76453,128,0,65,5,2,0,19,178,5,5,35,8,17,14,12,7,1,69,5,15,3,12,0,28,1,27,0,0,35,44,14,3
2010/2011,the barrage,emfuleni,sedibeng,27.6795,-26.76453,188,3,70,8,0,0,21,186,1,6,40,8,4,19,13,4,1,40,5,11,1,8,0,16,4,17,0,2,29,41,24,3
2011/2012,the barrage,emfuleni,sedibeng,27.6795,-26.76453,176,3,61,5,1,0,19,159,2,13,41,10,6,15,12,3,1,37,4,17,0,5,1,14,1,19,2,0,33,28,21,2
2012/2013,the barrage,emfuleni,sedibeng,27.6795,-26.76453,160,0,72,0,0,0,11,117,3,6,40,5,6,42,48,4,1,36,5,9,1,4,0,11,0,9,0,0,37,24,17,0
2013/2014,the barrage,emfuleni,sedibeng,27.6795,-26.76453,140,2,62,6,1,0,29,121,1,12,38,0,7,45,71,5,12,30,5,2,3,10,0,25,1,5,2,1,20,22,16,5
2014/2015,the barrage,emfuleni,sedibeng,27.6795,-26.76453,141,3,67,2,1,0,12,156,2,5,35,4,6,48,136,5,13,44,6,3,4,11,0,22,1,5,4,0,31,35,26,1
2015/2016,the barrage,emfuleni,sedibeng,27.6795,-26.76453,122,0,59,2,1,0,9,96,2,7,41,4,6,38,134,6,13,47,2,4,6,4,0,22,1,6,18,0,33,26,13,2
2016/2017,the barrage,emfuleni,sedibeng,27.6795,-26.76453,89,1,34,0,1,0,23,124,0,5,32,3,6,42,152,2,13,26,6,11,2,10,0,20,1,13,1,0,14,44,17,1
2017/2018,the barrage,emfuleni,sedibeng,27.6795,-26.76453,85,0,31,2,1,0,26,157,2,6,28,2,6,50,190,5,21,18,0,10,7,3,0,16,1,12,1,0,22,21,26,1
2018/2019,the barrage,emfuleni,sedibeng,27.6795,-26.76453,89,1,22,4,1,0,16,162,3,8,22,4,7,69,123,6,13,6,5,7,1,8,0,17,1,10,36,1,14,23,17,0
2019/2020,the barrage,emfuleni,sedibeng,27.6795,-26.76453,88,2,39,5,0,0,14,129,2,12,28,5,6,89,3,0,13,11,5,5,9,5,0,20,1,6,68,0,25,17,14,3
2020/2021,the barrage,emfuleni,sedibeng,27.6795,-26.76453,66,1,25,1,1,0,16,82,5,17,20,4,6,52,5,4,12,8,1,6,2,9,0,35,2,9,112,0,33,17,18,15
2021/2022,the barrage,emfuleni,sedibeng,27.6795,-26.76453,65,0,18,1,1,0,15,132,10,22,19,1,6,61,9,2,27,11,3,10,4,8,0,54,2,13,129,0,35,26,19,29
2022/2023,the barrage,emfuleni,sedibeng,27.6795,-26.76453,82,1,25,3,0,0,14,149,7,28,20,6,7,24,8,9,30,8,1,11,5,6,0,41,0,12,204,0,32,19,14,19
2023/2024,the barrage,sedibeng district,sedibeng district,27.6795,-26.76453,0,0,0,0,0,0,0,132,6,0,0,0,0,0,0,0,0,0,0,0,0,3,0,0,0,0,0,0,0,22,15,0
2024/2025,the barrage,sedibeng district,sedibeng district,27.6795,-26.76453,0,0,0,0,0,0,0,129,10,0,0,0,0,0,0,0,0,0,0,0,0,3,0,0,0,0,0,0,0,22,14,0
2008/2009,thembalethu,george,garden route,22.48547,-34.00341,125,10,377,8,2,0,27,327,0,9,196,115,8,105,264,11,1,100,42,65,3,3,0,46,10,81,0,3,7,17,47,0
2009/2010,thembalethu,george,garden route,22.48547,-34.00341,104,13,322,9,1,0,15,249,0,13,151,94,5,148,306,14,1,76,23,74,4,3,0,29,21,99,0,0,3,13,21,0
2010/2011,thembalethu,george,garden route,22.48547,-34.00341,118,9,347,6,2,0,21,249,0,12,229,75,17,174,330,9,1,108,32,96,14,3,1,40,16,123,0,1,12,15,38,0
2011/2012,thembalethu,george,garden route,22.48547,-34.00341,140,10,360,12,4,0,26,245,1,5,213,73,15,199,359,10,1,96,23,106,17,2,0,65,13,140,2,3,6,20,46,0
2012/2013,thembalethu,george,garden route,22.48547,-34.00341,123,8,339,16,6,0,18,308,1,12,265,72,3,205,344,2,1,119,19,118,30,1,0,84,9,146,0,52,5,15,45,0
2013/2014,thembalethu,george,garden route,22.48547,-34.00341,161,11,322,11,10,0,18,337,0,18,216,122,11,161,344,5,23,132,28,101,49,12,0,120,15,134,0,72,5,15,59,0
2014/2015,thembalethu,george,garden route,22.48547,-34.00341,197,5,358,5,5,0,13,369,1,14,239,101,11,142,374,6,21,139,23,119,34,16,0,145,17,149,0,70,2,21,48,0
2015/2016,thembalethu,george,garden route,22.48547,-34.00341,182,6,314,18,4,0,36,437,4,15,273,79,10,105,403,4,23,130,27,86,27,6,0,120,8,104,0,48,1,11,42,0
2016/2017,thembalethu,george,garden route,22.48547,-34.00341,180,14,335,6,3,0,41,395,1,11,288,95,5,78,435,1,21,142,27,83,6,15,0,77,17,106,0,52,2,13,50,0
2017/2018,thembalethu,george,garden route,22.48547,-34.00341,197,13,412,9,6,0,54,434,2,12,284,78,12,67,559,12,16,219,36,105,14,35,0,178,17,135,0,31,8,24,67,0
2018/2019,thembalethu,george,garden route,22.48547,-34.00341,193,18,451,17,4,0,72,425,3,12,290,95,4,56,274,14,28,215,44,120,21,18,0,155,21,147,1,51,4,36,43,0
2019/2020,thembalethu,george,garden route,22.48547,-34.00341,209,15,434,14,7,0,86,372,3,10,306,89,5,55,119,9,16,219,35,103,12,14,0,146,17,130,0,62,2,24,61,0
2020/2021,thembalethu,george,garden route,22.48547,-34.00341,138,13,324,67,2,0,53,232,5,27,252,61,9,11,60,4,4,167,32,84,23,13,1,150,12,103,2,33,2,13,66,0
2021/2022,thembalethu,george,garden route,22.48547,-34.00341,168,9,293,32,9,0,40,228,4,24,265,40,11,11,130,10,4,163,46,111,20,32,0,168,22,150,0,29,1,19,41,1
2022/2023,thembalethu,george,garden route,22.48547,-34.00341,149,14,392,45,6,0,29,250,4,38,338,47,7,26,259,10,3,183,54,102,21,26,1,189,15,124,0,71,4,11,50,3
2023/2024,thembalethu,garden route district,garden route district,22.48547,-34.00341,0,0,0,0,0,0,0,235,4,0,0,0,0,0,0,0,0,0,0,0,0,27,0,0,0,0,0,0,0,19,53,0
2024/2025,thembalethu,garden route district,garden route district,22.48547,-34.00341,0,0,0,0,0,0,0,256,3,0,0,0,0,0,0,0,0,0,0,0,0,27,0,0,0,0,0,0,0,13,40,0
2008/2009,theunissen,matjhabeng,lejweleputswa,26.71208,-28.40042,290,4,167,2,4,0,63,146,0,18,104,14,8,29,40,3,1,65,13,20,4,0,0,18,3,31,0,5,44,7,12,0
2009/2010,theunissen,matjhabeng,lejweleputswa,26.71208,-28.40042,298,4,169,2,6,0,57,103,0,20,117,11,5,20,62,4,1,69,10,44,6,0,0,18,6,59,0,9,41,6,5,0
2010/2011,theunissen,matjhabeng,lejweleputswa,26.71208,-28.40042,294,1,239,4,8,0,79,137,0,40,118,24,7,7,38,3,1,66,16,34,13,3,0,32,5,48,0,5,75,10,10,0
2011/2012,theunissen,matjhabeng,lejweleputswa,26.71208,-28.40042,377,8,193,7,6,0,114,143,2,38,145,13,8,4,31,3,1,98,18,50,12,9,0,44,18,78,0,11,58,16,20,0
2012/2013,theunissen,matjhabeng,lejweleputswa,26.71208,-28.40042,360,2,200,8,5,0,87,153,1,41,129,22,4,5,38,5,1,82,16,41,22,25,0,71,26,74,0,8,61,12,24,0
2013/2014,theunissen,matjhabeng,lejweleputswa,26.71208,-28.40042,340,6,250,16,4,0,118,156,1,43,166,21,4,4,40,1,21,129,15,50,2,12,0,39,12,68,0,9,53,8,22,0
2014/2015,theunissen,matjhabeng,lejweleputswa,26.71208,-28.40042,418,6,218,10,2,0,83,125,1,37,202,12,4,9,41,2,14,100,13,46,5,10,0,36,9,59,1,7,65,7,16,0
2015/2016,theunissen,matjhabeng,lejweleputswa,26.71208,-28.40042,440,1,220,8,5,0,83,145,1,45,230,25,6,3,32,4,22,120,9,36,12,9,0,47,8,49,0,10,47,6,22,0
2016/2017,theunissen,matjhabeng,lejweleputswa,26.71208,-28.40042,308,6,200,5,5,0,78,156,1,20,168,12,7,8,40,3,14,90,8,30,12,8,0,41,10,46,0,10,53,6,17,0
2017/2018,theunissen,matjhabeng,lejweleputswa,26.71208,-28.40042,276,2,173,8,4,0,119,139,0,14,124,13,7,16,48,3,14,74,15,39,26,10,0,62,13,57,0,2,44,7,21,0
2018/2019,theunissen,matjhabeng,lejweleputswa,26.71208,-28.40042,307,0,137,9,4,0,84,85,3,15,138,18,5,11,41,2,13,75,8,38,13,8,1,35,10,55,0,9,54,5,13,0
2019/2020,theunissen,matjhabeng,lejweleputswa,26.71208,-28.40042,318,1,153,8,0,0,95,111,1,26,115,14,6,11,11,2,12,87,12,30,4,5,0,25,6,36,0,12,48,5,11,0
2020/2021,theunissen,matjhabeng,lejweleputswa,26.71208,-28.40042,213,1,118,5,0,0,71,79,1,29,118,14,6,7,8,3,23,66,13,29,16,11,0,50,12,41,0,5,67,2,12,0
2021/2022,theunissen,matjhabeng,lejweleputswa,26.71208,-28.40042,303,1,146,10,1,0,80,99,2,26,148,12,7,2,15,3,14,100,17,42,4,11,0,50,7,51,1,4,32,5,11,0
2022/2023,theunissen,matjhabeng,lejweleputswa,26.71208,-28.40042,333,1,188,12,0,0,69,96,0,31,191,21,6,4,15,1,23,110,2,29,6,5,0,26,13,42,1,7,35,3,20,0
2023/2024,theunissen,lejweleputswa district,lejweleputswa district,26.71208,-28.40042,0,0,0,0,0,0,0,88,0,0,0,0,0,0,0,0,0,0,0,0,0,9,0,0,0,0,0,0,0,4,8,0
2024/2025,theunissen,lejweleputswa district,lejweleputswa district,26.71208,-28.40042,0,0,0,0,0,0,0,93,1,0,0,0,0,0,0,0,0,0,0,0,0,8,0,0,0,0,0,0,0,0,25,0
2008/2009,thina falls,mhlontlo,o.r.tambo,29.02187,-31.22086,19,1,55,2,1,0,0,26,0,0,11,1,7,0,4,0,1,7,2,7,0,0,0,1,2,11,0,0,20,0,0,0
2009/2010,thina falls,mhlontlo,o.r.tambo,29.02187,-31.22086,18,3,41,0,2,0,2,29,0,0,14,2,6,0,7,0,1,10,4,13,0,3,0,6,0,15,0,0,36,2,1,0
2010/2011,thina falls,mhlontlo,o.r.tambo,29.02187,-31.22086,14,2,59,2,1,0,5,19,0,0,8,3,7,0,10,0,1,8,5,8,1,7,0,11,1,11,0,0,44,2,4,0
2011/2012,thina falls,mhlontlo,o.r.tambo,29.02187,-31.22086,13,1,50,0,0,0,8,19,0,1,5,3,7,0,4,1,1,8,4,6,4,2,0,9,1,8,0,0,39,2,8,0
2012/2013,thina falls,mhlontlo,o.r.tambo,29.02187,-31.22086,17,3,57,2,1,0,5,17,0,0,9,3,6,1,18,2,1,16,7,8,4,0,0,8,0,9,0,0,12,1,3,0
2013/2014,thina falls,mhlontlo,o.r.tambo,29.02187,-31.22086,20,3,42,3,0,0,3,26,0,0,6,3,7,7,28,4,13,8,8,12,8,1,0,13,1,14,0,0,21,2,3,0
2014/2015,thina falls,mhlontlo,o.r.tambo,29.02187,-31.22086,14,0,40,2,2,0,5,13,0,0,2,6,7,4,9,6,13,5,6,22,5,1,0,9,0,25,0,0,34,2,1,0
2015/2016,thina falls,mhlontlo,o.r.tambo,29.02187,-31.22086,19,2,45,5,2,0,7,9,2,2,2,2,7,6,29,2,13,12,11,9,2,0,0,8,0,12,0,0,24,2,3,0
2016/2017,thina falls,mhlontlo,o.r.tambo,29.02187,-31.22086,8,0,56,5,1,0,6,17,0,3,11,4,6,17,32,2,13,11,3,8,3,1,0,6,1,10,0,0,35,1,0,0
2017/2018,thina falls,mhlontlo,o.r.tambo,29.02187,-31.22086,8,2,36,3,2,0,6,9,1,0,11,2,6,2,19,4,12,10,5,12,4,1,0,8,1,15,0,0,41,1,0,0
2018/2019,thina falls,mhlontlo,o.r.tambo,29.02187,-31.22086,10,0,35,4,0,0,7,8,0,1,5,2,6,2,15,2,13,8,9,12,3,2,0,10,3,15,0,0,16,0,1,0
2019/2020,thina falls,mhlontlo,o.r.tambo,29.02187,-31.22086,10,1,51,3,1,0,9,10,1,1,7,1,7,4,1,7,12,16,10,10,4,1,0,9,5,17,0,0,16,0,0,0
2020/2021,thina falls,mhlontlo,o.r.tambo,29.02187,-31.22086,14,1,42,1,1,0,4,7,0,1,5,0,6,1,1,6,12,8,7,8,5,3,0,10,5,14,0,0,8,1,0,0
2021/2022,thina falls,mhlontlo,o.r.tambo,29.02187,-31.22086,8,0,40,3,2,0,2,11,0,1,4,1,6,2,2,4,13,8,7,16,3,0,0,6,7,25,0,0,11,1,0,0
2022/2023,thina falls,mhlontlo,o.r.tambo,29.02187,-31.22086,5,1,26,3,3,0,5,9,0,1,8,1,6,0,0,1,13,5,9,10,2,1,0,6,0,13,0,0,16,0,2,0
2023/2024,thina falls,or tambo district,or tambo district,29.02187,-31.22086,0,0,0,0,0,0,0,8,1,0,0,0,0,0,0,0,0,0,0,0,0,2,0,0,0,0,0,0,0,1,0,0
2024/2025,thina falls,or tambo district,or tambo district,29.02187,-31.22086,0,0,0,0,0,0,0,9,2,0,0,0,0,0,0,0,0,0,0,0,0,1,0,0,0,0,0,0,0,1,0,0
2008/2009,thohoyandou,thulamela,vhembe,30.45594,-22.97234,962,59,1109,58,15,0,403,1167,1,181,1487,344,36,106,142,12,1,489,37,297,25,52,1,161,3,331,0,396,25,19,154,0
2009/2010,thohoyandou,thulamela,vhembe,30.45594,-22.97234,717,49,869,63,9,0,415,1200,6,160,860,277,32,85,180,9,1,354,36,256,27,29,1,94,4,281,0,388,24,33,139,0
2010/2011,thohoyandou,thulamela,vhembe,30.45594,-22.97234,668,32,700,52,21,0,327,1124,5,225,577,238,22,104,94,9,1,297,18,261,45,29,3,133,0,302,0,364,28,30,190,0
2011/2012,thohoyandou,thulamela,vhembe,30.45594,-22.97234,698,43,791,58,11,0,357,1213,6,243,827,285,37,116,102,9,1,455,24,275,67,45,2,213,4,308,67,260,17,30,203,0
2012/2013,thohoyandou,thulamela,vhembe,30.45594,-22.97234,516,59,577,50,7,0,415,1026,4,243,544,120,10,143,132,8,1,360,29,242,70,58,0,268,16,271,253,288,24,30,304,0
2013/2014,thohoyandou,thulamela,vhembe,30.45594,-22.97234,553,34,492,67,7,0,358,1003,5,284,445,142,9,227,143,15,38,302,51,246,73,83,2,387,19,277,84,196,19,39,389,0
2014/2015,thohoyandou,thulamela,vhembe,30.45594,-22.97234,583,46,536,67,1,1,385,762,7,223,528,140,8,328,196,2,3,385,55,269,82,125,0,435,25,299,11,286,27,22,343,0
2015/2016,thohoyandou,thulamela,vhembe,30.45594,-22.97234,594,33,578,52,10,0,377,846,25,220,545,153,4,431,258,6,16,316,53,230,118,154,0,511,6,248,1,286,20,23,304,0
2016/2017,thohoyandou,thulamela,vhembe,30.45594,-22.97234,534,29,517,63,7,0,355,640,15,325,409,111,4,345,337,13,27,319,49,183,80,154,0,477,6,198,2,257,23,31,215,0
2017/2018,thohoyandou,thulamela,vhembe,30.45594,-22.97234,433,31,437,72,6,0,342,695,53,284,446,125,5,369,457,19,30,349,48,225,121,229,0,651,16,250,1,203,22,26,197,0
2018/2019,thohoyandou,thulamela,vhembe,30.45594,-22.97234,378,21,442,70,6,0,273,671,27,300,399,115,6,400,296,13,8,319,51,268,96,130,2,517,23,297,14,268,29,19,220,0
2019/2020,thohoyandou,thulamela,vhembe,30.45594,-22.97234,409,19,408,68,3,0,363,553,59,297,363,90,4,438,29,17,38,336,39,225,177,103,3,645,17,247,27,254,26,36,190,0
2020/2021,thohoyandou,thulamela,vhembe,30.45594,-22.97234,333,14,394,66,8,0,324,356,48,263,529,98,7,264,47,35,3,349,28,206,97,118,1,496,22,237,26,183,41,18,126,0
2021/2022,thohoyandou,thulamela,vhembe,30.45594,-22.97234,445,20,488,91,7,0,272,408,39,329,683,144,4,267,81,32,16,469,44,256,80,77,2,416,31,296,29,224,32,33,195,0
2022/2023,thohoyandou,thulamela,vhembe,30.45594,-22.97234,1138,20,541,79,6,0,361,453,60,393,846,221,4,30,102,41,64,482,68,265,177,86,8,613,28,301,9,271,17,31,125,0
2023/2024,thohoyandou,vhembe district,vhembe district,30.45594,-22.97234,0,0,0,0,0,0,0,477,58,0,0,0,0,0,0,0,0,0,0,0,0,54,0,0,0,0,0,0,0,25,123,0
2024/2025,thohoyandou,vhembe district,vhembe district,30.45594,-22.97234,0,0,0,0,0,0,0,652,50,0,0,0,0,0,0,0,0,0,0,0,0,108,0,0,0,0,0,0,0,21,117,0
2008/2009,thomas river,amahlathi,amathole,27.25308,-32.45155,4,0,1,0,0,0,0,3,0,0,1,0,6,1,5,0,1,0,1,0,0,0,0,0,0,0,0,0,65,1,1,0
2009/2010,thomas river,amahlathi,amathole,27.25308,-32.45155,1,0,4,0,0,0,0,0,0,0,0,0,6,1,2,0,1,1,0,1,0,0,0,0,0,1,0,0,33,0,0,0
2010/2011,thomas river,amahlathi,amathole,27.25308,-32.45155,0,0,1,0,0,0,1,1,0,0,2,1,6,1,2,0,1,2,0,0,0,0,0,0,0,0,0,0,45,1,0,0
2011/2012,thomas river,amahlathi,amathole,27.25308,-32.45155,3,0,0,0,0,0,0,0,0,0,1,0,4,2,5,0,1,2,0,1,0,0,0,0,0,3,0,0,53,0,0,0
2012/2013,thomas river,amahlathi,amathole,27.25308,-32.45155,5,0,2,0,0,0,1,2,0,0,1,0,6,0,0,0,1,0,0,1,0,0,0,0,0,1,0,0,47,0,0,0
2013/2014,thomas river,amahlathi,amathole,27.25308,-32.45155,3,0,1,0,0,0,0,2,0,0,3,0,6,0,3,0,13,0,0,0,0,0,0,0,0,0,0,0,39,0,0,0
2014/2015,thomas river,amahlathi,amathole,27.25308,-32.45155,2,0,3,0,0,0,0,0,0,0,1,0,6,2,2,0,14,1,0,0,0,0,0,0,0,0,0,0,30,0,0,0
2015/2016,thomas river,amahlathi,amathole,27.25308,-32.45155,1,0,1,0,0,0,0,0,1,0,1,0,6,1,1,0,13,0,0,0,0,0,0,2,0,0,0,0,21,0,0,0
2016/2017,thomas river,amahlathi,amathole,27.25308,-32.45155,1,0,0,0,0,0,0,0,0,0,0,0,6,0,2,0,13,0,0,0,0,0,0,0,0,0,0,0,33,1,0,0
2017/2018,thomas river,amahlathi,amathole,27.25308,-32.45155,7,0,2,3,0,0,1,2,0,0,0,0,6,0,0,0,13,2,0,0,0,0,0,0,0,0,0,0,38,1,1,0
2018/2019,thomas river,amahlathi,amathole,27.25308,-32.45155,1,1,0,1,0,0,0,0,1,0,0,0,6,0,0,0,13,1,0,1,0,0,0,1,0,1,0,0,24,0,1,0
2019/2020,thomas river,amahlathi,amathole,27.25308,-32.45155,6,0,1,1,0,0,0,0,0,1,1,0,6,0,0,0,13,0,0,1,0,0,0,1,0,1,0,0,37,0,0,0
2020/2021,thomas river,amahlathi,amathole,27.25308,-32.45155,2,0,1,0,0,0,0,0,1,0,0,0,6,0,0,0,13,0,0,0,0,0,0,1,0,0,0,0,33,0,0,0
2021/2022,thomas river,amahlathi,amathole,27.25308,-32.45155,2,0,3,0,0,0,0,1,0,0,0,0,6,0,0,0,13,2,0,0,0,0,0,0,0,0,0,0,9,0,1,0
2022/2023,thomas river,amahlathi,amathole,27.25308,-32.45155,7,0,3,0,0,0,0,1,1,0,1,0,6,0,0,0,13,2,0,0,0,0,0,2,0,0,0,0,10,0,0,0
2023/2024,thomas river,amathole district,amathole district,27.25308,-32.45155,0,0,0,0,0,0,0,0,0,0,0,0,0,0,0,0,0,0,0,0,0,0,0,0,0,0,0,0,0,0,0,0
2024/2025,thomas river,amathole district,amathole district,27.25308,-32.45155,0,0,0,0,0,0,0,1,0,0,0,0,0,0,0,0,0,0,0,0,0,0,0,0,0,0,0,0,0,0,2,0
2008/2009,thornhill,kouga,sarah baartman,25.14084,-33.90226,65,0,77,8,3,0,11,45,0,3,47,3,7,14,12,0,1,21,4,12,2,1,0,7,0,16,0,1,4,6,3,0
2009/2010,thornhill,kouga,sarah baartman,25.14084,-33.90226,52,1,74,8,0,0,2,40,0,1,40,4,16,15,16,0,1,21,5,9,0,0,0,3,3,22,0,1,6,4,16,0
2010/2011,thornhill,kouga,sarah baartman,25.14084,-33.90226,58,1,62,4,1,0,8,42,0,1,48,5,6,20,43,4,1,28,3,17,2,1,0,8,0,18,0,1,14,3,8,0
2011/2012,thornhill,kouga,sarah baartman,25.14084,-33.90226,52,0,38,4,0,0,10,45,1,2,27,2,4,36,56,0,1,19,2,10,2,0,0,10,1,13,0,6,12,1,9,0
2012/2013,thornhill,kouga,sarah baartman,25.14084,-33.90226,33,0,33,2,0,0,14,48,2,1,29,6,6,36,44,7,1,19,1,7,1,2,0,8,1,8,0,0,5,5,1,0
2013/2014,thornhill,kouga,sarah baartman,25.14084,-33.90226,37,4,40,2,1,0,12,39,0,1,14,1,6,15,93,1,13,15,3,18,3,0,0,8,1,20,0,0,0,3,10,0
2014/2015,thornhill,kouga,sarah baartman,25.14084,-33.90226,29,2,47,0,1,0,9,45,0,8,12,4,7,21,96,4,12,7,3,6,4,1,0,10,1,9,0,0,4,0,12,0
2015/2016,thornhill,kouga,sarah baartman,25.14084,-33.90226,51,1,51,6,1,0,5,57,2,0,37,0,6,20,77,3,13,13,4,5,1,0,0,14,2,8,1,0,10,6,9,0
2016/2017,thornhill,kouga,sarah baartman,25.14084,-33.90226,56,0,30,3,1,0,8,36,2,3,24,0,6,20,86,0,13,16,4,7,2,0,0,6,1,9,0,0,15,4,6,0
2017/2018,thornhill,kouga,sarah baartman,25.14084,-33.90226,51,3,29,3,0,0,7,40,1,1,28,1,6,25,103,2,13,16,4,3,1,3,0,7,0,3,0,1,8,3,5,0
2018/2019,thornhill,kouga,sarah baartman,25.14084,-33.90226,44,4,37,7,0,0,12,55,0,1,22,1,6,15,59,6,13,12,4,7,4,6,0,19,3,10,0,0,15,1,3,1
2019/2020,thornhill,kouga,sarah baartman,25.14084,-33.90226,44,1,36,8,0,0,16,47,0,6,30,4,6,12,34,1,12,9,2,6,3,3,0,13,4,10,0,0,5,0,4,0
2020/2021,thornhill,kouga,sarah baartman,25.14084,-33.90226,42,1,24,11,0,0,12,32,0,4,16,1,4,5,29,2,13,18,1,4,3,1,0,17,2,8,0,1,1,0,14,2
2021/2022,thornhill,kouga,sarah baartman,25.14084,-33.90226,60,3,38,2,0,0,14,43,0,7,31,3,6,4,27,0,21,25,1,5,5,0,0,11,0,5,0,0,5,1,4,0
2022/2023,thornhill,kouga,sarah baartman,25.14084,-33.90226,89,1,42,5,1,0,27,52,0,16,36,3,6,6,34,0,21,21,4,9,4,3,0,12,1,11,0,0,7,4,4,0
2023/2024,thornhill,sarah baartman district,sarah baartman district,25.14084,-33.90226,0,0,0,0,0,0,0,29,0,0,0,0,0,0,0,0,0,0,0,0,0,0,0,0,0,0,0,0,0,4,4,0
2024/2025,thornhill,sarah baartman district,sarah baartman district,25.14084,-33.90226,0,0,0,0,0,0,0,33,0,0,0,0,0,0,0,0,0,0,0,0,0,2,0,0,0,0,0,0,0,0,5,0
2008/2009,thornhill ciskei,enoch mgijima,chris hani,26.6089,-31.98433,3,2,29,2,2,0,0,3,0,0,1,0,7,0,3,0,1,3,4,4,0,0,0,0,0,7,0,0,7,0,1,0
2009/2010,thornhill ciskei,enoch mgijima,chris hani,26.6089,-31.98433,11,0,21,4,0,0,0,5,0,0,2,0,6,2,0,2,1,4,0,9,0,1,0,3,0,9,0,0,4,0,0,0
2010/2011,thornhill ciskei,enoch mgijima,chris hani,26.6089,-31.98433,3,1,34,0,2,0,1,11,0,2,0,0,6,0,4,0,1,7,2,10,2,1,0,3,0,12,0,0,9,1,0,0
2011/2012,thornhill ciskei,enoch mgijima,chris hani,26.6089,-31.98433,7,0,40,1,3,0,2,23,0,0,3,3,6,0,9,2,1,14,1,10,4,2,0,6,0,13,0,0,3,1,0,0
2012/2013,thornhill ciskei,enoch mgijima,chris hani,26.6089,-31.98433,9,0,27,2,4,0,11,14,0,1,3,3,6,0,5,2,1,10,5,16,3,2,0,5,1,21,0,0,10,0,3,0
2013/2014,thornhill ciskei,enoch mgijima,chris hani,26.6089,-31.98433,4,0,31,2,6,0,1,15,0,0,3,4,6,0,13,0,13,10,2,13,1,0,0,2,0,19,0,0,11,0,0,0
2014/2015,thornhill ciskei,enoch mgijima,chris hani,26.6089,-31.98433,2,0,33,4,0,0,5,10,0,2,4,2,6,0,16,1,13,8,3,14,1,1,0,5,0,14,0,0,3,0,0,0
2015/2016,thornhill ciskei,enoch mgijima,chris hani,26.6089,-31.98433,9,4,40,1,1,0,0,11,0,0,8,1,6,0,9,0,13,10,6,7,1,0,0,2,1,9,0,0,8,0,1,0
2016/2017,thornhill ciskei,enoch mgijima,chris hani,26.6089,-31.98433,11,3,35,1,1,0,2,22,0,0,8,5,6,3,18,2,13,7,9,17,3,1,0,4,0,18,0,0,10,0,1,0
2017/2018,thornhill ciskei,enoch mgijima,chris hani,26.6089,-31.98433,15,1,41,3,3,0,2,30,0,0,10,1,6,0,24,0,12,6,1,18,1,0,0,1,0,21,0,0,11,0,0,0
2018/2019,thornhill ciskei,enoch mgijima,chris hani,26.6089,-31.98433,5,0,44,4,1,0,1,20,0,1,1,3,6,0,8,0,13,4,4,11,3,2,0,5,0,12,0,0,10,1,1,0
2019/2020,thornhill ciskei,enoch mgijima,chris hani,26.6089,-31.98433,7,2,36,1,0,0,2,21,0,0,4,0,7,0,3,0,13,9,4,11,0,4,0,6,1,13,0,0,10,0,5,0
2020/2021,thornhill ciskei,enoch mgijima,chris hani,26.6089,-31.98433,13,0,34,2,3,0,1,39,0,3,4,3,4,0,3,1,12,5,1,13,2,4,0,6,1,19,0,0,14,1,1,0
2021/2022,thornhill ciskei,enoch mgijima,chris hani,26.6089,-31.98433,7,1,29,2,1,0,1,19,0,2,7,0,6,1,1,0,13,10,1,14,3,1,0,5,0,15,0,0,11,0,2,0
2022/2023,thornhill ciskei,enoch mgijima,chris hani,26.6089,-31.98433,15,1,32,3,4,0,1,37,0,4,2,1,6,1,2,1,13,12,3,15,2,1,0,3,0,19,0,0,18,1,0,0
2023/2024,thornhill ciskei,chris hani district,chris hani district,26.6089,-31.98433,0,0,0,0,0,0,0,14,0,0,0,0,0,0,0,0,0,0,0,0,0,1,0,0,0,0,0,0,0,1,1,0
2024/2025,thornhill ciskei,chris hani district,chris hani district,26.6089,-31.98433,0,0,0,0,0,0,0,23,0,0,0,0,0,0,0,0,0,0,0,0,0,0,0,0,0,0,0,0,0,0,0,0
2008/2009,thornville,richmond,umgungundlovu,30.38723,-29.73621,83,5,31,5,1,0,5,84,1,4,46,8,7,0,51,6,1,18,10,17,0,11,0,20,2,21,0,0,22,4,8,2
2009/2010,thornville,richmond,umgungundlovu,30.38723,-29.73621,65,0,47,7,0,0,3,83,8,0,31,11,6,6,62,7,1,26,10,20,3,8,0,26,1,21,0,0,24,6,6,0
2010/2011,thornville,richmond,umgungundlovu,30.38723,-29.73621,91,1,29,3,0,0,7,72,3,0,48,9,6,3,68,6,1,19,9,21,2,19,0,27,2,23,0,0,21,4,21,0
2011/2012,thornville,richmond,umgungundlovu,30.38723,-29.73621,58,0,41,5,0,0,7,93,3,0,41,15,6,3,81,9,1,16,11,17,3,3,0,13,0,17,1,0,20,2,11,0
2012/2013,thornville,richmond,umgungundlovu,30.38723,-29.73621,52,0,29,5,0,0,7,45,1,1,24,0,6,4,94,8,1,27,8,6,2,2,0,17,0,6,0,0,18,9,10,0
2013/2014,thornville,richmond,umgungundlovu,30.38723,-29.73621,72,2,50,3,0,0,3,77,1,0,41,3,6,10,130,4,13,30,8,11,0,3,0,13,2,13,0,0,6,6,9,0
2014/2015,thornville,richmond,umgungundlovu,30.38723,-29.73621,83,0,46,4,0,0,9,90,0,3,30,8,6,4,158,7,13,20,6,16,1,3,0,11,0,16,0,0,20,5,6,0
2015/2016,thornville,richmond,umgungundlovu,30.38723,-29.73621,63,4,38,4,0,0,6,99,1,0,36,5,7,4,157,8,13,23,11,22,0,0,0,2,1,24,0,0,18,4,6,0
2016/2017,thornville,richmond,umgungundlovu,30.38723,-29.73621,80,2,37,3,0,0,8,122,0,2,36,4,6,2,159,9,13,33,10,15,2,1,0,14,2,17,0,0,16,5,7,0
2017/2018,thornville,richmond,umgungundlovu,30.38723,-29.73621,83,0,29,9,0,0,8,101,3,2,52,3,6,4,124,6,13,23,15,15,4,3,0,16,1,16,0,0,26,6,6,0
2018/2019,thornville,richmond,umgungundlovu,30.38723,-29.73621,84,1,32,2,1,0,7,107,1,4,48,8,6,5,47,5,13,26,13,12,5,6,0,22,4,17,0,0,11,7,11,0
2019/2020,thornville,richmond,umgungundlovu,30.38723,-29.73621,88,2,53,4,1,0,6,97,4,4,54,8,6,2,14,4,12,36,7,12,18,2,0,34,2,15,1,0,16,8,7,0
2020/2021,thornville,richmond,umgungundlovu,30.38723,-29.73621,79,2,48,2,0,0,6,95,4,6,29,6,5,5,0,2,13,34,10,13,7,6,0,23,0,16,0,0,15,1,4,0
2021/2022,thornville,richmond,umgungundlovu,30.38723,-29.73621,61,3,49,8,1,0,6,75,6,6,48,4,6,2,3,1,13,20,12,19,13,12,0,45,3,23,0,0,22,6,5,0
2022/2023,thornville,richmond,umgungundlovu,30.38723,-29.73621,42,2,54,12,1,0,16,68,7,10,47,7,6,1,9,0,14,37,8,15,4,18,0,47,1,17,0,0,13,6,6,0
2023/2024,thornville,umgungundlovu district,umgungundlovu district,30.38723,-29.73621,0,0,0,0,0,0,0,78,3,0,0,0,0,0,0,0,0,0,0,0,0,8,0,0,0,0,0,0,0,1,3,0
2024/2025,thornville,umgungundlovu district,umgungundlovu district,30.38723,-29.73621,0,0,0,0,0,0,0,102,0,0,0,0,0,0,0,0,0,0,0,0,0,13,0,0,0,0,0,0,0,3,5,0
2008/2009,tierpoort,kopanong,xhariep,26.09008,-29.44394,34,0,18,2,0,0,2,9,0,3,21,0,7,2,0,2,1,7,2,0,0,0,0,0,0,1,0,0,50,0,2,0
2009/2010,tierpoort,kopanong,xhariep,26.09008,-29.44394,20,0,15,0,1,0,0,9,0,1,15,0,6,1,2,0,1,5,0,3,0,0,0,0,0,4,0,0,47,0,0,0
2010/2011,tierpoort,kopanong,xhariep,26.09008,-29.44394,34,1,16,1,0,0,2,10,0,1,12,0,6,2,4,0,1,6,1,1,0,0,0,1,0,1,0,0,41,0,1,0
2011/2012,tierpoort,kopanong,xhariep,26.09008,-29.44394,22,1,16,0,0,0,3,7,0,2,9,0,6,3,4,1,1,7,2,1,0,0,0,0,0,1,1,0,30,0,2,0
2012/2013,tierpoort,kopanong,xhariep,26.09008,-29.44394,31,0,7,0,0,0,1,10,0,5,18,1,6,1,11,0,1,7,0,5,0,0,0,0,0,5,0,0,32,0,1,0
2013/2014,tierpoort,kopanong,xhariep,26.09008,-29.44394,27,0,15,1,0,0,0,15,0,2,10,0,6,1,10,0,13,2,0,2,0,0,0,0,1,3,0,0,39,3,1,0
2014/2015,tierpoort,kopanong,xhariep,26.09008,-29.44394,17,0,9,0,0,0,1,13,2,1,14,0,6,1,5,0,13,5,1,2,1,0,0,3,0,2,0,1,24,2,2,0
2015/2016,tierpoort,kopanong,xhariep,26.09008,-29.44394,17,1,20,2,0,0,1,7,0,2,9,0,6,1,13,0,13,4,1,2,0,0,0,1,0,2,0,0,24,1,1,1
2016/2017,tierpoort,kopanong,xhariep,26.09008,-29.44394,26,0,8,1,0,0,2,7,0,2,5,0,6,2,8,1,13,3,0,0,0,0,0,1,0,0,0,0,18,1,0,0
2017/2018,tierpoort,kopanong,xhariep,26.09008,-29.44394,10,0,10,4,0,0,3,12,0,2,9,0,6,1,7,1,13,4,3,3,0,0,0,0,0,3,0,0,27,1,0,0
2018/2019,tierpoort,kopanong,xhariep,26.09008,-29.44394,15,1,8,0,0,0,3,3,0,3,8,0,6,2,4,0,13,1,2,5,0,1,0,2,1,6,0,0,30,1,7,0
2019/2020,tierpoort,kopanong,xhariep,26.09008,-29.44394,13,0,5,4,0,0,2,3,0,1,4,0,6,2,1,0,13,3,1,2,3,0,0,5,0,2,0,0,27,0,4,0
2020/2021,tierpoort,kopanong,xhariep,26.09008,-29.44394,20,0,7,1,0,0,2,3,0,0,13,0,7,1,0,2,12,4,0,1,0,0,0,4,0,2,0,0,26,2,6,2
2021/2022,tierpoort,kopanong,xhariep,26.09008,-29.44394,8,0,8,2,0,0,1,5,0,1,2,0,6,0,1,1,13,2,3,3,0,1,0,5,0,3,0,0,24,0,1,1
2022/2023,tierpoort,kopanong,xhariep,26.09008,-29.44394,12,0,4,2,0,0,1,4,0,0,9,0,6,0,1,0,13,0,0,2,0,0,0,1,1,3,0,0,25,0,3,0
2023/2024,tierpoort,mangaung district,mangaung district,26.09008,-29.44394,0,0,0,0,0,0,0,3,1,0,0,0,0,0,0,0,0,0,0,0,0,0,0,0,0,0,0,0,0,0,0,0
2024/2025,tierpoort,mangaung district,mangaung district,26.09008,-29.44394,0,0,0,0,0,0,0,0,0,0,0,0,0,0,0,0,0,0,0,0,0,0,0,0,0,0,0,0,0,0,1,0
2008/2009,tinmyne,mogalakwena,waterberg,28.77543,-24.03597,82,2,86,1,1,0,73,73,0,2,40,14,6,4,33,2,1,34,6,28,5,0,1,12,0,29,0,0,6,4,10,0
2009/2010,tinmyne,mogalakwena,waterberg,28.77543,-24.03597,67,0,105,6,5,0,69,94,0,2,31,17,7,1,63,4,1,43,5,28,1,2,0,15,0,34,0,0,12,6,8,0
2010/2011,tinmyne,mogalakwena,waterberg,28.77543,-24.03597,93,4,96,8,2,0,55,98,0,3,44,10,5,0,49,1,1,37,2,32,12,2,0,19,0,37,0,0,11,3,10,0
2011/2012,tinmyne,mogalakwena,waterberg,28.77543,-24.03597,63,4,91,2,4,0,61,77,2,2,72,9,7,1,51,4,1,53,5,26,17,6,0,30,1,32,1,0,18,0,9,0
2012/2013,tinmyne,mogalakwena,waterberg,28.77543,-24.03597,66,5,75,2,1,0,56,64,4,1,44,14,4,4,97,3,1,44,4,28,12,6,0,25,1,32,0,2,4,2,10,0
2013/2014,tinmyne,mogalakwena,waterberg,28.77543,-24.03597,79,3,99,1,0,0,59,79,4,0,35,9,7,2,117,8,12,43,2,37,10,7,0,28,0,38,0,5,13,2,8,0
2014/2015,tinmyne,mogalakwena,waterberg,28.77543,-24.03597,100,3,94,2,3,0,63,102,2,1,42,16,6,3,134,0,13,32,4,38,15,4,0,26,0,41,0,1,24,3,11,0
2015/2016,tinmyne,mogalakwena,waterberg,28.77543,-24.03597,95,2,104,5,1,0,51,70,2,0,41,12,6,0,131,1,23,44,5,25,6,2,0,14,1,27,0,2,41,1,7,0
2016/2017,tinmyne,mogalakwena,waterberg,28.77543,-24.03597,170,2,85,2,2,0,39,67,1,3,68,18,7,2,154,1,13,36,3,28,9,2,0,15,0,31,0,5,48,1,6,0
2017/2018,tinmyne,mogalakwena,waterberg,28.77543,-24.03597,154,0,83,4,0,0,59,80,1,3,59,10,7,4,207,6,13,42,3,28,17,2,0,28,1,30,0,2,24,5,5,0
2018/2019,tinmyne,mogalakwena,waterberg,28.77543,-24.03597,230,3,103,6,4,0,67,46,0,6,69,15,6,3,133,2,12,57,2,24,15,4,0,29,3,31,0,1,33,4,8,0
2019/2020,tinmyne,mogalakwena,waterberg,28.77543,-24.03597,122,0,130,3,2,0,50,73,1,4,64,17,6,2,49,4,12,70,10,25,24,10,0,41,2,29,0,3,43,3,6,0
2020/2021,tinmyne,mogalakwena,waterberg,28.77543,-24.03597,115,1,75,2,1,0,29,53,6,9,68,10,6,3,73,1,13,48,5,40,15,5,0,31,1,42,0,1,34,2,6,0
2021/2022,tinmyne,mogalakwena,waterberg,28.77543,-24.03597,156,1,81,1,2,0,27,52,4,14,78,14,6,4,62,3,12,42,6,24,10,8,0,24,5,31,0,1,32,6,5,0
2022/2023,tinmyne,mogalakwena,waterberg,28.77543,-24.03597,152,2,87,2,1,0,49,53,1,12,96,20,6,0,66,7,21,59,6,26,21,9,0,34,1,28,0,2,50,2,6,0
2023/2024,tinmyne,waterberg district,waterberg district,28.77543,-24.03597,0,0,0,0,0,0,0,49,0,0,0,0,0,0,0,0,0,0,0,0,0,6,0,0,0,0,0,0,0,1,9,0
2024/2025,tinmyne,waterberg district,waterberg district,28.77543,-24.03597,0,0,0,0,0,0,0,90,0,0,0,0,0,0,0,0,0,0,0,0,0,7,0,0,0,0,0,0,0,4,6,0
2008/2009,tlhabane,rustenburg,bojanala,27.21433,-25.64737,192,6,264,48,2,0,82,188,13,27,123,26,12,41,361,14,1,98,35,65,64,21,0,153,3,77,0,1,4,38,45,0
2009/2010,tlhabane,rustenburg,bojanala,27.21433,-25.64737,184,8,263,24,4,0,71,227,14,38,94,34,7,17,460,11,1,71,24,77,40,15,0,104,0,82,0,5,7,38,51,0
2010/2011,tlhabane,rustenburg,bojanala,27.21433,-25.64737,303,13,317,15,7,0,122,553,17,48,158,60,5,52,600,9,1,180,13,59,24,27,0,147,3,72,0,2,2,67,261,0
2011/2012,tlhabane,rustenburg,bojanala,27.21433,-25.64737,296,9,254,24,8,0,160,575,15,31,159,54,7,67,596,11,1,182,16,67,51,31,0,174,4,80,4,3,0,61,242,0
2012/2013,tlhabane,rustenburg,bojanala,27.21433,-25.64737,232,5,225,16,2,0,153,594,10,34,139,33,7,70,595,7,1,144,13,89,26,40,0,134,7,99,1,7,1,50,164,0
2013/2014,tlhabane,rustenburg,bojanala,27.21433,-25.64737,247,10,218,30,3,0,101,568,7,42,133,37,4,81,637,4,22,129,13,63,33,43,0,148,2,70,0,7,3,80,197,0
2014/2015,tlhabane,rustenburg,bojanala,27.21433,-25.64737,186,10,238,18,8,0,82,529,10,30,122,42,9,104,680,9,28,125,14,56,30,35,0,168,3,72,0,1,1,95,123,0
2015/2016,tlhabane,rustenburg,bojanala,27.21433,-25.64737,204,3,223,21,2,0,91,431,13,41,117,32,7,148,681,9,24,85,11,45,27,17,0,136,4,52,1,5,0,71,142,1
2016/2017,tlhabane,rustenburg,bojanala,27.21433,-25.64737,330,6,227,23,3,0,106,545,3,46,140,38,8,111,470,7,21,109,18,63,12,33,0,119,5,75,14,12,4,52,213,0
2017/2018,tlhabane,rustenburg,bojanala,27.21433,-25.64737,299,6,221,20,9,0,98,429,13,52,191,52,5,129,495,13,27,124,26,61,30,26,0,175,6,79,20,3,0,52,114,0
2018/2019,tlhabane,rustenburg,bojanala,27.21433,-25.64737,347,4,227,16,2,0,101,441,12,50,226,65,5,131,302,15,22,154,29,57,28,31,0,179,7,69,24,3,4,69,215,0
2019/2020,tlhabane,rustenburg,bojanala,27.21433,-25.64737,328,4,241,20,4,0,66,419,7,75,228,64,7,184,184,18,22,151,22,51,34,26,2,195,3,59,62,5,0,74,140,1
2020/2021,tlhabane,rustenburg,bojanala,27.21433,-25.64737,222,4,220,39,12,0,96,439,21,80,226,46,7,54,205,31,38,183,21,53,34,17,0,191,4,70,90,6,2,44,152,2
2021/2022,tlhabane,rustenburg,bojanala,27.21433,-25.64737,294,7,298,21,3,0,93,353,19,124,271,79,8,90,293,17,38,182,25,52,48,26,0,248,5,64,157,5,3,56,110,0
2022/2023,tlhabane,rustenburg,bojanala,27.21433,-25.64737,330,6,289,27,6,0,77,345,31,826,382,81,5,157,409,23,9,174,26,55,31,35,0,320,6,70,235,12,4,44,114,0
2023/2024,tlhabane,bojanala district,bojanala district,27.21433,-25.64737,0,0,0,0,0,0,0,283,37,0,0,0,0,0,0,0,0,0,0,0,0,28,0,0,0,0,0,0,0,37,105,0
2024/2025,tlhabane,bojanala district,bojanala district,27.21433,-25.64737,0,0,0,0,0,0,0,259,20,0,0,0,0,0,0,0,0,0,0,0,0,39,0,0,0,0,0,0,0,82,128,0
2023/2024,tlokoeng,joe gqabi district,joe gqabi district,,,0,0,0,0,0,0,0,94,0,0,0,0,0,0,0,0,0,0,0,0,0,9,0,0,0,0,0,0,0,2,7,0
2024/2025,tlokoeng,joe gqabi district,joe gqabi district,,,0,0,0,0,0,0,0,98,2,0,0,0,0,0,0,0,0,0,0,0,0,12,0,0,0,0,0,0,0,0,21,0
2008/2009,tokoza,ekurhuleni,ekurhuleni,28.14338,-26.32987,265,22,486,52,16,0,25,288,25,23,399,130,18,33,19,35,1,179,61,98,35,9,0,207,3,128,0,79,0,67,73,0
2009/2010,tokoza,ekurhuleni,ekurhuleni,28.14338,-26.32987,245,20,444,48,13,0,16,308,15,32,379,121,10,64,25,50,1,205,59,98,40,14,1,215,5,122,0,119,0,51,67,0
2010/2011,tokoza,ekurhuleni,ekurhuleni,28.14338,-26.32987,257,23,393,22,12,0,61,350,16,29,329,90,4,54,36,30,1,158,61,103,26,27,0,153,2,119,0,66,0,61,41,0
2011/2012,tokoza,ekurhuleni,ekurhuleni,28.14338,-26.32987,204,14,400,27,10,0,41,227,21,25,274,93,17,60,75,64,1,136,40,63,19,7,0,118,0,82,1,115,0,64,55,0
2012/2013,tokoza,ekurhuleni,ekurhuleni,28.14338,-26.32987,184,18,336,21,4,0,49,244,11,29,307,56,4,48,135,30,1,145,32,70,22,13,0,109,1,77,0,94,0,40,47,2
2013/2014,tokoza,ekurhuleni,ekurhuleni,28.14338,-26.32987,223,21,325,21,10,0,53,197,18,55,298,56,5,82,702,21,17,148,44,69,31,10,0,108,2,84,0,105,0,52,45,0
2014/2015,tokoza,ekurhuleni,ekurhuleni,28.14338,-26.32987,209,11,329,37,5,0,48,171,23,22,262,51,4,94,483,34,25,148,76,59,28,17,0,159,2,68,0,108,0,45,88,0
2015/2016,tokoza,ekurhuleni,ekurhuleni,28.14338,-26.32987,228,11,347,28,8,0,55,287,33,54,301,61,4,98,170,35,2,161,59,58,32,9,1,153,1,69,1,79,0,85,63,0
2016/2017,tokoza,ekurhuleni,ekurhuleni,28.14338,-26.32987,227,9,307,34,4,0,62,267,34,57,279,44,6,145,355,43,28,137,51,54,42,16,0,182,0,58,0,103,1,80,54,1
2017/2018,tokoza,ekurhuleni,ekurhuleni,28.14338,-26.32987,191,4,256,31,6,0,50,204,33,32,210,45,7,155,466,74,25,117,71,57,33,17,1,168,4,68,1,77,0,48,40,1
2018/2019,tokoza,ekurhuleni,ekurhuleni,28.14338,-26.32987,251,7,240,34,14,0,55,159,38,34,250,30,7,193,468,59,25,122,67,72,36,23,0,168,2,89,4,97,0,37,39,0
2019/2020,tokoza,ekurhuleni,ekurhuleni,28.14338,-26.32987,275,6,254,30,8,0,56,127,22,45,241,21,8,246,492,55,2,96,57,58,29,21,0,158,9,79,5,72,2,29,48,1
2020/2021,tokoza,ekurhuleni,ekurhuleni,28.14338,-26.32987,221,5,189,23,7,0,43,90,15,55,223,33,5,260,529,51,22,121,41,69,22,14,0,114,4,83,6,27,0,31,30,1
2021/2022,tokoza,ekurhuleni,ekurhuleni,28.14338,-26.32987,169,5,249,35,6,0,93,90,27,55,229,22,5,229,558,23,36,120,62,74,16,14,0,128,10,93,8,16,0,27,19,1
2022/2023,tokoza,ekurhuleni,ekurhuleni,28.14338,-26.32987,168,10,204,35,4,0,47,72,36,53,205,25,4,153,704,31,18,118,67,62,18,12,0,120,9,77,9,35,1,22,14,0
2023/2024,tokoza,ekurhuleni district,ekurhuleni district,28.14338,-26.32987,0,0,0,0,0,0,0,74,19,0,0,0,0,0,0,0,0,0,0,0,0,14,0,0,0,0,0,0,0,25,9,0
2024/2025,tokoza,ekurhuleni district,ekurhuleni district,28.14338,-26.32987,0,0,0,0,0,0,0,79,27,0,0,0,0,0,0,0,0,0,0,0,0,3,0,0,0,0,0,0,0,37,19,0
2008/2009,tolwe,blouberg,capricorn,28.57513,-22.98531,40,0,16,0,0,0,0,4,0,1,12,0,7,0,4,0,1,10,1,2,0,0,0,0,0,3,0,0,3,0,0,0
2009/2010,tolwe,blouberg,capricorn,28.57513,-22.98531,46,0,18,0,0,0,9,7,0,0,3,0,6,0,6,0,1,16,1,3,0,0,0,0,0,3,0,0,2,1,0,0
2010/2011,tolwe,blouberg,capricorn,28.57513,-22.98531,34,1,23,1,1,0,3,7,0,1,20,1,6,1,9,0,1,11,0,5,0,0,0,0,0,6,0,0,4,0,0,0
2011/2012,tolwe,blouberg,capricorn,28.57513,-22.98531,46,0,11,0,0,0,0,10,0,2,17,0,6,0,4,0,1,14,1,2,0,0,0,0,1,3,0,0,12,0,0,0
2012/2013,tolwe,blouberg,capricorn,28.57513,-22.98531,22,0,9,0,0,0,2,12,0,0,10,0,6,8,17,0,1,12,3,3,0,1,0,4,1,4,0,0,6,1,0,0
2013/2014,tolwe,blouberg,capricorn,28.57513,-22.98531,27,0,5,1,1,0,1,7,0,1,7,1,6,0,17,1,13,1,1,1,0,0,0,0,1,3,0,0,1,0,1,0
2014/2015,tolwe,blouberg,capricorn,28.57513,-22.98531,21,0,9,0,0,0,0,10,0,0,11,0,6,11,28,0,13,6,0,1,0,0,0,1,0,1,0,0,1,2,0,0
2015/2016,tolwe,blouberg,capricorn,28.57513,-22.98531,15,0,19,0,0,0,3,11,0,2,7,1,6,0,24,0,2,11,1,1,0,0,0,0,1,2,0,0,9,0,2,0
2016/2017,tolwe,blouberg,capricorn,28.57513,-22.98531,13,1,12,1,0,0,4,6,0,3,2,2,6,0,27,1,13,10,1,1,0,1,0,2,0,1,0,1,6,0,1,0
2017/2018,tolwe,blouberg,capricorn,28.57513,-22.98531,17,0,8,0,0,0,1,7,1,4,6,1,6,2,39,1,13,5,0,1,0,0,0,2,0,1,0,0,10,2,1,0
2018/2019,tolwe,blouberg,capricorn,28.57513,-22.98531,19,0,11,0,0,0,2,11,0,2,5,0,6,2,27,0,13,5,0,2,0,0,0,1,0,2,0,0,15,1,1,0
2019/2020,tolwe,blouberg,capricorn,28.57513,-22.98531,18,0,7,1,0,0,1,6,0,3,4,0,6,1,0,1,13,6,0,0,0,2,0,3,0,0,0,0,11,0,0,0
2020/2021,tolwe,blouberg,capricorn,28.57513,-22.98531,10,0,9,0,0,0,1,4,0,3,5,2,6,0,3,4,13,6,0,1,0,0,0,0,0,1,0,0,11,0,1,0
2021/2022,tolwe,blouberg,capricorn,28.57513,-22.98531,16,2,5,0,1,0,2,5,0,2,3,0,6,0,4,0,13,6,1,0,0,0,0,0,0,1,0,0,6,2,0,0
2022/2023,tolwe,blouberg,capricorn,28.57513,-22.98531,16,0,12,1,0,0,2,1,0,4,11,0,6,0,7,0,13,8,0,3,0,1,0,1,0,3,0,0,6,0,0,0
2023/2024,tolwe,capricorn district,capricorn district,28.57513,-22.98531,0,0,0,0,0,0,0,4,0,0,0,0,0,0,0,0,0,0,0,0,0,1,0,0,0,0,0,0,0,0,0,0
2024/2025,tolwe,capricorn district,capricorn district,28.57513,-22.98531,0,0,0,0,0,0,0,2,0,0,0,0,0,0,0,0,0,0,0,0,0,0,0,0,0,0,0,0,0,0,1,0
2008/2009,tom burke,lephalale,waterberg,27.99936,-23.0688,36,0,26,0,1,0,0,15,0,1,22,3,7,1,3,0,1,11,2,5,0,0,0,0,1,8,0,0,4,0,0,0
2009/2010,tom burke,lephalale,waterberg,27.99936,-23.0688,24,1,36,4,2,0,1,17,0,3,29,2,5,0,5,2,1,4,3,6,1,1,0,4,0,11,0,0,1,1,6,0
2010/2011,tom burke,lephalale,waterberg,27.99936,-23.0688,33,1,50,1,1,0,0,15,0,2,20,1,7,0,0,19,1,10,1,7,1,0,0,2,0,9,0,1,1,0,2,0
2011/2012,tom burke,lephalale,waterberg,27.99936,-23.0688,44,2,39,0,0,0,0,18,0,3,29,5,6,2,8,2,1,13,0,11,0,1,0,1,1,12,0,0,3,1,5,0
2012/2013,tom burke,lephalale,waterberg,27.99936,-23.0688,41,3,50,0,4,0,2,23,1,4,28,5,6,2,4,0,1,9,2,7,2,1,0,6,0,11,0,1,1,3,4,1
2013/2014,tom burke,lephalale,waterberg,27.99936,-23.0688,44,2,42,0,2,0,1,25,0,1,24,1,6,0,10,1,12,12,0,8,2,0,0,3,0,10,0,0,9,1,2,0
2014/2015,tom burke,lephalale,waterberg,27.99936,-23.0688,35,2,48,3,0,0,3,13,0,14,38,4,6,8,26,1,13,13,5,6,2,1,0,6,0,6,0,0,2,1,2,2
2015/2016,tom burke,lephalale,waterberg,27.99936,-23.0688,34,1,34,1,1,0,3,23,0,11,40,2,7,4,21,1,12,23,1,7,2,0,0,2,2,11,0,0,1,2,5,0
2016/2017,tom burke,lephalale,waterberg,27.99936,-23.0688,40,0,27,3,3,0,8,25,0,10,35,1,6,1,12,1,12,10,2,8,3,0,0,17,0,11,0,0,2,0,4,2
2017/2018,tom burke,lephalale,waterberg,27.99936,-23.0688,31,1,24,2,0,0,16,31,0,14,36,6,6,0,35,0,12,15,4,9,2,0,0,8,3,12,0,0,6,3,1,4
2018/2019,tom burke,lephalale,waterberg,27.99936,-23.0688,42,0,46,1,0,0,17,19,0,12,42,8,6,1,19,2,13,34,5,9,0,3,0,5,2,11,0,0,5,1,1,0
2019/2020,tom burke,lephalale,waterberg,27.99936,-23.0688,39,0,32,0,0,0,12,13,0,12,21,5,6,1,6,3,21,18,3,6,4,2,0,7,3,9,0,0,6,2,4,0
2020/2021,tom burke,lephalale,waterberg,27.99936,-23.0688,17,0,13,1,0,0,6,6,2,5,7,2,6,1,10,2,13,5,3,5,1,0,0,5,1,6,0,0,6,0,1,0
2021/2022,tom burke,lephalale,waterberg,27.99936,-23.0688,32,0,18,0,0,0,8,13,1,12,23,1,6,0,6,2,13,11,6,8,3,4,0,8,1,9,0,1,4,4,0,0
2022/2023,tom burke,lephalale,waterberg,27.99936,-23.0688,19,0,51,0,0,0,4,26,0,15,23,2,6,2,32,0,21,13,3,4,0,2,0,7,1,5,2,0,11,2,6,4
2023/2024,tom burke,waterberg district,waterberg district,27.99936,-23.0688,0,0,0,0,0,0,0,17,0,0,0,0,0,0,0,0,0,0,0,0,0,0,0,0,0,0,0,0,0,0,3,0
2024/2025,tom burke,waterberg district,waterberg district,27.99936,-23.0688,0,0,0,0,0,0,0,10,0,0,0,0,0,0,0,0,0,0,0,0,0,3,0,0,0,0,0,0,0,2,3,0
2008/2009,tonga,nkomazi,ehlanzeni,31.78474,-25.6883,448,25,884,48,16,0,162,412,15,21,295,158,12,15,41,29,1,218,18,172,35,46,0,223,1,196,0,40,23,48,51,0
2009/2010,tonga,nkomazi,ehlanzeni,31.78474,-25.6883,383,23,855,32,17,0,214,360,17,30,270,120,10,46,29,24,1,228,48,164,52,81,0,246,3,190,0,57,19,35,67,0
2010/2011,tonga,nkomazi,ehlanzeni,31.78474,-25.6883,336,26,659,28,24,0,204,361,4,33,245,107,16,15,77,18,1,201,21,188,63,80,0,254,1,223,0,44,25,34,54,0
2011/2012,tonga,nkomazi,ehlanzeni,31.78474,-25.6883,294,18,520,36,11,0,177,342,5,18,150,96,10,49,62,25,1,170,31,161,58,105,0,267,2,180,0,19,5,32,31,0
2012/2013,tonga,nkomazi,ehlanzeni,31.78474,-25.6883,351,14,480,27,6,0,214,377,15,47,201,68,6,31,157,32,1,184,39,234,80,107,0,285,3,243,1,36,5,30,39,3
2013/2014,tonga,nkomazi,ehlanzeni,31.78474,-25.6883,307,10,412,28,4,0,260,415,9,58,172,78,16,33,247,42,2,168,44,206,76,105,0,271,11,231,0,46,2,27,55,0
2014/2015,tonga,nkomazi,ehlanzeni,31.78474,-25.6883,352,20,416,25,5,0,189,337,15,57,135,65,7,32,261,41,3,181,38,168,55,82,0,232,4,178,1,34,5,15,40,0
2015/2016,tonga,nkomazi,ehlanzeni,31.78474,-25.6883,267,12,424,32,1,0,190,267,14,51,161,57,4,68,303,27,26,152,42,179,46,86,0,206,5,187,0,46,12,17,39,0
2016/2017,tonga,nkomazi,ehlanzeni,31.78474,-25.6883,227,15,371,20,4,0,126,241,12,100,169,60,7,121,345,21,2,151,39,167,55,75,0,210,4,176,0,52,12,18,39,0
2017/2018,tonga,nkomazi,ehlanzeni,31.78474,-25.6883,217,7,283,26,4,0,178,203,11,56,200,45,5,155,433,35,2,111,32,142,58,31,0,166,5,154,0,73,7,30,47,0
2018/2019,tonga,nkomazi,ehlanzeni,31.78474,-25.6883,161,6,228,26,2,0,149,200,6,56,147,27,6,167,222,31,2,107,22,93,49,42,0,153,6,101,0,74,8,27,36,0
2019/2020,tonga,nkomazi,ehlanzeni,31.78474,-25.6883,188,4,182,28,1,0,124,219,13,67,112,33,7,249,112,39,24,88,19,110,38,24,0,137,5,117,0,79,16,20,38,0
2020/2021,tonga,nkomazi,ehlanzeni,31.78474,-25.6883,143,5,137,16,2,0,107,153,9,69,124,33,6,93,88,9,16,87,33,142,51,45,0,165,5,149,1,70,7,6,19,0
2021/2022,tonga,nkomazi,ehlanzeni,31.78474,-25.6883,131,4,109,24,0,0,91,115,10,51,112,32,6,87,78,37,38,97,53,135,97,67,1,231,6,141,0,65,4,15,13,0
2022/2023,tonga,nkomazi,ehlanzeni,31.78474,-25.6883,104,6,118,26,1,0,124,119,8,46,162,11,6,28,110,27,4,72,26,90,42,31,1,139,1,92,0,51,13,5,29,0
2023/2024,tonga,ehlanzeni district,ehlanzeni district,31.78474,-25.6883,0,0,0,0,0,0,0,109,23,0,0,0,0,0,0,0,0,0,0,0,0,31,0,0,0,0,0,0,0,5,19,0
2024/2025,tonga,ehlanzeni district,ehlanzeni district,31.78474,-25.6883,0,0,0,0,0,0,0,123,14,0,0,0,0,0,0,0,0,0,0,0,0,32,0,0,0,0,0,0,0,4,20,0
2008/2009,tongaat,ethekwini,ethekwini,31.11518,-29.5731,405,7,197,41,2,0,94,274,42,40,396,59,19,190,339,34,1,119,44,85,34,48,2,277,18,119,0,54,1,158,99,0
2009/2010,tongaat,ethekwini,ethekwini,31.11518,-29.5731,420,6,192,38,4,0,119,299,15,43,283,58,9,74,359,25,1,106,38,71,17,45,0,202,6,86,0,39,2,102,105,0
2010/2011,tongaat,ethekwini,ethekwini,31.11518,-29.5731,437,2,168,33,1,0,102,264,7,45,249,57,12,69,265,47,1,105,39,59,20,55,0,218,14,81,0,9,1,114,103,0
2011/2012,tongaat,ethekwini,ethekwini,31.11518,-29.5731,468,6,184,46,1,0,86,372,10,41,358,78,9,126,387,46,1,109,23,72,31,38,0,168,10,88,6,15,2,46,112,0
2012/2013,tongaat,ethekwini,ethekwini,31.11518,-29.5731,398,11,157,31,3,0,91,420,13,33,296,86,9,89,476,32,1,119,17,57,26,37,0,161,13,78,14,11,1,77,129,0
2013/2014,tongaat,ethekwini,ethekwini,31.11518,-29.5731,421,8,223,49,5,0,90,435,29,49,309,78,5,109,578,42,28,108,29,64,22,44,1,229,13,85,3,9,0,108,105,2
2014/2015,tongaat,ethekwini,ethekwini,31.11518,-29.5731,336,4,222,31,5,0,87,373,25,67,285,63,7,116,682,32,28,116,28,54,15,55,0,210,11,71,12,18,1,105,120,1
2015/2016,tongaat,ethekwini,ethekwini,31.11518,-29.5731,295,2,139,40,5,0,85,307,11,70,247,59,7,111,610,15,24,87,23,48,27,49,0,177,8,62,13,5,0,118,127,1
2016/2017,tongaat,ethekwini,ethekwini,31.11518,-29.5731,299,6,132,39,3,0,70,327,15,79,231,47,7,94,670,32,28,94,31,46,21,46,0,155,2,52,17,10,0,108,123,0
2017/2018,tongaat,ethekwini,ethekwini,31.11518,-29.5731,251,5,114,30,8,0,69,282,12,75,222,39,6,189,531,16,25,83,37,40,38,45,0,189,3,51,21,39,1,100,93,1
2018/2019,tongaat,ethekwini,ethekwini,31.11518,-29.5731,281,9,191,53,7,0,95,270,13,78,216,42,7,29,315,17,37,109,48,38,28,55,0,169,9,55,26,13,2,58,109,2
2019/2020,tongaat,ethekwini,ethekwini,31.11518,-29.5731,321,8,147,50,2,0,76,282,14,142,254,75,7,129,161,17,39,126,29,59,28,57,0,202,9,71,16,14,2,62,136,0
2020/2021,tongaat,ethekwini,ethekwini,31.11518,-29.5731,244,6,131,54,0,0,91,226,23,117,184,35,7,7,147,14,6,102,30,37,38,49,0,200,8,46,15,14,3,57,95,1
2021/2022,tongaat,ethekwini,ethekwini,31.11518,-29.5731,350,8,167,85,0,0,74,172,23,127,233,41,6,8,234,30,15,124,58,52,28,42,0,166,9,61,15,13,8,137,63,1
2022/2023,tongaat,ethekwini,ethekwini,31.11518,-29.5731,309,6,201,104,0,0,88,204,29,130,329,67,6,6,327,43,19,136,63,45,45,46,0,237,4,49,21,6,0,75,63,1
2023/2024,tongaat,ethekwini district,ethekwini district,31.11518,-29.5731,0,0,0,0,0,0,0,297,34,0,0,0,0,0,0,0,0,0,0,0,0,70,0,0,0,0,0,0,0,82,68,0
2024/2025,tongaat,ethekwini district,ethekwini district,31.11518,-29.5731,0,0,0,0,0,0,0,242,28,0,0,0,0,0,0,0,0,0,0,0,0,45,0,0,0,0,0,0,0,72,95,0
2008/2009,touws river,breede valley,cape winelands,20.03179,-33.33927,97,0,50,0,0,0,30,82,0,2,95,5,9,29,112,2,1,34,3,10,0,0,0,2,4,19,0,2,5,4,63,0
2009/2010,touws river,breede valley,cape winelands,20.03179,-33.33927,121,0,58,0,0,0,21,78,0,3,137,7,4,26,105,1,1,40,3,19,0,1,0,2,3,24,0,5,3,1,48,0
2010/2011,touws river,breede valley,cape winelands,20.03179,-33.33927,84,2,59,5,0,0,18,74,0,6,158,5,7,29,125,2,1,41,2,13,3,1,0,6,7,21,0,10,6,0,47,0
2011/2012,touws river,breede valley,cape winelands,20.03179,-33.33927,92,1,59,1,1,0,19,68,0,3,170,10,7,17,124,3,1,52,9,14,1,4,0,7,3,19,0,4,5,2,67,0
2012/2013,touws river,breede valley,cape winelands,20.03179,-33.33927,111,2,80,2,0,0,23,110,0,2,126,12,6,13,95,1,1,44,3,18,1,1,0,4,10,28,0,10,17,0,57,0
2013/2014,touws river,breede valley,cape winelands,20.03179,-33.33927,95,2,78,0,1,0,25,78,0,2,101,15,6,12,98,5,13,49,5,14,3,3,0,15,8,23,0,1,8,1,48,0
2014/2015,touws river,breede valley,cape winelands,20.03179,-33.33927,98,1,93,1,0,0,9,57,0,6,116,11,7,17,120,3,13,36,4,3,1,2,0,9,2,6,0,9,3,0,37,0
2015/2016,touws river,breede valley,cape winelands,20.03179,-33.33927,118,0,94,3,1,0,28,70,0,4,110,15,6,5,90,3,13,54,2,9,0,1,0,10,7,17,0,12,6,0,91,0
2016/2017,touws river,breede valley,cape winelands,20.03179,-33.33927,128,4,96,4,0,0,35,58,0,7,70,2,7,3,119,3,13,46,2,11,0,2,0,11,4,16,0,13,6,1,106,0
2017/2018,touws river,breede valley,cape winelands,20.03179,-33.33927,79,1,74,5,1,0,25,57,0,7,68,5,6,9,123,2,12,35,4,6,4,2,0,12,1,8,0,10,7,0,74,0
2018/2019,touws river,breede valley,cape winelands,20.03179,-33.33927,69,0,69,3,2,0,36,54,0,8,70,7,6,1,53,0,12,31,1,3,0,2,0,8,3,8,0,31,5,1,83,0
2019/2020,touws river,breede valley,cape winelands,20.03179,-33.33927,115,0,58,4,0,0,25,40,0,9,79,9,6,13,43,2,13,42,1,8,3,2,0,11,3,11,0,17,4,0,59,0
2020/2021,touws river,breede valley,cape winelands,20.03179,-33.33927,108,0,45,0,0,0,38,48,0,5,44,3,7,4,120,0,21,33,2,3,1,2,0,10,2,6,0,7,3,2,42,0
2021/2022,touws river,breede valley,cape winelands,20.03179,-33.33927,118,1,65,0,0,0,11,56,0,6,66,5,6,3,73,1,13,43,1,4,1,1,0,6,1,5,0,4,2,2,18,0
2022/2023,touws river,breede valley,cape winelands,20.03179,-33.33927,118,1,73,2,1,0,25,45,0,19,82,6,6,13,78,1,13,36,2,8,3,2,0,11,0,9,0,5,4,0,21,4
2023/2024,touws river,cape winelands district,cape winelands district,20.03179,-33.33927,0,0,0,0,0,0,0,42,0,0,0,0,0,0,0,0,0,0,0,0,0,3,0,0,0,0,0,0,0,0,26,0
2024/2025,touws river,cape winelands district,cape winelands district,20.03179,-33.33927,0,0,0,0,0,0,0,38,0,0,0,0,0,0,0,0,0,0,0,0,0,1,0,0,0,0,0,0,0,1,25,0
2008/2009,town hill,the msunduzi,umgungundlovu,30.35122,-29.58544,157,0,7,1,0,0,13,140,0,19,38,6,6,12,5,1,1,38,1,1,0,1,0,10,0,1,0,5,0,50,81,0
2009/2010,town hill,the msunduzi,umgungundlovu,30.35122,-29.58544,124,1,6,0,0,0,8,79,0,17,38,2,6,27,5,0,1,27,0,6,0,3,0,11,3,9,0,2,0,52,67,0
2010/2011,town hill,the msunduzi,umgungundlovu,30.35122,-29.58544,118,0,7,0,0,0,12,107,2,10,40,3,6,7,19,0,1,34,1,1,1,3,0,12,0,1,0,4,0,81,97,0
2011/2012,town hill,the msunduzi,umgungundlovu,30.35122,-29.58544,135,1,3,0,0,0,11,134,1,15,40,2,4,10,34,0,1,13,0,3,0,7,0,11,3,8,0,7,0,106,91,0
2012/2013,town hill,the msunduzi,umgungundlovu,30.35122,-29.58544,182,0,4,2,0,0,9,263,0,23,35,8,6,7,32,1,1,43,0,4,0,21,0,24,1,5,1,16,0,68,84,1
2013/2014,town hill,the msunduzi,umgungundlovu,30.35122,-29.58544,135,0,5,0,0,0,7,176,3,33,41,10,6,8,41,2,13,50,1,2,0,7,0,19,1,3,0,12,1,36,118,0
2014/2015,town hill,the msunduzi,umgungundlovu,30.35122,-29.58544,139,0,11,1,0,0,7,221,1,29,47,12,6,6,40,0,13,29,0,2,0,6,0,13,2,4,0,14,0,11,63,0
2015/2016,town hill,the msunduzi,umgungundlovu,30.35122,-29.58544,174,0,6,0,0,0,13,262,2,37,23,2,6,14,12,1,13,23,2,1,0,10,0,17,5,6,2,14,0,27,40,0
2016/2017,town hill,the msunduzi,umgungundlovu,30.35122,-29.58544,147,0,9,4,0,0,7,221,1,47,33,3,6,18,2,1,13,18,1,6,1,9,0,16,2,8,0,20,0,23,51,1
2017/2018,town hill,the msunduzi,umgungundlovu,30.35122,-29.58544,117,0,9,4,0,0,8,128,0,38,31,6,4,4,8,0,12,14,0,3,0,12,0,23,3,8,0,4,0,19,38,0
2018/2019,town hill,the msunduzi,umgungundlovu,30.35122,-29.58544,102,1,6,5,0,0,12,134,1,46,36,5,7,4,1,2,12,10,1,4,0,5,0,15,1,6,0,7,0,19,70,2
2019/2020,town hill,the msunduzi,umgungundlovu,30.35122,-29.58544,102,0,6,1,0,0,19,124,0,56,39,6,6,6,0,1,12,14,1,2,1,9,0,17,3,5,0,9,0,40,43,0
2020/2021,town hill,the msunduzi,umgungundlovu,30.35122,-29.58544,71,0,1,2,0,0,20,146,0,56,22,1,6,5,1,3,13,12,2,4,0,4,0,18,3,7,0,12,2,19,16,1
2021/2022,town hill,the msunduzi,umgungundlovu,30.35122,-29.58544,78,0,4,2,0,0,14,51,2,84,26,1,6,4,2,0,12,18,0,8,0,3,0,9,0,8,0,12,0,30,17,0
2022/2023,town hill,the msunduzi,umgungundlovu,30.35122,-29.58544,100,0,3,0,0,0,21,89,0,75,36,4,6,3,1,0,13,18,3,5,1,4,0,14,3,8,0,6,0,36,22,0
2023/2024,town hill,umgungundlovu district,umgungundlovu district,30.35122,-29.58544,0,0,0,0,0,0,0,128,0,0,0,0,0,0,0,0,0,0,0,0,0,8,0,0,0,0,0,0,0,27,38,0
2024/2025,town hill,umgungundlovu district,umgungundlovu district,30.35122,-29.58544,0,0,0,0,0,0,0,103,0,0,0,0,0,0,0,0,0,0,0,0,0,6,0,0,0,0,0,0,0,21,19,0
2008/2009,trichardt,govan mbeki,gert sibande,29.22408,-26.4936,208,3,62,9,1,0,27,44,5,13,69,26,5,25,6,2,1,39,2,11,1,0,0,28,0,15,0,4,3,21,15,3
2009/2010,trichardt,govan mbeki,gert sibande,29.22408,-26.4936,129,5,33,4,2,0,44,49,2,33,53,7,7,11,5,0,1,27,2,4,1,1,0,20,0,7,0,5,0,13,16,2
2010/2011,trichardt,govan mbeki,gert sibande,29.22408,-26.4936,83,1,35,0,0,0,25,30,0,27,38,5,6,15,13,1,1,17,5,1,0,2,0,8,0,1,0,4,4,10,13,1
2011/2012,trichardt,govan mbeki,gert sibande,29.22408,-26.4936,107,0,23,0,1,0,13,29,1,30,37,9,6,15,6,2,1,12,3,3,2,3,0,10,1,5,0,4,7,11,24,0
2012/2013,trichardt,govan mbeki,gert sibande,29.22408,-26.4936,133,1,15,0,3,0,15,59,2,27,25,10,6,22,7,0,1,19,2,8,3,1,0,8,1,12,0,2,8,13,17,1
2013/2014,trichardt,govan mbeki,gert sibande,29.22408,-26.4936,161,3,23,0,0,0,12,46,1,31,35,2,7,6,6,0,12,11,1,6,5,2,0,12,2,9,0,4,4,19,25,0
2014/2015,trichardt,govan mbeki,gert sibande,29.22408,-26.4936,121,1,15,0,0,0,20,62,0,19,35,6,6,7,17,1,12,18,1,2,1,1,0,5,4,6,0,1,4,6,40,0
2015/2016,trichardt,govan mbeki,gert sibande,29.22408,-26.4936,124,0,19,2,0,0,33,40,1,18,29,8,6,7,12,0,13,8,3,6,2,0,0,4,1,7,0,3,8,12,12,0
2016/2017,trichardt,govan mbeki,gert sibande,29.22408,-26.4936,98,1,23,0,0,0,42,54,2,21,16,6,7,5,25,1,13,9,2,4,2,1,0,8,2,7,0,2,6,9,17,0
2017/2018,trichardt,govan mbeki,gert sibande,29.22408,-26.4936,76,0,14,2,0,0,36,39,2,48,17,1,6,11,36,1,13,8,2,2,2,2,0,7,2,4,0,1,8,14,18,0
2018/2019,trichardt,govan mbeki,gert sibande,29.22408,-26.4936,96,2,30,5,1,0,28,37,0,23,21,8,6,19,30,3,13,8,4,2,2,1,0,7,4,7,0,2,7,7,25,0
2019/2020,trichardt,govan mbeki,gert sibande,29.22408,-26.4936,85,1,30,1,0,0,24,55,0,17,21,4,6,28,26,1,13,8,2,6,1,1,0,3,4,10,0,1,11,9,19,0
2020/2021,trichardt,govan mbeki,gert sibande,29.22408,-26.4936,66,0,21,2,0,0,21,43,2,27,16,3,6,5,12,0,13,15,2,0,2,1,0,7,3,3,0,2,17,4,14,1
2021/2022,trichardt,govan mbeki,gert sibande,29.22408,-26.4936,63,0,27,1,0,0,18,64,0,26,21,1,6,8,7,4,13,17,5,2,4,2,0,7,2,4,0,0,9,13,18,0
2022/2023,trichardt,govan mbeki,gert sibande,29.22408,-26.4936,84,0,16,1,0,0,13,61,0,30,33,7,7,5,9,0,13,16,1,3,5,1,0,8,4,8,0,2,9,11,11,1
2023/2024,trichardt,gert sibande district,gert sibande district,29.22408,-26.4936,0,0,0,0,0,0,0,62,1,0,0,0,0,0,0,0,0,0,0,0,0,0,0,0,0,0,0,0,0,12,14,0
2024/2025,trichardt,gert sibande district,gert sibande district,29.22408,-26.4936,0,0,0,0,0,0,0,20,0,0,0,0,0,0,0,0,0,0,0,0,0,1,0,0,0,0,0,0,0,6,14,0
2008/2009,trompsburg,kopanong,xhariep,25.78074,-30.03372,24,1,44,1,0,0,8,13,0,4,35,4,6,8,12,0,1,17,2,4,2,1,0,3,1,5,0,1,27,3,2,0
2009/2010,trompsburg,kopanong,xhariep,25.78074,-30.03372,30,1,58,2,0,0,11,22,0,6,37,1,4,1,7,0,1,11,2,6,1,0,0,1,0,8,0,4,25,1,4,0
2010/2011,trompsburg,kopanong,xhariep,25.78074,-30.03372,27,0,67,1,2,0,18,31,0,10,43,1,7,5,5,0,1,26,3,5,2,2,0,3,0,8,0,3,16,3,4,0
2011/2012,trompsburg,kopanong,xhariep,25.78074,-30.03372,27,0,73,0,1,0,12,29,0,10,39,3,6,6,4,0,1,17,1,11,1,1,0,2,0,12,0,5,23,1,2,0
2012/2013,trompsburg,kopanong,xhariep,25.78074,-30.03372,35,2,63,2,1,0,24,26,1,11,36,2,6,1,12,1,1,16,4,8,4,1,0,7,1,10,0,7,28,3,1,0
2013/2014,trompsburg,kopanong,xhariep,25.78074,-30.03372,37,0,66,1,1,0,15,38,0,10,40,3,6,1,19,1,13,29,1,9,1,2,0,3,0,10,0,8,51,2,2,0
2014/2015,trompsburg,kopanong,xhariep,25.78074,-30.03372,24,1,65,4,0,0,13,20,0,8,30,1,6,6,7,0,13,22,2,5,2,1,0,6,1,6,0,2,35,1,2,0
2015/2016,trompsburg,kopanong,xhariep,25.78074,-30.03372,19,1,49,0,0,0,8,17,0,2,23,0,6,8,10,0,13,13,0,4,0,0,0,0,2,6,0,3,25,0,4,0
2016/2017,trompsburg,kopanong,xhariep,25.78074,-30.03372,25,0,32,0,2,0,14,26,0,6,29,2,6,8,15,0,13,18,1,7,2,2,0,4,1,10,0,2,22,4,2,0
2017/2018,trompsburg,kopanong,xhariep,25.78074,-30.03372,17,0,33,0,0,0,9,22,0,2,27,1,6,5,26,1,12,5,2,9,5,0,0,6,0,9,0,1,21,0,0,0
2018/2019,trompsburg,kopanong,xhariep,25.78074,-30.03372,21,0,43,0,1,0,22,48,0,8,26,0,6,8,17,0,12,10,2,6,0,0,0,2,1,8,0,1,41,1,0,1
2019/2020,trompsburg,kopanong,xhariep,25.78074,-30.03372,13,0,34,0,1,0,19,19,0,6,14,4,6,3,9,0,13,14,3,10,1,0,0,1,1,12,0,2,28,0,6,0
2020/2021,trompsburg,kopanong,xhariep,25.78074,-30.03372,15,0,49,0,1,0,12,25,0,1,19,2,6,2,0,0,12,12,0,4,1,0,0,2,0,5,0,1,14,0,7,1
2021/2022,trompsburg,kopanong,xhariep,25.78074,-30.03372,38,3,37,0,0,0,13,28,0,12,22,5,6,4,7,0,13,16,1,2,0,1,0,1,5,7,0,0,19,0,8,0
2022/2023,trompsburg,kopanong,xhariep,25.78074,-30.03372,27,1,39,3,1,0,14,28,0,13,29,0,6,12,12,1,13,23,2,4,0,0,0,2,1,6,0,4,7,0,3,0
2023/2024,trompsburg,xhariep district,xhariep district,25.78074,-30.03372,0,0,0,0,0,0,0,34,0,0,0,0,0,0,0,0,0,0,0,0,0,1,0,0,0,0,0,0,0,0,4,0
2024/2025,trompsburg,xhariep district,xhariep district,25.78074,-30.03372,0,0,0,0,0,0,0,43,0,0,0,0,0,0,0,0,0,0,0,0,0,1,0,0,0,0,0,0,0,0,6,0
2008/2009,tsakane,ekurhuleni,ekurhuleni,28.36975,-26.35194,514,44,706,96,6,0,68,796,89,40,451,154,45,122,16,69,1,415,89,198,60,112,0,550,8,242,0,58,3,154,203,12
2009/2010,tsakane,ekurhuleni,ekurhuleni,28.36975,-26.35194,534,27,633,63,3,0,72,862,87,106,354,162,46,48,34,87,1,386,74,217,67,57,1,502,0,267,0,152,2,169,214,10
2010/2011,tsakane,ekurhuleni,ekurhuleni,28.36975,-26.35194,521,35,674,78,8,0,82,801,68,179,516,144,21,49,78,79,1,364,67,222,69,56,0,447,4,265,0,137,2,163,171,3
2011/2012,tsakane,ekurhuleni,ekurhuleni,28.36975,-26.35194,628,40,693,58,4,0,72,837,52,164,509,162,33,114,276,54,1,427,58,210,74,72,1,457,19,248,2,118,5,143,229,1
2012/2013,tsakane,ekurhuleni,ekurhuleni,28.36975,-26.35194,613,23,710,38,5,0,73,833,55,168,441,140,10,72,396,35,1,393,51,159,31,61,0,354,20,190,5,170,5,137,224,2
2013/2014,tsakane,ekurhuleni,ekurhuleni,28.36975,-26.35194,604,20,725,52,6,0,75,811,87,151,532,152,9,83,764,31,37,384,52,168,61,53,0,424,22,201,1,218,3,181,173,0
2014/2015,tsakane,ekurhuleni,ekurhuleni,28.36975,-26.35194,619,21,747,70,3,0,93,931,97,156,522,190,5,120,997,38,30,371,53,146,62,46,0,461,24,176,1,266,4,176,166,2
2015/2016,tsakane,ekurhuleni,ekurhuleni,28.36975,-26.35194,576,21,774,63,7,0,108,767,113,149,672,148,9,121,699,41,29,400,49,166,96,54,0,558,17,195,1,228,2,158,132,3
2016/2017,tsakane,ekurhuleni,ekurhuleni,28.36975,-26.35194,637,23,671,58,2,0,110,899,79,125,501,140,5,131,857,47,38,364,69,164,75,80,0,501,25,194,0,277,6,252,186,3
2017/2018,tsakane,ekurhuleni,ekurhuleni,28.36975,-26.35194,496,8,637,51,2,0,109,764,63,126,447,101,6,183,682,52,38,357,64,167,63,60,0,395,16,185,0,282,6,185,139,2
2018/2019,tsakane,ekurhuleni,ekurhuleni,28.36975,-26.35194,491,3,654,60,2,0,141,782,70,152,414,91,6,128,661,68,29,331,66,155,51,50,0,335,26,183,0,283,5,120,130,0
2019/2020,tsakane,ekurhuleni,ekurhuleni,28.36975,-26.35194,545,3,606,43,1,0,95,601,98,251,387,100,4,306,731,63,51,309,65,159,69,41,1,404,16,178,1,234,7,138,113,5
2020/2021,tsakane,ekurhuleni,ekurhuleni,28.36975,-26.35194,387,8,506,52,0,0,88,486,127,213,338,80,7,229,503,56,26,266,46,128,65,49,0,409,22,151,0,178,5,81,90,6
2021/2022,tsakane,ekurhuleni,ekurhuleni,28.36975,-26.35194,450,9,658,50,1,0,84,441,171,266,409,87,7,218,406,32,62,362,68,167,40,44,1,435,25,194,3,123,4,109,62,6
2022/2023,tsakane,ekurhuleni,ekurhuleni,28.36975,-26.35194,588,5,731,85,0,0,77,524,160,253,448,74,6,267,564,41,63,436,86,164,47,63,1,482,32,196,1,205,11,93,80,5
2023/2024,tsakane,ekurhuleni district,ekurhuleni district,28.36975,-26.35194,0,0,0,0,0,0,0,471,99,0,0,0,0,0,0,0,0,0,0,0,0,56,0,0,0,0,0,0,0,117,78,0
2024/2025,tsakane,ekurhuleni district,ekurhuleni district,28.36975,-26.35194,0,0,0,0,0,0,0,407,110,0,0,0,0,0,0,0,0,0,0,0,0,121,0,0,0,0,0,0,0,69,72,0
2008/2009,tseki,maluti a phofung,thabo mofutsanyane,28.77262,-28.58429,113,4,228,16,3,0,57,251,0,6,116,55,17,11,82,7,1,90,16,65,4,9,0,33,2,79,0,0,101,4,17,0
2009/2010,tseki,maluti a phofung,thabo mofutsanyane,28.77262,-28.58429,93,3,246,22,3,0,39,244,1,2,148,46,7,12,74,8,1,120,21,86,16,11,0,47,5,95,0,0,92,5,16,0
2010/2011,tseki,maluti a phofung,thabo mofutsanyane,28.77262,-28.58429,95,5,221,14,4,0,40,238,1,2,124,39,6,7,90,4,1,103,15,82,13,17,0,46,4,90,0,0,59,3,18,0
2011/2012,tseki,maluti a phofung,thabo mofutsanyane,28.77262,-28.58429,75,7,253,11,1,0,20,258,4,10,147,28,6,12,133,5,1,119,19,59,11,20,0,63,11,71,0,0,55,7,32,1
2012/2013,tseki,maluti a phofung,thabo mofutsanyane,28.77262,-28.58429,113,1,248,11,3,0,32,289,2,2,163,41,4,20,169,6,1,141,19,66,16,12,0,63,11,82,0,0,57,3,16,0
2013/2014,tseki,maluti a phofung,thabo mofutsanyane,28.77262,-28.58429,93,4,213,8,5,0,28,250,0,4,155,26,6,10,264,7,23,91,19,69,22,9,0,66,6,80,0,0,66,9,23,0
2014/2015,tseki,maluti a phofung,thabo mofutsanyane,28.77262,-28.58429,97,4,224,12,4,0,33,253,0,5,123,25,7,20,294,8,12,117,20,89,13,21,0,76,5,99,0,0,48,2,14,0
2015/2016,tseki,maluti a phofung,thabo mofutsanyane,28.77262,-28.58429,93,2,222,9,7,0,45,209,1,2,131,19,6,16,308,11,23,131,23,73,6,25,0,68,7,87,0,0,50,3,19,0
2016/2017,tseki,maluti a phofung,thabo mofutsanyane,28.77262,-28.58429,74,4,199,14,1,0,56,159,1,4,118,12,6,25,307,6,23,109,18,64,7,16,0,62,4,69,0,0,50,9,19,0
2017/2018,tseki,maluti a phofung,thabo mofutsanyane,28.77262,-28.58429,61,0,156,12,3,0,48,148,0,5,111,9,7,15,310,12,14,83,19,55,7,20,0,39,7,66,0,0,57,3,22,0
2018/2019,tseki,maluti a phofung,thabo mofutsanyane,28.77262,-28.58429,56,0,169,18,1,0,46,187,0,5,115,16,6,6,71,9,14,69,23,72,8,17,0,49,9,82,0,0,49,4,26,0
2019/2020,tseki,maluti a phofung,thabo mofutsanyane,28.77262,-28.58429,75,0,197,16,2,0,77,238,0,7,101,12,6,12,16,5,16,57,40,61,3,18,0,48,6,69,0,0,42,5,54,0
2020/2021,tseki,maluti a phofung,thabo mofutsanyane,28.77262,-28.58429,49,0,137,7,3,0,69,174,3,3,79,9,6,8,15,6,17,66,29,50,4,21,0,51,4,57,0,0,39,1,15,0
2021/2022,tseki,maluti a phofung,thabo mofutsanyane,28.77262,-28.58429,43,1,149,15,0,0,41,142,0,6,78,11,6,13,16,6,14,67,34,39,5,18,0,50,10,49,0,0,35,2,10,0
2022/2023,tseki,maluti a phofung,thabo mofutsanyane,28.77262,-28.58429,54,3,139,12,2,0,38,122,0,13,113,8,7,17,29,5,23,60,35,44,7,10,0,26,8,55,0,0,30,3,12,0
2023/2024,tseki,thabo mofutsanyana district,thabo mofutsanyana district,28.77262,-28.58429,0,0,0,0,0,0,0,114,4,0,0,0,0,0,0,0,0,0,0,0,0,20,0,0,0,0,0,0,0,2,19,0
2024/2025,tseki,thabo mofutsanyana district,thabo mofutsanyana district,28.77262,-28.58429,0,0,0,0,0,0,0,103,1,0,0,0,0,0,0,0,0,0,0,0,0,16,0,0,0,0,0,0,0,5,14,0
2008/2009,tseseng,maluti a phofung,thabo mofutsanyane,28.85396,-28.62038,48,3,117,4,3,0,37,115,1,0,51,27,6,2,15,2,1,46,8,22,3,5,0,15,2,27,0,0,72,2,8,0
2009/2010,tseseng,maluti a phofung,thabo mofutsanyane,28.85396,-28.62038,53,2,118,6,5,0,37,143,2,0,43,9,5,2,20,3,1,66,10,30,3,8,0,26,0,38,0,0,80,1,7,0
2010/2011,tseseng,maluti a phofung,thabo mofutsanyane,28.85396,-28.62038,40,4,100,4,3,0,24,99,0,0,33,19,6,5,23,4,1,34,5,29,5,5,0,15,2,34,0,0,72,3,9,0
2011/2012,tseseng,maluti a phofung,thabo mofutsanyane,28.85396,-28.62038,42,7,107,3,2,0,41,128,1,0,59,29,6,5,37,4,1,48,10,18,3,10,0,21,6,26,0,0,68,1,8,0
2012/2013,tseseng,maluti a phofung,thabo mofutsanyane,28.85396,-28.62038,56,5,132,4,5,0,21,145,0,0,75,16,6,11,63,3,1,44,8,37,6,14,0,35,9,51,0,0,58,1,17,0
2013/2014,tseseng,maluti a phofung,thabo mofutsanyane,28.85396,-28.62038,38,1,106,7,3,0,27,114,0,0,48,17,7,11,102,5,12,42,5,29,2,5,0,18,0,33,0,0,59,2,9,0
2014/2015,tseseng,maluti a phofung,thabo mofutsanyane,28.85396,-28.62038,38,5,81,5,1,0,27,106,0,2,51,7,7,3,121,6,21,54,3,33,6,12,1,31,1,36,0,0,52,3,9,0
2015/2016,tseseng,maluti a phofung,thabo mofutsanyane,28.85396,-28.62038,40,3,98,9,10,0,40,105,0,1,69,16,6,9,121,5,14,57,6,35,2,13,0,27,0,45,0,0,61,2,7,0
2016/2017,tseseng,maluti a phofung,thabo mofutsanyane,28.85396,-28.62038,37,0,90,6,4,0,45,107,0,2,63,19,6,12,147,4,25,61,13,32,9,8,0,20,2,38,0,0,67,1,8,0
2017/2018,tseseng,maluti a phofung,thabo mofutsanyane,28.85396,-28.62038,37,2,86,8,6,0,34,98,1,7,48,11,6,9,169,3,23,51,9,25,10,11,0,27,1,32,0,0,49,2,2,0
2018/2019,tseseng,maluti a phofung,thabo mofutsanyane,28.85396,-28.62038,34,1,87,9,4,0,33,79,0,7,39,6,7,3,67,2,12,35,12,27,1,11,0,17,4,36,0,0,38,2,0,0
2019/2020,tseseng,maluti a phofung,thabo mofutsanyane,28.85396,-28.62038,28,0,85,16,1,0,43,93,0,3,52,3,7,17,7,3,21,43,12,23,1,11,0,17,4,29,0,0,37,2,3,0
2020/2021,tseseng,maluti a phofung,thabo mofutsanyane,28.85396,-28.62038,25,0,71,5,0,0,34,81,0,2,62,4,4,6,12,4,13,30,10,19,6,7,0,21,1,22,2,0,32,2,2,0
2021/2022,tseseng,maluti a phofung,thabo mofutsanyane,28.85396,-28.62038,28,0,78,10,0,0,43,63,0,2,52,10,6,13,21,2,13,31,9,23,3,15,0,29,3,26,0,0,47,2,1,0
2022/2023,tseseng,maluti a phofung,thabo mofutsanyane,28.85396,-28.62038,37,0,90,12,1,0,40,78,0,6,53,5,6,15,31,2,13,25,8,22,4,14,0,24,2,25,2,0,43,0,2,0
2023/2024,tseseng,thabo mofutsanyana district,thabo mofutsanyana district,28.85396,-28.62038,0,0,0,0,0,0,0,61,0,0,0,0,0,0,0,0,0,0,0,0,0,15,0,0,0,0,0,0,0,2,7,0
2024/2025,tseseng,thabo mofutsanyana district,thabo mofutsanyana district,28.85396,-28.62038,0,0,0,0,0,0,0,62,0,0,0,0,0,0,0,0,0,0,0,0,0,8,0,0,0,0,0,0,0,0,7,0
2008/2009,tshamutumbu,musina,vhembe,30.54586,-22.38491,16,5,61,3,1,0,13,9,0,1,16,1,6,13,11,0,1,11,1,6,0,0,0,2,0,7,0,0,9,0,3,0
2009/2010,tshamutumbu,musina,vhembe,30.54586,-22.38491,28,4,47,5,0,0,14,15,0,2,14,4,6,14,14,1,1,13,0,10,0,0,0,4,0,10,0,1,5,0,2,0
2010/2011,tshamutumbu,musina,vhembe,30.54586,-22.38491,21,2,56,0,3,0,7,8,0,1,13,0,4,5,16,3,1,9,4,9,2,1,0,4,0,14,0,0,14,0,3,0
2011/2012,tshamutumbu,musina,vhembe,30.54586,-22.38491,33,1,70,3,4,0,17,18,1,0,22,3,4,1,14,1,1,10,3,8,5,0,0,8,0,14,0,0,25,2,3,0
2012/2013,tshamutumbu,musina,vhembe,30.54586,-22.38491,27,5,66,4,0,0,16,8,0,2,28,0,6,30,28,2,1,24,0,12,1,0,0,2,0,12,0,0,12,2,7,0
2013/2014,tshamutumbu,musina,vhembe,30.54586,-22.38491,24,0,62,8,0,0,15,21,0,2,18,5,6,13,61,2,13,21,2,11,4,3,0,7,0,11,0,0,22,1,1,0
2014/2015,tshamutumbu,musina,vhembe,30.54586,-22.38491,22,2,77,4,3,0,13,14,0,3,14,1,6,28,84,4,13,14,2,6,6,1,0,8,1,10,0,0,27,1,3,0
2015/2016,tshamutumbu,musina,vhembe,30.54586,-22.38491,20,2,66,3,0,0,18,21,1,0,12,3,7,19,84,0,13,31,3,8,6,6,0,13,1,10,0,0,22,2,3,0
2016/2017,tshamutumbu,musina,vhembe,30.54586,-22.38491,31,1,69,3,0,0,19,15,0,6,15,3,6,13,115,2,13,17,2,8,3,1,0,5,0,8,5,0,20,0,3,0
2017/2018,tshamutumbu,musina,vhembe,30.54586,-22.38491,12,3,31,0,0,0,13,5,0,0,5,0,6,10,131,1,12,9,2,4,2,3,0,5,0,4,0,0,5,0,1,0
2018/2019,tshamutumbu,musina,vhembe,30.54586,-22.38491,12,0,24,0,0,0,6,5,0,0,4,0,6,20,67,0,13,6,0,0,1,1,0,3,0,0,2,0,3,1,1,0
2019/2020,tshamutumbu,musina,vhembe,30.54586,-22.38491,11,0,15,1,0,0,5,1,0,1,1,0,6,29,1,1,12,6,1,5,1,0,0,2,1,6,0,0,0,0,0,0
2020/2021,tshamutumbu,musina,vhembe,30.54586,-22.38491,6,0,18,7,0,0,11,4,0,1,11,2,6,12,4,4,21,14,1,5,1,4,0,7,0,5,0,0,3,2,1,0
2021/2022,tshamutumbu,musina,vhembe,30.54586,-22.38491,25,1,26,8,0,0,8,6,2,2,7,1,6,17,16,4,12,14,5,12,0,6,0,17,0,12,0,0,5,0,1,0
2022/2023,tshamutumbu,musina,vhembe,30.54586,-22.38491,108,1,47,4,0,0,12,4,1,2,4,4,6,11,23,3,13,13,4,7,2,1,0,11,0,7,6,0,8,1,0,0
2023/2024,tshamutumbu,vhembe district,vhembe district,30.54586,-22.38491,0,0,0,0,0,0,0,5,4,0,0,0,0,0,0,0,0,0,0,0,0,2,0,0,0,0,0,0,0,2,1,0
2024/2025,tshamutumbu,vhembe district,vhembe district,30.54586,-22.38491,0,0,0,0,0,0,0,1,4,0,0,0,0,0,0,0,0,0,0,0,0,1,0,0,0,0,0,0,0,0,2,0
2008/2009,tshaulu,thulamela,vhembe,30.74773,-22.80382,48,9,83,1,1,0,22,43,0,0,36,8,8,1,13,0,1,28,1,11,4,0,0,4,0,16,0,0,3,2,5,0
2009/2010,tshaulu,thulamela,vhembe,30.74773,-22.80382,47,11,134,4,2,0,38,56,0,2,50,3,7,2,22,1,1,31,3,21,3,3,0,7,0,24,0,0,3,0,7,0
2010/2011,tshaulu,thulamela,vhembe,30.74773,-22.80382,26,8,104,1,2,0,40,59,0,2,29,6,7,3,18,1,1,25,1,8,1,2,0,4,1,12,0,0,5,3,0,0
2011/2012,tshaulu,thulamela,vhembe,30.74773,-22.80382,28,11,82,1,0,0,28,88,0,1,41,9,8,8,17,1,1,35,5,8,3,2,0,6,0,12,0,0,1,4,3,0
2012/2013,tshaulu,thulamela,vhembe,30.74773,-22.80382,18,9,60,3,2,0,21,48,0,3,18,4,6,11,27,0,1,21,3,8,8,11,0,23,1,11,0,0,7,1,4,0
2013/2014,tshaulu,thulamela,vhembe,30.74773,-22.80382,21,8,45,2,0,0,35,78,0,0,23,3,6,18,31,0,13,17,0,13,3,4,0,8,1,14,8,0,4,2,2,0
2014/2015,tshaulu,thulamela,vhembe,30.74773,-22.80382,19,5,67,1,0,0,33,51,0,1,17,6,6,31,52,2,12,23,1,12,8,1,0,13,1,13,0,0,7,2,2,0
2015/2016,tshaulu,thulamela,vhembe,30.74773,-22.80382,19,28,56,0,1,0,54,58,0,1,43,4,6,36,47,0,13,50,4,10,9,11,0,23,0,11,0,0,4,1,3,0
2016/2017,tshaulu,thulamela,vhembe,30.74773,-22.80382,26,5,57,1,2,0,48,75,1,2,19,1,6,37,62,1,13,26,1,12,5,6,0,15,1,15,0,0,6,1,2,0
2017/2018,tshaulu,thulamela,vhembe,30.74773,-22.80382,19,8,40,3,0,0,52,59,0,1,23,5,7,45,93,3,13,22,3,13,8,5,0,16,1,15,0,0,2,1,7,0
2018/2019,tshaulu,thulamela,vhembe,30.74773,-22.80382,14,4,38,1,0,0,31,44,2,2,16,2,6,52,46,0,13,20,1,20,6,12,0,25,0,20,0,0,1,1,2,0
2019/2020,tshaulu,thulamela,vhembe,30.74773,-22.80382,11,2,40,1,1,0,43,53,0,1,12,6,6,66,0,0,13,13,7,11,19,4,0,28,0,12,0,0,6,1,2,0
2020/2021,tshaulu,thulamela,vhembe,30.74773,-22.80382,9,3,49,0,0,0,29,27,1,8,18,4,6,15,0,1,13,14,2,9,7,6,0,18,2,11,0,0,1,0,5,0
2021/2022,tshaulu,thulamela,vhembe,30.74773,-22.80382,25,5,91,1,2,0,33,51,0,10,29,10,6,17,0,0,14,30,5,16,8,2,0,19,2,20,0,1,1,2,2,0
2022/2023,tshaulu,thulamela,vhembe,30.74773,-22.80382,63,1,83,8,2,0,30,64,0,9,12,12,6,11,0,0,12,19,3,18,10,3,0,17,1,21,0,0,6,2,3,0
2023/2024,tshaulu,vhembe district,vhembe district,30.74773,-22.80382,0,0,0,0,0,0,0,35,1,0,0,0,0,0,0,0,0,0,0,0,0,3,0,0,0,0,0,0,0,2,0,0
2024/2025,tshaulu,vhembe district,vhembe district,30.74773,-22.80382,0,0,0,0,0,0,0,61,1,0,0,0,0,0,0,0,0,0,0,0,0,7,0,0,0,0,0,0,0,2,1,0
2008/2009,tshidilamolomo,ratlou,ngaka modiri molema,24.67348,-25.82608,12,0,37,5,0,0,15,7,0,3,2,1,7,0,6,0,1,5,1,15,1,0,0,2,0,16,0,0,7,0,0,0
2009/2010,tshidilamolomo,ratlou,ngaka modiri molema,24.67348,-25.82608,10,2,33,3,1,0,20,5,0,0,5,2,6,0,7,2,1,9,0,7,6,2,0,8,0,8,0,0,5,2,0,0
2010/2011,tshidilamolomo,ratlou,ngaka modiri molema,24.67348,-25.82608,10,2,47,0,2,0,10,6,0,1,9,5,7,1,7,0,1,8,2,19,3,3,0,6,1,23,0,0,10,0,0,0
2011/2012,tshidilamolomo,ratlou,ngaka modiri molema,24.67348,-25.82608,6,2,39,0,0,0,15,13,0,2,3,3,6,2,1,0,1,9,1,9,4,0,0,4,3,12,1,0,16,0,1,0
2012/2013,tshidilamolomo,ratlou,ngaka modiri molema,24.67348,-25.82608,5,3,42,0,2,0,13,10,0,0,5,1,7,1,5,1,1,7,2,9,7,0,0,7,1,13,0,0,8,0,0,0
2013/2014,tshidilamolomo,ratlou,ngaka modiri molema,24.67348,-25.82608,13,0,54,1,0,0,14,9,0,1,14,4,6,0,15,3,13,13,2,13,8,0,0,10,0,13,0,0,9,0,0,0
2014/2015,tshidilamolomo,ratlou,ngaka modiri molema,24.67348,-25.82608,4,0,56,1,1,0,14,9,0,0,4,1,7,2,12,1,13,9,1,15,4,0,0,4,1,18,0,0,6,0,0,0
2015/2016,tshidilamolomo,ratlou,ngaka modiri molema,24.67348,-25.82608,13,4,52,2,5,0,17,7,1,0,2,1,7,0,16,1,21,12,5,14,12,0,0,14,0,20,0,0,5,0,1,0
2016/2017,tshidilamolomo,ratlou,ngaka modiri molema,24.67348,-25.82608,5,0,43,1,0,0,19,5,0,1,1,2,6,0,19,0,12,13,3,24,6,0,0,6,1,25,0,0,6,0,1,0
2017/2018,tshidilamolomo,ratlou,ngaka modiri molema,24.67348,-25.82608,2,1,43,0,0,0,17,4,0,0,4,2,6,0,12,2,13,12,4,30,3,0,0,5,1,31,0,0,3,0,1,0
2018/2019,tshidilamolomo,ratlou,ngaka modiri molema,24.67348,-25.82608,8,1,49,1,0,0,2,3,1,0,2,2,6,0,11,5,14,12,4,30,6,0,0,9,1,31,0,0,9,0,0,0
2019/2020,tshidilamolomo,ratlou,ngaka modiri molema,24.67348,-25.82608,7,0,42,2,0,0,11,6,0,0,1,1,6,0,4,0,21,11,3,17,5,1,0,6,0,17,0,0,7,0,1,0
2020/2021,tshidilamolomo,ratlou,ngaka modiri molema,24.67348,-25.82608,6,0,37,1,0,0,10,5,0,3,6,0,6,0,7,0,21,14,2,7,2,0,0,2,1,8,0,0,15,1,0,0
2021/2022,tshidilamolomo,ratlou,ngaka modiri molema,24.67348,-25.82608,9,1,56,0,2,0,8,6,0,1,11,0,6,1,8,3,13,11,2,32,0,0,0,1,0,34,0,0,13,0,0,1
2022/2023,tshidilamolomo,ratlou,ngaka modiri molema,24.67348,-25.82608,9,1,64,0,1,0,7,8,0,1,12,1,6,0,2,1,13,13,0,20,3,0,0,4,3,24,0,0,28,2,1,0
2023/2024,tshidilamolomo,ngaka modiri molema district,ngaka modiri molema district,24.67348,-25.82608,0,0,0,0,0,0,0,5,0,0,0,0,0,0,0,0,0,0,0,0,0,0,0,0,0,0,0,0,0,0,1,0
2024/2025,tshidilamolomo,ngaka modiri molema district,ngaka modiri molema district,24.67348,-25.82608,0,0,0,0,0,0,0,7,0,0,0,0,0,0,0,0,0,0,0,0,0,0,0,0,0,0,0,0,0,1,0,0
2008/2009,tshilwavhusiku,makhado,vhembe,29.74204,-23.09599,80,3,189,14,3,0,82,90,3,3,66,30,7,2,14,3,1,61,10,38,2,6,0,20,0,42,0,0,4,3,11,0
2009/2010,tshilwavhusiku,makhado,vhembe,29.74204,-23.09599,105,3,173,8,3,0,57,136,0,3,67,40,4,1,21,3,1,55,6,41,1,2,0,8,2,48,0,0,6,1,11,0
2010/2011,tshilwavhusiku,makhado,vhembe,29.74204,-23.09599,75,0,204,5,1,0,40,127,1,8,66,27,6,1,47,0,1,49,3,34,10,9,0,30,1,36,0,0,14,3,10,0
2011/2012,tshilwavhusiku,makhado,vhembe,29.74204,-23.09599,71,6,163,5,4,0,39,86,1,6,90,16,6,2,52,5,1,49,8,41,12,6,0,23,1,46,1,0,4,2,1,0
2012/2013,tshilwavhusiku,makhado,vhembe,29.74204,-23.09599,46,6,189,13,3,0,54,99,0,2,98,23,6,11,89,4,1,45,12,41,22,3,0,28,3,47,8,0,12,2,3,0
2013/2014,tshilwavhusiku,makhado,vhembe,29.74204,-23.09599,61,3,195,8,3,0,76,130,4,2,90,23,6,20,90,1,13,63,3,35,24,7,0,42,0,38,16,0,4,2,13,0
2014/2015,tshilwavhusiku,makhado,vhembe,29.74204,-23.09599,42,4,163,7,7,0,82,124,1,2,91,13,7,29,128,5,13,50,7,44,28,12,0,61,1,53,15,0,9,4,13,0
2015/2016,tshilwavhusiku,makhado,vhembe,29.74204,-23.09599,51,3,186,9,7,0,61,133,4,2,97,15,6,54,161,5,14,61,6,53,13,18,0,63,1,61,3,0,18,3,9,0
2016/2017,tshilwavhusiku,makhado,vhembe,29.74204,-23.09599,54,5,178,9,6,0,68,144,1,5,97,36,4,26,208,3,12,58,8,49,4,12,0,32,4,61,0,0,9,5,13,0
2017/2018,tshilwavhusiku,makhado,vhembe,29.74204,-23.09599,53,0,190,6,6,0,46,126,1,3,88,24,7,49,290,9,23,52,9,39,19,8,0,64,1,47,0,0,10,6,7,0
2018/2019,tshilwavhusiku,makhado,vhembe,29.74204,-23.09599,104,3,212,8,3,0,39,123,5,7,103,27,7,64,180,2,17,67,10,49,15,9,0,52,0,53,0,0,7,2,9,0
2019/2020,tshilwavhusiku,makhado,vhembe,29.74204,-23.09599,147,8,236,6,5,0,70,139,5,13,71,32,6,59,4,3,12,90,5,42,25,13,0,89,2,49,0,1,10,4,9,0
2020/2021,tshilwavhusiku,makhado,vhembe,29.74204,-23.09599,111,4,219,22,6,0,73,125,2,10,132,30,6,19,2,14,24,91,16,40,30,17,0,93,3,49,0,2,9,1,12,0
2021/2022,tshilwavhusiku,makhado,vhembe,29.74204,-23.09599,329,8,318,29,15,0,72,156,5,20,217,55,6,19,3,2,22,172,15,74,28,17,0,118,1,90,0,6,22,4,10,0
2022/2023,tshilwavhusiku,makhado,vhembe,29.74204,-23.09599,123,1,279,17,6,0,52,148,6,14,164,39,6,4,12,4,24,130,14,54,51,19,0,122,7,67,3,2,18,2,12,0
2023/2024,tshilwavhusiku,vhembe district,vhembe district,29.74204,-23.09599,0,0,0,0,0,0,0,179,13,0,0,0,0,0,0,0,0,0,0,0,0,22,0,0,0,0,0,0,0,4,7,0
2024/2025,tshilwavhusiku,vhembe district,vhembe district,29.74204,-23.09599,0,0,0,0,0,0,0,156,4,0,0,0,0,0,0,0,0,0,0,0,0,12,0,0,0,0,0,0,0,4,19,0
2008/2009,tshitale,makhado,vhembe,29.98902,-23.35999,61,1,68,3,1,0,52,21,0,4,130,7,6,0,7,1,1,37,4,14,1,3,0,3,0,15,0,0,7,1,6,0
2009/2010,tshitale,makhado,vhembe,29.98902,-23.35999,56,2,50,3,3,0,19,27,0,7,126,10,7,4,13,2,1,32,3,14,4,1,0,6,0,18,0,0,1,0,1,0
2010/2011,tshitale,makhado,vhembe,29.98902,-23.35999,59,3,50,6,6,0,40,70,0,1,146,14,8,0,5,0,1,36,4,21,1,4,0,8,1,32,0,0,14,2,5,0
2011/2012,tshitale,makhado,vhembe,29.98902,-23.35999,53,7,63,5,2,0,55,70,0,2,184,14,4,1,8,3,1,52,0,15,2,3,0,7,0,19,0,1,10,1,7,0
2012/2013,tshitale,makhado,vhembe,29.98902,-23.35999,47,3,69,3,2,0,72,48,0,9,142,8,7,6,39,3,1,33,2,11,1,2,0,6,2,16,0,1,4,0,10,0
2013/2014,tshitale,makhado,vhembe,29.98902,-23.35999,27,2,59,2,5,0,67,96,1,3,115,13,6,1,46,0,13,34,0,9,5,5,0,21,0,14,0,0,6,2,3,1
2014/2015,tshitale,makhado,vhembe,29.98902,-23.35999,51,2,67,5,0,0,58,63,0,2,117,11,5,6,57,3,21,34,4,14,14,12,0,34,0,17,4,0,8,0,3,0
2015/2016,tshitale,makhado,vhembe,29.98902,-23.35999,22,2,47,1,2,0,31,33,0,2,76,6,6,14,54,1,13,31,2,9,5,6,0,14,0,11,0,0,3,2,4,0
2016/2017,tshitale,makhado,vhembe,29.98902,-23.35999,33,1,44,0,1,0,37,22,1,6,68,4,7,6,69,4,13,16,0,5,8,2,0,21,0,7,2,0,3,0,7,0
2017/2018,tshitale,makhado,vhembe,29.98902,-23.35999,19,1,30,1,0,0,40,33,1,0,54,2,6,9,98,2,12,20,0,12,4,4,0,11,0,12,6,0,13,3,1,0
2018/2019,tshitale,makhado,vhembe,29.98902,-23.35999,18,5,42,3,3,0,25,20,4,1,56,5,4,6,67,1,13,18,2,7,6,2,0,15,0,12,2,0,1,0,1,0
2019/2020,tshitale,makhado,vhembe,29.98902,-23.35999,22,0,31,1,2,0,20,14,0,1,32,5,6,8,1,2,13,14,0,3,7,5,0,12,0,5,1,0,5,0,0,0
2020/2021,tshitale,makhado,vhembe,29.98902,-23.35999,16,1,23,2,1,0,28,34,1,1,29,0,6,2,9,2,13,14,2,4,5,2,0,11,0,5,8,0,0,0,2,0
2021/2022,tshitale,makhado,vhembe,29.98902,-23.35999,14,2,31,2,0,0,20,44,1,1,44,0,6,3,10,0,13,16,3,7,12,2,0,18,0,7,14,0,6,0,1,0
2022/2023,tshitale,makhado,vhembe,29.98902,-23.35999,17,1,24,3,0,0,8,36,0,4,54,4,6,1,20,0,12,21,2,6,3,1,0,5,1,7,26,0,7,1,2,0
2023/2024,tshitale,vhembe district,vhembe district,29.98902,-23.35999,0,0,0,0,0,0,0,34,0,0,0,0,0,0,0,0,0,0,0,0,0,5,0,0,0,0,0,0,0,1,1,0
2024/2025,tshitale,vhembe district,vhembe district,29.98902,-23.35999,0,0,0,0,0,0,0,36,0,0,0,0,0,0,0,0,0,0,0,0,0,13,0,0,0,0,0,0,0,0,1,0
2008/2009,tsineng,joe morolong,john taolo gaetsewe,23.07619,-27.08513,26,0,84,1,4,0,11,8,0,0,13,1,7,0,4,0,1,16,1,14,7,2,0,11,1,20,0,0,22,2,0,0
2009/2010,tsineng,joe morolong,john taolo gaetsewe,23.07619,-27.08513,20,1,68,1,7,0,15,10,0,1,6,1,6,0,2,0,1,12,2,6,2,0,0,2,2,15,0,0,31,0,0,0
2010/2011,tsineng,joe morolong,john taolo gaetsewe,23.07619,-27.08513,13,0,75,0,4,0,9,6,0,1,11,2,6,0,3,0,1,8,3,9,1,0,0,1,2,15,0,0,24,0,1,0
2011/2012,tsineng,joe morolong,john taolo gaetsewe,23.07619,-27.08513,13,1,95,2,4,0,25,10,0,0,7,1,6,1,0,1,1,14,0,8,8,0,0,10,0,12,0,0,21,0,0,0
2012/2013,tsineng,joe morolong,john taolo gaetsewe,23.07619,-27.08513,22,0,89,5,1,0,27,9,0,1,15,3,7,1,0,0,1,15,0,20,10,0,0,12,0,22,0,0,28,1,3,0
2013/2014,tsineng,joe morolong,john taolo gaetsewe,23.07619,-27.08513,12,0,69,2,2,0,19,3,1,1,8,2,6,1,0,0,12,11,3,16,6,2,0,10,0,18,0,0,28,2,2,0
2014/2015,tsineng,joe morolong,john taolo gaetsewe,23.07619,-27.08513,28,1,70,1,1,0,22,10,0,1,3,0,6,0,0,0,13,13,2,24,6,1,0,7,0,25,0,0,17,6,5,0
2015/2016,tsineng,joe morolong,john taolo gaetsewe,23.07619,-27.08513,21,0,77,1,2,0,25,6,0,2,6,6,6,1,2,0,21,19,4,31,4,1,0,6,2,35,0,0,7,1,1,0
2016/2017,tsineng,joe morolong,john taolo gaetsewe,23.07619,-27.08513,23,1,67,0,2,0,28,8,2,1,0,5,6,0,0,0,12,7,3,20,11,0,0,16,1,23,0,0,9,1,0,0
2017/2018,tsineng,joe morolong,john taolo gaetsewe,23.07619,-27.08513,13,0,69,4,3,0,19,7,1,0,3,1,6,0,2,0,13,10,4,14,8,1,0,18,1,18,0,0,2,0,4,0
2018/2019,tsineng,joe morolong,john taolo gaetsewe,23.07619,-27.08513,30,0,64,3,3,0,13,5,1,0,4,5,6,0,2,0,13,23,2,15,8,3,0,12,0,18,0,0,20,1,1,0
2019/2020,tsineng,joe morolong,john taolo gaetsewe,23.07619,-27.08513,15,1,67,6,1,0,5,8,0,1,5,1,6,0,1,0,14,16,6,22,2,0,0,2,0,23,0,0,6,2,2,0
2020/2021,tsineng,joe morolong,john taolo gaetsewe,23.07619,-27.08513,10,2,66,0,2,0,9,5,0,2,11,3,6,0,2,0,12,19,6,7,1,0,0,4,1,10,0,0,13,0,0,0
2021/2022,tsineng,joe morolong,john taolo gaetsewe,23.07619,-27.08513,22,0,45,4,2,0,24,7,0,1,9,3,6,1,1,0,12,12,5,12,5,0,0,6,0,14,0,0,12,0,1,0
2022/2023,tsineng,joe morolong,john taolo gaetsewe,23.07619,-27.08513,18,1,53,16,1,0,14,9,1,3,16,4,6,0,5,0,21,10,4,18,2,0,0,6,0,19,0,0,12,0,1,0
2023/2024,tsineng,john taolo gaetsewe district,john taolo gaetsewe district,23.07619,-27.08513,0,0,0,0,0,0,0,9,0,0,0,0,0,0,0,0,0,0,0,0,0,1,0,0,0,0,0,0,0,0,2,0
2024/2025,tsineng,john taolo gaetsewe district,john taolo gaetsewe district,23.07619,-27.08513,0,0,0,0,0,0,0,9,0,0,0,0,0,0,0,0,0,0,0,0,0,0,0,0,0,0,0,0,0,0,0,0
2008/2009,tsolo,mhlontlo,o.r.tambo,28.75858,-31.31138,113,17,244,20,10,0,2,197,8,27,61,41,3,18,30,26,1,72,42,66,7,13,1,79,1,90,0,15,406,12,16,0
2009/2010,tsolo,mhlontlo,o.r.tambo,28.75858,-31.31138,91,6,245,16,5,0,38,162,7,34,70,17,11,29,76,28,1,33,44,63,23,26,1,102,0,76,0,18,304,9,18,2
2010/2011,tsolo,mhlontlo,o.r.tambo,28.75858,-31.31138,80,12,220,11,3,0,60,140,7,37,56,12,10,43,91,21,1,51,35,86,18,34,0,94,1,96,0,1,288,17,19,0
2011/2012,tsolo,mhlontlo,o.r.tambo,28.75858,-31.31138,79,11,232,11,6,0,74,115,5,23,53,17,5,23,121,16,1,50,45,76,22,22,0,91,2,87,0,3,216,17,19,1
2012/2013,tsolo,mhlontlo,o.r.tambo,28.75858,-31.31138,96,8,188,22,7,0,72,85,5,44,60,14,10,11,99,23,1,53,36,81,16,9,0,66,0,94,1,6,172,6,25,0
2013/2014,tsolo,mhlontlo,o.r.tambo,28.75858,-31.31138,84,12,150,14,11,0,101,89,4,17,31,8,12,13,134,23,23,40,44,81,27,24,0,86,3,102,0,3,130,9,26,1
2014/2015,tsolo,mhlontlo,o.r.tambo,28.75858,-31.31138,79,6,147,20,5,0,66,98,2,25,16,3,6,8,170,24,25,39,49,78,42,20,0,99,0,83,0,5,121,12,23,0
2015/2016,tsolo,mhlontlo,o.r.tambo,28.75858,-31.31138,95,6,131,16,4,0,48,91,8,29,26,8,5,2,201,11,22,52,44,93,15,32,0,77,2,102,0,7,120,8,18,0
2016/2017,tsolo,mhlontlo,o.r.tambo,28.75858,-31.31138,107,6,174,15,5,0,55,72,5,38,36,12,6,4,215,24,14,60,47,89,25,18,0,79,0,94,2,2,94,4,30,1
2017/2018,tsolo,mhlontlo,o.r.tambo,28.75858,-31.31138,104,14,173,30,6,0,70,85,5,38,40,18,5,0,233,26,24,58,45,110,39,12,1,86,4,123,1,5,128,10,23,0
2018/2019,tsolo,mhlontlo,o.r.tambo,28.75858,-31.31138,112,5,215,19,1,0,96,74,10,39,58,14,5,0,152,13,21,59,58,100,26,16,3,106,4,108,0,3,122,3,10,1
2019/2020,tsolo,mhlontlo,o.r.tambo,28.75858,-31.31138,117,15,246,40,6,0,54,165,7,44,87,17,7,0,183,11,2,94,54,91,39,12,2,126,7,105,0,6,187,6,18,4
2020/2021,tsolo,mhlontlo,o.r.tambo,28.75858,-31.31138,98,10,201,26,6,0,62,109,6,38,106,9,6,12,49,40,17,62,55,75,40,29,1,112,1,82,0,9,197,8,18,1
2021/2022,tsolo,mhlontlo,o.r.tambo,28.75858,-31.31138,138,12,212,35,10,0,61,127,11,43,118,14,6,47,23,23,2,110,80,88,32,16,1,97,1,99,0,9,241,4,23,0
2022/2023,tsolo,mhlontlo,o.r.tambo,28.75858,-31.31138,101,8,263,34,9,0,82,127,17,35,129,12,7,20,99,30,3,89,61,100,32,27,2,122,7,117,0,6,240,4,21,1
2023/2024,tsolo,or tambo district,or tambo district,28.75858,-31.31138,0,0,0,0,0,0,0,102,13,0,0,0,0,0,0,0,0,0,0,0,0,24,0,0,0,0,0,0,0,8,14,0
2024/2025,tsolo,or tambo district,or tambo district,28.75858,-31.31138,0,0,0,0,0,0,0,90,29,0,0,0,0,0,0,0,0,0,0,0,0,63,0,0,0,0,0,0,0,5,12,0
2008/2009,tsomo,intsika yethu,chris hani,27.81802,-32.03707,64,4,108,4,3,0,0,66,2,6,48,18,4,7,76,10,1,38,33,15,2,7,0,17,5,25,0,9,48,6,9,0
2009/2010,tsomo,intsika yethu,chris hani,27.81802,-32.03707,49,2,158,4,7,0,0,98,1,17,68,23,6,10,72,13,1,37,16,39,3,6,0,22,8,54,0,3,46,6,10,0
2010/2011,tsomo,intsika yethu,chris hani,27.81802,-32.03707,55,6,116,5,0,0,16,110,0,14,63,20,7,11,88,11,1,34,39,37,2,10,0,27,1,39,0,4,45,1,8,0
2011/2012,tsomo,intsika yethu,chris hani,27.81802,-32.03707,47,5,133,9,8,0,13,87,2,7,42,11,7,25,81,13,1,27,33,47,9,27,0,46,3,59,1,2,54,2,10,0
2012/2013,tsomo,intsika yethu,chris hani,27.81802,-32.03707,28,3,124,7,9,0,20,68,2,5,43,8,7,19,88,11,1,25,28,47,12,27,0,47,2,59,0,3,39,7,5,0
2013/2014,tsomo,intsika yethu,chris hani,27.81802,-32.03707,60,5,115,7,4,0,27,51,0,10,28,8,7,28,84,25,21,18,33,45,16,17,0,37,3,53,0,9,24,1,3,0
2014/2015,tsomo,intsika yethu,chris hani,27.81802,-32.03707,36,3,113,10,2,0,22,47,1,7,18,7,6,13,73,8,13,24,30,42,9,18,0,35,7,51,0,6,21,0,13,0
2015/2016,tsomo,intsika yethu,chris hani,27.81802,-32.03707,29,5,105,7,1,0,25,32,2,9,12,3,6,28,71,6,12,20,22,43,11,13,0,36,2,46,0,2,41,4,9,0
2016/2017,tsomo,intsika yethu,chris hani,27.81802,-32.03707,23,1,87,3,5,0,35,25,0,3,11,2,6,13,61,5,14,25,31,31,5,9,0,27,5,41,0,7,23,6,3,0
2017/2018,tsomo,intsika yethu,chris hani,27.81802,-32.03707,28,3,86,4,2,0,28,31,3,5,15,1,6,12,53,27,14,17,25,43,11,7,0,23,5,50,0,6,10,3,4,0
2018/2019,tsomo,intsika yethu,chris hani,27.81802,-32.03707,31,2,98,7,3,0,22,38,0,6,19,2,6,15,25,10,21,21,30,39,5,6,0,19,1,43,0,6,18,2,1,0
2019/2020,tsomo,intsika yethu,chris hani,27.81802,-32.03707,31,3,128,6,5,0,19,59,2,14,12,2,6,12,19,5,22,19,31,52,11,12,0,40,1,58,0,3,30,3,7,0
2020/2021,tsomo,intsika yethu,chris hani,27.81802,-32.03707,55,1,106,7,2,0,29,53,1,12,21,6,6,3,17,10,14,35,19,32,9,13,0,30,4,38,0,6,30,3,5,0
2021/2022,tsomo,intsika yethu,chris hani,27.81802,-32.03707,44,6,101,8,8,0,36,29,3,18,32,4,6,4,19,8,17,44,38,48,10,6,0,37,4,60,0,3,18,3,7,0
2022/2023,tsomo,intsika yethu,chris hani,27.81802,-32.03707,47,3,112,11,8,0,27,51,4,25,14,8,7,10,16,6,22,39,53,50,7,5,0,28,4,63,0,4,42,2,10,0
2023/2024,tsomo,chris hani district,chris hani district,27.81802,-32.03707,0,0,0,0,0,0,0,34,3,0,0,0,0,0,0,0,0,0,0,0,0,6,0,0,0,0,0,0,0,2,0,0
2024/2025,tsomo,chris hani district,chris hani district,27.81802,-32.03707,0,0,0,0,0,0,0,34,4,0,0,0,0,0,0,0,0,0,0,0,0,10,0,0,0,0,0,0,0,6,6,0
2008/2009,tubatse,fetakgomo tubatse,sekhukhune,30.32297,-24.58143,239,6,155,11,1,0,66,132,8,2,116,39,6,29,10,16,1,67,18,39,7,4,0,28,7,47,0,0,26,6,11,0
2009/2010,tubatse,fetakgomo tubatse,sekhukhune,30.32297,-24.58143,236,10,174,7,7,0,73,185,15,13,99,53,11,35,22,11,1,78,13,54,8,16,0,54,0,69,0,0,20,29,23,0
2010/2011,tubatse,fetakgomo tubatse,sekhukhune,30.32297,-24.58143,279,11,222,8,11,0,93,211,4,12,129,50,4,55,11,3,1,99,9,49,6,9,0,24,3,65,0,1,22,14,18,1
2011/2012,tubatse,fetakgomo tubatse,sekhukhune,30.32297,-24.58143,295,12,257,10,12,0,107,216,4,7,138,46,7,123,25,9,1,132,7,83,13,21,0,54,0,96,0,0,26,11,37,0
2012/2013,tubatse,fetakgomo tubatse,sekhukhune,30.32297,-24.58143,273,9,197,16,12,0,93,203,10,1,102,35,6,149,43,9,1,104,17,70,31,20,0,75,4,86,0,2,34,25,41,0
2013/2014,tubatse,fetakgomo tubatse,sekhukhune,30.32297,-24.58143,234,14,198,23,7,0,61,291,9,3,77,36,7,104,36,10,21,104,13,50,28,29,0,83,0,58,0,0,23,27,27,0
2014/2015,tubatse,fetakgomo tubatse,sekhukhune,30.32297,-24.58143,178,9,186,33,6,0,73,264,36,8,90,49,7,125,33,17,14,103,18,64,17,29,0,114,0,71,0,0,29,32,41,0
2015/2016,tubatse,fetakgomo tubatse,sekhukhune,30.32297,-24.58143,176,12,269,22,4,0,57,205,18,7,153,50,5,86,47,9,14,122,21,80,15,18,0,90,4,91,0,0,9,52,37,0
2016/2017,tubatse,fetakgomo tubatse,sekhukhune,30.32297,-24.58143,125,6,239,24,2,0,101,181,16,9,125,61,6,127,69,7,17,124,16,68,32,26,0,115,3,73,0,0,10,32,32,0
2017/2018,tubatse,fetakgomo tubatse,sekhukhune,30.32297,-24.58143,158,14,224,27,3,0,62,221,31,11,121,40,7,169,118,28,2,129,19,70,31,49,0,139,3,77,1,1,17,27,23,0
2018/2019,tubatse,fetakgomo tubatse,sekhukhune,30.32297,-24.58143,148,4,230,30,2,0,57,212,36,16,134,59,6,196,81,18,26,131,18,62,24,7,0,89,5,69,1,4,34,12,26,0
2019/2020,tubatse,fetakgomo tubatse,sekhukhune,30.32297,-24.58143,159,6,258,18,1,0,62,208,19,15,172,61,6,213,27,24,3,128,5,67,31,21,0,119,2,70,1,2,25,10,35,0
2020/2021,tubatse,fetakgomo tubatse,sekhukhune,30.32297,-24.58143,150,2,217,17,0,0,75,171,11,39,234,52,7,161,28,8,37,171,12,64,16,8,0,64,5,70,5,1,9,14,18,1
2021/2022,tubatse,fetakgomo tubatse,sekhukhune,30.32297,-24.58143,205,11,250,16,1,0,56,168,17,39,209,63,4,96,39,12,22,149,24,54,23,12,0,95,4,61,6,1,31,14,11,0
2022/2023,tubatse,fetakgomo tubatse,sekhukhune,30.32297,-24.58143,215,14,258,27,0,0,51,131,14,50,195,80,6,34,48,22,37,151,16,72,21,16,1,122,7,79,0,3,29,11,20,0
2023/2024,tubatse,sekhukhune district,sekhukhune district,30.32297,-24.58143,0,0,0,0,0,0,0,123,15,0,0,0,0,0,0,0,0,0,0,0,0,13,0,0,0,0,0,0,0,9,14,0
2024/2025,tubatse,sekhukhune district,sekhukhune district,30.32297,-24.58143,0,0,0,0,0,0,0,161,6,0,0,0,0,0,0,0,0,0,0,0,0,8,0,0,0,0,0,0,0,10,17,0
2008/2009,tuinplaas,modimolle-mookgophong,waterberg,28.73605,-24.90246,63,0,7,1,0,0,1,16,0,2,9,1,6,2,4,0,1,2,1,1,0,0,0,1,2,3,0,0,3,1,1,0
2009/2010,tuinplaas,modimolle-mookgophong,waterberg,28.73605,-24.90246,34,0,10,0,0,0,5,15,0,0,4,0,6,2,3,1,1,5,0,1,1,1,0,3,1,2,0,0,4,5,0,0
2010/2011,tuinplaas,modimolle-mookgophong,waterberg,28.73605,-24.90246,43,0,13,0,0,0,1,21,0,1,6,0,6,0,0,0,1,3,2,0,0,0,0,1,1,1,0,0,9,6,1,0
2011/2012,tuinplaas,modimolle-mookgophong,waterberg,28.73605,-24.90246,78,0,9,0,0,0,1,5,0,2,11,0,6,0,18,0,1,2,0,0,0,0,0,0,0,0,0,0,1,0,1,0
2012/2013,tuinplaas,modimolle-mookgophong,waterberg,28.73605,-24.90246,54,0,8,1,0,0,3,11,0,1,6,0,6,0,32,1,1,2,1,1,0,0,0,1,3,4,0,0,1,3,1,0
2013/2014,tuinplaas,modimolle-mookgophong,waterberg,28.73605,-24.90246,36,0,4,0,0,0,1,8,1,0,8,2,6,3,30,1,13,1,0,0,0,0,0,1,0,0,0,0,0,4,2,0
2014/2015,tuinplaas,modimolle-mookgophong,waterberg,28.73605,-24.90246,58,0,1,0,0,0,2,9,0,1,6,0,6,1,50,0,13,2,2,0,0,0,0,1,1,1,1,0,0,1,1,0
2015/2016,tuinplaas,modimolle-mookgophong,waterberg,28.73605,-24.90246,60,0,5,0,0,0,3,10,0,1,4,1,6,1,9,0,12,4,0,3,0,0,0,3,0,3,0,0,3,1,2,0
2016/2017,tuinplaas,modimolle-mookgophong,waterberg,28.73605,-24.90246,37,0,2,0,0,0,5,8,0,1,2,0,6,0,14,0,13,4,1,1,0,0,0,0,1,2,0,0,4,0,2,0
2017/2018,tuinplaas,modimolle-mookgophong,waterberg,28.73605,-24.90246,33,0,2,0,0,0,1,11,0,3,5,0,6,0,35,0,13,1,0,0,1,5,0,7,0,0,0,0,4,3,2,0
2018/2019,tuinplaas,modimolle-mookgophong,waterberg,28.73605,-24.90246,12,0,0,0,0,0,4,22,1,4,3,0,6,0,26,0,13,0,0,1,0,8,0,10,0,1,0,0,11,3,0,0
2019/2020,tuinplaas,modimolle-mookgophong,waterberg,28.73605,-24.90246,10,0,1,0,0,0,4,7,0,0,2,0,6,0,2,0,13,0,0,1,0,2,0,2,1,2,0,0,3,1,3,0
2020/2021,tuinplaas,modimolle-mookgophong,waterberg,28.73605,-24.90246,8,0,2,0,0,0,1,9,1,0,0,0,6,0,12,0,12,0,1,0,0,3,1,5,2,2,2,0,3,1,0,0
2021/2022,tuinplaas,modimolle-mookgophong,waterberg,28.73605,-24.90246,8,0,3,0,0,0,0,2,0,1,3,0,6,0,33,0,13,0,0,0,0,1,1,2,0,0,0,0,1,0,1,0
2022/2023,tuinplaas,modimolle-mookgophong,waterberg,28.73605,-24.90246,8,0,1,0,0,0,2,2,1,0,1,0,6,0,37,0,13,0,1,0,0,0,1,3,0,0,0,0,1,0,0,0
2023/2024,tuinplaas,waterberg district,waterberg district,28.73605,-24.90246,0,0,0,0,0,0,0,1,0,0,0,0,0,0,0,0,0,0,0,0,0,1,0,0,0,0,0,0,0,0,1,0
2024/2025,tuinplaas,waterberg district,waterberg district,28.73605,-24.90246,0,0,0,0,0,0,0,3,0,0,0,0,0,0,0,0,0,0,0,0,0,0,0,0,0,0,0,0,0,0,1,0
2008/2009,tulbagh,witzenberg,cape winelands,19.14052,-33.28503,88,2,82,0,0,0,41,85,1,8,78,1,7,29,291,5,1,38,6,29,0,0,0,1,17,47,0,8,7,2,17,0
2009/2010,tulbagh,witzenberg,cape winelands,19.14052,-33.28503,106,1,85,0,0,0,55,76,1,3,69,0,7,36,395,2,1,23,7,24,0,1,0,4,12,37,0,29,10,0,14,0
2010/2011,tulbagh,witzenberg,cape winelands,19.14052,-33.28503,105,0,71,5,0,0,46,93,0,4,77,3,6,14,460,1,1,26,4,41,1,1,0,2,10,51,0,35,2,6,16,0
2011/2012,tulbagh,witzenberg,cape winelands,19.14052,-33.28503,109,1,103,0,3,0,52,75,0,7,97,3,7,36,574,3,1,34,8,22,3,0,0,3,3,29,0,26,3,1,26,0
2012/2013,tulbagh,witzenberg,cape winelands,19.14052,-33.28503,109,2,123,0,3,0,60,135,0,8,100,12,6,28,678,2,1,59,3,32,4,0,0,5,9,44,0,25,8,2,33,0
2013/2014,tulbagh,witzenberg,cape winelands,19.14052,-33.28503,152,1,106,1,6,0,60,142,0,11,120,11,6,33,766,2,12,41,6,34,4,2,0,9,3,43,0,17,5,3,36,0
2014/2015,tulbagh,witzenberg,cape winelands,19.14052,-33.28503,196,2,86,2,3,0,62,120,1,10,136,10,4,44,868,2,13,49,6,20,2,0,0,4,6,31,0,11,4,4,44,0
2015/2016,tulbagh,witzenberg,cape winelands,19.14052,-33.28503,167,4,114,3,2,0,86,178,1,8,133,10,6,18,851,9,13,70,9,9,2,0,0,6,6,17,1,21,9,1,40,0
2016/2017,tulbagh,witzenberg,cape winelands,19.14052,-33.28503,181,5,90,3,3,0,77,153,0,5,88,17,6,19,919,3,13,50,6,20,4,0,0,10,4,27,0,23,9,10,36,0
2017/2018,tulbagh,witzenberg,cape winelands,19.14052,-33.28503,131,1,96,7,3,0,52,151,0,12,104,13,6,21,957,4,13,54,12,15,5,4,0,20,7,25,0,12,13,4,48,0
2018/2019,tulbagh,witzenberg,cape winelands,19.14052,-33.28503,121,4,146,2,4,0,46,168,0,6,112,12,6,10,556,4,13,59,5,12,4,5,0,14,4,20,0,17,21,5,52,0
2019/2020,tulbagh,witzenberg,cape winelands,19.14052,-33.28503,161,3,132,4,1,0,64,179,0,17,109,25,6,10,335,3,13,67,13,15,2,0,0,8,7,23,0,10,12,4,40,1
2020/2021,tulbagh,witzenberg,cape winelands,19.14052,-33.28503,159,0,103,3,4,0,50,169,0,11,109,19,6,6,195,4,13,45,6,15,7,4,0,26,3,22,0,7,4,3,47,0
2021/2022,tulbagh,witzenberg,cape winelands,19.14052,-33.28503,199,2,140,13,4,0,48,119,0,27,132,19,7,28,285,4,17,68,10,16,5,6,0,20,5,26,0,6,9,1,28,0
2022/2023,tulbagh,witzenberg,cape winelands,19.14052,-33.28503,214,2,189,8,3,0,54,126,0,28,135,8,6,10,251,7,12,101,13,8,8,2,0,28,4,15,0,8,5,2,31,0
2023/2024,tulbagh,cape winelands district,cape winelands district,19.14052,-33.28503,0,0,0,0,0,0,0,102,0,0,0,0,0,0,0,0,0,0,0,0,0,0,0,0,0,0,0,0,0,2,17,0
2024/2025,tulbagh,cape winelands district,cape winelands district,19.14052,-33.28503,0,0,0,0,0,0,0,125,0,0,0,0,0,0,0,0,0,0,0,0,0,0,0,0,0,0,0,0,0,1,41,0
2008/2009,tumahole,ngwathe,fezile dabi,27.48537,-26.92008,83,2,180,9,4,0,19,201,0,1,188,35,9,7,32,2,1,74,14,37,9,2,0,20,1,47,0,0,6,6,12,0
2009/2010,tumahole,ngwathe,fezile dabi,27.48537,-26.92008,58,3,174,11,3,0,14,156,0,2,153,24,4,15,34,2,1,57,14,39,6,2,0,19,4,48,0,1,1,13,6,0
2010/2011,tumahole,ngwathe,fezile dabi,27.48537,-26.92008,66,9,198,13,4,0,14,148,0,11,126,16,10,19,52,3,1,51,17,53,11,1,0,17,6,69,0,1,4,9,5,0
2011/2012,tumahole,ngwathe,fezile dabi,27.48537,-26.92008,53,12,170,9,6,0,24,132,0,1,143,22,9,10,31,4,1,58,6,36,20,2,0,33,5,52,0,0,6,2,4,0
2012/2013,tumahole,ngwathe,fezile dabi,27.48537,-26.92008,66,2,209,13,9,0,19,142,0,3,125,15,5,10,53,2,1,73,8,49,19,1,0,33,2,63,0,3,3,6,6,0
2013/2014,tumahole,ngwathe,fezile dabi,27.48537,-26.92008,79,3,176,12,3,0,24,123,0,3,154,8,8,9,80,5,12,63,6,46,6,1,0,20,5,58,0,5,1,12,17,0
2014/2015,tumahole,ngwathe,fezile dabi,27.48537,-26.92008,118,7,193,10,5,0,40,191,1,4,127,23,9,13,106,6,12,68,6,37,10,1,0,26,4,51,1,4,3,10,10,0
2015/2016,tumahole,ngwathe,fezile dabi,27.48537,-26.92008,127,3,196,4,1,0,43,214,0,7,182,17,7,18,134,8,21,89,16,45,16,2,0,26,4,51,0,7,1,14,11,0
2016/2017,tumahole,ngwathe,fezile dabi,27.48537,-26.92008,100,2,178,6,2,0,43,223,0,6,161,19,4,25,163,12,12,80,9,23,8,4,0,23,2,29,0,9,2,18,31,0
2017/2018,tumahole,ngwathe,fezile dabi,27.48537,-26.92008,147,2,210,9,2,0,45,178,0,5,177,15,7,5,170,4,12,69,10,32,21,4,0,37,2,37,0,5,5,15,20,0
2018/2019,tumahole,ngwathe,fezile dabi,27.48537,-26.92008,189,3,232,13,6,0,71,230,2,7,202,10,4,21,111,4,21,86,15,34,13,3,0,31,6,48,0,10,2,10,15,0
2019/2020,tumahole,ngwathe,fezile dabi,27.48537,-26.92008,213,2,184,9,6,0,59,208,4,8,178,11,7,15,31,1,24,96,4,37,14,0,0,34,4,48,0,21,4,2,18,0
2020/2021,tumahole,ngwathe,fezile dabi,27.48537,-26.92008,147,1,152,7,1,0,50,134,0,13,171,6,4,13,45,1,21,89,10,29,3,0,0,9,6,38,0,19,4,2,15,0
2021/2022,tumahole,ngwathe,fezile dabi,27.48537,-26.92008,139,5,186,6,1,0,28,153,0,7,177,2,6,15,50,2,14,73,8,27,16,0,0,25,5,33,0,1,2,7,17,0
2022/2023,tumahole,ngwathe,fezile dabi,27.48537,-26.92008,155,4,152,13,3,0,70,174,0,19,174,9,6,17,88,6,17,79,11,35,10,2,0,21,3,41,0,2,0,2,27,0
2023/2024,tumahole,fezile dabi district,fezile dabi district,27.48537,-26.92008,0,0,0,0,0,0,0,140,3,0,0,0,0,0,0,0,0,0,0,0,0,2,0,0,0,0,0,0,0,5,8,0
2024/2025,tumahole,fezile dabi district,fezile dabi district,27.48537,-26.92008,0,0,0,0,0,0,0,106,2,0,0,0,0,0,0,0,0,0,0,0,0,3,0,0,0,0,0,0,0,4,13,0
2008/2009,tweefontein,thembisile,nkangala,28.8087,-25.39223,279,6,274,13,3,0,96,211,4,5,100,69,11,22,53,10,1,82,11,52,2,3,0,73,2,65,0,0,41,11,19,0
2009/2010,tweefontein,thembisile,nkangala,28.8087,-25.39223,118,5,239,19,5,0,55,203,3,7,70,37,4,17,89,15,1,95,4,61,2,1,0,66,0,68,0,0,37,22,17,0
2010/2011,tweefontein,thembisile,nkangala,28.8087,-25.39223,469,2,230,13,5,0,70,203,2,2,89,35,4,28,82,5,1,94,12,66,7,1,0,49,0,73,0,2,47,6,21,2
2011/2012,tweefontein,thembisile,nkangala,28.8087,-25.39223,293,3,200,10,3,0,82,145,6,2,64,36,7,55,75,4,1,73,9,38,12,11,0,59,1,43,4,0,43,9,21,0
2012/2013,tweefontein,thembisile,nkangala,28.8087,-25.39223,153,0,145,7,2,0,89,141,1,12,38,25,6,24,110,12,1,55,8,29,17,4,0,40,2,33,0,1,24,8,20,0
2013/2014,tweefontein,thembisile,nkangala,28.8087,-25.39223,126,2,132,3,2,0,60,128,4,11,41,21,6,10,184,6,21,57,7,36,11,5,0,33,1,39,0,1,33,11,20,0
2014/2015,tweefontein,thembisile,nkangala,28.8087,-25.39223,111,1,141,2,1,0,73,162,5,16,26,17,6,2,283,13,21,52,9,35,13,4,0,32,2,38,0,5,18,27,24,0
2015/2016,tweefontein,thembisile,nkangala,28.8087,-25.39223,78,1,152,6,2,0,73,231,3,7,44,24,6,82,373,0,21,45,6,29,9,4,2,39,0,31,0,1,29,14,15,0
2016/2017,tweefontein,thembisile,nkangala,28.8087,-25.39223,90,0,159,16,0,0,70,167,16,11,31,17,6,60,350,15,13,47,16,31,30,5,2,68,1,32,0,1,21,6,10,0
2017/2018,tweefontein,thembisile,nkangala,28.8087,-25.39223,51,0,139,8,0,0,77,186,17,20,28,15,6,105,234,5,13,52,13,32,18,9,0,61,2,34,0,9,38,7,28,0
2018/2019,tweefontein,thembisile,nkangala,28.8087,-25.39223,68,3,171,10,2,0,57,181,9,28,41,23,6,7,177,4,22,59,19,29,19,11,0,57,2,33,0,4,50,10,23,1
2019/2020,tweefontein,thembisile,nkangala,28.8087,-25.39223,87,4,184,11,0,0,52,203,11,22,23,11,6,35,108,2,13,64,13,51,25,16,0,78,3,54,0,8,43,10,17,0
2020/2021,tweefontein,thembisile,nkangala,28.8087,-25.39223,84,0,146,15,0,0,74,115,15,35,26,13,6,2,39,3,12,44,10,31,21,14,0,84,7,38,0,3,37,20,23,0
2021/2022,tweefontein,thembisile,nkangala,28.8087,-25.39223,80,4,171,17,2,0,71,101,16,22,48,14,6,1,129,1,17,67,10,38,20,16,0,78,0,40,0,6,38,14,20,2
2022/2023,tweefontein,thembisile,nkangala,28.8087,-25.39223,83,2,138,15,1,0,59,148,8,21,46,23,6,1,45,0,22,55,11,34,14,21,0,73,2,37,0,4,54,7,26,0
2023/2024,tweefontein,nkangala district,nkangala district,28.8087,-25.39223,0,0,0,0,0,0,0,167,18,0,0,0,0,0,0,0,0,0,0,0,0,32,0,0,0,0,0,0,0,19,36,0
2024/2025,tweefontein,nkangala district,nkangala district,28.8087,-25.39223,0,0,0,0,0,0,0,153,17,0,0,0,0,0,0,0,0,0,0,0,0,28,0,0,0,0,0,0,0,10,24,0
2008/2009,tweeling,nketoana,thabo mofutsanyane,28.51549,-27.5544,26,0,15,2,0,0,10,23,0,2,29,0,6,2,7,0,1,9,0,4,0,1,0,1,3,7,0,0,24,2,1,0
2009/2010,tweeling,nketoana,thabo mofutsanyane,28.51549,-27.5544,20,0,16,1,1,0,15,21,0,2,27,0,6,4,3,0,1,4,0,3,0,1,0,1,0,4,0,0,38,0,0,0
2010/2011,tweeling,nketoana,thabo mofutsanyane,28.51549,-27.5544,21,0,7,1,0,0,19,35,0,4,27,0,6,3,8,0,1,5,1,9,0,1,0,1,2,11,0,0,35,1,7,0
2011/2012,tweeling,nketoana,thabo mofutsanyane,28.51549,-27.5544,26,3,17,0,1,0,14,32,0,0,28,1,6,3,13,2,1,9,2,3,0,0,0,0,1,5,0,1,51,0,3,0
2012/2013,tweeling,nketoana,thabo mofutsanyane,28.51549,-27.5544,27,0,12,0,1,0,13,40,0,1,25,2,6,3,27,0,1,8,1,6,4,1,0,5,4,11,0,1,41,1,5,0
2013/2014,tweeling,nketoana,thabo mofutsanyane,28.51549,-27.5544,32,0,26,0,0,0,6,45,0,0,24,0,4,11,19,2,13,8,0,9,2,2,0,4,0,11,0,0,60,0,5,0
2014/2015,tweeling,nketoana,thabo mofutsanyane,28.51549,-27.5544,12,0,18,3,0,0,6,37,0,3,36,1,6,17,20,0,13,11,1,10,3,1,0,4,2,12,0,0,46,3,5,0
2015/2016,tweeling,nketoana,thabo mofutsanyane,28.51549,-27.5544,26,0,18,1,0,0,19,50,0,2,39,1,6,20,23,1,13,23,0,8,1,0,0,2,7,15,0,0,56,2,4,0
2016/2017,tweeling,nketoana,thabo mofutsanyane,28.51549,-27.5544,17,0,33,1,2,0,19,37,0,3,41,1,6,13,27,1,12,16,1,5,1,3,0,6,3,10,0,2,66,5,0,0
2017/2018,tweeling,nketoana,thabo mofutsanyane,28.51549,-27.5544,16,0,31,1,0,0,21,18,1,5,37,1,7,29,52,0,12,11,3,13,1,0,0,2,0,14,0,0,59,0,2,0
2018/2019,tweeling,nketoana,thabo mofutsanyane,28.51549,-27.5544,19,1,24,4,1,0,16,19,1,5,41,1,6,56,52,0,12,11,1,4,1,2,0,4,0,5,0,0,63,0,3,0
2019/2020,tweeling,nketoana,thabo mofutsanyane,28.51549,-27.5544,17,1,23,0,1,0,11,44,0,4,27,2,4,50,9,0,12,11,1,2,2,2,0,5,0,5,0,1,23,4,4,0
2020/2021,tweeling,nketoana,thabo mofutsanyane,28.51549,-27.5544,24,2,20,1,1,0,14,41,0,5,50,3,6,27,6,1,13,14,2,14,3,1,0,5,3,18,0,0,41,1,2,0
2021/2022,tweeling,nketoana,thabo mofutsanyane,28.51549,-27.5544,31,1,18,1,0,0,18,33,0,5,59,2,6,20,14,1,12,19,2,6,2,0,0,4,0,6,0,0,14,1,3,0
2022/2023,tweeling,nketoana,thabo mofutsanyane,28.51549,-27.5544,24,0,21,1,2,0,11,34,0,5,46,0,6,13,14,3,12,13,1,4,3,0,0,7,1,7,0,1,11,0,5,0
2023/2024,tweeling,fezile dabi district,fezile dabi district,28.51549,-27.5544,0,0,0,0,0,0,0,38,0,0,0,0,0,0,0,0,0,0,0,0,0,0,0,0,0,0,0,0,0,0,2,0
2024/2025,tweeling,fezile dabi district,fezile dabi district,28.51549,-27.5544,0,0,0,0,0,0,0,27,0,0,0,0,0,0,0,0,0,0,0,0,0,1,0,0,0,0,0,0,0,4,4,0
2008/2009,tweespruit,mantsopa,thabo mofutsanyane,27.02513,-29.18634,25,0,33,0,0,0,16,23,1,3,49,4,7,4,16,1,1,14,0,8,2,0,0,5,3,12,0,2,15,1,3,0
2009/2010,tweespruit,mantsopa,thabo mofutsanyane,27.02513,-29.18634,29,0,34,0,3,0,8,24,0,1,31,3,6,4,16,1,1,10,0,4,0,0,0,0,0,7,0,2,21,1,3,0
2010/2011,tweespruit,mantsopa,thabo mofutsanyane,27.02513,-29.18634,19,0,31,0,0,0,8,19,0,3,27,4,4,1,7,0,1,8,2,8,2,2,0,6,1,11,0,0,11,1,3,0
2011/2012,tweespruit,mantsopa,thabo mofutsanyane,27.02513,-29.18634,26,0,46,1,0,0,7,22,0,3,36,2,6,3,7,0,1,13,3,6,1,0,0,2,2,8,0,1,18,2,1,0
2012/2013,tweespruit,mantsopa,thabo mofutsanyane,27.02513,-29.18634,26,0,33,2,1,0,7,22,0,5,41,1,4,3,10,3,1,16,3,12,2,1,0,3,1,16,0,0,24,2,2,0
2013/2014,tweespruit,mantsopa,thabo mofutsanyane,27.02513,-29.18634,27,0,12,1,0,0,5,11,1,2,26,3,7,3,21,0,13,7,1,7,1,1,0,3,3,11,0,0,14,2,1,0
2014/2015,tweespruit,mantsopa,thabo mofutsanyane,27.02513,-29.18634,12,1,17,1,2,0,10,12,0,2,12,2,6,3,45,2,13,5,1,1,2,0,0,2,3,6,0,0,14,2,3,0
2015/2016,tweespruit,mantsopa,thabo mofutsanyane,27.02513,-29.18634,24,2,17,0,1,0,14,22,0,0,30,0,6,9,37,1,13,5,1,1,0,0,0,2,2,4,0,0,13,0,0,0
2016/2017,tweespruit,mantsopa,thabo mofutsanyane,27.02513,-29.18634,18,0,19,1,0,0,21,17,0,3,20,1,6,2,88,2,13,4,1,5,1,1,0,4,1,6,0,0,17,1,2,0
2017/2018,tweespruit,mantsopa,thabo mofutsanyane,27.02513,-29.18634,13,0,16,2,1,0,15,17,1,2,24,0,6,3,75,1,12,3,3,7,3,1,0,6,0,8,0,0,20,3,2,0
2018/2019,tweespruit,mantsopa,thabo mofutsanyane,27.02513,-29.18634,21,0,20,0,2,0,13,22,0,4,13,0,6,6,36,1,13,6,1,5,2,0,0,2,1,8,1,0,21,0,4,0
2019/2020,tweespruit,mantsopa,thabo mofutsanyane,27.02513,-29.18634,18,0,34,0,2,0,16,24,0,2,24,1,6,8,11,0,12,11,2,10,2,1,0,3,0,12,0,0,18,0,2,0
2020/2021,tweespruit,mantsopa,thabo mofutsanyane,27.02513,-29.18634,17,0,22,1,0,0,19,21,0,8,29,0,6,4,12,1,13,7,1,4,1,0,0,2,0,4,0,0,27,1,6,0
2021/2022,tweespruit,mantsopa,thabo mofutsanyane,27.02513,-29.18634,31,0,24,2,1,0,20,14,0,8,34,2,6,2,14,0,13,9,1,10,1,0,0,3,1,12,0,1,29,1,2,0
2022/2023,tweespruit,mantsopa,thabo mofutsanyane,27.02513,-29.18634,42,0,23,2,0,0,13,24,2,6,44,1,6,4,19,1,21,6,0,9,0,0,0,2,3,12,0,0,18,0,3,0
2023/2024,tweespruit,thabo mofutsanyana district,thabo mofutsanyana district,27.02513,-29.18634,0,0,0,0,0,0,0,24,0,0,0,0,0,0,0,0,0,0,0,0,0,0,0,0,0,0,0,0,0,4,1,0
2024/2025,tweespruit,thabo mofutsanyana district,thabo mofutsanyana district,27.02513,-29.18634,0,0,0,0,0,0,0,16,0,0,0,0,0,0,0,0,0,0,0,0,0,1,0,0,0,0,0,0,0,1,1,0
2008/2009,tyefu,ngqushwa,amathole,26.90461,-33.12668,9,0,26,0,0,0,3,9,0,1,3,1,6,0,4,2,1,4,3,6,2,0,0,3,0,6,0,0,1,2,0,0
2009/2010,tyefu,ngqushwa,amathole,26.90461,-33.12668,11,0,48,0,2,0,1,5,0,0,6,0,6,0,7,2,1,5,1,9,1,0,0,1,1,12,0,0,10,0,1,0
2010/2011,tyefu,ngqushwa,amathole,26.90461,-33.12668,12,0,39,0,1,0,1,14,1,0,1,2,6,0,6,1,1,2,4,8,0,0,0,1,0,9,0,0,3,0,4,0
2011/2012,tyefu,ngqushwa,amathole,26.90461,-33.12668,7,0,29,0,2,0,1,13,0,0,3,1,7,1,3,0,1,5,2,11,4,1,0,6,0,14,0,0,4,0,2,0
2012/2013,tyefu,ngqushwa,amathole,26.90461,-33.12668,11,0,23,0,1,0,5,19,0,0,2,1,6,1,7,2,1,8,3,11,4,4,0,9,0,12,0,0,4,0,0,0
2013/2014,tyefu,ngqushwa,amathole,26.90461,-33.12668,14,0,45,1,0,0,13,19,0,0,8,0,6,0,3,2,13,11,0,13,3,0,0,6,0,13,0,0,6,0,2,0
2014/2015,tyefu,ngqushwa,amathole,26.90461,-33.12668,11,1,19,0,0,0,4,8,0,1,5,1,6,1,4,0,13,10,3,7,6,2,0,9,0,7,0,0,8,0,3,0
2015/2016,tyefu,ngqushwa,amathole,26.90461,-33.12668,12,2,34,1,1,0,6,20,0,0,3,0,6,0,5,1,13,9,5,6,2,2,0,6,0,7,0,0,5,1,0,0
2016/2017,tyefu,ngqushwa,amathole,26.90461,-33.12668,3,0,22,0,1,0,2,7,0,0,3,1,6,0,2,5,13,10,7,11,0,0,0,1,0,12,0,0,6,0,4,0
2017/2018,tyefu,ngqushwa,amathole,26.90461,-33.12668,8,0,27,1,0,0,6,5,0,1,3,0,6,0,5,0,13,8,3,8,0,1,0,1,1,9,0,0,3,1,1,0
2018/2019,tyefu,ngqushwa,amathole,26.90461,-33.12668,7,0,25,0,1,0,12,11,0,0,5,0,6,0,1,0,13,15,7,3,4,1,0,5,0,4,0,0,7,1,3,0
2019/2020,tyefu,ngqushwa,amathole,26.90461,-33.12668,9,0,25,0,0,0,13,16,0,0,3,0,6,2,3,0,13,7,1,4,3,1,0,6,1,5,0,0,6,1,3,0
2020/2021,tyefu,ngqushwa,amathole,26.90461,-33.12668,10,1,25,1,1,0,7,21,0,0,4,0,6,2,2,1,13,18,4,7,2,10,0,13,1,9,0,0,8,0,2,0
2021/2022,tyefu,ngqushwa,amathole,26.90461,-33.12668,8,0,32,1,1,0,9,15,0,0,9,0,6,0,4,4,12,11,2,5,1,3,0,5,0,6,0,0,14,0,0,0
2022/2023,tyefu,ngqushwa,amathole,26.90461,-33.12668,15,0,34,2,2,0,7,14,0,2,13,1,6,0,4,1,13,9,4,9,2,2,0,4,2,13,0,0,9,1,3,0
2023/2024,tyefu,amathole district,amathole district,26.90461,-33.12668,0,0,0,0,0,0,0,13,0,0,0,0,0,0,0,0,0,0,0,0,0,0,0,0,0,0,0,0,0,1,0,0
2024/2025,tyefu,amathole district,amathole district,26.90461,-33.12668,0,0,0,0,0,0,0,9,0,0,0,0,0,0,0,0,0,0,0,0,0,2,0,0,0,0,0,0,0,0,1,0
2008/2009,tylden,enoch mgijima,chris hani,27.0706,-32.11508,13,0,11,0,0,0,0,6,0,1,5,1,6,2,2,0,1,3,0,1,0,0,0,1,0,1,0,0,10,0,1,0
2009/2010,tylden,enoch mgijima,chris hani,27.0706,-32.11508,11,1,14,0,0,0,0,2,0,1,11,0,6,0,1,0,1,5,2,0,0,0,0,1,0,0,0,0,13,0,0,0
2010/2011,tylden,enoch mgijima,chris hani,27.0706,-32.11508,2,1,8,0,0,0,0,6,0,1,3,0,6,2,2,0,1,1,0,5,0,0,0,0,0,5,0,0,15,1,2,0
2011/2012,tylden,enoch mgijima,chris hani,27.0706,-32.11508,8,0,6,0,0,0,1,1,1,1,2,0,6,0,1,0,1,2,0,3,0,0,0,1,0,3,0,0,17,0,0,0
2012/2013,tylden,enoch mgijima,chris hani,27.0706,-32.11508,3,0,4,0,1,0,0,3,0,0,2,0,6,0,1,1,1,2,2,4,0,0,0,1,0,5,0,0,15,1,0,0
2013/2014,tylden,enoch mgijima,chris hani,27.0706,-32.11508,10,0,2,0,1,0,0,3,0,0,0,0,6,0,2,0,13,0,1,3,0,0,0,0,0,4,0,0,8,0,0,0
2014/2015,tylden,enoch mgijima,chris hani,27.0706,-32.11508,7,0,4,0,0,0,0,2,3,1,2,0,6,0,3,1,13,0,2,7,0,0,0,5,0,7,0,0,9,0,0,0
2015/2016,tylden,enoch mgijima,chris hani,27.0706,-32.11508,3,0,3,0,0,0,0,3,0,0,3,0,6,0,2,0,13,0,0,2,0,0,0,0,0,2,0,0,10,0,1,0
2016/2017,tylden,enoch mgijima,chris hani,27.0706,-32.11508,3,0,3,0,0,0,0,1,0,1,0,0,6,1,2,0,13,1,1,2,1,0,0,2,0,2,0,0,5,1,0,0
2017/2018,tylden,enoch mgijima,chris hani,27.0706,-32.11508,4,0,3,0,0,0,0,2,2,0,1,0,6,1,0,0,13,1,1,1,0,0,0,2,0,1,0,0,13,0,0,0
2018/2019,tylden,enoch mgijima,chris hani,27.0706,-32.11508,5,0,5,0,1,0,0,3,0,1,2,0,6,0,0,0,13,0,0,2,0,0,0,2,0,3,0,0,12,0,0,1
2019/2020,tylden,enoch mgijima,chris hani,27.0706,-32.11508,3,0,0,0,0,0,0,1,0,0,1,0,6,0,1,2,13,1,1,0,1,1,0,2,0,0,0,0,14,0,0,0
2020/2021,tylden,enoch mgijima,chris hani,27.0706,-32.11508,4,0,6,0,1,0,2,1,0,0,2,0,6,1,1,0,13,1,0,0,0,0,0,1,1,2,0,0,14,0,1,0
2021/2022,tylden,enoch mgijima,chris hani,27.0706,-32.11508,3,0,2,0,0,0,3,1,1,0,1,0,6,0,0,0,13,1,0,1,0,0,0,1,0,1,0,0,15,0,0,0
2022/2023,tylden,enoch mgijima,chris hani,27.0706,-32.11508,7,0,3,0,0,0,0,5,0,0,0,0,6,0,2,0,13,1,0,2,0,0,0,0,0,2,0,0,17,0,0,0
2023/2024,tylden,chris hani district,chris hani district,27.0706,-32.11508,0,0,0,0,0,0,0,10,0,0,0,0,0,0,0,0,0,0,0,0,0,0,0,0,0,0,0,0,0,1,1,0
2024/2025,tylden,chris hani district,chris hani district,27.0706,-32.11508,0,0,0,0,0,0,0,2,0,0,0,0,0,0,0,0,0,0,0,0,0,1,0,0,0,0,0,0,0,0,0,0
2008/2009,tzaneen,greater tzaneen,mopani,30.16194,-23.82788,508,7,269,3,3,0,86,267,4,211,248,45,12,70,129,9,1,103,12,52,8,11,0,46,9,71,0,460,3,15,184,0
2009/2010,tzaneen,greater tzaneen,mopani,30.16194,-23.82788,580,2,197,8,7,0,103,249,3,247,191,46,18,101,105,4,1,127,10,66,6,20,1,51,7,91,0,457,8,12,222,1
2010/2011,tzaneen,greater tzaneen,mopani,30.16194,-23.82788,657,9,176,7,1,0,119,299,2,196,148,42,7,78,71,14,1,100,18,69,11,26,0,73,8,79,0,347,11,7,192,0
2011/2012,tzaneen,greater tzaneen,mopani,30.16194,-23.82788,716,4,225,8,3,0,114,236,3,244,243,53,5,104,48,6,1,101,7,62,20,11,0,76,7,75,8,363,8,31,188,1
2012/2013,tzaneen,greater tzaneen,mopani,30.16194,-23.82788,672,16,266,7,4,0,114,254,6,396,224,49,4,124,83,3,1,126,12,86,8,17,0,80,5,97,455,353,15,30,203,0
2013/2014,tzaneen,greater tzaneen,mopani,30.16194,-23.82788,788,10,228,5,6,0,164,390,3,328,201,76,4,92,72,4,2,112,10,85,13,20,0,76,4,97,662,318,12,31,263,1
2014/2015,tzaneen,greater tzaneen,mopani,30.16194,-23.82788,754,10,275,15,1,0,188,326,8,220,198,76,4,78,74,6,23,160,16,75,19,19,0,124,6,84,826,343,12,20,251,0
2015/2016,tzaneen,greater tzaneen,mopani,30.16194,-23.82788,811,4,334,12,4,0,151,322,9,279,225,103,44,89,93,7,21,131,13,77,23,19,1,153,12,134,290,284,20,25,261,1
2016/2017,tzaneen,greater tzaneen,mopani,30.16194,-23.82788,891,5,295,12,2,0,199,356,7,295,272,110,6,45,122,8,21,139,17,76,29,19,0,136,3,81,5,325,13,24,204,0
2017/2018,tzaneen,greater tzaneen,mopani,30.16194,-23.82788,808,9,239,19,5,0,208,336,10,201,218,105,6,54,172,9,2,115,13,69,22,23,0,122,8,82,24,300,9,23,205,0
2018/2019,tzaneen,greater tzaneen,mopani,30.16194,-23.82788,699,14,269,12,3,0,98,329,8,262,239,120,7,59,125,6,23,112,17,95,14,20,1,134,5,104,40,261,12,28,190,0
2019/2020,tzaneen,greater tzaneen,mopani,30.16194,-23.82788,715,9,250,17,1,0,141,309,9,207,242,116,7,70,40,5,17,133,13,71,12,14,0,145,12,85,70,254,13,20,180,0
2020/2021,tzaneen,greater tzaneen,mopani,30.16194,-23.82788,540,5,175,12,5,0,124,318,3,189,162,57,7,65,111,5,14,98,8,79,16,20,0,155,8,93,104,174,9,16,132,0
2021/2022,tzaneen,greater tzaneen,mopani,30.16194,-23.82788,682,2,215,18,1,0,123,243,4,178,196,72,4,38,144,3,21,129,11,71,23,30,0,147,15,89,141,246,18,23,178,0
2022/2023,tzaneen,greater tzaneen,mopani,30.16194,-23.82788,693,4,178,17,1,0,194,301,6,236,199,65,7,40,209,6,23,125,10,80,20,30,0,176,6,88,167,259,11,26,108,0
2023/2024,tzaneen,mopani district,mopani district,30.16194,-23.82788,0,0,0,0,0,0,0,288,8,0,0,0,0,0,0,0,0,0,0,0,0,20,0,0,0,0,0,0,0,24,118,0
2024/2025,tzaneen,mopani district,mopani district,30.16194,-23.82788,0,0,0,0,0,0,0,181,4,0,0,0,0,0,0,0,0,0,0,0,0,37,0,0,0,0,0,0,0,11,91,0
2008/2009,ugie,elundini,joe gqabi,28.2349,-31.19953,40,2,37,1,1,0,19,35,2,5,18,8,7,10,30,1,1,11,11,13,6,3,0,17,0,15,0,3,26,9,4,0
2009/2010,ugie,elundini,joe gqabi,28.2349,-31.19953,49,0,62,4,0,0,18,51,1,7,23,11,8,12,24,3,1,23,21,14,7,7,0,18,0,18,0,6,40,19,9,0
2010/2011,ugie,elundini,joe gqabi,28.2349,-31.19953,39,1,67,5,0,0,11,47,0,4,27,8,7,14,25,14,1,24,23,20,4,10,0,16,1,22,0,9,27,11,5,0
2011/2012,ugie,elundini,joe gqabi,28.2349,-31.19953,33,0,59,2,0,0,21,50,1,4,21,5,5,10,38,0,1,24,10,22,8,4,0,13,0,25,0,6,24,13,2,0
2012/2013,ugie,elundini,joe gqabi,28.2349,-31.19953,60,4,61,4,0,0,31,36,2,1,13,4,7,36,26,3,1,16,22,24,5,8,0,17,1,26,0,5,37,5,3,0
2013/2014,ugie,elundini,joe gqabi,28.2349,-31.19953,41,1,58,0,0,0,11,41,2,3,17,7,9,19,28,6,13,26,25,48,11,5,1,22,0,53,1,6,35,10,5,0
2014/2015,ugie,elundini,joe gqabi,28.2349,-31.19953,34,3,52,3,0,0,20,32,2,10,15,3,6,6,15,9,12,21,16,29,27,5,0,40,2,31,1,12,29,16,10,0
2015/2016,ugie,elundini,joe gqabi,28.2349,-31.19953,32,4,72,5,0,0,32,54,0,9,21,8,7,14,20,10,12,54,23,28,12,7,1,30,4,33,0,18,30,6,10,0
2016/2017,ugie,elundini,joe gqabi,28.2349,-31.19953,36,2,67,2,0,0,19,30,2,7,10,5,7,7,23,12,13,24,21,30,5,2,0,12,5,36,0,7,25,5,10,0
2017/2018,ugie,elundini,joe gqabi,28.2349,-31.19953,34,3,68,5,0,0,24,45,1,7,20,5,6,2,19,2,13,30,20,37,8,9,0,27,2,39,0,3,14,3,6,0
2018/2019,ugie,elundini,joe gqabi,28.2349,-31.19953,43,1,96,4,0,0,26,52,0,11,19,10,6,6,20,1,21,33,32,42,21,13,0,43,2,44,0,5,26,4,13,0
2019/2020,ugie,elundini,joe gqabi,28.2349,-31.19953,46,6,66,6,1,0,19,31,1,7,25,6,7,3,23,2,13,40,22,28,10,2,0,27,3,33,0,2,29,4,10,0
2020/2021,ugie,elundini,joe gqabi,28.2349,-31.19953,54,1,87,5,1,0,15,25,2,16,14,3,6,2,24,4,13,42,16,20,10,5,0,26,3,24,0,1,43,6,5,0
2021/2022,ugie,elundini,joe gqabi,28.2349,-31.19953,52,1,80,8,4,0,36,32,2,20,18,2,7,2,19,1,13,42,21,36,8,5,0,25,4,45,0,2,22,3,7,1
2022/2023,ugie,elundini,joe gqabi,28.2349,-31.19953,52,0,70,2,2,1,29,37,2,11,33,2,6,5,29,0,12,32,20,34,9,3,0,21,6,42,0,3,14,4,4,0
2023/2024,ugie,joe gqabi district,joe gqabi district,28.2349,-31.19953,0,0,0,0,0,0,0,30,1,0,0,0,0,0,0,0,0,0,0,0,0,0,0,0,0,0,0,0,0,2,2,0
2024/2025,ugie,joe gqabi district,joe gqabi district,28.2349,-31.19953,0,0,0,0,0,0,0,20,4,0,0,0,0,0,0,0,0,0,0,0,0,5,0,0,0,0,0,0,0,5,4,0
2008/2009,uitenhage,,,,,627,2,96,5,3,0,179,211,11,114,205,98,43,541,179,11,1,149,7,30,18,4,0,116,13,111,0,317,30,132,203,1
2009/2010,uitenhage,,,,,624,5,113,12,2,0,166,255,3,164,230,74,16,490,157,11,1,133,10,36,29,15,0,117,7,55,0,335,36,119,326,1
2010/2011,uitenhage,,,,,601,0,106,7,2,0,149,243,7,250,213,78,18,168,130,6,1,160,5,36,17,5,0,124,10,59,0,289,29,103,277,0
2011/2012,uitenhage,,,,,565,1,65,8,5,0,156,312,4,275,202,94,8,243,167,3,1,130,3,24,16,11,0,116,8,41,2,197,23,108,229,1
2012/2013,uitenhage,,,,,562,2,71,15,3,0,159,275,2,178,185,63,5,258,209,3,1,160,12,29,14,7,0,118,11,46,0,212,14,113,227,0
2013/2014,uitenhage,,,,,698,2,82,11,5,0,203,246,14,158,182,62,7,292,218,8,14,176,11,32,26,8,0,162,10,48,24,239,33,99,218,3
2014/2015,uitenhage,,,,,657,3,77,5,1,0,220,231,12,134,163,75,6,302,229,4,22,171,9,35,21,6,0,156,9,45,122,285,29,123,244,1
2015/2016,uitenhage,,,,,617,1,69,10,6,0,174,265,13,181,140,84,7,386,332,9,17,171,6,46,18,22,1,157,8,61,187,200,16,76,271,0
2016/2017,uitenhage,,,,,667,1,62,13,0,0,124,235,13,135,141,64,4,444,446,9,17,156,6,33,27,17,0,163,5,40,254,212,29,92,233,6
2017/2018,uitenhage,,,,,483,1,55,10,1,0,106,218,8,113,124,66,5,220,390,5,21,120,9,32,25,2,2,151,9,45,184,173,21,62,202,7
2018/2019,uitenhage,,,,,533,2,50,19,2,0,126,221,11,143,136,54,5,61,147,4,21,129,8,28,27,14,1,136,9,42,0,166,21,66,196,3
2019/2020,uitenhage,,,,,576,3,63,21,2,0,135,205,11,223,117,62,6,110,185,12,14,127,15,23,33,15,0,140,3,28,1,216,35,114,184,2
2020/2021,uitenhage,,,,,562,3,47,14,1,0,150,200,10,232,71,37,6,114,242,10,16,140,5,18,23,12,0,106,11,30,0,160,18,46,164,8
2021/2022,uitenhage,,,,,703,0,49,15,0,0,94,174,6,241,125,37,6,126,307,13,17,196,12,17,47,11,3,144,10,27,0,142,23,64,189,2
2022/2023,uitenhage,,,,,664,1,36,18,0,0,150,163,16,340,101,40,6,128,396,9,21,184,28,12,28,20,0,151,5,17,0,173,26,49,136,5
2008/2009,ulundi,ulundi,zululand,31.42827,-28.2959,161,5,211,22,1,1,48,185,4,53,148,52,9,116,110,30,1,94,13,57,15,12,1,75,18,81,0,206,44,38,77,0
2009/2010,ulundi,ulundi,zululand,31.42827,-28.2959,185,4,189,13,1,0,53,181,4,73,140,33,8,77,63,18,1,54,22,47,8,12,1,53,17,69,0,94,54,19,55,1
2010/2011,ulundi,ulundi,zululand,31.42827,-28.2959,165,3,229,18,2,0,51,158,8,47,114,57,9,97,43,19,1,62,17,70,8,15,1,72,11,88,0,74,38,13,51,2
2011/2012,ulundi,ulundi,zululand,31.42827,-28.2959,172,4,206,20,3,0,49,143,2,48,139,44,5,29,89,27,1,63,15,51,7,24,0,55,14,71,0,120,39,25,53,1
2012/2013,ulundi,ulundi,zululand,31.42827,-28.2959,198,6,204,23,1,0,50,196,6,56,138,30,7,55,69,20,1,77,15,69,11,11,0,72,11,82,1,97,41,35,73,0
2013/2014,ulundi,ulundi,zululand,31.42827,-28.2959,189,2,252,29,1,0,70,259,1,66,135,41,8,70,60,43,23,87,19,63,16,9,1,72,17,85,2,175,35,16,86,0
2014/2015,ulundi,ulundi,zululand,31.42827,-28.2959,203,1,267,19,0,0,74,263,5,80,138,28,4,85,99,15,14,89,11,51,26,24,0,95,14,67,0,177,54,17,101,0
2015/2016,ulundi,ulundi,zululand,31.42827,-28.2959,230,5,270,18,2,0,68,253,2,100,146,32,6,158,97,28,21,119,21,44,23,17,0,85,7,53,1,153,41,12,96,0
2016/2017,ulundi,ulundi,zululand,31.42827,-28.2959,239,3,269,26,2,0,82,246,11,99,182,40,6,136,150,19,16,109,20,66,25,27,1,114,14,82,0,155,53,12,85,1
2017/2018,ulundi,ulundi,zululand,31.42827,-28.2959,255,6,333,26,0,1,59,211,10,106,185,26,7,120,194,51,17,103,22,40,22,15,2,85,9,50,0,162,47,11,65,0
2018/2019,ulundi,ulundi,zululand,31.42827,-28.2959,161,6,299,14,1,0,61,200,4,148,183,41,6,168,158,28,25,90,17,54,22,8,2,77,12,67,0,166,28,7,71,0
2019/2020,ulundi,ulundi,zululand,31.42827,-28.2959,149,0,244,9,0,0,57,168,2,98,189,27,4,350,190,27,17,91,19,50,23,20,0,65,12,64,0,168,30,14,58,0
2020/2021,ulundi,ulundi,zululand,31.42827,-28.2959,111,2,207,10,0,0,52,116,3,85,130,14,6,323,79,15,23,61,18,52,13,16,1,47,12,64,0,75,15,16,31,0
2021/2022,ulundi,ulundi,zululand,31.42827,-28.2959,141,4,256,30,0,0,48,127,4,132,166,25,6,242,48,37,22,67,27,62,20,11,0,67,17,79,0,103,15,14,42,0
2022/2023,ulundi,ulundi,zululand,31.42827,-28.2959,164,7,283,35,5,0,31,167,5,137,168,34,6,22,69,31,37,94,23,75,21,17,0,83,4,84,0,160,14,12,61,0
2023/2024,ulundi,zululand district,zululand district,31.42827,-28.2959,0,0,0,0,0,0,0,162,3,0,0,0,0,0,0,0,0,0,0,0,0,21,0,0,0,0,0,0,0,9,70,0
2024/2025,ulundi,zululand district,zululand district,31.42827,-28.2959,0,0,0,0,0,0,0,204,4,0,0,0,0,0,0,0,0,0,0,0,0,18,0,0,0,0,0,0,0,8,98,0
2008/2009,umbilo,ethekwini,ethekwini,30.99136,-29.87218,1120,1,95,34,0,0,406,622,125,285,387,158,40,97,107,12,1,317,22,40,58,31,3,569,9,151,0,104,0,689,396,4
2009/2010,umbilo,ethekwini,ethekwini,30.99136,-29.87218,1030,1,102,29,2,0,375,557,143,239,333,140,41,107,150,10,1,312,15,35,51,26,1,622,7,162,0,129,0,615,554,4
2010/2011,umbilo,ethekwini,ethekwini,30.99136,-29.87218,1165,1,117,22,0,0,369,646,70,259,371,107,42,111,359,12,1,358,12,37,47,20,0,412,11,120,0,104,0,546,627,5
2011/2012,umbilo,ethekwini,ethekwini,30.99136,-29.87218,1399,0,85,16,0,0,387,745,70,193,426,143,32,315,422,20,1,251,16,43,31,25,2,419,11,66,116,118,0,649,621,6
2012/2013,umbilo,ethekwini,ethekwini,30.99136,-29.87218,1223,4,93,25,0,0,383,772,100,259,366,150,9,301,337,23,1,210,14,38,40,27,0,401,20,63,163,124,0,680,932,3
2013/2014,umbilo,ethekwini,ethekwini,30.99136,-29.87218,1150,1,86,27,2,0,355,649,57,224,328,205,5,109,449,7,26,196,20,36,30,30,0,411,13,54,328,170,0,458,928,1
2014/2015,umbilo,ethekwini,ethekwini,30.99136,-29.87218,934,2,60,26,0,0,241,706,95,261,254,143,5,82,641,7,38,222,5,23,35,32,0,421,8,34,253,121,0,411,748,0
2015/2016,umbilo,ethekwini,ethekwini,30.99136,-29.87218,773,0,67,15,2,0,250,587,111,258,236,191,10,121,728,21,36,223,17,24,41,47,0,494,8,40,316,139,0,419,754,2
2016/2017,umbilo,ethekwini,ethekwini,30.99136,-29.87218,784,2,72,18,1,0,315,648,149,286,211,252,7,187,779,42,3,277,18,29,59,41,1,612,8,39,312,186,0,366,917,0
2017/2018,umbilo,ethekwini,ethekwini,30.99136,-29.87218,770,1,68,34,3,0,286,587,89,259,225,192,6,244,1014,25,36,114,13,31,102,46,0,604,8,42,354,184,0,497,972,2
2018/2019,umbilo,ethekwini,ethekwini,30.99136,-29.87218,872,0,68,31,0,0,373,780,103,286,241,244,6,220,860,13,38,120,21,33,83,45,0,652,9,42,386,155,0,540,947,5
2019/2020,umbilo,ethekwini,ethekwini,30.99136,-29.87218,809,5,71,40,1,0,302,485,156,321,213,198,6,398,738,27,53,105,27,36,81,54,0,685,22,59,433,130,0,478,869,1
2020/2021,umbilo,ethekwini,ethekwini,30.99136,-29.87218,612,1,46,27,1,0,373,543,51,220,165,142,7,46,265,27,37,91,12,15,67,43,0,447,10,27,460,108,0,284,558,2
2021/2022,umbilo,ethekwini,ethekwini,30.99136,-29.87218,634,1,82,28,0,0,310,461,74,243,192,192,6,32,277,16,60,155,28,44,75,33,1,625,12,56,467,66,0,343,625,3
2022/2023,umbilo,ethekwini,ethekwini,30.99136,-29.87218,683,4,88,38,5,0,189,361,135,338,224,249,4,35,323,28,61,165,36,40,79,27,1,776,9,56,526,118,0,394,690,2
2023/2024,umbilo,ethekwini district,ethekwini district,30.99136,-29.87218,0,0,0,0,0,0,0,315,95,0,0,0,0,0,0,0,0,0,0,0,0,44,0,0,0,0,0,0,0,345,574,0
2024/2025,umbilo,ethekwini district,ethekwini district,30.99136,-29.87218,0,0,0,0,0,0,0,206,56,0,0,0,0,0,0,0,0,0,0,0,0,46,0,0,0,0,0,0,0,235,396,0
2008/2009,umbumbulu,ethekwini,ethekwini,30.70896,-29.99128,92,3,128,18,1,0,43,71,10,80,51,11,8,13,14,6,1,45,8,31,2,22,0,63,5,41,0,0,22,1,10,0
2009/2010,umbumbulu,ethekwini,ethekwini,30.70896,-29.99128,79,2,131,10,3,0,28,61,7,60,57,26,5,11,34,12,1,41,13,36,1,9,0,37,3,45,0,0,14,6,3,1
2010/2011,umbumbulu,ethekwini,ethekwini,30.70896,-29.99128,185,1,113,13,4,0,30,62,5,7,75,15,9,10,37,25,1,38,18,38,4,16,0,44,5,52,0,0,23,6,20,0
2011/2012,umbumbulu,ethekwini,ethekwini,30.70896,-29.99128,201,1,128,9,5,0,31,65,0,10,49,20,8,8,38,16,1,26,11,32,1,13,0,30,10,51,0,0,43,3,7,1
2012/2013,umbumbulu,ethekwini,ethekwini,30.70896,-29.99128,197,2,128,21,3,0,37,90,3,8,56,14,6,27,60,12,1,58,15,32,2,13,0,29,3,38,0,0,52,2,5,0
2013/2014,umbumbulu,ethekwini,ethekwini,30.70896,-29.99128,127,3,159,16,4,0,40,104,1,11,61,33,6,62,139,21,21,44,16,39,1,13,0,25,3,46,0,0,27,8,21,0
2014/2015,umbumbulu,ethekwini,ethekwini,30.70896,-29.99128,69,1,100,16,2,0,42,110,2,9,25,20,6,89,190,9,14,36,17,40,4,26,0,42,0,42,0,0,31,3,10,0
2015/2016,umbumbulu,ethekwini,ethekwini,30.70896,-29.99128,172,1,86,13,1,0,28,147,3,2,35,22,6,125,226,22,12,34,23,22,5,18,0,37,5,28,0,0,53,5,7,0
2016/2017,umbumbulu,ethekwini,ethekwini,30.70896,-29.99128,133,4,106,21,0,0,51,157,10,5,24,10,7,123,237,21,21,48,23,27,8,15,0,44,1,29,0,0,45,5,9,1
2017/2018,umbumbulu,ethekwini,ethekwini,30.70896,-29.99128,114,1,106,20,1,0,38,143,7,6,17,15,6,201,279,36,14,46,48,26,12,37,0,71,3,30,0,0,48,6,7,0
2018/2019,umbumbulu,ethekwini,ethekwini,30.70896,-29.99128,95,4,81,31,3,0,52,105,11,7,24,20,6,109,109,22,14,38,33,33,11,38,0,93,2,38,0,0,31,5,11,0
2019/2020,umbumbulu,ethekwini,ethekwini,30.70896,-29.99128,80,1,86,29,2,0,75,116,11,7,22,12,4,58,0,19,21,42,28,26,5,39,0,81,1,31,0,0,30,8,7,0
2020/2021,umbumbulu,ethekwini,ethekwini,30.70896,-29.99128,56,1,50,22,0,0,39,138,11,9,29,16,6,0,6,20,14,34,33,25,4,38,0,66,2,27,0,0,18,9,3,0
2021/2022,umbumbulu,ethekwini,ethekwini,30.70896,-29.99128,64,2,58,39,2,0,39,107,23,8,40,4,6,13,0,9,16,20,41,25,11,30,0,84,5,32,0,0,24,4,8,0
2022/2023,umbumbulu,ethekwini,ethekwini,30.70896,-29.99128,70,4,69,16,3,0,43,114,16,15,53,16,6,18,6,15,25,46,34,38,8,26,0,72,6,47,0,0,32,8,3,0
2023/2024,umbumbulu,ethekwini district,ethekwini district,30.70896,-29.99128,0,0,0,0,0,0,0,84,27,0,0,0,0,0,0,0,0,0,0,0,0,23,0,0,0,0,0,0,0,7,2,0
2024/2025,umbumbulu,ethekwini district,ethekwini district,30.70896,-29.99128,0,0,0,0,0,0,0,110,27,0,0,0,0,0,0,0,0,0,0,0,0,33,0,0,0,0,0,0,0,4,5,0
2008/2009,umhlali,kwadukuza,ilembe,31.21969,-29.46864,330,6,154,32,1,0,132,444,37,61,154,43,4,96,127,23,1,88,48,99,18,56,1,201,5,107,0,43,1,129,98,0
2009/2010,umhlali,kwadukuza,ilembe,31.21969,-29.46864,379,2,177,32,5,0,149,403,22,93,182,36,11,61,178,42,1,112,37,76,21,48,1,195,11,100,0,71,5,143,92,1
2010/2011,umhlali,kwadukuza,ilembe,31.21969,-29.46864,403,5,234,27,1,0,76,434,10,109,200,33,5,52,224,37,1,106,36,83,15,43,0,129,14,101,0,58,5,125,108,0
2011/2012,umhlali,kwadukuza,ilembe,31.21969,-29.46864,453,4,245,26,4,0,68,374,5,133,193,41,5,135,276,38,1,101,25,58,6,23,0,83,16,81,2,63,1,59,111,0
2012/2013,umhlali,kwadukuza,ilembe,31.21969,-29.46864,457,3,265,38,6,0,92,512,7,73,214,62,4,128,426,33,1,96,25,81,21,41,0,130,9,98,1,60,1,53,138,0
2013/2014,umhlali,kwadukuza,ilembe,31.21969,-29.46864,478,7,245,22,2,0,114,451,6,130,217,58,7,245,503,39,37,114,24,76,16,53,0,150,18,97,3,125,0,64,100,0
2014/2015,umhlali,kwadukuza,ilembe,31.21969,-29.46864,452,5,250,29,3,0,84,470,6,125,172,51,6,127,563,21,17,83,31,51,18,38,0,117,3,57,0,94,0,69,126,0
2015/2016,umhlali,kwadukuza,ilembe,31.21969,-29.46864,350,3,238,38,4,0,106,321,4,114,211,46,7,170,499,27,23,89,40,50,16,34,0,108,4,59,0,94,7,61,96,0
2016/2017,umhlali,kwadukuza,ilembe,31.21969,-29.46864,324,6,206,34,3,0,82,281,5,127,146,18,6,58,624,17,14,92,39,54,14,24,0,93,8,65,0,96,1,68,86,0
2017/2018,umhlali,kwadukuza,ilembe,31.21969,-29.46864,277,4,192,32,1,0,78,249,2,122,153,19,7,49,797,16,25,73,34,78,13,19,0,77,12,92,0,88,2,61,84,0
2018/2019,umhlali,kwadukuza,ilembe,31.21969,-29.46864,362,3,200,34,3,0,82,238,5,156,136,29,7,18,315,17,25,86,47,51,20,23,0,98,12,67,1,102,0,49,111,1
2019/2020,umhlali,kwadukuza,ilembe,31.21969,-29.46864,378,5,253,31,1,0,125,322,3,195,162,23,7,45,121,21,2,85,57,83,15,34,0,119,13,98,1,79,2,65,103,1
2020/2021,umhlali,kwadukuza,ilembe,31.21969,-29.46864,242,2,197,29,1,0,62,204,9,196,70,12,6,2,101,13,2,77,42,56,25,33,0,122,8,65,1,82,1,60,39,0
2021/2022,umhlali,kwadukuza,ilembe,31.21969,-29.46864,315,13,220,43,5,0,93,223,11,242,137,21,7,7,86,19,28,105,87,60,25,56,0,170,16,82,2,61,3,69,30,2
2022/2023,umhlali,kwadukuza,ilembe,31.21969,-29.46864,312,6,217,32,3,0,68,233,13,291,153,22,7,11,109,22,24,85,73,60,20,46,0,178,15,79,0,66,3,45,40,0
2023/2024,umhlali,ilembe district,ilembe district,31.21969,-29.46864,0,0,0,0,0,0,0,262,14,0,0,0,0,0,0,0,0,0,0,0,0,57,0,0,0,0,0,0,0,37,55,0
2024/2025,umhlali,ilembe district,ilembe district,31.21969,-29.46864,0,0,0,0,0,0,0,224,7,0,0,0,0,0,0,0,0,0,0,0,0,53,0,0,0,0,0,0,0,41,52,0
2008/2009,umkomaas,ethekwini,ethekwini,30.79157,-30.20719,257,5,168,44,3,0,110,290,35,21,154,68,15,73,269,25,1,105,47,78,11,25,1,150,5,103,0,13,14,57,88,2
2009/2010,umkomaas,ethekwini,ethekwini,30.79157,-30.20719,323,11,201,36,10,0,109,439,29,36,171,89,37,77,297,47,1,108,40,72,13,24,1,163,5,105,0,14,20,46,82,1
2010/2011,umkomaas,ethekwini,ethekwini,30.79157,-30.20719,471,5,188,31,6,0,120,474,28,48,216,52,12,56,363,13,1,125,28,79,10,34,2,173,7,99,0,23,36,39,107,0
2011/2012,umkomaas,ethekwini,ethekwini,30.79157,-30.20719,420,6,160,43,8,0,138,474,26,36,196,42,8,70,381,24,1,141,37,91,26,66,0,221,8,111,1,23,34,33,115,1
2012/2013,umkomaas,ethekwini,ethekwini,30.79157,-30.20719,448,11,144,37,2,0,99,541,9,71,172,41,4,79,398,23,1,92,25,80,20,37,0,196,7,91,1,24,29,40,184,1
2013/2014,umkomaas,ethekwini,ethekwini,30.79157,-30.20719,467,6,150,57,3,0,98,586,11,66,140,40,7,40,425,26,17,127,27,56,30,32,1,210,8,68,1,6,31,43,134,0
2014/2015,umkomaas,ethekwini,ethekwini,30.79157,-30.20719,455,12,204,41,2,0,93,610,9,33,194,37,7,39,348,35,27,142,28,54,32,38,0,175,8,65,2,7,24,35,109,1
2015/2016,umkomaas,ethekwini,ethekwini,30.79157,-30.20719,349,3,159,48,6,0,111,486,10,35,217,40,5,30,302,36,24,125,31,52,31,48,0,190,4,65,5,19,16,30,123,0
2016/2017,umkomaas,ethekwini,ethekwini,30.79157,-30.20719,371,6,179,28,7,0,72,476,16,26,224,55,8,39,334,38,37,114,24,48,27,36,0,180,7,66,2,23,36,28,87,0
2017/2018,umkomaas,ethekwini,ethekwini,30.79157,-30.20719,470,9,151,49,4,0,93,460,13,46,227,35,6,41,410,48,27,115,30,65,14,41,0,134,6,75,1,37,54,34,83,0
2018/2019,umkomaas,ethekwini,ethekwini,30.79157,-30.20719,251,16,132,23,2,0,79,469,12,39,173,32,7,41,224,19,22,145,33,52,26,38,0,146,9,64,0,30,39,43,141,0
2019/2020,umkomaas,ethekwini,ethekwini,30.79157,-30.20719,282,6,134,31,3,0,68,474,14,48,173,46,7,33,174,30,36,118,27,73,26,67,0,179,6,83,0,17,13,41,118,1
2020/2021,umkomaas,ethekwini,ethekwini,30.79157,-30.20719,224,8,95,30,0,0,90,349,12,62,170,20,4,21,79,25,16,96,39,54,31,50,0,158,7,63,0,26,18,34,76,0
2021/2022,umkomaas,ethekwini,ethekwini,30.79157,-30.20719,343,14,157,48,1,0,93,307,14,104,191,27,6,21,44,13,43,168,45,63,19,43,0,139,10,74,0,12,43,41,69,1
2022/2023,umkomaas,ethekwini,ethekwini,30.79157,-30.20719,312,12,138,54,3,0,78,380,17,96,178,36,4,12,51,20,42,123,53,62,24,27,0,159,5,72,0,10,32,44,87,4
2023/2024,umkomaas,ethekwini district,ethekwini district,30.79157,-30.20719,0,0,0,0,0,0,0,348,26,0,0,0,0,0,0,0,0,0,0,0,0,56,0,0,0,0,0,0,0,25,88,0
2024/2025,umkomaas,ethekwini district,ethekwini district,30.79157,-30.20719,0,0,0,0,0,0,0,389,16,0,0,0,0,0,0,0,0,0,0,0,0,48,0,0,0,0,0,0,0,25,65,0
2008/2009,umlazi,ethekwini,ethekwini,30.92848,-29.96252,854,42,1171,352,13,0,159,868,270,198,1627,344,9,139,544,64,1,676,243,414,43,131,0,1379,43,475,0,27,5,121,110,11
2009/2010,umlazi,ethekwini,ethekwini,30.92848,-29.96252,921,58,1190,314,24,0,138,867,252,185,1579,294,12,125,491,98,1,640,175,410,40,82,2,1158,40,481,0,62,4,124,129,16
2010/2011,umlazi,ethekwini,ethekwini,30.92848,-29.96252,1165,56,1212,291,20,0,145,970,197,373,1593,262,5,158,968,105,1,593,139,356,43,87,1,916,37,416,0,138,3,125,203,1
2011/2012,umlazi,ethekwini,ethekwini,30.92848,-29.96252,1333,42,1301,257,13,0,187,972,87,313,1604,260,6,259,919,96,1,636,144,403,38,62,0,717,34,450,3,114,6,97,275,2
2012/2013,umlazi,ethekwini,ethekwini,30.92848,-29.96252,1093,44,1320,259,16,0,195,1175,92,400,1590,305,9,331,973,74,1,575,122,339,37,108,0,718,32,392,1,107,4,108,246,4
2013/2014,umlazi,ethekwini,ethekwini,30.92848,-29.96252,835,33,1246,202,5,0,134,981,85,243,746,238,7,363,1260,91,11,537,133,298,66,61,1,597,34,338,1,87,6,87,222,1
2014/2015,umlazi,ethekwini,ethekwini,30.92848,-29.96252,903,39,1269,245,7,0,187,950,85,195,720,211,6,397,1316,102,53,489,170,305,87,75,1,716,28,340,0,266,6,69,196,10
2015/2016,umlazi,ethekwini,ethekwini,30.92848,-29.96252,857,45,1265,227,9,0,176,947,124,179,651,200,6,372,1153,98,31,501,155,284,100,63,0,732,26,319,2,336,10,105,178,9
2016/2017,umlazi,ethekwini,ethekwini,30.92848,-29.96252,726,26,1037,198,9,0,128,840,153,218,851,232,4,520,1330,132,54,483,187,262,67,97,0,788,22,295,0,330,3,107,235,7
2017/2018,umlazi,ethekwini,ethekwini,30.92848,-29.96252,684,35,935,214,7,1,137,769,150,232,675,195,5,638,1724,129,55,433,223,252,80,133,0,781,28,290,1,335,3,126,221,6
2018/2019,umlazi,ethekwini,ethekwini,30.92848,-29.96252,631,26,911,188,10,0,81,656,147,282,695,165,5,447,1930,121,39,377,180,262,106,102,0,846,26,301,1,235,5,111,200,6
2019/2020,umlazi,ethekwini,ethekwini,30.92848,-29.96252,674,25,943,198,5,0,116,579,157,293,689,213,8,502,1164,92,56,401,212,293,100,163,0,934,33,335,0,182,4,128,151,7
2020/2021,umlazi,ethekwini,ethekwini,30.92848,-29.96252,553,13,739,254,5,0,138,457,189,292,685,146,4,152,401,53,57,345,201,203,59,180,0,788,28,238,0,109,5,85,114,3
2021/2022,umlazi,ethekwini,ethekwini,30.92848,-29.96252,442,23,601,399,14,0,153,334,194,229,561,144,7,137,696,99,58,319,349,232,78,189,2,910,29,276,0,46,6,75,88,3
2022/2023,umlazi,ethekwini,ethekwini,30.92848,-29.96252,444,19,582,370,15,0,75,307,209,330,545,144,7,34,479,129,59,320,297,235,71,204,0,815,21,272,0,39,9,77,123,3
2023/2024,umlazi,ethekwini district,ethekwini district,30.92848,-29.96252,0,0,0,0,0,0,0,374,232,0,0,0,0,0,0,0,0,0,0,0,0,121,0,0,0,0,0,0,0,64,116,0
2024/2025,umlazi,ethekwini district,ethekwini district,30.92848,-29.96252,0,0,0,0,0,0,0,392,207,0,0,0,0,0,0,0,0,0,0,0,0,244,0,0,0,0,0,0,0,66,118,0
2008/2009,umsunduzi,umshwathi,umgungundlovu,30.63848,-29.6644,18,3,51,15,1,0,13,61,1,8,35,9,10,2,15,13,1,24,19,16,1,4,0,15,7,30,0,0,11,6,4,0
2009/2010,umsunduzi,umshwathi,umgungundlovu,30.63848,-29.6644,30,1,97,30,1,0,27,45,7,2,59,6,7,3,18,8,1,27,13,29,3,7,0,32,11,42,0,1,9,6,4,0
2010/2011,umsunduzi,umshwathi,umgungundlovu,30.63848,-29.6644,41,0,87,10,0,0,19,40,3,2,52,7,9,3,19,16,1,30,12,16,4,1,0,21,5,26,0,0,12,2,4,1
2011/2012,umsunduzi,umshwathi,umgungundlovu,30.63848,-29.6644,36,3,74,11,0,0,19,41,1,1,65,6,9,4,38,15,1,32,15,13,6,5,0,23,12,30,1,1,15,4,5,0
2012/2013,umsunduzi,umshwathi,umgungundlovu,30.63848,-29.6644,25,3,70,8,1,0,27,40,1,1,57,9,5,7,48,28,1,28,14,22,5,5,0,19,11,37,0,0,10,5,5,0
2013/2014,umsunduzi,umshwathi,umgungundlovu,30.63848,-29.6644,39,4,69,12,0,0,20,64,3,0,53,6,5,15,25,23,12,25,13,17,3,6,0,20,4,24,0,1,12,5,7,0
2014/2015,umsunduzi,umshwathi,umgungundlovu,30.63848,-29.6644,33,3,64,15,2,0,34,50,2,0,58,3,8,6,15,15,13,20,18,9,5,6,0,21,5,20,0,0,11,6,10,0
2015/2016,umsunduzi,umshwathi,umgungundlovu,30.63848,-29.6644,48,0,75,13,0,0,37,71,0,3,54,10,4,13,39,22,12,29,16,16,7,2,0,17,2,20,0,0,9,5,8,0
2016/2017,umsunduzi,umshwathi,umgungundlovu,30.63848,-29.6644,23,0,55,24,0,0,31,49,5,0,39,6,6,14,44,33,21,21,24,14,3,4,0,21,2,16,0,0,13,14,12,0
2017/2018,umsunduzi,umshwathi,umgungundlovu,30.63848,-29.6644,30,0,48,12,0,0,27,57,5,2,48,7,4,21,45,21,12,27,30,24,2,6,0,25,5,31,0,0,13,11,8,1
2018/2019,umsunduzi,umshwathi,umgungundlovu,30.63848,-29.6644,25,1,68,24,0,0,11,56,2,9,50,3,6,57,21,6,13,25,29,20,2,4,0,21,5,25,0,0,24,7,8,1
2019/2020,umsunduzi,umshwathi,umgungundlovu,30.63848,-29.6644,23,0,42,38,0,0,40,43,5,6,34,7,6,61,10,16,21,16,34,24,11,6,0,27,2,26,0,0,19,3,2,0
2020/2021,umsunduzi,umshwathi,umgungundlovu,30.63848,-29.6644,25,0,58,24,0,0,27,46,3,5,41,5,7,5,4,19,12,17,34,15,8,11,0,35,6,22,0,0,9,4,6,1
2021/2022,umsunduzi,umshwathi,umgungundlovu,30.63848,-29.6644,29,2,42,23,0,0,28,30,6,5,43,2,6,5,5,17,23,38,27,16,6,12,0,34,2,18,0,0,1,3,7,0
2022/2023,umsunduzi,umshwathi,umgungundlovu,30.63848,-29.6644,23,1,49,20,0,0,29,28,1,10,33,4,6,3,11,9,12,28,23,19,2,11,0,17,0,19,0,0,9,3,2,0
2023/2024,umsunduzi,ethekwini district,ethekwini district,30.63848,-29.6644,0,0,0,0,0,0,0,38,1,0,0,0,0,0,0,0,0,0,0,0,0,3,0,0,0,0,0,0,0,6,1,0
2024/2025,umsunduzi,ethekwini district,ethekwini district,30.63848,-29.6644,0,0,0,0,0,0,0,32,3,0,0,0,0,0,0,0,0,0,0,0,0,13,0,0,0,0,0,0,0,2,4,0
2008/2009,umzimkhulu,umzimkhulu,harry gwala,29.93638,-30.26423,196,15,182,9,1,1,18,183,5,65,200,53,36,112,52,5,1,61,28,42,13,21,0,45,5,64,0,49,44,6,49,0
2009/2010,umzimkhulu,umzimkhulu,harry gwala,29.93638,-30.26423,198,13,167,10,5,0,24,144,8,68,170,53,8,127,146,24,1,53,21,35,10,14,2,46,8,52,0,59,71,14,48,0
2010/2011,umzimkhulu,umzimkhulu,harry gwala,29.93638,-30.26423,132,12,161,11,0,0,34,150,4,33,123,46,5,74,101,20,1,79,16,36,6,13,0,37,9,48,0,39,73,5,35,0
2011/2012,umzimkhulu,umzimkhulu,harry gwala,29.93638,-30.26423,116,5,159,12,3,0,31,153,3,34,139,34,4,30,104,18,1,49,15,51,10,8,1,46,12,68,0,31,71,7,21,0
2012/2013,umzimkhulu,umzimkhulu,harry gwala,29.93638,-30.26423,145,6,127,12,6,0,66,125,2,65,142,50,10,41,105,18,1,74,18,48,10,10,1,49,4,64,2,37,43,16,36,0
2013/2014,umzimkhulu,umzimkhulu,harry gwala,29.93638,-30.26423,181,4,137,10,3,0,71,153,0,80,140,44,7,61,113,18,17,57,18,43,13,6,0,83,9,56,0,30,44,4,37,0
2014/2015,umzimkhulu,umzimkhulu,harry gwala,29.93638,-30.26423,143,4,125,6,1,0,38,140,5,70,138,30,4,90,136,12,21,51,17,29,6,13,0,51,12,44,1,38,69,7,43,0
2015/2016,umzimkhulu,umzimkhulu,harry gwala,29.93638,-30.26423,128,1,147,7,2,0,39,159,1,52,147,21,4,158,146,19,17,53,20,50,9,15,0,55,13,67,0,60,51,5,29,0
2016/2017,umzimkhulu,umzimkhulu,harry gwala,29.93638,-30.26423,138,0,120,11,0,0,42,200,4,53,134,23,4,45,172,7,14,64,14,30,16,11,0,82,6,38,0,59,34,7,45,1
2017/2018,umzimkhulu,umzimkhulu,harry gwala,29.93638,-30.26423,133,6,130,9,0,0,55,150,4,46,124,18,4,30,161,14,22,49,26,42,14,17,1,58,9,53,0,91,44,6,32,0
2018/2019,umzimkhulu,umzimkhulu,harry gwala,29.93638,-30.26423,91,7,147,6,1,0,65,154,4,46,77,26,6,31,62,20,21,61,18,41,11,12,0,63,8,50,0,60,55,11,26,0
2019/2020,umzimkhulu,umzimkhulu,harry gwala,29.93638,-30.26423,101,3,144,12,3,0,60,140,1,53,100,30,6,30,16,7,28,47,24,44,15,25,0,66,7,54,0,57,74,7,19,0
2020/2021,umzimkhulu,umzimkhulu,harry gwala,29.93638,-30.26423,115,6,170,10,3,0,48,105,4,69,107,33,7,3,10,24,28,66,21,48,13,20,0,71,5,57,0,23,73,4,6,0
2021/2022,umzimkhulu,umzimkhulu,harry gwala,29.93638,-30.26423,95,4,167,13,3,0,49,123,8,53,115,33,4,7,34,16,27,63,33,67,7,13,0,68,11,83,0,32,40,5,37,0
2022/2023,umzimkhulu,umzimkhulu,harry gwala,29.93638,-30.26423,87,2,209,19,4,0,38,111,9,66,126,26,7,7,62,29,17,55,29,50,10,26,0,85,5,60,0,37,55,8,40,0
2023/2024,umzimkhulu,harry gwala district,harry gwala district,29.93638,-30.26423,0,0,0,0,0,0,0,106,2,0,0,0,0,0,0,0,0,0,0,0,0,14,0,0,0,0,0,0,0,3,47,0
2024/2025,umzimkhulu,harry gwala district,harry gwala district,29.93638,-30.26423,0,0,0,0,0,0,0,96,3,0,0,0,0,0,0,0,0,0,0,0,0,25,0,0,0,0,0,0,0,5,31,0
2008/2009,umzinto,umdoni,ugu,30.67228,-30.30925,210,14,217,28,3,0,103,197,4,82,296,20,32,72,418,22,1,85,31,59,17,23,0,111,5,79,0,30,2,9,81,3
2009/2010,umzinto,umdoni,ugu,30.67228,-30.30925,155,4,179,37,4,0,94,188,21,104,316,39,5,44,389,15,1,93,35,58,15,31,0,131,14,79,0,54,0,23,69,4
2010/2011,umzinto,umdoni,ugu,30.67228,-30.30925,182,5,185,14,0,0,104,262,7,90,239,28,5,33,318,17,1,74,23,36,17,32,0,120,5,44,0,44,0,12,54,0
2011/2012,umzinto,umdoni,ugu,30.67228,-30.30925,243,4,178,17,5,0,87,170,9,90,222,39,8,18,366,27,1,50,18,45,16,12,0,91,4,58,1,29,7,35,36,0
2012/2013,umzinto,umdoni,ugu,30.67228,-30.30925,255,2,146,22,5,0,48,206,6,92,239,28,9,15,394,27,1,83,23,53,9,18,0,79,6,69,0,52,1,8,29,0
2013/2014,umzinto,umdoni,ugu,30.67228,-30.30925,252,1,142,16,3,0,64,267,5,74,200,24,7,16,427,14,14,75,8,50,11,21,0,75,7,61,0,48,6,17,35,0
2014/2015,umzinto,umdoni,ugu,30.67228,-30.30925,250,1,142,14,2,0,88,261,3,57,200,39,7,16,464,21,12,57,14,51,11,18,0,75,6,60,2,65,6,22,49,0
2015/2016,umzinto,umdoni,ugu,30.67228,-30.30925,200,2,124,14,4,0,78,202,5,43,185,37,5,21,376,13,21,41,22,43,2,15,0,60,7,57,0,38,7,11,56,0
2016/2017,umzinto,umdoni,ugu,30.67228,-30.30925,149,1,123,17,2,0,56,156,2,34,173,16,7,22,385,16,21,37,20,39,16,16,0,57,4,46,3,36,10,24,34,1
2017/2018,umzinto,umdoni,ugu,30.67228,-30.30925,90,1,115,8,0,0,39,146,3,15,125,15,6,23,396,12,14,30,26,37,17,11,1,57,6,43,3,21,28,22,37,0
2018/2019,umzinto,umdoni,ugu,30.67228,-30.30925,159,0,87,6,3,0,66,160,4,33,115,13,6,37,266,11,14,32,21,44,10,15,1,48,5,52,4,28,21,7,46,0
2019/2020,umzinto,umdoni,ugu,30.67228,-30.30925,122,1,94,15,2,0,88,135,6,45,98,17,7,26,65,11,14,35,46,33,14,13,0,54,6,42,4,20,27,13,29,0
2020/2021,umzinto,umdoni,ugu,30.67228,-30.30925,113,2,78,26,0,0,82,107,8,48,92,6,6,10,41,16,12,36,33,49,21,20,0,77,5,54,4,6,11,5,18,1
2021/2022,umzinto,umdoni,ugu,30.67228,-30.30925,122,10,104,27,2,0,130,71,10,47,117,7,6,5,26,3,24,78,34,45,18,23,0,89,4,51,0,8,11,29,30,0
2022/2023,umzinto,umdoni,ugu,30.67228,-30.30925,139,2,102,21,0,0,51,116,12,52,114,11,6,5,145,19,16,57,27,64,37,24,0,97,8,72,2,4,13,28,28,0
2023/2024,umzinto,ugu district,ugu district,30.67228,-30.30925,0,0,0,0,0,0,0,112,7,0,0,0,0,0,0,0,0,0,0,0,0,37,0,0,0,0,0,0,0,24,34,0
2024/2025,umzinto,ugu district,ugu district,30.67228,-30.30925,0,0,0,0,0,0,0,104,8,0,0,0,0,0,0,0,0,0,0,0,0,9,0,0,0,0,0,0,0,6,25,0
2008/2009,uniondale,george,garden route,23.12582,-33.6573,95,1,141,1,4,0,29,75,0,6,188,7,5,19,137,0,1,54,6,10,0,0,0,1,5,22,0,9,32,3,11,0
2009/2010,uniondale,george,garden route,23.12582,-33.6573,75,2,140,2,1,0,20,55,0,1,173,6,7,14,139,1,1,43,9,13,0,1,0,1,2,17,0,3,28,1,14,0
2010/2011,uniondale,george,garden route,23.12582,-33.6573,79,1,115,7,0,0,15,76,0,0,174,5,5,20,161,0,1,50,4,12,1,0,0,4,5,20,0,0,23,2,10,0
2011/2012,uniondale,george,garden route,23.12582,-33.6573,74,0,134,2,3,0,37,56,0,1,155,3,5,18,219,2,1,47,3,15,2,0,0,2,8,29,0,2,26,2,14,0
2012/2013,uniondale,george,garden route,23.12582,-33.6573,79,1,103,6,0,0,44,65,0,3,159,6,7,21,271,1,1,50,7,14,2,0,0,4,5,20,0,0,32,3,26,0
2013/2014,uniondale,george,garden route,23.12582,-33.6573,59,0,113,6,1,0,24,59,1,1,111,6,4,20,276,3,13,44,7,19,0,0,0,2,3,25,0,3,12,3,17,1
2014/2015,uniondale,george,garden route,23.12582,-33.6573,42,5,100,5,2,0,23,46,0,4,123,7,6,9,189,0,13,39,3,16,1,0,0,1,2,20,0,0,11,2,34,0
2015/2016,uniondale,george,garden route,23.12582,-33.6573,48,2,92,4,0,0,17,63,0,3,121,9,6,11,129,0,13,53,13,16,0,0,0,2,4,20,0,5,11,3,18,0
2016/2017,uniondale,george,garden route,23.12582,-33.6573,55,3,91,3,4,0,22,73,0,5,118,8,7,11,207,2,13,51,3,10,0,2,0,2,3,18,0,1,8,0,8,0
2017/2018,uniondale,george,garden route,23.12582,-33.6573,51,3,74,6,4,0,14,62,0,8,83,6,7,13,277,5,13,44,3,11,0,1,0,3,2,18,0,4,11,1,21,0
2018/2019,uniondale,george,garden route,23.12582,-33.6573,65,0,82,2,0,0,10,71,0,4,79,8,6,8,186,2,13,31,4,11,0,1,0,1,2,13,0,10,22,5,21,0
2019/2020,uniondale,george,garden route,23.12582,-33.6573,65,2,86,3,2,0,11,65,0,7,66,8,7,10,98,2,12,42,6,9,0,1,0,1,2,14,0,2,15,2,21,0
2020/2021,uniondale,george,garden route,23.12582,-33.6573,85,1,59,5,1,0,15,52,0,4,86,11,6,12,94,0,21,55,4,11,0,0,0,1,3,15,0,0,20,2,18,0
2021/2022,uniondale,george,garden route,23.12582,-33.6573,77,2,64,2,5,0,25,67,0,6,81,9,6,13,121,2,13,60,0,14,0,0,0,0,2,21,0,0,9,0,18,0
2022/2023,uniondale,george,garden route,23.12582,-33.6573,76,3,71,3,2,0,16,56,1,14,81,5,6,5,132,1,13,64,5,4,0,0,0,1,2,8,0,1,22,0,21,0
2023/2024,uniondale,garden route district,garden route district,23.12582,-33.6573,0,0,0,0,0,0,0,56,0,0,0,0,0,0,0,0,0,0,0,0,0,2,0,0,0,0,0,0,0,0,16,0
2024/2025,uniondale,garden route district,garden route district,23.12582,-33.6573,0,0,0,0,0,0,0,59,0,0,0,0,0,0,0,0,0,0,0,0,0,0,0,0,0,0,0,0,0,0,14,0
2008/2009,upington,dawid kruiper,z f mgcawu,21.25989,-28.45019,626,7,557,21,5,0,195,296,0,142,336,69,4,118,54,6,1,197,15,52,0,2,1,26,19,78,0,556,94,18,214,0
2009/2010,upington,dawid kruiper,z f mgcawu,21.25989,-28.45019,608,6,523,39,1,0,226,330,1,99,314,105,5,130,62,3,1,202,23,41,2,2,0,22,27,72,0,561,83,17,225,0
2010/2011,upington,dawid kruiper,z f mgcawu,21.25989,-28.45019,434,10,415,31,1,0,118,249,0,118,266,49,8,101,95,2,1,175,17,43,0,3,0,23,13,61,0,425,67,9,188,0
2011/2012,upington,dawid kruiper,z f mgcawu,21.25989,-28.45019,425,12,360,26,2,0,131,192,0,138,257,53,4,41,85,2,1,177,18,39,4,1,0,28,10,53,0,417,52,13,199,0
2012/2013,upington,dawid kruiper,z f mgcawu,21.25989,-28.45019,461,2,362,26,2,0,144,228,0,122,224,45,7,54,105,6,1,159,15,39,4,6,0,24,10,52,1,329,51,15,208,0
2013/2014,upington,dawid kruiper,z f mgcawu,21.25989,-28.45019,412,13,311,24,1,0,122,258,1,151,194,56,4,29,115,8,13,128,12,33,1,4,1,26,11,47,0,238,37,12,153,0
2014/2015,upington,dawid kruiper,z f mgcawu,21.25989,-28.45019,412,8,299,24,1,0,129,283,2,145,187,48,4,31,188,6,21,163,12,27,1,2,0,30,11,41,0,343,42,8,171,0
2015/2016,upington,dawid kruiper,z f mgcawu,21.25989,-28.45019,423,4,325,13,0,0,151,248,1,131,218,47,4,35,267,3,13,121,15,29,3,1,0,28,12,43,0,235,33,10,155,0
2016/2017,upington,dawid kruiper,z f mgcawu,21.25989,-28.45019,382,8,284,19,0,0,98,208,1,139,201,24,7,40,391,4,21,112,15,26,8,4,0,40,11,38,0,283,49,10,89,0
2017/2018,upington,dawid kruiper,z f mgcawu,21.25989,-28.45019,320,6,292,21,0,0,119,210,1,147,198,21,7,23,394,1,13,91,6,33,5,1,0,26,14,48,0,299,64,7,94,0
2018/2019,upington,dawid kruiper,z f mgcawu,21.25989,-28.45019,417,7,269,23,2,0,130,192,0,113,160,26,7,39,423,4,12,128,8,32,3,3,0,29,13,48,1,240,54,11,96,0
2019/2020,upington,dawid kruiper,z f mgcawu,21.25989,-28.45019,417,8,250,13,1,0,136,189,0,98,188,23,4,49,334,1,23,117,8,33,8,3,0,30,10,46,0,256,40,10,167,0
2020/2021,upington,dawid kruiper,z f mgcawu,21.25989,-28.45019,356,8,189,12,1,0,129,207,0,90,196,27,4,14,207,6,21,132,10,29,6,3,0,22,9,41,0,336,35,6,144,0
2021/2022,upington,dawid kruiper,z f mgcawu,21.25989,-28.45019,366,14,248,26,0,0,124,234,0,133,260,26,6,34,188,13,14,116,5,18,6,5,1,30,13,31,0,230,28,3,146,0
2022/2023,upington,dawid kruiper,z f mgcawu,21.25989,-28.45019,502,9,236,54,5,0,205,250,0,137,315,25,5,34,189,8,22,160,6,25,3,6,0,39,10,43,0,246,36,7,108,0
2023/2024,upington,zf mgcawu district,zf mgcawu district,21.25989,-28.45019,0,0,0,0,0,0,0,265,0,0,0,0,0,0,0,0,0,0,0,0,0,10,0,0,0,0,0,0,0,7,116,0
2024/2025,upington,zf mgcawu district,zf mgcawu district,21.25989,-28.45019,0,0,0,0,0,0,0,245,1,0,0,0,0,0,0,0,0,0,0,0,0,4,0,0,0,0,0,0,0,3,147,0
2008/2009,upper tugela,okhahlamba,uthukela,29.15404,-28.81018,18,8,68,9,2,0,2,43,0,0,15,2,17,1,16,16,1,5,6,7,1,2,0,5,0,18,0,0,96,1,1,0
2009/2010,upper tugela,okhahlamba,uthukela,29.15404,-28.81018,22,7,53,5,2,0,2,30,0,2,29,6,8,3,17,5,1,5,12,8,0,3,0,5,0,14,0,0,89,2,2,0
2010/2011,upper tugela,okhahlamba,uthukela,29.15404,-28.81018,21,4,45,7,1,0,9,44,0,1,27,2,10,0,79,20,1,18,5,16,1,1,0,3,0,23,0,0,88,5,2,0
2011/2012,upper tugela,okhahlamba,uthukela,29.15404,-28.81018,27,8,47,5,0,0,2,41,1,1,19,2,8,2,43,3,1,11,7,17,0,0,0,4,2,23,0,0,123,7,3,0
2012/2013,upper tugela,okhahlamba,uthukela,29.15404,-28.81018,11,4,55,3,2,0,6,43,0,1,21,2,5,4,56,23,1,11,6,18,0,2,0,9,0,23,0,0,84,0,2,0
2013/2014,upper tugela,okhahlamba,uthukela,29.15404,-28.81018,24,5,47,2,1,0,8,36,0,0,26,0,9,0,45,28,12,18,5,13,3,0,0,6,1,20,0,0,75,1,1,0
2014/2015,upper tugela,okhahlamba,uthukela,29.15404,-28.81018,23,0,55,3,1,0,4,26,0,3,24,5,7,4,33,16,12,14,5,13,6,2,0,12,4,19,0,0,86,0,4,0
2015/2016,upper tugela,okhahlamba,uthukela,29.15404,-28.81018,17,2,59,3,0,0,5,47,0,1,26,3,8,0,25,22,21,13,11,17,2,1,0,6,0,21,0,0,90,0,1,0
2016/2017,upper tugela,okhahlamba,uthukela,29.15404,-28.81018,24,0,32,9,0,0,3,26,3,2,21,1,4,1,31,23,13,12,8,10,3,2,0,8,0,12,0,0,90,2,3,0
2017/2018,upper tugela,okhahlamba,uthukela,29.15404,-28.81018,9,4,43,4,0,0,2,26,0,4,14,0,4,3,54,17,12,5,10,15,2,4,0,6,0,17,0,0,129,2,0,0
2018/2019,upper tugela,okhahlamba,uthukela,29.15404,-28.81018,16,0,57,3,0,0,1,30,0,3,15,3,5,2,37,25,13,6,4,17,5,2,0,9,5,25,0,0,170,4,3,0
2019/2020,upper tugela,okhahlamba,uthukela,29.15404,-28.81018,21,5,70,4,1,0,5,23,0,3,15,3,4,1,3,4,12,11,6,17,4,1,0,8,3,23,0,0,135,1,1,0
2020/2021,upper tugela,okhahlamba,uthukela,29.15404,-28.81018,21,6,55,11,4,0,3,29,3,8,21,4,5,5,1,16,2,15,5,17,5,3,0,15,2,26,0,0,113,1,1,0
2021/2022,upper tugela,okhahlamba,uthukela,29.15404,-28.81018,16,2,93,7,1,0,7,16,0,5,14,9,7,0,0,8,12,9,6,19,3,2,0,6,2,23,0,0,124,0,1,0
2022/2023,upper tugela,okhahlamba,uthukela,29.15404,-28.81018,32,4,57,9,1,0,7,20,1,3,17,5,9,0,0,7,21,15,9,18,2,5,0,14,4,28,0,0,83,0,1,0
2023/2024,upper tugela,uthukela district,uthukela district,29.15404,-28.81018,0,0,0,0,0,0,0,20,0,0,0,0,0,0,0,0,0,0,0,0,0,1,0,0,0,0,0,0,0,1,3,0
2024/2025,upper tugela,uthukela district,uthukela district,29.15404,-28.81018,0,0,0,0,0,0,0,24,0,0,0,0,0,0,0,0,0,0,0,0,0,3,0,0,0,0,0,0,0,1,2,0
2008/2009,utrecht,emadlangeni,amajuba,30.31941,-27.65619,178,3,82,0,1,0,33,36,0,8,70,7,7,30,118,4,1,22,4,12,0,0,0,3,10,24,0,6,156,3,4,0
2009/2010,utrecht,emadlangeni,amajuba,30.31941,-27.65619,156,2,79,2,1,0,26,42,2,12,106,7,6,43,91,3,1,43,3,14,3,0,0,10,3,18,0,1,163,9,15,1
2010/2011,utrecht,emadlangeni,amajuba,30.31941,-27.65619,165,3,69,1,1,0,29,37,1,20,84,11,6,35,75,6,1,35,1,8,0,1,0,4,1,10,0,3,162,3,14,0
2011/2012,utrecht,emadlangeni,amajuba,30.31941,-27.65619,183,2,95,2,0,0,34,69,0,12,87,6,6,16,46,2,1,29,7,14,0,3,0,8,3,17,0,2,183,3,19,0
2012/2013,utrecht,emadlangeni,amajuba,30.31941,-27.65619,107,3,62,1,0,0,33,53,0,20,91,11,6,42,23,2,1,36,7,13,2,2,0,9,6,19,0,9,167,4,15,0
2013/2014,utrecht,emadlangeni,amajuba,30.31941,-27.65619,111,3,89,3,0,0,24,44,3,18,66,9,7,33,21,1,13,28,5,11,3,2,0,14,5,17,0,5,119,5,20,0
2014/2015,utrecht,emadlangeni,amajuba,30.31941,-27.65619,143,0,87,3,0,0,35,49,0,23,81,13,7,22,23,4,12,34,0,12,3,3,0,9,1,14,0,6,150,2,17,0
2015/2016,utrecht,emadlangeni,amajuba,30.31941,-27.65619,136,3,84,3,0,0,42,64,1,11,94,9,6,22,22,2,13,45,2,12,3,0,0,12,3,15,1,8,162,5,19,0
2016/2017,utrecht,emadlangeni,amajuba,30.31941,-27.65619,123,3,60,1,1,0,66,57,1,24,68,11,6,33,31,0,12,32,9,6,1,4,0,10,2,9,0,4,141,1,23,0
2017/2018,utrecht,emadlangeni,amajuba,30.31941,-27.65619,138,0,56,3,0,0,40,48,3,18,91,14,7,36,21,3,14,29,3,18,2,1,0,18,1,20,0,5,174,2,19,0
2018/2019,utrecht,emadlangeni,amajuba,30.31941,-27.65619,121,0,45,12,0,0,39,40,4,17,82,10,6,37,31,3,21,26,7,9,1,1,0,15,3,12,0,6,175,6,15,0
2019/2020,utrecht,emadlangeni,amajuba,30.31941,-27.65619,108,0,60,1,0,0,41,49,1,12,55,10,6,48,10,8,14,24,6,9,2,1,0,6,1,10,0,6,190,4,16,0
2020/2021,utrecht,emadlangeni,amajuba,30.31941,-27.65619,105,3,47,7,0,0,32,69,1,28,62,13,6,16,10,8,21,24,11,7,9,0,0,18,5,12,0,8,172,0,9,0
2021/2022,utrecht,emadlangeni,amajuba,30.31941,-27.65619,93,2,57,6,1,0,16,70,0,29,95,12,5,29,9,2,12,23,9,12,3,1,0,9,3,19,0,7,185,4,7,0
2022/2023,utrecht,emadlangeni,amajuba,30.31941,-27.65619,101,1,62,6,0,0,17,74,0,20,100,10,6,23,29,0,12,23,9,16,3,1,0,21,2,18,0,3,178,2,12,0
2023/2024,utrecht,amajuba district,amajuba district,30.31941,-27.65619,0,0,0,0,0,0,0,56,0,0,0,0,0,0,0,0,0,0,0,0,0,4,0,0,0,0,0,0,0,1,13,0
2024/2025,utrecht,amajuba district,amajuba district,30.31941,-27.65619,0,0,0,0,0,0,0,53,0,0,0,0,0,0,0,0,0,0,0,0,0,2,0,0,0,0,0,0,0,2,14,0
2008/2009,vaal marina,midvaal,sedibeng,28.23124,-26.87308,0,0,0,0,0,0,0,0,0,0,0,0,6,0,0,0,1,0,0,0,0,0,0,0,0,0,0,0,0,0,0,0
2009/2010,vaal marina,midvaal,sedibeng,28.23124,-26.87308,0,0,0,0,0,0,0,0,0,0,0,0,6,0,0,0,1,0,0,0,0,0,0,0,0,0,0,0,0,0,0,0
2010/2011,vaal marina,midvaal,sedibeng,28.23124,-26.87308,0,0,0,0,0,0,0,0,0,0,0,0,6,0,0,0,1,0,0,0,0,0,0,0,0,0,0,0,0,0,0,0
2011/2012,vaal marina,midvaal,sedibeng,28.23124,-26.87308,0,0,0,0,0,0,0,0,0,0,0,0,6,0,0,0,1,0,0,0,0,0,0,0,0,0,0,0,0,0,0,0
2012/2013,vaal marina,midvaal,sedibeng,28.23124,-26.87308,43,2,8,4,1,0,0,27,0,1,12,1,6,0,9,1,1,8,0,2,0,1,0,9,0,3,0,0,2,2,7,6
2013/2014,vaal marina,midvaal,sedibeng,28.23124,-26.87308,44,1,9,1,0,0,2,16,0,3,19,1,6,0,7,3,13,10,1,1,0,0,0,3,0,1,0,0,4,1,11,3
2014/2015,vaal marina,midvaal,sedibeng,28.23124,-26.87308,33,0,8,3,0,0,1,18,0,1,13,2,7,0,0,2,13,9,1,2,1,2,0,8,0,3,0,0,10,3,6,4
2015/2016,vaal marina,midvaal,sedibeng,28.23124,-26.87308,31,2,15,1,0,0,2,35,1,2,11,2,6,0,5,1,13,9,1,3,1,1,0,5,1,4,0,0,3,4,8,1
2016/2017,vaal marina,midvaal,sedibeng,28.23124,-26.87308,27,2,13,0,0,0,4,34,0,1,16,1,6,3,1,0,13,10,1,2,1,3,0,6,1,3,0,0,4,2,1,1
2017/2018,vaal marina,midvaal,sedibeng,28.23124,-26.87308,18,0,8,3,0,0,3,57,0,4,19,0,6,8,4,0,13,5,2,1,0,2,0,7,0,1,0,0,10,0,1,3
2018/2019,vaal marina,midvaal,sedibeng,28.23124,-26.87308,7,0,7,0,0,0,2,29,1,1,11,0,6,12,2,5,13,2,0,6,0,0,0,1,0,6,0,0,8,9,3,0
2019/2020,vaal marina,midvaal,sedibeng,28.23124,-26.87308,28,1,7,0,0,0,4,22,2,1,9,0,7,13,0,0,13,3,0,0,0,2,0,9,0,1,0,0,7,1,1,5
2020/2021,vaal marina,midvaal,sedibeng,28.23124,-26.87308,17,0,10,1,0,0,1,19,0,1,10,0,6,10,2,0,13,4,0,4,1,0,0,6,0,4,0,0,6,0,0,4
2021/2022,vaal marina,midvaal,sedibeng,28.23124,-26.87308,11,0,9,0,0,0,1,17,1,0,10,0,6,16,1,1,13,3,1,2,0,1,0,7,0,2,0,0,0,1,1,4
2022/2023,vaal marina,midvaal,sedibeng,28.23124,-26.87308,21,1,9,1,0,0,0,47,1,3,15,0,6,9,1,1,13,7,0,1,0,2,0,4,2,3,0,0,4,1,2,0
2023/2024,vaal marina,sedibeng district,sedibeng district,28.23124,-26.87308,0,0,0,0,0,0,0,16,1,0,0,0,0,0,0,0,0,0,0,0,0,0,0,0,0,0,0,0,0,0,1,0
2024/2025,vaal marina,sedibeng district,sedibeng district,28.23124,-26.87308,0,0,0,0,0,0,0,22,1,0,0,0,0,0,0,0,0,0,0,0,0,2,0,0,0,0,0,0,0,0,1,0
2008/2009,vaalbank,dr js moroka,nkangala,28.85709,-25.15941,115,4,294,22,5,0,35,161,8,2,109,51,5,3,14,10,1,89,17,60,11,13,0,86,0,68,0,1,69,16,14,1
2009/2010,vaalbank,dr js moroka,nkangala,28.85709,-25.15941,114,6,305,22,12,0,64,118,4,2,138,44,4,10,26,14,1,66,7,53,13,14,0,82,0,67,0,0,83,17,11,1
2010/2011,vaalbank,dr js moroka,nkangala,28.85709,-25.15941,150,9,257,13,3,0,73,94,5,6,95,25,5,19,38,8,1,63,2,73,36,9,0,80,0,79,0,2,68,29,11,0
2011/2012,vaalbank,dr js moroka,nkangala,28.85709,-25.15941,189,2,220,7,9,0,62,100,3,3,66,21,7,28,25,8,1,52,4,38,26,10,0,68,0,48,0,1,48,22,29,0
2012/2013,vaalbank,dr js moroka,nkangala,28.85709,-25.15941,144,2,157,10,6,0,73,129,2,5,52,26,6,45,20,7,1,43,10,49,25,7,0,65,3,58,0,0,34,18,24,0
2013/2014,vaalbank,dr js moroka,nkangala,28.85709,-25.15941,103,4,118,12,3,0,78,126,4,6,44,21,7,55,84,11,21,28,11,29,15,11,0,45,1,34,0,0,29,8,26,1
2014/2015,vaalbank,dr js moroka,nkangala,28.85709,-25.15941,110,2,87,10,5,0,84,107,3,4,54,18,6,22,102,8,21,27,4,37,15,9,0,46,1,43,0,0,42,11,18,1
2015/2016,vaalbank,dr js moroka,nkangala,28.85709,-25.15941,98,2,108,13,5,0,98,151,4,2,61,20,7,28,101,10,23,37,6,35,19,12,0,57,2,43,0,1,48,17,30,1
2016/2017,vaalbank,dr js moroka,nkangala,28.85709,-25.15941,95,0,85,11,2,0,80,172,7,6,78,16,6,22,105,5,12,41,12,34,17,17,0,66,1,37,0,0,31,25,31,1
2017/2018,vaalbank,dr js moroka,nkangala,28.85709,-25.15941,98,3,105,11,4,0,78,136,8,14,58,6,4,23,117,4,12,42,8,25,15,21,0,59,3,34,0,4,58,16,35,1
2018/2019,vaalbank,dr js moroka,nkangala,28.85709,-25.15941,84,5,111,10,2,0,72,149,7,22,100,16,7,5,74,5,14,49,11,32,30,25,0,74,4,39,0,7,74,11,20,1
2019/2020,vaalbank,dr js moroka,nkangala,28.85709,-25.15941,127,2,118,14,2,0,81,139,12,22,90,29,6,4,42,4,23,45,14,28,31,13,0,93,3,33,0,5,57,13,22,0
2020/2021,vaalbank,dr js moroka,nkangala,28.85709,-25.15941,91,4,100,11,2,0,40,98,8,24,84,19,7,4,9,6,17,46,6,28,18,26,1,78,1,32,0,3,50,6,16,0
2021/2022,vaalbank,dr js moroka,nkangala,28.85709,-25.15941,90,2,110,15,2,0,45,86,18,30,102,16,6,2,4,2,14,47,13,31,16,21,0,90,2,35,0,1,72,5,6,0
2022/2023,vaalbank,dr js moroka,nkangala,28.85709,-25.15941,74,4,136,27,1,0,52,75,13,19,109,21,4,1,3,5,38,57,21,22,16,24,0,101,6,31,0,5,62,8,11,1
2023/2024,vaalbank,nkangala district,nkangala district,28.85709,-25.15941,0,0,0,0,0,0,0,65,4,0,0,0,0,0,0,0,0,0,0,0,0,33,0,0,0,0,0,0,0,3,11,0
2024/2025,vaalbank,nkangala district,nkangala district,28.85709,-25.15941,0,0,0,0,0,0,0,75,12,0,0,0,0,0,0,0,0,0,0,0,0,19,0,0,0,0,0,0,0,5,8,0
2008/2009,vaalwater,modimolle-mookgophong,waterberg,28.11371,-24.2936,106,3,42,2,3,0,28,71,0,6,31,9,10,4,5,2,1,29,3,9,2,1,0,3,0,18,0,2,1,10,14,0
2009/2010,vaalwater,modimolle-mookgophong,waterberg,28.11371,-24.2936,85,1,45,1,0,0,31,54,0,15,37,7,4,2,12,6,1,29,8,14,0,0,0,0,0,16,0,4,3,6,4,0
2010/2011,vaalwater,modimolle-mookgophong,waterberg,28.11371,-24.2936,89,1,47,1,1,0,25,57,0,15,31,4,7,6,10,1,1,22,3,19,3,3,0,7,1,22,0,7,0,5,6,1
2011/2012,vaalwater,modimolle-mookgophong,waterberg,28.11371,-24.2936,99,1,56,0,0,0,26,61,0,15,25,9,7,2,14,2,1,21,1,14,2,1,0,3,3,18,0,6,2,0,3,0
2012/2013,vaalwater,modimolle-mookgophong,waterberg,28.11371,-24.2936,80,2,72,1,2,0,31,75,0,12,29,1,6,2,45,2,1,19,5,12,0,0,0,1,2,16,0,8,4,4,13,0
2013/2014,vaalwater,modimolle-mookgophong,waterberg,28.11371,-24.2936,86,1,57,3,2,0,25,84,0,14,49,10,6,5,58,1,13,33,6,17,3,0,0,9,0,19,0,8,2,2,14,0
2014/2015,vaalwater,modimolle-mookgophong,waterberg,28.11371,-24.2936,74,4,64,0,1,0,19,89,0,9,59,7,7,11,53,6,12,28,2,16,6,0,0,12,2,20,0,8,5,3,10,0
2015/2016,vaalwater,modimolle-mookgophong,waterberg,28.11371,-24.2936,80,3,43,2,1,0,35,54,0,10,36,8,7,20,65,3,13,21,3,25,4,0,0,11,2,29,0,4,5,6,16,0
2016/2017,vaalwater,modimolle-mookgophong,waterberg,28.11371,-24.2936,67,1,51,3,0,0,55,50,1,12,37,11,6,32,86,3,14,34,1,25,6,3,0,16,4,29,1,2,3,4,5,0
2017/2018,vaalwater,modimolle-mookgophong,waterberg,28.11371,-24.2936,64,1,35,1,1,0,49,78,0,14,29,8,6,35,127,0,12,20,5,14,5,7,0,15,8,23,0,6,8,3,26,0
2018/2019,vaalwater,modimolle-mookgophong,waterberg,28.11371,-24.2936,49,1,31,0,0,0,23,114,0,12,27,14,6,38,136,5,13,22,3,18,9,6,0,19,4,22,0,1,2,5,12,0
2019/2020,vaalwater,modimolle-mookgophong,waterberg,28.11371,-24.2936,58,0,15,0,3,0,26,95,0,5,25,9,6,50,41,5,13,15,3,23,1,4,0,11,1,27,0,8,1,0,10,0
2020/2021,vaalwater,modimolle-mookgophong,waterberg,28.11371,-24.2936,68,1,26,0,0,0,24,97,0,21,23,3,7,34,75,10,12,14,2,11,1,5,0,9,1,13,13,6,3,1,13,0
2021/2022,vaalwater,modimolle-mookgophong,waterberg,28.11371,-24.2936,79,0,27,1,0,0,41,54,0,13,36,5,7,26,116,5,13,25,4,11,5,1,0,11,2,14,3,11,4,0,11,0
2022/2023,vaalwater,modimolle-mookgophong,waterberg,28.11371,-24.2936,86,1,32,3,2,0,40,64,0,14,40,11,6,11,119,11,21,16,5,28,7,5,0,17,1,31,3,8,0,1,12,0
2023/2024,vaalwater,waterberg district,waterberg district,28.11371,-24.2936,0,0,0,0,0,0,0,91,0,0,0,0,0,0,0,0,0,0,0,0,0,1,0,0,0,0,0,0,0,0,9,0
2024/2025,vaalwater,waterberg district,waterberg district,28.11371,-24.2936,0,0,0,0,0,0,0,69,0,0,0,0,0,0,0,0,0,0,0,0,0,1,0,0,0,0,0,0,0,0,10,0
2008/2009,val,lekwa,gert sibande,28.94027,-26.79825,11,0,17,1,0,0,0,9,1,0,5,0,6,1,0,0,1,0,0,5,0,1,0,3,0,5,0,0,25,0,1,1
2009/2010,val,lekwa,gert sibande,28.94027,-26.79825,33,0,10,0,0,0,0,7,1,1,1,0,6,1,0,0,1,3,1,1,0,0,0,1,0,1,0,0,20,1,0,0
2010/2011,val,lekwa,gert sibande,28.94027,-26.79825,29,3,11,0,0,0,4,4,0,4,3,1,6,2,2,0,1,5,0,2,0,0,0,0,0,2,0,0,27,6,7,0
2011/2012,val,lekwa,gert sibande,28.94027,-26.79825,32,0,12,0,1,0,1,12,1,0,11,1,6,2,4,2,1,9,0,3,0,0,0,5,0,4,0,0,25,1,1,3
2012/2013,val,lekwa,gert sibande,28.94027,-26.79825,20,0,6,0,0,0,0,12,2,0,8,1,6,2,1,1,1,4,0,1,0,1,0,7,0,1,0,0,34,4,3,1
2013/2014,val,lekwa,gert sibande,28.94027,-26.79825,17,1,10,0,0,0,2,9,0,2,11,0,6,1,5,0,13,6,2,0,0,2,0,7,0,0,0,0,20,4,3,4
2014/2015,val,lekwa,gert sibande,28.94027,-26.79825,25,0,13,0,0,0,1,18,0,1,7,0,6,1,1,0,13,7,1,2,1,0,0,2,1,3,0,0,21,5,2,1
2015/2016,val,lekwa,gert sibande,28.94027,-26.79825,23,0,9,0,0,0,1,6,1,2,0,1,6,2,0,0,13,6,2,0,0,1,0,3,0,0,0,0,14,2,4,1
2016/2017,val,lekwa,gert sibande,28.94027,-26.79825,20,0,7,0,0,0,2,6,0,0,8,0,6,2,6,0,13,2,0,2,0,2,0,5,1,3,0,0,11,2,0,1
2017/2018,val,lekwa,gert sibande,28.94027,-26.79825,23,1,9,0,0,0,4,5,2,1,2,0,6,4,12,3,13,6,0,0,0,0,0,2,0,0,0,0,21,1,1,0
2018/2019,val,lekwa,gert sibande,28.94027,-26.79825,21,0,8,0,0,0,2,7,3,2,6,0,6,2,9,1,13,6,2,3,0,0,0,4,0,3,0,0,30,0,2,0
2019/2020,val,lekwa,gert sibande,28.94027,-26.79825,24,1,6,0,0,0,3,7,1,1,7,1,6,3,0,0,13,9,2,0,0,0,0,3,0,0,0,0,19,3,4,1
2020/2021,val,lekwa,gert sibande,28.94027,-26.79825,15,1,6,0,0,0,1,6,0,2,0,0,6,0,1,0,13,4,2,3,0,0,0,2,0,3,0,0,14,0,0,1
2021/2022,val,lekwa,gert sibande,28.94027,-26.79825,10,1,9,0,0,0,3,1,3,2,4,0,6,0,0,0,12,5,2,1,0,1,0,7,1,2,0,0,1,1,1,3
2022/2023,val,lekwa,gert sibande,28.94027,-26.79825,11,0,11,1,0,0,2,5,2,3,9,0,6,3,0,1,12,5,0,1,0,1,0,5,0,1,0,0,9,1,2,1
2023/2024,val,gert sibande district,gert sibande district,28.94027,-26.79825,0,0,0,0,0,0,0,1,3,0,0,0,0,0,0,0,0,0,0,0,0,0,0,0,0,0,0,0,0,0,0,0
2024/2025,val,gert sibande district,gert sibande district,28.94027,-26.79825,0,0,0,0,0,0,0,1,1,0,0,0,0,0,0,0,0,0,0,0,0,0,0,0,0,0,0,0,0,1,2,0
2008/2009,van reenen,okhahlamba,uthukela,29.38561,-28.37872,17,1,16,0,0,0,3,5,0,3,15,8,4,9,4,4,1,16,2,1,1,0,0,23,0,3,0,0,9,1,14,0
2009/2010,van reenen,okhahlamba,uthukela,29.38561,-28.37872,13,1,18,1,0,0,6,13,0,1,11,0,7,7,0,1,1,8,1,2,1,0,0,5,1,4,0,0,9,0,9,0
2010/2011,van reenen,okhahlamba,uthukela,29.38561,-28.37872,14,0,13,1,0,0,2,12,0,3,15,2,7,6,5,1,1,19,1,2,3,1,0,15,0,3,0,0,16,0,10,3
2011/2012,van reenen,okhahlamba,uthukela,29.38561,-28.37872,22,0,14,8,0,0,2,5,0,1,8,1,6,6,1,0,1,8,0,3,0,1,0,12,0,3,0,0,13,1,11,1
2012/2013,van reenen,okhahlamba,uthukela,29.38561,-28.37872,19,0,19,3,0,0,5,7,0,2,10,1,6,6,4,0,1,11,0,3,1,0,0,8,0,3,0,0,18,0,3,2
2013/2014,van reenen,okhahlamba,uthukela,29.38561,-28.37872,16,0,10,2,0,0,2,8,0,1,11,1,6,6,5,0,12,4,1,2,0,0,0,1,1,3,0,0,12,0,14,1
2014/2015,van reenen,okhahlamba,uthukela,29.38561,-28.37872,15,0,9,0,0,0,0,8,1,2,9,0,6,3,5,2,13,11,0,0,0,0,0,4,0,0,0,1,11,0,14,1
2015/2016,van reenen,okhahlamba,uthukela,29.38561,-28.37872,13,0,11,1,0,0,3,7,0,0,11,1,6,7,1,3,13,4,1,2,0,1,0,6,1,3,0,0,19,0,6,1
2016/2017,van reenen,okhahlamba,uthukela,29.38561,-28.37872,14,0,7,1,0,0,2,5,0,2,1,0,6,4,5,1,13,2,0,3,0,0,0,3,0,3,0,0,15,1,13,0
2017/2018,van reenen,okhahlamba,uthukela,29.38561,-28.37872,13,1,4,0,0,0,1,3,0,1,5,3,6,7,8,5,13,2,0,1,0,0,0,2,0,1,0,0,9,1,3,1
2018/2019,van reenen,okhahlamba,uthukela,29.38561,-28.37872,13,1,16,3,0,0,4,6,1,2,2,0,6,6,6,0,13,3,1,1,0,0,0,3,0,1,0,0,22,0,13,0
2019/2020,van reenen,okhahlamba,uthukela,29.38561,-28.37872,15,0,10,0,0,0,7,4,0,1,8,1,6,11,1,0,12,1,0,3,0,0,0,2,0,3,0,0,14,0,6,0
2020/2021,van reenen,okhahlamba,uthukela,29.38561,-28.37872,11,0,8,2,0,0,6,0,0,0,9,1,6,0,0,1,12,2,0,5,0,0,0,3,0,5,0,0,14,2,6,0
2021/2022,van reenen,okhahlamba,uthukela,29.38561,-28.37872,14,0,10,1,1,0,4,2,0,0,11,4,6,5,0,0,12,5,1,2,0,0,0,1,1,4,0,0,31,0,2,0
2022/2023,van reenen,okhahlamba,uthukela,29.38561,-28.37872,10,1,11,2,0,0,4,1,0,0,9,2,6,4,0,1,12,3,1,4,0,0,0,1,0,4,0,0,23,0,3,0
2023/2024,van reenen,uthukela district,uthukela district,29.38561,-28.37872,0,0,0,0,0,0,0,5,0,0,0,0,0,0,0,0,0,0,0,0,0,0,0,0,0,0,0,0,0,0,5,0
2024/2025,van reenen,uthukela district,uthukela district,29.38561,-28.37872,0,0,0,0,0,0,0,2,0,0,0,0,0,0,0,0,0,0,0,0,0,0,0,0,0,0,0,0,0,0,15,0
2008/2009,van stadensrus,mangaung,mangaung,27.01634,-29.9874,15,0,7,0,0,0,5,10,0,0,18,2,7,0,0,0,1,12,2,2,0,0,0,2,0,3,0,0,26,1,0,0
2009/2010,van stadensrus,mangaung,mangaung,27.01634,-29.9874,11,0,5,0,0,0,0,5,0,1,6,0,6,1,3,2,1,8,2,0,0,0,0,0,2,2,0,0,28,1,0,0
2010/2011,van stadensrus,mangaung,mangaung,27.01634,-29.9874,9,0,13,0,0,0,0,3,0,2,8,0,6,1,5,1,1,2,0,1,0,0,0,2,0,1,0,0,25,1,1,0
2011/2012,van stadensrus,mangaung,mangaung,27.01634,-29.9874,12,0,18,0,0,0,0,9,0,0,3,0,6,2,1,0,1,9,2,5,1,0,0,1,0,5,0,0,20,1,0,0
2012/2013,van stadensrus,mangaung,mangaung,27.01634,-29.9874,8,0,4,2,0,0,2,3,0,3,8,0,6,1,5,0,1,4,0,6,1,0,0,1,0,6,1,0,21,2,0,0
2013/2014,van stadensrus,mangaung,mangaung,27.01634,-29.9874,7,0,8,0,0,0,3,10,0,0,13,0,6,0,8,0,13,3,0,2,0,1,0,1,0,2,0,0,10,0,1,0
2014/2015,van stadensrus,mangaung,mangaung,27.01634,-29.9874,7,0,16,0,0,0,2,8,0,1,12,0,6,0,7,0,12,2,2,5,0,0,0,1,0,5,2,0,8,3,1,0
2015/2016,van stadensrus,mangaung,mangaung,27.01634,-29.9874,6,0,18,0,0,0,0,9,0,0,5,0,6,0,3,0,13,4,0,3,1,0,0,1,1,4,1,0,17,0,0,0
2016/2017,van stadensrus,mangaung,mangaung,27.01634,-29.9874,8,0,9,1,0,0,2,12,0,3,11,0,6,1,8,0,13,4,1,1,1,0,0,1,1,2,4,1,24,0,1,0
2017/2018,van stadensrus,mangaung,mangaung,27.01634,-29.9874,8,1,8,0,0,0,2,4,0,0,11,0,6,3,4,0,13,5,0,1,0,1,0,1,0,1,4,0,10,1,0,0
2018/2019,van stadensrus,mangaung,mangaung,27.01634,-29.9874,20,0,13,1,0,0,1,8,0,1,15,0,6,0,10,1,13,7,5,0,0,4,0,4,0,0,1,0,12,2,1,0
2019/2020,van stadensrus,mangaung,mangaung,27.01634,-29.9874,7,0,8,1,0,0,3,15,0,2,15,1,6,3,1,0,13,2,0,1,1,2,0,3,0,1,0,0,25,1,0,0
2020/2021,van stadensrus,mangaung,mangaung,27.01634,-29.9874,9,1,12,2,0,0,2,8,0,0,9,0,6,0,3,0,13,5,0,1,1,0,0,2,0,1,0,0,18,0,1,0
2021/2022,van stadensrus,mangaung,mangaung,27.01634,-29.9874,8,0,16,1,0,0,3,4,0,0,19,0,6,1,1,0,13,9,2,4,0,1,0,3,0,4,2,0,14,1,0,0
2022/2023,van stadensrus,mangaung,mangaung,27.01634,-29.9874,10,0,16,0,0,0,3,4,0,1,16,1,6,0,1,0,13,8,0,4,0,1,0,2,0,4,7,0,14,0,1,0
2023/2024,van stadensrus,mangaung district,mangaung district,27.01634,-29.9874,0,0,0,0,0,0,0,7,0,0,0,0,0,0,0,0,0,0,0,0,0,0,0,0,0,0,0,0,0,0,3,0
2024/2025,van stadensrus,mangaung district,mangaung district,27.01634,-29.9874,0,0,0,0,0,0,0,9,0,0,0,0,0,0,0,0,0,0,0,0,0,0,0,0,0,0,0,0,0,0,0,0
2008/2009,van zylsrus,joe morolong,john taolo gaetsewe,22.05007,-26.87679,10,0,5,0,0,0,0,1,0,1,4,0,7,0,2,0,1,0,0,1,0,0,0,0,0,2,0,0,4,0,0,0
2009/2010,van zylsrus,joe morolong,john taolo gaetsewe,22.05007,-26.87679,5,0,4,0,0,0,2,2,0,1,1,0,6,0,5,0,1,1,0,2,0,0,0,0,1,3,0,0,4,0,0,0
2010/2011,van zylsrus,joe morolong,john taolo gaetsewe,22.05007,-26.87679,5,0,0,0,0,0,0,2,0,1,7,0,7,0,13,0,1,1,0,0,0,0,0,0,0,1,0,0,2,0,0,0
2011/2012,van zylsrus,joe morolong,john taolo gaetsewe,22.05007,-26.87679,4,0,1,0,0,0,0,1,0,2,2,0,4,0,14,0,1,1,0,0,0,0,0,0,0,2,0,0,6,0,0,0
2012/2013,van zylsrus,joe morolong,john taolo gaetsewe,22.05007,-26.87679,7,0,2,0,0,0,2,2,0,0,3,0,6,0,13,0,1,0,0,1,0,0,0,0,0,1,0,0,5,0,0,0
2013/2014,van zylsrus,joe morolong,john taolo gaetsewe,22.05007,-26.87679,2,0,2,0,0,0,3,0,0,2,1,0,6,0,11,0,13,0,1,2,0,0,0,0,0,2,0,0,5,0,0,0
2014/2015,van zylsrus,joe morolong,john taolo gaetsewe,22.05007,-26.87679,1,0,3,0,0,0,2,0,0,0,1,0,6,0,12,0,13,0,0,0,0,0,0,0,0,0,0,0,6,0,0,0
2015/2016,van zylsrus,joe morolong,john taolo gaetsewe,22.05007,-26.87679,2,0,1,0,0,0,1,0,0,0,0,0,6,0,10,0,13,0,1,2,0,0,0,0,1,3,0,0,4,0,0,0
2016/2017,van zylsrus,joe morolong,john taolo gaetsewe,22.05007,-26.87679,6,0,2,0,0,0,0,0,0,1,1,0,6,0,13,0,13,0,0,0,0,0,0,0,0,0,0,0,9,0,1,0
2017/2018,van zylsrus,joe morolong,john taolo gaetsewe,22.05007,-26.87679,2,0,1,0,0,0,2,0,0,0,2,0,6,0,7,0,13,0,0,0,0,0,0,0,0,0,0,0,4,0,0,0
2018/2019,van zylsrus,joe morolong,john taolo gaetsewe,22.05007,-26.87679,0,0,2,0,0,0,3,1,0,0,1,0,6,0,9,0,13,0,0,0,0,0,0,0,0,0,0,0,4,0,0,0
2019/2020,van zylsrus,joe morolong,john taolo gaetsewe,22.05007,-26.87679,2,0,4,0,0,0,1,2,0,0,0,0,6,0,1,1,13,0,1,1,0,0,0,0,0,1,0,0,1,0,0,0
2020/2021,van zylsrus,joe morolong,john taolo gaetsewe,22.05007,-26.87679,1,0,1,1,0,0,1,1,0,1,2,0,6,0,1,0,13,0,0,0,0,0,0,0,0,0,0,0,2,0,0,0
2021/2022,van zylsrus,joe morolong,john taolo gaetsewe,22.05007,-26.87679,1,0,4,1,0,0,1,2,0,1,1,0,6,0,1,0,13,0,0,0,0,0,0,0,0,0,0,0,3,0,0,0
2022/2023,van zylsrus,joe morolong,john taolo gaetsewe,22.05007,-26.87679,0,0,1,1,0,0,0,0,0,0,1,0,6,0,0,0,13,2,0,0,0,0,0,0,0,0,0,0,3,0,0,0
2023/2024,van zylsrus,john taolo gaetsewe district,john taolo gaetsewe district,22.05007,-26.87679,0,0,0,0,0,0,0,3,0,0,0,0,0,0,0,0,0,0,0,0,0,0,0,0,0,0,0,0,0,0,0,0
2024/2025,van zylsrus,john taolo gaetsewe district,john taolo gaetsewe district,22.05007,-26.87679,0,0,0,0,0,0,0,2,0,0,0,0,0,0,0,0,0,0,0,0,0,0,0,0,0,0,0,0,0,0,0,0
2008/2009,vanderbijlpark,emfuleni,sedibeng,27.83306,-26.69897,1320,19,400,30,10,0,259,802,34,326,592,157,30,144,61,15,1,473,25,119,46,42,0,302,25,183,0,484,11,498,280,8
2009/2010,vanderbijlpark,emfuleni,sedibeng,27.83306,-26.69897,1130,14,346,30,7,0,210,777,56,208,452,113,20,192,125,29,1,407,28,99,56,69,1,341,16,148,0,468,12,542,285,2
2010/2011,vanderbijlpark,emfuleni,sedibeng,27.83306,-26.69897,1104,17,322,25,12,0,245,708,25,262,368,119,33,222,120,20,1,351,20,102,44,90,0,316,15,144,0,481,7,387,240,1
2011/2012,vanderbijlpark,emfuleni,sedibeng,27.83306,-26.69897,1090,11,366,24,4,0,244,685,26,265,392,109,10,178,179,45,1,366,25,86,21,32,1,210,8,104,3,479,2,441,269,3
2012/2013,vanderbijlpark,emfuleni,sedibeng,27.83306,-26.69897,1419,8,350,25,8,0,189,799,16,305,426,94,8,308,253,45,1,388,23,79,44,44,0,237,6,97,1,396,0,355,332,3
2013/2014,vanderbijlpark,emfuleni,sedibeng,27.83306,-26.69897,1525,7,383,28,5,1,272,917,27,307,426,96,9,312,768,37,25,394,26,57,62,78,0,306,14,81,10,404,5,503,321,2
2014/2015,vanderbijlpark,emfuleni,sedibeng,27.83306,-26.69897,1386,16,435,24,6,0,243,862,38,215,409,139,4,461,883,34,24,389,43,69,81,81,0,376,12,89,1,288,2,420,337,3
2015/2016,vanderbijlpark,emfuleni,sedibeng,27.83306,-26.69897,1277,7,462,19,4,0,254,1041,38,198,462,180,4,598,514,32,28,412,49,51,73,73,0,396,9,66,2,280,9,400,256,0
2016/2017,vanderbijlpark,emfuleni,sedibeng,27.83306,-26.69897,1181,11,449,25,2,0,371,1103,33,209,372,138,17,309,550,41,27,408,50,29,117,72,0,454,14,54,3,376,8,527,368,1
2017/2018,vanderbijlpark,emfuleni,sedibeng,27.83306,-26.69897,1107,11,416,20,3,0,314,944,54,269,371,176,10,330,592,24,27,392,26,69,89,105,0,460,11,89,13,274,5,548,350,2
2018/2019,vanderbijlpark,emfuleni,sedibeng,27.83306,-26.69897,1185,7,437,19,2,0,290,998,43,290,376,135,9,330,616,14,39,338,32,60,62,83,1,423,4,71,8,233,7,433,253,9
2019/2020,vanderbijlpark,emfuleni,sedibeng,27.83306,-26.69897,1209,4,367,21,3,0,277,850,57,205,351,115,4,363,708,49,38,296,34,61,103,83,0,483,13,79,21,270,8,279,220,5
2020/2021,vanderbijlpark,emfuleni,sedibeng,27.83306,-26.69897,1032,7,297,34,2,0,250,661,70,205,244,79,7,249,405,21,26,269,31,40,66,86,2,440,13,56,30,230,8,225,188,22
2021/2022,vanderbijlpark,emfuleni,sedibeng,27.83306,-26.69897,1076,6,390,44,3,0,169,645,81,325,261,100,18,207,490,29,33,273,45,82,53,96,0,466,11,107,24,215,7,260,186,19
2022/2023,vanderbijlpark,emfuleni,sedibeng,27.83306,-26.69897,1039,3,431,42,3,0,219,727,96,445,313,104,4,108,548,28,52,303,46,76,50,86,0,512,16,97,69,227,6,182,166,25
2023/2024,vanderbijlpark,sedibeng district,sedibeng district,27.83306,-26.69897,0,0,0,0,0,0,0,581,66,0,0,0,0,0,0,0,0,0,0,0,0,114,0,0,0,0,0,0,0,239,204,0
2024/2025,vanderbijlpark,sedibeng district,sedibeng district,27.83306,-26.69897,0,0,0,0,0,0,0,531,52,0,0,0,0,0,0,0,0,0,0,0,0,106,0,0,0,0,0,0,0,199,221,0
2008/2009,vanderkloof,renosterberg,pixley ka seme,24.74164,-29.99861,9,0,15,1,1,0,1,6,0,0,14,0,6,14,13,0,1,4,0,3,0,0,0,0,0,4,0,2,0,0,2,0
2009/2010,vanderkloof,renosterberg,pixley ka seme,24.74164,-29.99861,5,0,11,0,0,0,0,8,0,0,12,0,6,8,11,2,1,4,0,0,0,0,0,0,0,0,0,4,2,0,0,0
2010/2011,vanderkloof,renosterberg,pixley ka seme,24.74164,-29.99861,3,0,7,0,0,0,0,2,0,0,6,1,6,9,9,0,1,1,0,2,0,0,0,0,0,2,0,1,4,1,2,0
2011/2012,vanderkloof,renosterberg,pixley ka seme,24.74164,-29.99861,6,0,5,1,0,0,0,1,0,0,7,0,6,3,7,0,1,1,0,0,0,0,0,0,0,0,0,1,2,2,0,0
2012/2013,vanderkloof,renosterberg,pixley ka seme,24.74164,-29.99861,5,0,9,1,0,0,0,2,0,1,10,0,6,9,5,0,1,3,0,1,0,0,0,0,0,1,0,0,2,4,0,0
2013/2014,vanderkloof,renosterberg,pixley ka seme,24.74164,-29.99861,6,1,8,0,0,0,3,4,0,2,7,0,6,3,7,0,13,2,1,1,0,0,0,0,0,1,0,0,1,3,4,0
2014/2015,vanderkloof,renosterberg,pixley ka seme,24.74164,-29.99861,2,2,11,1,0,0,4,4,0,0,5,0,6,2,7,0,13,4,0,1,0,0,0,1,1,2,0,1,1,2,2,0
2015/2016,vanderkloof,renosterberg,pixley ka seme,24.74164,-29.99861,9,0,10,0,0,0,0,5,0,1,11,0,6,3,14,1,13,2,0,2,0,0,0,0,1,3,0,0,2,0,0,0
2016/2017,vanderkloof,renosterberg,pixley ka seme,24.74164,-29.99861,2,0,2,0,1,0,0,3,0,2,9,0,6,9,1,0,13,4,0,1,0,0,0,1,0,2,0,0,1,0,3,0
2017/2018,vanderkloof,renosterberg,pixley ka seme,24.74164,-29.99861,6,0,5,1,0,0,2,1,0,0,15,0,6,10,3,0,13,2,0,2,0,0,0,0,2,4,0,0,2,0,1,0
2018/2019,vanderkloof,renosterberg,pixley ka seme,24.74164,-29.99861,2,0,5,1,0,0,2,4,0,1,14,0,6,4,5,0,13,3,1,1,0,0,0,0,1,2,0,0,0,2,0,0
2019/2020,vanderkloof,renosterberg,pixley ka seme,24.74164,-29.99861,3,0,6,0,0,0,3,6,0,5,19,0,6,4,2,2,13,5,1,1,0,0,0,0,0,1,0,0,2,1,2,0
2020/2021,vanderkloof,renosterberg,pixley ka seme,24.74164,-29.99861,5,1,8,2,0,0,5,7,0,3,14,0,6,3,5,2,13,4,0,1,0,0,0,0,1,2,0,0,4,0,0,0
2021/2022,vanderkloof,renosterberg,pixley ka seme,24.74164,-29.99861,9,0,4,3,0,0,2,14,0,2,11,0,7,1,5,0,13,1,0,1,0,0,0,0,0,2,0,0,1,0,2,0
2022/2023,vanderkloof,renosterberg,pixley ka seme,24.74164,-29.99861,4,0,6,3,0,0,2,1,0,3,24,1,6,2,2,0,13,7,1,2,0,0,0,0,0,2,0,0,0,0,1,0
2023/2024,vanderkloof,pixley ka seme district,pixley ka seme district,24.74164,-29.99861,0,0,0,0,0,0,0,0,0,0,0,0,0,0,0,0,0,0,0,0,0,0,0,0,0,0,0,0,0,0,0,0
2024/2025,vanderkloof,pixley ka seme district,pixley ka seme district,24.74164,-29.99861,0,0,0,0,0,0,0,3,0,0,0,0,0,0,0,0,0,0,0,0,0,0,0,0,0,0,0,0,0,0,0,0
2008/2009,vanrhynsdorp,matzikama,west coast,18.74001,-31.6083,6,1,15,0,0,0,6,6,0,2,21,0,6,9,98,0,1,10,5,3,0,0,0,0,1,4,0,8,0,0,3,0
2009/2010,vanrhynsdorp,matzikama,west coast,18.74001,-31.6083,25,1,24,0,1,0,14,16,0,6,51,3,7,12,98,0,1,11,2,15,0,0,0,0,6,23,0,9,3,0,3,0
2010/2011,vanrhynsdorp,matzikama,west coast,18.74001,-31.6083,34,0,28,0,0,0,7,22,0,5,39,2,4,14,144,6,1,13,0,5,0,0,0,0,5,12,0,1,8,0,6,0
2011/2012,vanrhynsdorp,matzikama,west coast,18.74001,-31.6083,26,0,27,2,0,0,6,26,0,3,45,3,7,12,120,0,1,12,0,5,0,0,0,1,7,13,0,3,1,0,4,0
2012/2013,vanrhynsdorp,matzikama,west coast,18.74001,-31.6083,21,0,33,0,1,0,14,18,0,1,41,1,6,13,131,1,1,13,4,14,0,0,0,1,0,15,0,4,8,3,5,0
2013/2014,vanrhynsdorp,matzikama,west coast,18.74001,-31.6083,35,0,42,2,3,0,14,25,0,2,53,2,6,13,135,5,12,9,2,8,1,1,0,3,4,15,0,7,7,0,9,0
2014/2015,vanrhynsdorp,matzikama,west coast,18.74001,-31.6083,26,0,39,1,2,0,6,23,0,2,70,8,6,8,114,1,13,19,5,6,0,0,0,2,1,9,0,5,6,1,8,0
2015/2016,vanrhynsdorp,matzikama,west coast,18.74001,-31.6083,50,2,47,4,0,0,7,33,1,2,100,3,6,15,76,4,12,27,3,6,0,0,0,2,3,9,0,5,8,1,2,0
2016/2017,vanrhynsdorp,matzikama,west coast,18.74001,-31.6083,38,1,47,0,0,0,10,24,0,5,99,4,7,20,163,0,12,16,3,16,0,1,0,1,2,19,0,6,5,2,4,0
2017/2018,vanrhynsdorp,matzikama,west coast,18.74001,-31.6083,37,1,58,1,2,0,12,20,0,2,77,8,6,19,204,0,13,16,1,6,1,0,0,1,1,9,0,4,6,0,6,0
2018/2019,vanrhynsdorp,matzikama,west coast,18.74001,-31.6083,35,0,37,2,1,0,5,34,0,6,73,2,7,15,118,0,13,19,0,7,1,0,0,5,2,11,0,3,11,1,2,0
2019/2020,vanrhynsdorp,matzikama,west coast,18.74001,-31.6083,23,0,32,1,0,0,6,23,0,5,67,3,6,28,73,0,13,13,0,6,0,0,0,1,3,9,0,4,7,1,6,0
2020/2021,vanrhynsdorp,matzikama,west coast,18.74001,-31.6083,30,1,24,1,1,0,10,21,0,2,40,1,6,12,44,0,13,6,2,3,0,0,0,0,4,8,0,2,8,1,3,0
2021/2022,vanrhynsdorp,matzikama,west coast,18.74001,-31.6083,24,1,20,0,1,0,1,29,0,1,43,0,6,13,60,3,13,8,1,6,0,1,0,2,7,14,0,6,4,2,3,0
2022/2023,vanrhynsdorp,matzikama,west coast,18.74001,-31.6083,22,0,29,0,0,0,3,29,0,12,52,1,6,26,60,2,13,7,1,6,0,0,0,3,3,9,0,5,8,1,2,0
2023/2024,vanrhynsdorp,west coast district,west coast district,18.74001,-31.6083,0,0,0,0,0,0,0,36,0,0,0,0,0,0,0,0,0,0,0,0,0,2,0,0,0,0,0,0,0,1,6,0
2024/2025,vanrhynsdorp,west coast district,west coast district,18.74001,-31.6083,0,0,0,0,0,0,0,24,0,0,0,0,0,0,0,0,0,0,0,0,0,0,0,0,0,0,0,0,0,1,3,0
2008/2009,vanwyksvlei,kareeberg,pixley ka seme,21.82435,-30.35067,8,0,17,2,0,0,14,5,0,0,14,0,7,1,2,0,1,1,0,3,0,0,0,0,0,4,0,1,14,1,1,0
2009/2010,vanwyksvlei,kareeberg,pixley ka seme,21.82435,-30.35067,14,0,16,1,0,0,4,9,0,0,16,1,6,0,6,0,1,6,0,6,0,0,0,0,0,6,0,0,31,0,2,0
2010/2011,vanwyksvlei,kareeberg,pixley ka seme,21.82435,-30.35067,7,0,14,0,1,0,1,6,0,1,17,3,4,0,2,0,1,0,1,2,0,0,0,0,2,7,0,0,16,0,0,0
2011/2012,vanwyksvlei,kareeberg,pixley ka seme,21.82435,-30.35067,2,0,12,0,0,0,2,5,0,0,14,0,6,0,10,0,1,1,3,1,0,0,0,0,1,2,0,0,13,0,0,0
2012/2013,vanwyksvlei,kareeberg,pixley ka seme,21.82435,-30.35067,0,0,18,0,0,0,1,1,0,0,3,0,4,0,8,0,1,6,1,3,0,0,0,0,4,9,0,0,9,0,1,0
2013/2014,vanwyksvlei,kareeberg,pixley ka seme,21.82435,-30.35067,6,0,19,1,0,0,3,3,0,1,12,0,6,0,4,0,13,5,0,1,0,0,0,0,0,1,0,0,5,0,0,0
2014/2015,vanwyksvlei,kareeberg,pixley ka seme,21.82435,-30.35067,3,0,27,1,0,0,1,5,0,1,7,0,6,0,7,0,13,5,2,1,1,0,0,1,0,1,0,0,11,0,0,0
2015/2016,vanwyksvlei,kareeberg,pixley ka seme,21.82435,-30.35067,1,0,18,1,0,0,2,8,0,0,5,0,7,2,12,0,13,2,1,2,0,0,0,0,0,3,0,0,14,0,0,0
2016/2017,vanwyksvlei,kareeberg,pixley ka seme,21.82435,-30.35067,2,0,22,4,0,0,2,9,0,1,13,1,6,0,20,2,13,3,0,1,0,0,0,0,0,1,0,1,29,1,0,0
2017/2018,vanwyksvlei,kareeberg,pixley ka seme,21.82435,-30.35067,1,0,30,0,0,0,0,7,0,1,9,0,6,1,17,0,13,3,0,1,0,0,0,0,0,1,0,0,52,0,0,0
2018/2019,vanwyksvlei,kareeberg,pixley ka seme,21.82435,-30.35067,5,0,15,0,0,0,0,9,0,0,7,1,6,2,3,0,13,1,1,2,1,0,0,1,0,2,0,1,28,0,0,0
2019/2020,vanwyksvlei,kareeberg,pixley ka seme,21.82435,-30.35067,6,0,10,0,0,0,3,11,0,2,20,0,6,0,2,0,13,4,0,3,0,0,0,0,0,3,0,1,42,0,1,0
2020/2021,vanwyksvlei,kareeberg,pixley ka seme,21.82435,-30.35067,6,0,16,1,2,0,4,20,0,0,24,1,6,0,0,0,13,9,1,3,0,1,0,1,0,5,0,0,53,0,1,0
2021/2022,vanwyksvlei,kareeberg,pixley ka seme,21.82435,-30.35067,9,0,15,3,0,0,1,11,0,2,14,0,7,0,3,0,13,1,2,5,0,1,0,1,0,6,1,0,27,0,2,0
2022/2023,vanwyksvlei,kareeberg,pixley ka seme,21.82435,-30.35067,15,0,11,4,0,0,5,11,0,1,13,0,4,0,2,0,13,6,2,2,0,0,0,1,0,4,0,1,25,0,1,0
2023/2024,vanwyksvlei,pixley ka seme district,pixley ka seme district,21.82435,-30.35067,0,0,0,0,0,0,0,11,0,0,0,0,0,0,0,0,0,0,0,0,0,0,0,0,0,0,0,0,0,0,0,0
2024/2025,vanwyksvlei,pixley ka seme district,pixley ka seme district,21.82435,-30.35067,0,0,0,0,0,0,0,13,0,0,0,0,0,0,0,0,0,0,0,0,0,0,0,0,0,0,0,0,0,0,1,0
2008/2009,ventersburg,matjhabeng,lejweleputswa,27.13605,-28.08577,90,0,58,4,1,0,21,39,1,5,70,2,6,13,35,1,1,21,2,9,0,0,0,6,4,14,0,5,58,3,26,3
2009/2010,ventersburg,matjhabeng,lejweleputswa,27.13605,-28.08577,65,2,73,1,0,0,16,36,2,7,95,1,6,12,33,0,1,34,4,16,1,1,0,6,0,16,0,2,68,3,9,2
2010/2011,ventersburg,matjhabeng,lejweleputswa,27.13605,-28.08577,62,1,57,2,0,0,8,28,1,8,108,5,6,18,34,2,1,29,3,8,4,0,0,5,3,11,0,0,64,0,10,0
2011/2012,ventersburg,matjhabeng,lejweleputswa,27.13605,-28.08577,86,2,75,5,2,0,13,44,0,6,75,7,6,21,30,2,1,33,4,22,3,0,0,5,5,29,0,6,71,3,16,0
2012/2013,ventersburg,matjhabeng,lejweleputswa,27.13605,-28.08577,65,1,57,2,0,0,25,54,1,10,71,3,6,26,47,3,1,36,3,18,5,0,0,8,6,24,0,5,64,8,12,1
2013/2014,ventersburg,matjhabeng,lejweleputswa,27.13605,-28.08577,98,2,65,5,1,0,29,54,1,10,94,4,4,4,46,1,12,22,5,14,4,0,0,12,4,21,0,3,56,6,9,1
2014/2015,ventersburg,matjhabeng,lejweleputswa,27.13605,-28.08577,79,1,63,2,0,0,24,35,0,9,75,1,6,12,42,2,13,40,2,15,9,0,0,11,1,16,0,2,71,1,15,0
2015/2016,ventersburg,matjhabeng,lejweleputswa,27.13605,-28.08577,70,0,63,2,0,0,34,55,1,13,43,2,6,15,68,1,13,40,4,19,2,1,0,8,5,24,0,5,52,5,10,3
2016/2017,ventersburg,matjhabeng,lejweleputswa,27.13605,-28.08577,86,0,76,2,2,0,38,51,1,9,57,4,4,12,47,1,13,27,5,10,7,1,1,14,1,15,0,5,58,3,14,4
2017/2018,ventersburg,matjhabeng,lejweleputswa,27.13605,-28.08577,63,1,63,5,0,0,28,63,0,5,58,6,6,19,63,6,12,30,0,10,4,1,0,8,3,13,0,1,69,5,19,0
2018/2019,ventersburg,matjhabeng,lejweleputswa,27.13605,-28.08577,54,0,56,3,1,0,28,54,0,8,73,1,6,8,36,3,13,25,0,13,3,0,0,7,6,20,0,0,78,4,16,1
2019/2020,ventersburg,matjhabeng,lejweleputswa,27.13605,-28.08577,63,1,53,5,0,0,20,54,2,12,46,7,6,10,4,2,21,34,5,16,9,1,0,22,5,21,0,2,45,5,11,2
2020/2021,ventersburg,matjhabeng,lejweleputswa,27.13605,-28.08577,80,0,35,1,0,0,27,55,1,10,77,4,6,7,15,1,21,31,5,12,6,5,0,19,7,19,0,2,27,1,24,4
2021/2022,ventersburg,matjhabeng,lejweleputswa,27.13605,-28.08577,67,1,43,2,0,0,26,32,0,6,100,6,6,7,12,1,23,41,3,13,5,5,0,16,1,14,0,2,43,0,25,3
2022/2023,ventersburg,matjhabeng,lejweleputswa,27.13605,-28.08577,73,0,65,10,0,0,37,54,1,9,145,5,6,2,23,1,14,48,4,20,6,2,0,15,3,23,0,12,42,5,115,1
2023/2024,ventersburg,lejweleputswa district,lejweleputswa district,27.13605,-28.08577,0,0,0,0,0,0,0,89,0,0,0,0,0,0,0,0,0,0,0,0,0,4,0,0,0,0,0,0,0,3,143,0
2024/2025,ventersburg,lejweleputswa district,lejweleputswa district,27.13605,-28.08577,0,0,0,0,0,0,0,50,0,0,0,0,0,0,0,0,0,0,0,0,0,3,0,0,0,0,0,0,0,1,35,0
2008/2009,ventersdorp,jb marks,dr kenneth kaunda,26.82122,-26.31736,338,7,345,11,6,0,69,245,3,47,167,75,8,20,36,2,1,150,21,67,7,9,0,40,8,85,0,17,110,16,35,1
2009/2010,ventersdorp,jb marks,dr kenneth kaunda,26.82122,-26.31736,279,7,328,6,8,0,58,262,7,40,187,86,12,25,52,3,1,101,8,63,3,2,0,22,5,83,0,13,116,29,38,3
2010/2011,ventersdorp,jb marks,dr kenneth kaunda,26.82122,-26.31736,235,2,265,7,6,0,53,186,1,33,110,60,8,16,70,3,1,55,11,70,8,6,0,47,5,85,0,5,133,9,18,0
2011/2012,ventersdorp,jb marks,dr kenneth kaunda,26.82122,-26.31736,201,6,256,7,4,0,33,147,0,27,105,25,7,21,48,5,1,53,15,43,13,9,0,60,7,55,0,7,180,15,29,0
2012/2013,ventersdorp,jb marks,dr kenneth kaunda,26.82122,-26.31736,271,10,290,13,12,0,68,193,0,20,177,33,5,22,62,9,1,95,19,46,5,6,0,68,9,70,0,11,184,11,18,1
2013/2014,ventersdorp,jb marks,dr kenneth kaunda,26.82122,-26.31736,259,9,268,14,5,0,76,244,0,30,120,26,4,19,121,8,25,68,12,87,9,7,0,52,4,98,0,12,107,10,25,1
2014/2015,ventersdorp,jb marks,dr kenneth kaunda,26.82122,-26.31736,224,6,322,6,2,0,81,254,1,32,112,40,6,20,135,8,23,93,6,47,15,6,0,49,12,61,0,10,90,19,32,2
2015/2016,ventersdorp,jb marks,dr kenneth kaunda,26.82122,-26.31736,203,7,386,2,4,0,78,223,1,34,153,48,7,37,189,11,12,93,15,48,14,9,0,70,5,58,0,19,141,34,25,4
2016/2017,ventersdorp,jb marks,dr kenneth kaunda,26.82122,-26.31736,263,6,343,5,0,0,111,203,2,34,145,38,7,26,131,9,22,89,14,86,14,14,0,102,10,97,0,13,143,42,37,3
2017/2018,ventersdorp,jb marks,dr kenneth kaunda,26.82122,-26.31736,275,3,360,7,2,0,95,227,8,24,150,38,6,30,102,14,14,102,8,67,10,8,1,82,12,81,0,14,139,21,43,3
2018/2019,ventersdorp,jb marks,dr kenneth kaunda,26.82122,-26.31736,296,11,344,2,1,0,91,277,10,35,193,57,4,30,64,4,14,131,13,71,11,10,0,103,13,87,0,7,206,27,41,3
2019/2020,ventersdorp,jb marks,dr kenneth kaunda,26.82122,-26.31736,339,9,330,3,5,0,77,223,4,29,185,39,7,27,67,11,25,88,5,65,14,5,0,97,8,79,0,13,139,31,32,2
2020/2021,ventersdorp,jb marks,dr kenneth kaunda,26.82122,-26.31736,330,5,262,10,4,0,78,258,0,22,163,54,7,11,74,1,12,94,14,53,9,15,0,68,10,68,0,7,92,7,35,0
2021/2022,ventersdorp,jb marks,dr kenneth kaunda,26.82122,-26.31736,402,9,314,10,1,0,85,203,5,35,212,39,4,21,35,2,25,126,5,52,22,8,0,97,7,62,0,4,91,17,36,8
2022/2023,ventersdorp,jb marks,dr kenneth kaunda,26.82122,-26.31736,358,1,335,4,0,0,35,217,3,23,211,42,6,23,12,4,23,131,4,71,8,12,0,93,8,79,0,5,99,11,25,1
2023/2024,ventersdorp,dr kenneth kaunda district,dr kenneth kaunda district,26.82122,-26.31736,0,0,0,0,0,0,0,179,1,0,0,0,0,0,0,0,0,0,0,0,0,12,0,0,0,0,0,0,0,2,38,0
2024/2025,ventersdorp,dr kenneth kaunda district,dr kenneth kaunda district,26.82122,-26.31736,0,0,0,0,0,0,0,193,3,0,0,0,0,0,0,0,0,0,0,0,0,15,0,0,0,0,0,0,0,5,38,0
2008/2009,venterstad,walter sisulu,joe gqabi,25.80117,-30.77378,28,1,79,1,0,0,5,34,0,2,24,2,7,3,7,2,1,18,2,6,0,0,0,0,2,9,0,1,34,0,0,0
2009/2010,venterstad,walter sisulu,joe gqabi,25.80117,-30.77378,19,1,55,2,1,0,1,27,0,1,25,0,5,2,13,0,1,14,4,9,1,1,0,3,2,15,0,0,23,3,0,0
2010/2011,venterstad,walter sisulu,joe gqabi,25.80117,-30.77378,26,1,55,1,1,0,2,33,0,3,18,0,7,2,21,1,1,17,4,11,0,0,0,0,1,14,0,1,20,2,3,0
2011/2012,venterstad,walter sisulu,joe gqabi,25.80117,-30.77378,29,0,68,1,1,0,2,41,1,1,23,0,4,0,11,1,1,8,1,4,0,0,0,2,2,9,3,0,32,2,3,0
2012/2013,venterstad,walter sisulu,joe gqabi,25.80117,-30.77378,22,0,77,0,0,0,6,30,0,3,26,0,7,2,17,0,1,15,2,6,0,1,0,3,2,9,0,0,27,5,0,0
2013/2014,venterstad,walter sisulu,joe gqabi,25.80117,-30.77378,21,0,64,0,0,0,8,41,0,6,25,1,6,1,14,3,13,8,4,3,1,1,0,2,2,5,0,0,26,1,2,0
2014/2015,venterstad,walter sisulu,joe gqabi,25.80117,-30.77378,17,1,59,0,0,0,14,22,0,2,16,3,6,1,11,0,13,13,5,5,1,0,0,1,1,6,0,0,36,2,2,0
2015/2016,venterstad,walter sisulu,joe gqabi,25.80117,-30.77378,29,1,68,1,0,0,8,34,0,5,13,2,6,1,21,1,13,14,3,8,0,0,0,1,1,9,0,0,44,1,2,0
2016/2017,venterstad,walter sisulu,joe gqabi,25.80117,-30.77378,19,0,76,1,0,0,6,40,0,4,23,3,6,2,7,0,13,24,2,10,0,0,0,2,1,11,0,0,52,0,0,0
2017/2018,venterstad,walter sisulu,joe gqabi,25.80117,-30.77378,19,1,76,4,1,0,9,43,1,7,25,5,7,0,10,0,13,17,3,7,4,5,0,14,3,12,0,0,59,0,4,0
2018/2019,venterstad,walter sisulu,joe gqabi,25.80117,-30.77378,25,1,68,2,0,0,4,37,0,4,15,1,6,2,8,0,13,16,3,2,1,3,0,6,1,3,0,1,47,5,4,0
2019/2020,venterstad,walter sisulu,joe gqabi,25.80117,-30.77378,15,0,63,1,0,0,10,10,0,0,12,0,6,1,1,0,21,11,5,10,3,0,0,3,1,11,0,0,69,1,2,0
2020/2021,venterstad,walter sisulu,joe gqabi,25.80117,-30.77378,22,1,55,1,0,0,9,12,0,3,16,2,6,1,1,0,21,15,3,5,1,0,0,1,0,5,0,0,64,1,0,0
2021/2022,venterstad,walter sisulu,joe gqabi,25.80117,-30.77378,18,1,76,0,0,0,7,21,0,15,23,2,7,1,9,0,13,10,4,8,0,1,0,2,1,10,0,0,33,0,4,0
2022/2023,venterstad,walter sisulu,joe gqabi,25.80117,-30.77378,30,0,60,2,0,0,8,13,0,4,16,2,4,1,8,0,13,21,6,7,1,0,0,2,2,11,0,1,22,0,0,1
2023/2024,venterstad,joe gqabi district,joe gqabi district,25.80117,-30.77378,0,0,0,0,0,0,0,15,0,0,0,0,0,0,0,0,0,0,0,0,0,3,0,0,0,0,0,0,0,0,2,0
2024/2025,venterstad,joe gqabi district,joe gqabi district,25.80117,-30.77378,0,0,0,0,0,0,0,20,0,0,0,0,0,0,0,0,0,0,0,0,0,0,0,0,0,0,0,0,0,1,3,0
2008/2009,vereeniging,midvaal,sedibeng,27.92999,-26.67931,1261,12,313,43,5,1,302,504,48,333,476,238,39,385,68,29,1,363,20,56,55,53,0,382,16,123,0,494,22,585,356,31
2009/2010,vereeniging,midvaal,sedibeng,27.92999,-26.67931,1242,10,290,26,3,1,342,777,77,403,471,167,22,628,63,16,1,464,15,79,71,69,1,413,24,126,0,511,37,606,328,37
2010/2011,vereeniging,midvaal,sedibeng,27.92999,-26.67931,1177,12,254,19,5,0,294,778,42,300,406,170,8,591,77,23,1,337,24,55,39,56,1,264,20,84,0,530,26,398,290,18
2011/2012,vereeniging,midvaal,sedibeng,27.92999,-26.67931,1165,7,280,19,1,0,323,766,37,347,323,158,11,293,169,22,1,369,10,67,44,52,0,286,15,91,3,553,19,394,306,31
2012/2013,vereeniging,midvaal,sedibeng,27.92999,-26.67931,1215,8,244,21,2,0,284,758,32,393,350,154,8,353,219,15,1,327,16,44,44,85,0,290,9,59,1,397,20,356,358,19
2013/2014,vereeniging,midvaal,sedibeng,27.92999,-26.67931,1158,7,273,14,2,3,325,782,41,349,319,158,8,235,1104,23,24,291,16,46,56,91,0,333,14,66,0,432,27,387,344,4
2014/2015,vereeniging,midvaal,sedibeng,27.92999,-26.67931,1105,8,265,22,3,0,387,828,67,310,300,186,4,323,838,16,3,225,20,32,65,103,0,405,9,46,0,452,25,421,400,20
2015/2016,vereeniging,midvaal,sedibeng,27.92999,-26.67931,1003,5,233,24,1,0,488,737,41,335,384,246,10,377,594,29,36,246,19,41,83,92,0,431,14,62,1,440,16,512,479,13
2016/2017,vereeniging,midvaal,sedibeng,27.92999,-26.67931,891,3,265,27,3,0,492,768,81,284,331,230,17,217,706,33,27,223,20,44,83,81,0,474,14,70,0,368,7,475,387,9
2017/2018,vereeniging,midvaal,sedibeng,27.92999,-26.67931,922,0,211,18,2,0,440,914,41,251,282,167,4,258,897,24,28,179,19,39,59,77,0,375,22,65,18,313,6,388,360,6
2018/2019,vereeniging,midvaal,sedibeng,27.92999,-26.67931,769,3,195,21,3,0,311,608,29,339,285,162,4,233,462,15,29,179,23,55,55,81,0,334,26,86,1,226,15,361,267,7
2019/2020,vereeniging,midvaal,sedibeng,27.92999,-26.67931,741,1,162,16,0,0,254,536,53,348,291,126,6,244,511,21,22,159,16,36,60,49,0,334,11,47,0,202,7,224,225,10
2020/2021,vereeniging,midvaal,sedibeng,27.92999,-26.67931,544,2,118,17,1,0,190,403,44,353,286,96,6,131,309,16,25,144,12,45,37,55,1,279,15,61,2,161,13,148,209,10
2021/2022,vereeniging,midvaal,sedibeng,27.92999,-26.67931,576,0,158,21,2,0,145,425,36,375,294,98,10,112,228,16,4,116,28,44,53,100,0,287,16,68,2,192,16,191,171,4
2022/2023,vereeniging,midvaal,sedibeng,27.92999,-26.67931,530,1,168,21,2,0,191,355,32,326,325,73,8,96,285,22,51,146,29,36,63,82,0,286,13,55,1,170,39,190,137,10
2023/2024,vereeniging,sedibeng district,sedibeng district,27.92999,-26.67931,0,0,0,0,0,0,0,288,49,0,0,0,0,0,0,0,0,0,0,0,0,55,0,0,0,0,0,0,0,214,158,0
2024/2025,vereeniging,sedibeng district,sedibeng district,27.92999,-26.67931,0,0,0,0,0,0,0,285,48,0,0,0,0,0,0,0,0,0,0,0,0,57,0,0,0,0,0,0,0,165,151,0
2008/2009,verena,thembisile,nkangala,29.02751,-25.48245,84,2,75,7,3,0,34,81,6,2,46,10,5,4,1,4,1,25,5,17,6,6,0,39,0,23,0,1,23,10,7,1
2009/2010,verena,thembisile,nkangala,29.02751,-25.48245,54,6,59,3,1,0,26,57,1,3,50,13,5,4,15,3,1,24,2,20,16,8,0,49,0,24,0,0,20,5,6,0
2010/2011,verena,thembisile,nkangala,29.02751,-25.48245,80,2,57,2,3,0,28,58,3,4,39,15,7,135,10,2,1,13,2,22,7,5,0,29,1,27,0,3,37,1,8,4
2011/2012,verena,thembisile,nkangala,29.02751,-25.48245,119,4,71,1,1,0,34,70,6,7,22,16,6,27,18,4,1,20,6,15,12,6,0,46,0,16,0,1,32,3,19,4
2012/2013,verena,thembisile,nkangala,29.02751,-25.48245,63,4,52,2,1,0,42,65,4,9,24,7,7,13,28,10,1,19,4,16,17,7,0,37,1,19,0,0,25,6,9,2
2013/2014,verena,thembisile,nkangala,29.02751,-25.48245,86,1,44,6,2,0,14,57,2,4,13,10,7,7,57,3,12,13,3,12,7,4,0,26,1,16,0,0,24,6,7,4
2014/2015,verena,thembisile,nkangala,29.02751,-25.48245,54,3,48,6,1,0,18,53,1,4,19,11,6,10,68,3,21,19,4,10,6,4,1,26,0,11,0,0,18,2,11,0
2015/2016,verena,thembisile,nkangala,29.02751,-25.48245,52,1,49,4,1,0,29,51,6,4,20,5,6,9,96,1,12,14,3,11,9,3,1,34,2,14,0,0,27,6,5,0
2016/2017,verena,thembisile,nkangala,29.02751,-25.48245,65,1,58,6,0,0,31,43,12,5,25,16,6,7,109,2,12,13,5,12,12,11,1,51,0,12,0,0,10,4,17,3
2017/2018,verena,thembisile,nkangala,29.02751,-25.48245,65,3,47,3,0,0,43,49,7,5,16,19,6,8,122,6,12,19,1,12,7,13,0,48,4,16,0,0,25,5,7,1
2018/2019,verena,thembisile,nkangala,29.02751,-25.48245,33,1,55,5,0,0,24,86,13,7,23,11,6,4,106,3,21,12,2,10,13,7,0,50,2,12,0,1,41,5,20,1
2019/2020,verena,thembisile,nkangala,29.02751,-25.48245,42,3,59,7,0,0,34,95,5,8,25,11,7,1,67,3,13,16,6,13,11,5,0,38,2,16,0,0,27,5,12,0
2020/2021,verena,thembisile,nkangala,29.02751,-25.48245,43,0,71,9,0,0,29,55,6,12,36,7,6,4,17,3,17,10,7,8,13,2,0,43,1,9,0,1,33,2,10,3
2021/2022,verena,thembisile,nkangala,29.02751,-25.48245,44,3,74,10,3,0,26,53,15,17,38,8,6,1,5,1,12,30,6,7,13,8,0,65,2,12,1,2,44,1,9,4
2022/2023,verena,thembisile,nkangala,29.02751,-25.48245,53,3,78,12,4,0,31,67,3,11,58,14,6,1,3,0,23,24,6,16,23,31,1,90,2,22,0,10,28,4,19,1
2023/2024,verena,nkangala district,nkangala district,29.02751,-25.48245,0,0,0,0,0,0,0,80,10,0,0,0,0,0,0,0,0,0,0,0,0,18,0,0,0,0,0,0,0,5,15,0
2024/2025,verena,nkangala district,nkangala district,29.02751,-25.48245,0,0,0,0,0,0,0,84,9,0,0,0,0,0,0,0,0,0,0,0,0,22,0,0,0,0,0,0,0,4,15,0
2008/2009,verkeerdevlei,masilonyana,lejweleputswa,26.77901,-28.83224,21,0,20,2,2,0,1,10,1,2,17,0,7,1,2,0,1,9,0,2,2,1,0,6,0,5,0,0,18,5,4,0
2009/2010,verkeerdevlei,masilonyana,lejweleputswa,26.77901,-28.83224,13,2,22,2,0,0,0,17,1,0,18,0,6,3,4,0,1,7,2,5,1,0,0,3,0,5,0,0,38,3,2,0
2010/2011,verkeerdevlei,masilonyana,lejweleputswa,26.77901,-28.83224,19,1,14,0,2,0,0,4,1,0,17,0,6,1,13,0,1,2,0,3,0,0,0,2,1,6,0,0,35,1,2,1
2011/2012,verkeerdevlei,masilonyana,lejweleputswa,26.77901,-28.83224,15,1,20,1,1,0,0,12,0,1,24,1,7,3,3,0,1,8,0,2,0,0,0,1,2,6,0,0,48,2,0,0
2012/2013,verkeerdevlei,masilonyana,lejweleputswa,26.77901,-28.83224,33,0,25,0,1,0,0,22,0,1,28,0,7,4,5,0,1,11,1,6,1,0,0,1,0,8,0,0,28,1,0,0
2013/2014,verkeerdevlei,masilonyana,lejweleputswa,26.77901,-28.83224,30,1,21,1,1,0,6,15,0,1,21,0,6,1,6,0,13,6,0,2,1,0,0,1,1,4,0,0,19,3,1,0
2014/2015,verkeerdevlei,masilonyana,lejweleputswa,26.77901,-28.83224,29,4,6,1,0,0,3,18,0,1,14,2,6,2,2,0,13,9,1,4,1,0,1,2,1,5,0,0,21,2,2,0
2015/2016,verkeerdevlei,masilonyana,lejweleputswa,26.77901,-28.83224,25,0,23,0,3,0,2,18,0,3,12,0,6,4,9,0,13,4,0,1,0,0,0,1,0,4,0,0,56,0,0,0
2016/2017,verkeerdevlei,masilonyana,lejweleputswa,26.77901,-28.83224,19,0,17,1,1,0,0,10,0,0,17,0,6,4,6,0,13,6,2,3,1,1,0,2,1,5,3,0,63,3,2,0
2017/2018,verkeerdevlei,masilonyana,lejweleputswa,26.77901,-28.83224,25,0,15,0,0,0,2,21,0,3,12,0,6,4,7,0,13,10,1,3,0,0,0,1,0,3,7,0,54,3,17,0
2018/2019,verkeerdevlei,masilonyana,lejweleputswa,26.77901,-28.83224,10,1,4,1,0,0,3,9,0,0,2,0,6,0,0,0,13,3,0,1,0,0,0,0,0,1,0,0,48,0,3,0
2019/2020,verkeerdevlei,masilonyana,lejweleputswa,26.77901,-28.83224,11,0,2,1,0,0,8,2,0,0,4,0,6,0,0,0,13,1,0,0,0,1,0,1,0,0,0,0,40,0,0,0
2020/2021,verkeerdevlei,masilonyana,lejweleputswa,26.77901,-28.83224,14,0,1,2,0,0,1,3,0,0,2,0,6,0,0,1,13,4,0,0,0,0,0,0,0,0,0,0,46,0,2,0
2021/2022,verkeerdevlei,masilonyana,lejweleputswa,26.77901,-28.83224,5,0,0,0,0,0,1,3,0,0,2,0,6,0,0,0,13,2,1,0,1,0,0,1,0,0,0,0,20,0,0,0
2022/2023,verkeerdevlei,masilonyana,lejweleputswa,26.77901,-28.83224,1,0,1,1,0,0,0,4,0,0,4,0,6,0,0,0,13,1,0,0,0,0,0,0,0,0,0,0,18,0,0,0
2023/2024,verkeerdevlei,lejweleputswa district,lejweleputswa district,26.77901,-28.83224,0,0,0,0,0,0,0,4,1,0,0,0,0,0,0,0,0,0,0,0,0,0,0,0,0,0,0,0,0,0,2,0
2024/2025,verkeerdevlei,lejweleputswa district,lejweleputswa district,26.77901,-28.83224,0,0,0,0,0,0,0,11,0,0,0,0,0,0,0,0,0,0,0,0,0,0,0,0,0,0,0,0,0,0,4,0
2008/2009,verkykerskop,phumelela,thabo mofutsanyane,29.28102,-27.91964,10,0,6,0,0,0,0,13,0,0,7,0,6,1,0,0,1,4,1,1,0,2,0,2,0,1,0,0,80,1,1,0
2009/2010,verkykerskop,phumelela,thabo mofutsanyane,29.28102,-27.91964,7,0,10,0,1,0,0,6,0,0,7,0,7,0,2,0,1,1,0,0,0,0,0,0,0,2,0,0,43,0,0,0
2010/2011,verkykerskop,phumelela,thabo mofutsanyane,29.28102,-27.91964,6,0,5,0,0,0,0,5,0,0,4,2,6,0,0,0,1,8,1,1,0,0,0,0,0,1,0,0,44,0,0,0
2011/2012,verkykerskop,phumelela,thabo mofutsanyane,29.28102,-27.91964,14,0,7,0,1,0,3,5,0,0,3,0,6,1,0,0,1,2,0,1,0,0,0,0,0,2,0,0,95,0,1,0
2012/2013,verkykerskop,phumelela,thabo mofutsanyane,29.28102,-27.91964,7,0,5,1,0,0,1,10,0,0,2,0,6,0,0,0,1,0,1,3,0,0,0,0,0,3,0,0,52,0,1,0
2013/2014,verkykerskop,phumelela,thabo mofutsanyane,29.28102,-27.91964,8,0,3,0,0,0,1,9,0,1,3,0,6,0,1,0,13,3,0,0,0,0,0,0,0,0,0,0,58,0,0,0
2014/2015,verkykerskop,phumelela,thabo mofutsanyane,29.28102,-27.91964,19,0,2,0,1,0,0,10,0,0,5,0,7,0,1,0,13,1,1,0,0,0,0,0,0,2,0,0,45,1,0,0
2015/2016,verkykerskop,phumelela,thabo mofutsanyane,29.28102,-27.91964,16,1,1,1,0,0,0,11,0,0,3,0,6,0,2,0,13,5,0,1,0,0,0,0,0,1,0,0,48,0,3,0
2016/2017,verkykerskop,phumelela,thabo mofutsanyane,29.28102,-27.91964,10,0,8,1,0,0,2,10,0,0,3,0,6,0,0,0,13,1,1,1,0,1,0,1,0,1,0,0,59,0,1,0
2017/2018,verkykerskop,phumelela,thabo mofutsanyane,29.28102,-27.91964,7,0,6,1,0,0,3,11,0,0,2,0,6,2,3,0,13,2,0,1,0,0,0,0,0,1,0,0,62,1,4,0
2018/2019,verkykerskop,phumelela,thabo mofutsanyane,29.28102,-27.91964,10,1,4,1,0,0,3,9,0,0,2,0,6,0,0,0,13,3,0,1,0,0,0,0,0,1,0,0,48,0,3,0
2019/2020,verkykerskop,phumelela,thabo mofutsanyane,29.28102,-27.91964,11,0,2,1,0,0,8,2,0,0,4,0,6,0,0,0,13,1,0,0,0,1,0,1,0,0,0,0,40,0,0,0
2020/2021,verkykerskop,phumelela,thabo mofutsanyane,29.28102,-27.91964,14,0,1,2,0,0,1,3,0,0,2,0,6,0,0,1,13,4,0,0,0,0,0,0,0,0,0,0,46,0,2,0
2021/2022,verkykerskop,phumelela,thabo mofutsanyane,29.28102,-27.91964,5,0,0,0,0,0,1,3,0,0,2,0,6,0,0,0,13,2,1,0,1,0,0,1,0,0,0,0,20,0,0,0
2022/2023,verkykerskop,phumelela,thabo mofutsanyane,29.28102,-27.91964,1,0,1,1,0,0,0,4,0,0,4,0,6,0,0,0,13,1,0,0,0,0,0,0,0,0,0,0,18,0,0,0
2023/2024,verkykerskop,thabo mofutsanyana district,thabo mofutsanyana district,29.28102,-27.91964,0,0,0,0,0,0,0,3,0,0,0,0,0,0,0,0,0,0,0,0,0,0,0,0,0,0,0,0,0,0,0,0
2024/2025,verkykerskop,thabo mofutsanyana district,thabo mofutsanyana district,29.28102,-27.91964,0,0,0,0,0,0,0,2,0,0,0,0,0,0,0,0,0,0,0,0,0,0,0,0,0,0,0,0,0,1,2,0
2008/2009,verulam,ethekwini,ethekwini,31.04136,-29.64474,1163,25,369,89,8,0,104,502,81,139,803,194,38,149,198,56,1,403,48,143,45,106,1,616,21,196,0,72,10,222,209,3
2009/2010,verulam,ethekwini,ethekwini,31.04136,-29.64474,1015,16,323,101,5,0,104,568,93,156,868,191,17,65,263,50,1,462,56,123,27,98,1,494,23,160,0,80,4,241,196,0
2010/2011,verulam,ethekwini,ethekwini,31.04136,-29.64474,1052,16,298,63,5,0,102,414,65,147,821,154,12,53,365,40,1,386,46,102,30,80,1,417,25,139,0,77,8,180,175,0
2011/2012,verulam,ethekwini,ethekwini,31.04136,-29.64474,916,22,291,61,10,0,93,489,51,107,687,173,6,124,516,31,1,277,37,110,27,64,0,351,22,142,5,66,5,127,146,0
2012/2013,verulam,ethekwini,ethekwini,31.04136,-29.64474,595,13,258,59,3,0,106,493,42,105,455,213,5,138,699,42,1,215,36,113,25,76,0,310,14,133,1,50,1,103,181,0
2013/2014,verulam,ethekwini,ethekwini,31.04136,-29.64474,541,9,217,40,1,0,97,490,45,103,392,103,5,164,808,62,2,169,42,103,27,69,0,303,20,127,18,33,7,93,204,0
2014/2015,verulam,ethekwini,ethekwini,31.04136,-29.64474,586,9,278,50,1,0,92,493,43,116,316,91,7,102,907,33,28,201,55,97,33,65,0,311,14,113,31,59,11,190,154,1
2015/2016,verulam,ethekwini,ethekwini,31.04136,-29.64474,479,10,262,52,0,0,114,430,54,109,276,86,5,121,1020,34,38,180,40,96,41,80,0,325,13,112,16,38,2,192,166,0
2016/2017,verulam,ethekwini,ethekwini,31.04136,-29.64474,409,4,225,34,6,0,92,375,27,149,247,66,5,159,1281,36,37,138,56,79,33,47,0,217,13,101,26,44,4,155,107,0
2017/2018,verulam,ethekwini,ethekwini,31.04136,-29.64474,281,5,278,60,10,0,77,345,37,160,209,60,8,295,1418,49,3,133,51,114,49,48,0,232,7,135,50,33,2,157,97,1
2018/2019,verulam,ethekwini,ethekwini,31.04136,-29.64474,510,10,261,62,4,0,112,548,43,261,405,86,7,256,852,37,18,198,80,116,69,78,0,341,11,132,35,47,11,142,176,2
2019/2020,verulam,ethekwini,ethekwini,31.04136,-29.64474,580,14,392,91,3,0,137,520,65,326,563,112,7,380,718,57,47,261,81,119,53,91,0,450,12,135,27,58,10,120,251,3
2020/2021,verulam,ethekwini,ethekwini,31.04136,-29.64474,468,9,323,70,7,0,155,379,54,303,429,88,9,27,486,24,48,219,67,92,53,98,0,428,21,125,7,83,18,185,224,2
2021/2022,verulam,ethekwini,ethekwini,31.04136,-29.64474,559,46,455,126,3,0,405,424,84,310,568,92,4,21,686,49,49,378,133,121,69,138,0,568,16,142,18,110,19,201,181,6
2022/2023,verulam,ethekwini,ethekwini,31.04136,-29.64474,713,5,414,107,8,0,93,453,87,356,614,100,7,25,623,54,50,339,147,100,63,164,1,659,17,126,22,164,15,159,179,0
2023/2024,verulam,ethekwini district,ethekwini district,31.04136,-29.64474,0,0,0,0,0,0,0,470,87,0,0,0,0,0,0,0,0,0,0,0,0,168,0,0,0,0,0,0,0,196,157,0
2024/2025,verulam,ethekwini district,ethekwini district,31.04136,-29.64474,0,0,0,0,0,0,0,455,82,0,0,0,0,0,0,0,0,0,0,0,0,190,0,0,0,0,0,0,0,207,184,0
2008/2009,vhulaudzi,makhado,vhembe,30.1905,-22.95847,0,0,0,0,0,0,0,0,0,0,0,0,6,0,0,0,1,0,0,0,0,0,0,0,0,0,0,0,0,0,0,0
2009/2010,vhulaudzi,makhado,vhembe,30.1905,-22.95847,0,0,0,0,0,0,0,0,0,0,0,0,6,0,0,0,1,0,0,0,0,0,0,0,0,0,0,0,0,0,0,0
2010/2011,vhulaudzi,makhado,vhembe,30.1905,-22.95847,0,0,0,0,0,0,0,0,0,0,0,0,6,0,0,0,1,0,0,0,0,0,0,0,0,0,0,0,0,0,0,0
2011/2012,vhulaudzi,makhado,vhembe,30.1905,-22.95847,0,0,0,0,0,0,0,0,0,0,0,0,6,0,0,0,1,0,0,0,0,0,0,0,0,0,0,0,0,0,0,0
2012/2013,vhulaudzi,makhado,vhembe,30.1905,-22.95847,0,0,0,0,0,0,0,0,0,0,0,0,6,0,0,0,1,0,0,0,0,0,0,0,0,0,0,0,0,0,0,0
2013/2014,vhulaudzi,makhado,vhembe,30.1905,-22.95847,0,0,0,0,0,0,0,0,0,0,0,0,6,0,0,0,13,0,0,0,0,0,0,0,0,0,0,0,0,0,0,0
2014/2015,vhulaudzi,makhado,vhembe,30.1905,-22.95847,0,0,0,0,0,0,0,0,0,0,0,0,6,0,0,0,13,0,0,0,0,0,0,0,0,0,0,0,0,0,0,0
2015/2016,vhulaudzi,makhado,vhembe,30.1905,-22.95847,0,0,0,0,0,0,0,0,0,0,0,0,6,0,0,0,13,0,0,0,0,0,0,0,0,0,0,0,0,0,0,0
2016/2017,vhulaudzi,makhado,vhembe,30.1905,-22.95847,0,0,0,0,0,0,0,0,0,0,0,0,6,0,0,0,13,0,0,0,0,0,0,0,0,0,0,0,0,0,0,0
2017/2018,vhulaudzi,makhado,vhembe,30.1905,-22.95847,14,2,31,3,0,0,10,7,0,0,15,2,6,4,14,0,13,9,4,8,1,2,0,6,0,8,1,0,1,0,7,0
2018/2019,vhulaudzi,makhado,vhembe,30.1905,-22.95847,12,0,37,6,1,0,12,19,0,1,14,1,4,14,12,0,13,18,4,13,5,0,0,11,0,16,0,0,0,0,6,0
2019/2020,vhulaudzi,makhado,vhembe,30.1905,-22.95847,10,1,38,0,0,0,5,23,0,2,15,2,6,35,1,0,13,22,0,5,5,2,0,11,1,6,6,0,1,0,3,0
2020/2021,vhulaudzi,makhado,vhembe,30.1905,-22.95847,17,0,38,3,1,0,6,9,0,2,22,1,6,22,0,0,13,10,0,9,1,0,0,3,2,12,4,0,2,0,4,0
2021/2022,vhulaudzi,makhado,vhembe,30.1905,-22.95847,21,2,49,5,0,0,4,18,1,3,57,5,4,27,1,0,21,25,0,7,3,1,0,8,1,10,10,0,1,1,3,0
2022/2023,vhulaudzi,makhado,vhembe,30.1905,-22.95847,30,0,62,0,0,0,11,14,0,2,74,9,6,5,5,0,12,31,1,13,1,2,0,10,0,13,20,0,3,1,4,0
2023/2024,vhulaudzi,vhembe district,vhembe district,30.1905,-22.95847,0,0,0,0,0,0,0,17,0,0,0,0,0,0,0,0,0,0,0,0,0,4,0,0,0,0,0,0,0,0,3,0
2024/2025,vhulaudzi,vhembe district,vhembe district,30.1905,-22.95847,0,0,0,0,0,0,0,17,0,0,0,0,0,0,0,0,0,0,0,0,0,4,0,0,0,0,0,0,0,0,1,0
2008/2009,victoria west,ubuntu,pixley ka seme,23.11399,-31.40416,52,1,110,9,5,0,23,37,1,7,63,3,6,13,66,4,1,24,7,12,0,0,0,2,1,18,0,25,29,0,7,0
2009/2010,victoria west,ubuntu,pixley ka seme,23.11399,-31.40416,53,0,109,10,0,0,38,44,0,12,56,1,6,4,40,0,1,31,7,4,0,0,0,1,3,7,0,14,61,2,7,0
2010/2011,victoria west,ubuntu,pixley ka seme,23.11399,-31.40416,38,0,87,13,0,0,42,61,0,4,59,4,9,9,41,1,1,20,6,12,1,1,0,4,3,20,0,9,25,0,9,0
2011/2012,victoria west,ubuntu,pixley ka seme,23.11399,-31.40416,46,1,114,12,1,0,41,70,0,7,40,5,5,2,14,0,1,20,6,6,1,4,0,9,1,11,0,3,44,5,14,1
2012/2013,victoria west,ubuntu,pixley ka seme,23.11399,-31.40416,49,2,99,11,0,0,35,80,0,3,41,11,5,6,20,0,1,21,13,9,1,3,0,10,4,16,0,2,44,2,17,0
2013/2014,victoria west,ubuntu,pixley ka seme,23.11399,-31.40416,39,1,108,5,0,0,14,37,0,5,56,5,7,3,41,0,13,21,11,13,2,1,0,5,4,18,0,2,15,2,8,0
2014/2015,victoria west,ubuntu,pixley ka seme,23.11399,-31.40416,37,1,82,8,0,0,24,43,0,4,36,6,6,8,74,5,13,16,3,6,1,0,0,6,2,8,0,2,5,2,9,0
2015/2016,victoria west,ubuntu,pixley ka seme,23.11399,-31.40416,39,0,87,12,0,0,16,38,0,5,38,2,5,5,55,0,13,15,5,14,2,0,0,3,7,24,0,3,6,1,7,0
2016/2017,victoria west,ubuntu,pixley ka seme,23.11399,-31.40416,42,3,80,11,1,0,41,40,0,6,35,11,6,6,36,1,13,17,4,6,1,0,0,2,0,7,0,6,20,0,8,0
2017/2018,victoria west,ubuntu,pixley ka seme,23.11399,-31.40416,44,3,54,8,1,0,34,49,0,8,30,7,6,4,37,0,13,21,6,10,0,2,0,6,1,12,0,16,40,0,18,0
2018/2019,victoria west,ubuntu,pixley ka seme,23.11399,-31.40416,33,1,57,7,1,0,22,36,0,11,34,1,6,3,12,0,13,19,5,14,1,1,0,2,1,16,0,9,34,2,11,0
2019/2020,victoria west,ubuntu,pixley ka seme,23.11399,-31.40416,34,1,54,14,1,0,22,36,0,8,34,2,6,3,7,1,13,20,3,15,2,1,0,5,0,16,0,9,31,6,11,0
2020/2021,victoria west,ubuntu,pixley ka seme,23.11399,-31.40416,52,2,55,6,0,0,45,39,0,13,37,3,4,1,8,2,13,25,3,7,2,0,0,5,3,12,0,13,43,0,16,0
2021/2022,victoria west,ubuntu,pixley ka seme,23.11399,-31.40416,58,1,68,10,1,0,25,52,0,6,46,2,5,0,4,1,13,26,7,7,0,0,0,1,2,13,0,2,17,2,11,0
2022/2023,victoria west,ubuntu,pixley ka seme,23.11399,-31.40416,64,2,68,19,1,0,35,74,0,12,45,5,7,0,17,1,13,18,5,15,0,3,0,9,1,18,0,3,42,0,17,0
2023/2024,victoria west,pixley ka seme district,pixley ka seme district,23.11399,-31.40416,0,0,0,0,0,0,0,46,0,0,0,0,0,0,0,0,0,0,0,0,0,3,0,0,0,0,0,0,0,1,14,0
2024/2025,victoria west,pixley ka seme district,pixley ka seme district,23.11399,-31.40416,0,0,0,0,0,0,0,57,0,0,0,0,0,0,0,0,0,0,0,0,0,0,0,0,0,0,0,0,0,1,10,0
2008/2009,vierfontein,moqhaka,fezile dabi,26.75187,-27.08004,171,2,69,4,0,1,5,30,3,17,28,5,8,10,9,0,1,27,6,11,0,0,0,6,2,17,0,0,17,8,9,0
2009/2010,vierfontein,moqhaka,fezile dabi,26.75187,-27.08004,65,0,61,5,0,0,4,50,1,5,26,5,7,2,12,1,1,15,6,9,0,0,0,6,1,11,0,0,18,8,10,0
2010/2011,vierfontein,moqhaka,fezile dabi,26.75187,-27.08004,90,0,34,2,0,0,2,27,0,7,35,4,6,14,9,1,1,7,4,6,1,0,0,7,0,6,0,0,12,4,7,0
2011/2012,vierfontein,moqhaka,fezile dabi,26.75187,-27.08004,118,1,43,0,1,0,3,31,0,17,31,3,6,4,16,0,1,13,3,3,0,0,0,4,0,4,0,0,9,2,6,0
2012/2013,vierfontein,moqhaka,fezile dabi,26.75187,-27.08004,101,0,57,1,0,0,3,40,1,16,31,2,6,5,26,0,1,9,1,4,0,0,0,5,1,5,1,0,6,23,10,0
2013/2014,vierfontein,moqhaka,fezile dabi,26.75187,-27.08004,81,4,43,4,0,0,7,24,1,2,33,2,4,8,10,0,13,24,0,9,1,0,0,4,1,12,0,0,6,7,2,0
2014/2015,vierfontein,moqhaka,fezile dabi,26.75187,-27.08004,71,1,54,2,0,0,7,17,1,1,36,2,6,9,6,1,13,23,5,3,1,2,0,6,0,3,0,0,12,6,6,0
2015/2016,vierfontein,moqhaka,fezile dabi,26.75187,-27.08004,60,1,46,1,0,0,6,22,1,6,15,0,7,10,9,2,12,19,1,9,0,0,0,7,1,11,0,0,12,1,3,0
2016/2017,vierfontein,moqhaka,fezile dabi,26.75187,-27.08004,48,0,46,5,0,0,5,8,3,1,35,3,6,11,10,0,13,13,3,3,0,1,0,8,1,4,0,1,12,1,4,0
2017/2018,vierfontein,moqhaka,fezile dabi,26.75187,-27.08004,38,0,25,2,0,0,4,13,5,0,21,2,6,9,21,1,13,14,2,2,1,0,0,8,1,3,0,0,4,0,2,0
2018/2019,vierfontein,moqhaka,fezile dabi,26.75187,-27.08004,32,0,21,2,1,0,15,15,0,3,14,0,6,15,10,0,13,9,4,2,1,1,0,5,1,4,0,0,15,2,7,0
2019/2020,vierfontein,moqhaka,fezile dabi,26.75187,-27.08004,60,0,15,2,0,0,5,16,1,3,20,1,6,6,5,1,13,13,2,2,1,1,0,4,0,2,0,0,14,6,6,0
2020/2021,vierfontein,moqhaka,fezile dabi,26.75187,-27.08004,36,0,22,4,0,0,6,9,2,3,9,0,6,4,0,0,13,10,4,2,1,0,0,6,0,2,0,0,5,5,0,0
2021/2022,vierfontein,moqhaka,fezile dabi,26.75187,-27.08004,56,0,15,12,0,0,6,14,3,5,14,2,6,5,6,0,12,6,10,2,4,2,0,13,1,3,0,0,6,5,4,0
2022/2023,vierfontein,moqhaka,fezile dabi,26.75187,-27.08004,187,2,16,3,0,0,10,14,2,5,18,2,6,2,2,4,14,11,4,2,2,2,0,13,1,3,0,0,7,3,6,1
2023/2024,vierfontein,fezile dabi district,fezile dabi district,26.75187,-27.08004,0,0,0,0,0,0,0,14,0,0,0,0,0,0,0,0,0,0,0,0,0,0,0,0,0,0,0,0,0,2,6,0
2024/2025,vierfontein,fezile dabi district,fezile dabi district,26.75187,-27.08004,0,0,0,0,0,0,0,9,1,0,0,0,0,0,0,0,0,0,0,0,0,2,0,0,0,0,0,0,0,2,4,0
2008/2009,viljoensdrif,metsimaholo,fezile dabi,27.92026,-26.72698,100,1,27,3,2,0,3,18,4,1,43,4,5,8,4,0,1,28,3,2,0,0,0,11,1,8,0,0,3,15,3,4
2009/2010,viljoensdrif,metsimaholo,fezile dabi,27.92026,-26.72698,69,2,18,1,0,0,8,26,6,2,38,1,7,6,3,1,1,17,0,3,0,1,0,14,1,5,0,0,2,6,7,2
2010/2011,viljoensdrif,metsimaholo,fezile dabi,27.92026,-26.72698,75,0,20,2,0,0,8,23,5,3,25,1,6,1,1,0,1,17,1,3,2,0,0,14,1,4,0,0,10,7,10,3
2011/2012,viljoensdrif,metsimaholo,fezile dabi,27.92026,-26.72698,68,0,16,0,0,0,13,11,3,1,18,1,6,2,1,0,1,17,1,2,1,0,0,7,2,4,0,0,5,2,5,3
2012/2013,viljoensdrif,metsimaholo,fezile dabi,27.92026,-26.72698,40,0,18,2,0,0,5,25,6,2,26,1,6,0,7,0,1,8,0,1,4,0,0,15,1,2,0,0,7,2,4,1
2013/2014,viljoensdrif,metsimaholo,fezile dabi,27.92026,-26.72698,50,0,11,0,0,0,6,24,10,0,20,2,7,4,15,0,13,6,0,4,1,3,0,17,1,6,0,0,7,4,5,1
2014/2015,viljoensdrif,metsimaholo,fezile dabi,27.92026,-26.72698,51,0,7,1,0,0,14,13,3,2,10,1,6,9,19,0,13,4,0,0,1,1,0,7,0,0,0,0,5,5,9,0
2015/2016,viljoensdrif,metsimaholo,fezile dabi,27.92026,-26.72698,51,0,8,0,0,0,14,11,4,1,12,5,6,9,17,0,13,9,1,0,0,0,0,9,0,0,0,0,3,3,7,1
2016/2017,viljoensdrif,metsimaholo,fezile dabi,27.92026,-26.72698,36,0,10,0,0,0,7,1,1,1,9,5,6,9,23,0,13,8,3,0,0,0,0,5,0,0,0,0,1,2,2,1
2017/2018,viljoensdrif,metsimaholo,fezile dabi,27.92026,-26.72698,44,0,6,0,0,0,4,9,1,1,16,3,6,9,11,0,13,3,0,2,1,0,0,10,1,3,0,0,6,1,2,0
2018/2019,viljoensdrif,metsimaholo,fezile dabi,27.92026,-26.72698,9,0,6,0,0,0,4,10,3,0,11,0,6,12,9,1,13,2,1,2,2,1,0,9,1,3,0,0,8,3,4,1
2019/2020,viljoensdrif,metsimaholo,fezile dabi,27.92026,-26.72698,22,0,2,0,0,0,2,7,1,0,8,0,6,12,1,0,12,3,1,3,0,1,0,12,1,4,0,0,6,6,1,3
2020/2021,viljoensdrif,metsimaholo,fezile dabi,27.92026,-26.72698,16,0,6,2,0,0,3,1,3,6,9,2,6,5,1,1,12,2,1,2,1,0,0,10,0,2,0,0,1,4,6,0
2021/2022,viljoensdrif,metsimaholo,fezile dabi,27.92026,-26.72698,16,0,9,2,0,0,2,7,2,2,9,3,6,13,1,0,21,4,3,1,2,0,0,9,0,1,0,0,5,3,0,3
2022/2023,viljoensdrif,metsimaholo,fezile dabi,27.92026,-26.72698,34,1,5,5,0,0,8,7,2,4,17,0,6,4,1,0,14,9,0,0,2,2,0,11,0,0,0,0,4,5,2,4
2023/2024,viljoensdrif,fezile dabi district,fezile dabi district,27.92026,-26.72698,0,0,0,0,0,0,0,3,4,0,0,0,0,0,0,0,0,0,0,0,0,1,0,0,0,0,0,0,0,0,4,0
2024/2025,viljoensdrif,fezile dabi district,fezile dabi district,27.92026,-26.72698,0,0,0,0,0,0,0,7,1,0,0,0,0,0,0,0,0,0,0,0,0,1,0,0,0,0,0,0,0,2,1,0
2008/2009,viljoenskroon,moqhaka,fezile dabi,26.94658,-27.20688,238,4,303,3,4,0,69,207,0,14,359,78,9,6,45,2,1,107,10,34,7,3,0,48,8,51,0,25,25,20,23,4
2009/2010,viljoenskroon,moqhaka,fezile dabi,26.94658,-27.20688,170,1,318,5,2,0,59,180,1,19,294,62,10,8,67,1,1,119,8,38,17,2,0,73,10,56,0,24,26,13,21,4
2010/2011,viljoenskroon,moqhaka,fezile dabi,26.94658,-27.20688,144,3,278,12,6,0,55,180,1,11,234,25,9,11,32,1,1,92,9,40,20,1,0,60,13,64,0,23,30,6,19,0
2011/2012,viljoenskroon,moqhaka,fezile dabi,26.94658,-27.20688,141,2,250,2,3,0,56,164,0,9,200,28,5,25,34,2,1,83,10,33,22,3,0,56,8,47,0,9,26,10,22,1
2012/2013,viljoenskroon,moqhaka,fezile dabi,26.94658,-27.20688,112,1,232,4,2,0,57,126,2,13,200,24,7,25,107,3,1,47,9,44,15,2,0,40,5,52,0,11,32,16,24,3
2013/2014,viljoenskroon,moqhaka,fezile dabi,26.94658,-27.20688,110,3,203,2,3,0,75,92,0,16,153,12,7,40,161,5,13,79,6,25,12,1,0,21,6,35,0,8,30,18,38,0
2014/2015,viljoenskroon,moqhaka,fezile dabi,26.94658,-27.20688,104,0,182,1,1,0,58,109,0,6,118,5,7,57,183,5,21,50,7,25,5,2,0,12,1,28,0,19,28,10,14,0
2015/2016,viljoenskroon,moqhaka,fezile dabi,26.94658,-27.20688,126,2,173,1,1,0,32,130,0,14,140,9,7,55,211,4,12,59,11,39,7,0,0,17,8,49,0,5,15,10,17,2
2016/2017,viljoenskroon,moqhaka,fezile dabi,26.94658,-27.20688,119,2,148,4,1,0,34,132,1,13,142,22,7,54,257,5,21,55,9,27,12,4,0,27,2,31,0,12,26,7,18,0
2017/2018,viljoenskroon,moqhaka,fezile dabi,26.94658,-27.20688,105,0,166,5,1,0,44,130,4,13,136,7,6,50,325,5,13,66,8,29,12,2,0,39,0,30,0,13,26,9,15,0
2018/2019,viljoenskroon,moqhaka,fezile dabi,26.94658,-27.20688,94,1,147,4,1,0,31,135,2,10,107,10,5,42,251,2,12,36,9,25,4,4,0,24,3,32,1,21,44,8,17,0
2019/2020,viljoenskroon,moqhaka,fezile dabi,26.94658,-27.20688,103,4,134,4,3,0,36,120,1,8,112,9,7,34,62,3,17,43,11,30,9,4,0,38,3,37,0,19,28,13,12,0
2020/2021,viljoenskroon,moqhaka,fezile dabi,26.94658,-27.20688,86,4,120,33,1,0,27,109,0,13,139,14,6,20,60,0,17,59,14,19,12,12,0,48,3,23,0,4,8,6,22,1
2021/2022,viljoenskroon,moqhaka,fezile dabi,26.94658,-27.20688,106,4,167,13,2,0,33,101,1,29,165,9,6,36,95,5,2,75,9,27,17,6,0,36,3,32,0,5,8,5,10,1
2022/2023,viljoenskroon,moqhaka,fezile dabi,26.94658,-27.20688,137,1,176,6,2,0,58,163,0,36,179,9,6,24,121,0,2,53,11,28,7,2,0,20,3,33,1,9,7,7,18,0
2023/2024,viljoenskroon,fezile dabi district,fezile dabi district,26.94658,-27.20688,0,0,0,0,0,0,0,115,0,0,0,0,0,0,0,0,0,0,0,0,0,4,0,0,0,0,0,0,0,2,20,0
2024/2025,viljoenskroon,fezile dabi district,fezile dabi district,26.94658,-27.20688,0,0,0,0,0,0,0,92,0,0,0,0,0,0,0,0,0,0,0,0,0,8,0,0,0,0,0,0,0,1,18,0
2008/2009,villa nora,mogalakwena,waterberg,28.12587,-23.52831,79,7,103,7,1,0,26,41,1,5,79,6,4,2,14,1,1,84,3,25,3,1,0,7,1,29,0,0,7,4,2,0
2009/2010,villa nora,mogalakwena,waterberg,28.12587,-23.52831,72,6,113,6,2,0,37,50,0,2,97,20,6,3,28,1,1,78,9,32,6,2,0,9,1,35,0,0,13,5,2,0
2010/2011,villa nora,mogalakwena,waterberg,28.12587,-23.52831,70,1,89,11,6,0,36,49,0,3,120,23,4,20,22,3,1,65,4,42,3,1,0,6,1,51,0,1,11,2,2,0
2011/2012,villa nora,mogalakwena,waterberg,28.12587,-23.52831,51,0,119,7,3,0,16,46,2,2,114,30,6,6,16,2,1,78,4,30,11,2,0,19,0,33,0,1,7,6,7,0
2012/2013,villa nora,mogalakwena,waterberg,28.12587,-23.52831,70,2,117,0,5,0,34,35,0,2,132,21,6,5,15,2,1,68,3,45,11,5,0,19,1,51,0,2,5,4,6,0
2013/2014,villa nora,mogalakwena,waterberg,28.12587,-23.52831,70,5,91,8,5,0,49,58,2,2,95,21,6,6,28,2,12,76,3,32,14,3,0,21,1,38,0,0,6,3,6,0
2014/2015,villa nora,mogalakwena,waterberg,28.12587,-23.52831,74,5,97,3,4,0,33,59,0,3,90,17,6,7,37,2,21,67,3,34,11,1,0,15,0,38,0,0,11,4,2,0
2015/2016,villa nora,mogalakwena,waterberg,28.12587,-23.52831,71,1,107,5,4,0,24,56,4,1,79,15,4,14,44,0,12,63,4,30,13,2,0,21,1,37,0,0,11,3,3,0
2016/2017,villa nora,mogalakwena,waterberg,28.12587,-23.52831,115,9,108,6,3,0,35,68,0,1,71,12,7,9,66,1,13,69,4,24,12,2,0,14,2,30,0,3,22,3,4,0
2017/2018,villa nora,mogalakwena,waterberg,28.12587,-23.52831,75,0,60,3,0,0,34,63,0,5,30,14,7,4,86,0,12,54,3,27,8,2,0,10,0,28,0,2,18,2,4,0
2018/2019,villa nora,mogalakwena,waterberg,28.12587,-23.52831,65,4,70,5,3,0,32,70,0,2,32,7,6,9,61,2,12,66,5,32,14,1,0,20,4,39,0,6,24,5,7,0
2019/2020,villa nora,mogalakwena,waterberg,28.12587,-23.52831,108,2,111,7,6,0,55,80,1,2,67,27,7,9,11,2,14,72,2,30,12,2,0,18,0,37,0,18,65,1,7,0
2020/2021,villa nora,mogalakwena,waterberg,28.12587,-23.52831,87,3,88,1,2,0,50,52,0,7,61,5,7,7,17,1,14,77,7,26,4,1,0,6,1,30,0,3,12,5,10,0
2021/2022,villa nora,mogalakwena,waterberg,28.12587,-23.52831,144,5,107,5,1,0,73,38,0,19,76,10,7,12,33,2,13,81,9,28,3,2,0,7,2,32,0,12,43,2,9,0
2022/2023,villa nora,mogalakwena,waterberg,28.12587,-23.52831,142,2,93,3,2,0,65,40,0,7,69,11,6,3,52,8,14,67,2,21,8,3,0,18,1,24,0,13,35,0,5,0
2023/2024,villa nora,waterberg district,waterberg district,28.12587,-23.52831,0,0,0,0,0,0,0,44,1,0,0,0,0,0,0,0,0,0,0,0,0,4,0,0,0,0,0,0,0,2,14,0
2024/2025,villa nora,waterberg district,waterberg district,28.12587,-23.52831,0,0,0,0,0,0,0,51,1,0,0,0,0,0,0,0,0,0,0,0,0,0,0,0,0,0,0,0,0,1,10,0
2008/2009,villieria,city of tshwane,city of tshwane,28.24544,-25.7182,1194,7,125,20,2,1,181,706,24,110,264,146,36,53,44,12,1,242,10,33,37,53,0,209,7,58,0,119,0,530,318,1
2009/2010,villieria,city of tshwane,city of tshwane,28.24544,-25.7182,1380,4,90,21,2,1,117,807,35,156,227,111,37,45,66,11,1,258,13,29,36,88,0,255,0,49,0,76,1,517,356,4
2010/2011,villieria,city of tshwane,city of tshwane,28.24544,-25.7182,828,2,55,14,1,2,76,609,11,117,208,95,17,70,68,12,1,235,1,22,27,64,0,181,4,36,0,65,0,441,306,2
2011/2012,villieria,city of tshwane,city of tshwane,28.24544,-25.7182,775,0,43,7,0,1,79,545,10,129,191,61,11,378,109,2,1,199,4,30,14,22,0,110,17,55,1,61,0,394,295,2
2012/2013,villieria,city of tshwane,city of tshwane,28.24544,-25.7182,648,0,32,3,0,0,77,508,8,126,154,66,11,360,262,15,1,203,4,23,13,28,0,88,27,58,1,59,1,454,318,3
2013/2014,villieria,city of tshwane,city of tshwane,28.24544,-25.7182,770,1,27,10,0,0,106,565,9,124,174,60,8,169,321,7,14,139,4,27,12,30,1,101,6,37,0,59,0,366,298,3
2014/2015,villieria,city of tshwane,city of tshwane,28.24544,-25.7182,1037,0,24,5,1,0,92,576,26,137,162,80,7,136,306,9,23,176,2,14,12,34,0,167,15,31,3,73,0,296,323,0
2015/2016,villieria,city of tshwane,city of tshwane,28.24544,-25.7182,745,0,19,5,1,0,87,646,19,119,165,73,5,118,312,11,14,186,4,18,10,48,0,179,6,28,1,75,0,289,371,5
2016/2017,villieria,city of tshwane,city of tshwane,28.24544,-25.7182,811,1,20,5,0,0,72,582,19,117,151,72,8,152,431,8,21,138,4,23,26,24,0,143,4,31,1,57,0,319,377,4
2017/2018,villieria,city of tshwane,city of tshwane,28.24544,-25.7182,875,1,22,7,1,0,93,435,19,135,109,67,4,108,430,17,14,101,0,14,25,24,0,155,6,23,1,61,1,337,298,4
2018/2019,villieria,city of tshwane,city of tshwane,28.24544,-25.7182,1046,1,22,5,1,0,95,345,20,174,137,50,7,78,199,8,14,78,3,23,31,18,0,164,12,37,1,82,0,310,246,4
2019/2020,villieria,city of tshwane,city of tshwane,28.24544,-25.7182,718,0,33,10,0,0,67,412,19,173,150,56,6,125,253,15,14,55,5,28,16,18,0,155,8,36,1,70,0,279,206,3
2020/2021,villieria,city of tshwane,city of tshwane,28.24544,-25.7182,566,2,20,8,0,0,56,191,47,178,97,44,9,67,203,24,21,62,8,13,20,19,0,164,12,30,0,55,0,270,165,0
2021/2022,villieria,city of tshwane,city of tshwane,28.24544,-25.7182,506,2,26,10,1,0,35,214,29,295,143,51,4,35,161,11,17,65,8,15,27,20,0,170,8,26,1,35,0,343,136,4
2022/2023,villieria,city of tshwane,city of tshwane,28.24544,-25.7182,624,2,21,9,0,0,46,293,31,295,160,38,6,44,134,14,3,56,4,16,30,24,0,168,14,30,0,41,1,261,183,1
2023/2024,villieria,tshwane district,tshwane district,28.24544,-25.7182,0,0,0,0,0,0,0,221,36,0,0,0,0,0,0,0,0,0,0,0,0,20,0,0,0,0,0,0,0,229,150,0
2024/2025,villieria,tshwane district,tshwane district,28.24544,-25.7182,0,0,0,0,0,0,0,201,17,0,0,0,0,0,0,0,0,0,0,0,0,27,0,0,0,0,0,0,0,138,134,0
2008/2009,villiers,mafube,fezile dabi,28.59953,-27.02611,121,1,73,2,0,0,27,53,1,6,100,28,6,8,15,2,1,41,1,12,9,2,0,29,14,26,0,6,12,8,13,11
2009/2010,villiers,mafube,fezile dabi,28.59953,-27.02611,69,1,81,4,0,0,35,62,3,14,69,23,7,6,28,3,1,41,3,13,7,0,0,31,5,19,0,8,36,4,10,14
2010/2011,villiers,mafube,fezile dabi,28.59953,-27.02611,90,0,69,1,1,0,27,58,0,12,75,22,4,7,26,2,1,35,4,15,7,1,0,14,5,23,0,3,27,6,16,1
2011/2012,villiers,mafube,fezile dabi,28.59953,-27.02611,87,0,64,2,0,0,25,58,2,1,46,13,5,9,19,2,1,42,3,12,4,1,0,16,2,17,1,2,40,6,17,3
2012/2013,villiers,mafube,fezile dabi,28.59953,-27.02611,62,0,74,4,0,0,22,97,1,6,53,19,7,6,28,5,1,45,6,7,9,1,0,27,3,11,0,7,42,12,13,7
2013/2014,villiers,mafube,fezile dabi,28.59953,-27.02611,82,3,48,0,1,0,21,82,2,14,48,12,6,6,40,3,13,28,2,12,10,0,0,23,0,13,0,2,20,11,15,5
2014/2015,villiers,mafube,fezile dabi,28.59953,-27.02611,67,1,36,0,0,0,14,55,4,6,21,5,6,13,34,4,13,21,1,9,7,3,0,30,0,9,0,7,25,13,8,12
2015/2016,villiers,mafube,fezile dabi,28.59953,-27.02611,48,0,25,1,0,0,17,49,1,4,15,3,6,17,45,5,13,22,5,6,6,0,0,17,5,11,0,3,20,3,4,5
2016/2017,villiers,mafube,fezile dabi,28.59953,-27.02611,40,0,29,4,0,0,20,50,2,6,20,4,7,20,58,14,13,6,1,13,5,3,0,17,0,14,0,5,29,3,9,2
2017/2018,villiers,mafube,fezile dabi,28.59953,-27.02611,49,1,20,1,1,0,26,50,1,12,35,6,4,42,57,10,12,13,4,8,4,3,0,16,1,12,0,14,30,10,18,5
2018/2019,villiers,mafube,fezile dabi,28.59953,-27.02611,42,1,21,0,1,0,25,49,0,8,33,1,6,23,39,6,13,9,2,7,4,4,0,14,0,8,0,15,48,6,8,1
2019/2020,villiers,mafube,fezile dabi,28.59953,-27.02611,62,0,26,2,0,0,39,66,2,10,42,3,6,17,34,8,13,14,3,9,9,1,0,23,1,10,0,10,37,16,13,2
2020/2021,villiers,mafube,fezile dabi,28.59953,-27.02611,53,0,13,4,1,0,29,58,1,7,51,0,6,7,15,4,13,14,3,9,12,6,0,19,2,12,0,4,38,10,8,0
2021/2022,villiers,mafube,fezile dabi,28.59953,-27.02611,56,1,16,4,1,0,26,64,3,12,46,1,7,9,24,3,21,17,6,11,10,4,0,23,5,18,0,4,46,12,11,0
2022/2023,villiers,mafube,fezile dabi,28.59953,-27.02611,60,0,26,6,0,0,29,60,5,20,28,2,6,14,32,4,2,28,3,7,5,4,0,18,1,8,1,5,43,5,4,3
2023/2024,villiers,fezile dabi district,fezile dabi district,28.59953,-27.02611,0,0,0,0,0,0,0,34,2,0,0,0,0,0,0,0,0,0,0,0,0,3,0,0,0,0,0,0,0,11,7,0
2024/2025,villiers,fezile dabi district,fezile dabi district,28.59953,-27.02611,0,0,0,0,0,0,0,34,5,0,0,0,0,0,0,0,0,0,0,0,0,1,0,0,0,0,0,0,0,12,3,0
2008/2009,villiersdorp,theewaterskloof,overberg,19.28734,-33.99243,121,1,89,2,0,0,38,73,0,3,62,7,7,30,230,2,1,38,12,34,1,0,0,3,3,38,0,38,3,5,17,0
2009/2010,villiersdorp,theewaterskloof,overberg,19.28734,-33.99243,159,1,86,2,3,0,39,76,0,7,75,4,7,25,251,5,1,57,22,32,0,2,0,4,8,44,0,37,6,7,20,0
2010/2011,villiersdorp,theewaterskloof,overberg,19.28734,-33.99243,180,1,95,3,4,0,63,115,0,5,66,9,7,42,308,0,1,49,20,42,3,0,0,5,5,52,0,25,3,8,37,0
2011/2012,villiersdorp,theewaterskloof,overberg,19.28734,-33.99243,214,3,90,1,1,0,57,105,0,2,55,10,6,31,316,1,1,71,12,28,0,4,0,8,6,35,0,30,2,7,32,0
2012/2013,villiersdorp,theewaterskloof,overberg,19.28734,-33.99243,251,2,88,3,3,0,61,151,1,8,78,17,5,35,337,3,1,52,14,40,1,2,0,8,3,49,0,32,10,3,26,0
2013/2014,villiersdorp,theewaterskloof,overberg,19.28734,-33.99243,227,5,95,1,3,0,65,148,0,5,74,10,7,29,403,1,13,70,13,21,2,0,0,12,7,32,0,21,5,5,45,0
2014/2015,villiersdorp,theewaterskloof,overberg,19.28734,-33.99243,289,1,122,6,3,0,75,209,0,7,128,13,6,27,372,2,12,76,12,34,3,1,0,17,4,41,0,36,3,3,62,0
2015/2016,villiersdorp,theewaterskloof,overberg,19.28734,-33.99243,295,3,106,5,1,0,51,172,0,7,83,16,7,36,563,7,13,85,13,23,1,1,0,10,3,28,0,48,6,3,49,0
2016/2017,villiersdorp,theewaterskloof,overberg,19.28734,-33.99243,282,2,95,9,0,0,52,160,0,10,86,12,4,40,434,5,21,74,26,31,3,0,0,18,8,41,0,40,7,11,57,0
2017/2018,villiersdorp,theewaterskloof,overberg,19.28734,-33.99243,235,1,109,12,0,0,40,121,0,14,76,13,4,50,567,3,13,62,28,19,3,4,0,25,6,27,0,35,3,6,27,0
2018/2019,villiersdorp,theewaterskloof,overberg,19.28734,-33.99243,289,1,139,2,1,0,63,181,1,26,118,23,7,46,328,5,13,84,13,20,10,1,0,21,10,32,0,31,11,2,56,0
2019/2020,villiersdorp,theewaterskloof,overberg,19.28734,-33.99243,233,2,120,4,3,0,82,169,0,15,99,7,7,52,202,2,12,80,16,17,2,4,0,17,7,28,0,34,9,3,43,0
2020/2021,villiersdorp,theewaterskloof,overberg,19.28734,-33.99243,200,2,89,10,1,0,93,111,0,32,93,5,6,7,242,4,21,87,12,6,4,3,0,11,3,10,0,16,5,4,54,0
2021/2022,villiersdorp,theewaterskloof,overberg,19.28734,-33.99243,303,1,101,10,5,0,85,106,0,50,112,4,4,15,214,3,23,98,25,23,6,3,0,12,3,33,0,33,3,3,61,0
2022/2023,villiersdorp,theewaterskloof,overberg,19.28734,-33.99243,282,1,119,16,1,0,48,136,0,42,161,11,7,24,303,4,21,110,28,18,9,1,0,25,2,22,1,35,3,0,40,1
2023/2024,villiersdorp,overberg district,overberg district,19.28734,-33.99243,0,0,0,0,0,0,0,125,0,0,0,0,0,0,0,0,0,0,0,0,0,0,0,0,0,0,0,0,0,5,35,0
2024/2025,villiersdorp,overberg district,overberg district,19.28734,-33.99243,0,0,0,0,0,0,0,131,2,0,0,0,0,0,0,0,0,0,0,0,0,2,0,0,0,0,0,0,0,0,30,0
2008/2009,vioolsdrif,nama khoi,namakwa,17.62354,-28.76911,21,2,19,1,0,0,11,14,0,5,9,1,6,4,18,1,1,8,0,7,0,0,0,0,3,10,0,0,5,0,8,0
2009/2010,vioolsdrif,nama khoi,namakwa,17.62354,-28.76911,23,1,20,4,0,0,7,23,0,1,16,0,7,2,14,0,1,3,0,4,0,0,0,0,1,6,0,2,4,1,3,0
2010/2011,vioolsdrif,nama khoi,namakwa,17.62354,-28.76911,15,0,17,1,0,0,8,24,0,5,11,0,6,0,20,0,1,4,0,11,0,0,0,0,1,12,0,0,1,1,7,0
2011/2012,vioolsdrif,nama khoi,namakwa,17.62354,-28.76911,11,0,19,1,0,0,4,12,0,3,7,1,7,0,17,1,1,4,1,4,0,2,0,2,2,7,0,0,4,0,7,0
2012/2013,vioolsdrif,nama khoi,namakwa,17.62354,-28.76911,14,0,13,0,0,0,8,17,0,4,11,0,7,1,21,1,1,3,0,3,0,1,0,1,2,6,0,0,2,1,2,0
2013/2014,vioolsdrif,nama khoi,namakwa,17.62354,-28.76911,7,0,19,5,0,0,6,21,0,1,8,0,7,0,25,1,13,6,1,1,1,2,0,4,0,2,0,0,4,1,4,0
2014/2015,vioolsdrif,nama khoi,namakwa,17.62354,-28.76911,19,1,23,1,0,0,8,28,0,3,12,0,6,0,30,2,13,4,0,4,0,0,0,4,1,5,0,0,8,0,2,0
2015/2016,vioolsdrif,nama khoi,namakwa,17.62354,-28.76911,17,0,17,4,0,0,2,18,0,0,7,0,6,1,39,0,12,8,0,1,0,0,0,1,0,1,0,0,4,2,7,0
2016/2017,vioolsdrif,nama khoi,namakwa,17.62354,-28.76911,14,0,15,5,0,0,6,12,0,3,10,1,6,4,47,1,13,3,0,4,0,0,0,0,1,5,0,0,0,0,2,0
2017/2018,vioolsdrif,nama khoi,namakwa,17.62354,-28.76911,3,0,10,0,0,0,3,6,0,2,4,0,6,2,41,1,13,2,0,2,0,1,0,1,1,3,0,0,1,1,0,0
2018/2019,vioolsdrif,nama khoi,namakwa,17.62354,-28.76911,5,0,9,0,0,0,2,15,0,1,4,0,6,0,34,0,13,0,1,1,2,0,0,4,1,2,0,0,3,0,2,0
2019/2020,vioolsdrif,nama khoi,namakwa,17.62354,-28.76911,4,0,5,0,0,0,7,6,0,1,0,0,6,3,14,0,13,1,0,4,0,1,0,1,1,5,0,0,0,0,3,0
2020/2021,vioolsdrif,nama khoi,namakwa,17.62354,-28.76911,6,0,6,0,0,0,3,18,0,1,2,0,6,0,8,0,13,2,0,3,1,0,0,1,0,3,0,0,6,0,0,0
2021/2022,vioolsdrif,nama khoi,namakwa,17.62354,-28.76911,6,0,11,1,0,0,5,8,0,6,0,0,6,0,13,0,13,0,0,1,3,0,0,3,0,1,0,0,2,0,1,0
2022/2023,vioolsdrif,nama khoi,namakwa,17.62354,-28.76911,5,0,8,1,0,0,3,5,0,1,3,0,6,0,19,0,13,1,0,4,0,0,0,0,0,4,0,1,2,0,2,0
2023/2024,vioolsdrif,namakwa district,namakwa district,17.62354,-28.76911,0,0,0,0,0,0,0,8,0,0,0,0,0,0,0,0,0,0,0,0,0,0,0,0,0,0,0,0,0,1,1,0
2024/2025,vioolsdrif,namakwa district,namakwa district,17.62354,-28.76911,0,0,0,0,0,0,0,3,0,0,0,0,0,0,0,0,0,0,0,0,0,1,0,0,0,0,0,0,0,0,1,0
2008/2009,virginia,matjhabeng,lejweleputswa,26.87201,-28.10392,544,2,109,16,2,1,125,194,1,25,247,46,9,36,18,7,1,116,9,20,16,6,0,59,10,37,0,79,24,50,71,0
2009/2010,virginia,matjhabeng,lejweleputswa,26.87201,-28.10392,538,1,81,13,2,1,149,144,7,19,228,31,9,39,25,5,1,93,9,22,23,6,1,90,14,43,0,73,23,46,60,0
2010/2011,virginia,matjhabeng,lejweleputswa,26.87201,-28.10392,510,1,91,20,1,0,154,177,6,31,201,40,4,49,31,3,1,77,9,18,21,8,0,106,8,29,0,64,22,43,55,1
2011/2012,virginia,matjhabeng,lejweleputswa,26.87201,-28.10392,510,3,89,20,0,0,177,188,6,29,230,35,7,29,13,6,1,77,13,29,21,13,1,98,12,42,0,55,25,51,67,0
2012/2013,virginia,matjhabeng,lejweleputswa,26.87201,-28.10392,545,2,96,22,1,0,127,260,10,39,257,43,7,47,29,4,1,94,17,37,21,10,1,94,3,42,2,58,24,41,79,0
2013/2014,virginia,matjhabeng,lejweleputswa,26.87201,-28.10392,527,3,84,20,5,0,101,332,4,34,259,40,4,42,28,7,12,75,12,60,22,10,0,122,13,80,0,55,28,37,73,0
2014/2015,virginia,matjhabeng,lejweleputswa,26.87201,-28.10392,484,1,80,16,1,0,76,279,4,21,184,40,7,41,29,3,14,75,16,24,12,10,1,78,3,29,0,56,24,21,56,0
2015/2016,virginia,matjhabeng,lejweleputswa,26.87201,-28.10392,468,5,77,16,0,0,108,216,2,27,220,34,4,40,30,7,12,63,19,25,17,6,1,80,5,32,0,48,20,27,50,0
2016/2017,virginia,matjhabeng,lejweleputswa,26.87201,-28.10392,399,2,88,13,1,0,96,192,10,39,181,36,7,38,42,8,12,52,14,20,20,16,0,87,4,26,1,56,24,27,49,0
2017/2018,virginia,matjhabeng,lejweleputswa,26.87201,-28.10392,374,0,79,9,1,0,102,262,3,17,185,31,4,58,37,5,14,65,8,26,19,10,0,78,6,35,0,30,33,42,35,0
2018/2019,virginia,matjhabeng,lejweleputswa,26.87201,-28.10392,393,0,69,15,1,0,108,196,1,17,183,21,8,59,45,23,14,81,11,30,28,17,0,112,12,47,1,33,35,35,70,0
2019/2020,virginia,matjhabeng,lejweleputswa,26.87201,-28.10392,271,1,57,9,1,0,88,174,6,24,147,29,6,54,29,17,21,60,7,51,37,20,0,127,10,62,0,28,36,25,51,0
2020/2021,virginia,matjhabeng,lejweleputswa,26.87201,-28.10392,232,0,53,5,0,0,69,179,5,34,128,16,6,32,10,6,21,53,7,24,24,19,0,88,8,32,0,30,25,20,28,0
2021/2022,virginia,matjhabeng,lejweleputswa,26.87201,-28.10392,344,0,63,11,1,0,64,250,3,45,157,18,4,22,20,4,17,91,10,29,20,11,0,70,9,41,0,33,26,31,33,0
2022/2023,virginia,matjhabeng,lejweleputswa,26.87201,-28.10392,307,2,62,10,2,0,89,224,11,44,180,25,4,31,36,12,17,90,7,36,24,16,1,101,4,44,0,56,31,16,68,0
2023/2024,virginia,lejweleputswa district,lejweleputswa district,26.87201,-28.10392,0,0,0,0,0,0,0,174,7,0,0,0,0,0,0,0,0,0,0,0,0,7,0,0,0,0,0,0,0,10,31,0
2024/2025,virginia,lejweleputswa district,lejweleputswa district,26.87201,-28.10392,0,0,0,0,0,0,0,184,2,0,0,0,0,0,0,0,0,0,0,0,0,10,0,0,0,0,0,0,0,9,53,0
2008/2009,volksrust,dr pixley ka isaka seme,gert sibande,29.88684,-27.374,211,6,163,4,3,0,31,207,1,24,174,39,12,52,6,6,1,121,6,20,2,1,0,15,0,30,0,37,123,33,33,1
2009/2010,volksrust,dr pixley ka isaka seme,gert sibande,29.88684,-27.374,198,0,119,3,2,0,42,149,1,24,139,27,17,41,6,3,1,67,5,19,10,2,0,21,0,30,0,42,78,20,32,0
2010/2011,volksrust,dr pixley ka isaka seme,gert sibande,29.88684,-27.374,152,2,95,2,4,0,47,144,0,40,110,25,10,14,20,2,1,74,5,19,15,5,0,36,1,30,0,69,71,29,39,0
2011/2012,volksrust,dr pixley ka isaka seme,gert sibande,29.88684,-27.374,148,0,101,2,6,0,26,140,0,23,116,29,10,24,47,1,1,68,6,18,6,4,0,17,3,33,0,78,83,13,33,2
2012/2013,volksrust,dr pixley ka isaka seme,gert sibande,29.88684,-27.374,219,0,121,1,1,0,33,132,0,29,110,17,7,31,47,1,1,58,5,17,6,4,0,24,1,20,0,49,65,10,33,6
2013/2014,volksrust,dr pixley ka isaka seme,gert sibande,29.88684,-27.374,195,0,122,1,3,0,36,157,1,36,146,14,6,23,69,7,21,75,4,25,7,4,0,22,2,30,1,52,60,13,34,2
2014/2015,volksrust,dr pixley ka isaka seme,gert sibande,29.88684,-27.374,226,0,119,2,1,0,32,186,2,41,145,24,7,27,79,0,13,61,1,26,19,2,0,34,3,31,0,74,50,11,32,2
2015/2016,volksrust,dr pixley ka isaka seme,gert sibande,29.88684,-27.374,225,2,135,2,2,0,54,157,0,54,177,11,7,33,102,7,12,66,4,30,13,7,0,31,2,35,0,64,82,6,48,2
2016/2017,volksrust,dr pixley ka isaka seme,gert sibande,29.88684,-27.374,235,2,103,3,3,0,60,214,0,54,195,29,4,43,155,4,14,75,5,23,8,3,0,36,1,29,0,93,114,9,63,2
2017/2018,volksrust,dr pixley ka isaka seme,gert sibande,29.88684,-27.374,237,5,139,4,1,0,43,203,0,69,205,11,5,80,137,9,21,66,8,12,5,3,0,25,2,18,0,89,87,2,75,0
2018/2019,volksrust,dr pixley ka isaka seme,gert sibande,29.88684,-27.374,233,2,149,2,2,0,58,207,0,66,202,18,7,97,124,6,17,84,3,27,4,2,0,19,10,40,0,82,106,4,52,1
2019/2020,volksrust,dr pixley ka isaka seme,gert sibande,29.88684,-27.374,223,5,152,2,0,0,61,209,0,62,239,30,7,106,120,4,14,86,2,29,10,4,0,40,3,33,0,69,89,8,30,2
2020/2021,volksrust,dr pixley ka isaka seme,gert sibande,29.88684,-27.374,235,2,144,3,0,0,49,232,2,78,212,15,6,28,101,5,25,66,3,21,9,1,0,30,6,27,0,51,81,3,58,0
2021/2022,volksrust,dr pixley ka isaka seme,gert sibande,29.88684,-27.374,200,4,147,2,1,0,41,189,2,62,196,13,7,30,117,13,25,64,2,15,15,3,0,35,3,20,0,59,76,4,29,1
2022/2023,volksrust,dr pixley ka isaka seme,gert sibande,29.88684,-27.374,216,3,154,4,1,0,37,154,1,63,210,17,7,8,150,13,27,70,9,18,16,9,0,57,5,25,0,70,59,5,43,0
2023/2024,volksrust,gert sibande district,gert sibande district,29.88684,-27.374,0,0,0,0,0,0,0,169,1,0,0,0,0,0,0,0,0,0,0,0,0,2,0,0,0,0,0,0,0,5,45,0
2024/2025,volksrust,gert sibande district,gert sibande district,29.88684,-27.374,0,0,0,0,0,0,0,122,1,0,0,0,0,0,0,0,0,0,0,0,0,9,0,0,0,0,0,0,0,4,33,0
2008/2009,vorstershoop,kagisano/molopo,dr ruth segomotsi mompati,23.02448,-25.83738,3,0,3,0,1,0,0,0,0,0,0,0,6,0,0,1,1,0,0,0,0,0,0,0,0,1,0,0,8,0,0,0
2009/2010,vorstershoop,kagisano/molopo,dr ruth segomotsi mompati,23.02448,-25.83738,4,0,4,0,0,0,0,1,0,0,1,0,6,0,0,0,1,0,0,0,0,0,0,0,0,0,0,0,4,0,1,0
2010/2011,vorstershoop,kagisano/molopo,dr ruth segomotsi mompati,23.02448,-25.83738,1,0,2,1,0,0,0,0,0,0,0,0,6,0,0,1,1,0,0,0,0,0,0,0,0,0,0,0,4,0,1,0
2011/2012,vorstershoop,kagisano/molopo,dr ruth segomotsi mompati,23.02448,-25.83738,3,0,2,0,2,0,1,1,0,0,1,0,6,0,1,0,1,0,1,2,0,1,0,1,0,4,0,0,7,0,1,0
2012/2013,vorstershoop,kagisano/molopo,dr ruth segomotsi mompati,23.02448,-25.83738,9,0,0,0,0,0,0,1,0,0,1,0,6,0,0,0,1,1,0,0,0,0,0,0,0,0,0,0,3,0,0,0
2013/2014,vorstershoop,kagisano/molopo,dr ruth segomotsi mompati,23.02448,-25.83738,0,1,1,3,0,0,0,0,0,0,4,0,6,0,0,2,13,0,0,0,0,0,0,0,0,0,0,0,8,0,0,0
2014/2015,vorstershoop,kagisano/molopo,dr ruth segomotsi mompati,23.02448,-25.83738,1,0,5,0,0,0,0,0,0,0,1,0,6,0,0,0,13,1,0,0,0,0,0,0,0,0,0,0,9,0,0,0
2015/2016,vorstershoop,kagisano/molopo,dr ruth segomotsi mompati,23.02448,-25.83738,0,0,3,0,0,0,1,0,0,0,1,0,6,0,1,0,13,1,0,0,0,0,0,0,0,0,0,0,4,0,0,0
2016/2017,vorstershoop,kagisano/molopo,dr ruth segomotsi mompati,23.02448,-25.83738,2,0,2,0,0,0,2,0,0,0,0,0,6,0,1,0,13,0,0,0,0,0,0,0,0,0,0,0,4,0,0,0
2017/2018,vorstershoop,kagisano/molopo,dr ruth segomotsi mompati,23.02448,-25.83738,2,0,2,0,0,0,0,1,0,0,3,0,6,0,0,1,13,0,0,2,0,0,0,0,0,2,0,0,10,0,0,0
2018/2019,vorstershoop,kagisano/molopo,dr ruth segomotsi mompati,23.02448,-25.83738,2,0,4,0,0,0,1,0,0,1,3,0,6,0,0,0,13,4,1,0,0,1,0,1,0,0,0,0,10,0,1,0
2019/2020,vorstershoop,kagisano/molopo,dr ruth segomotsi mompati,23.02448,-25.83738,0,0,1,0,0,0,0,0,0,0,0,0,6,0,0,0,13,3,0,0,0,0,0,0,0,0,0,0,3,0,0,0
2020/2021,vorstershoop,kagisano/molopo,dr ruth segomotsi mompati,23.02448,-25.83738,3,0,4,0,0,0,0,0,0,0,0,0,6,0,0,0,13,1,0,0,0,0,0,0,0,0,0,0,6,0,0,0
2021/2022,vorstershoop,kagisano/molopo,dr ruth segomotsi mompati,23.02448,-25.83738,2,0,4,0,0,0,0,0,0,0,1,0,6,0,0,3,13,0,0,1,0,0,0,0,0,1,0,0,5,0,0,0
2022/2023,vorstershoop,kagisano/molopo,dr ruth segomotsi mompati,23.02448,-25.83738,5,0,2,0,0,0,3,1,0,0,0,1,6,0,0,2,13,0,0,1,0,0,0,0,0,1,0,0,9,0,0,0
2023/2024,vorstershoop,dr ruth segomotsi mompati district,dr ruth segomotsi mompati district,23.02448,-25.83738,0,0,0,0,0,0,0,0,0,0,0,0,0,0,0,0,0,0,0,0,0,0,0,0,0,0,0,0,0,0,0,0
2024/2025,vorstershoop,dr ruth segomotsi mompati district,dr ruth segomotsi mompati district,23.02448,-25.83738,0,0,0,0,0,0,0,0,0,0,0,0,0,0,0,0,0,0,0,0,0,0,0,0,0,0,0,0,0,0,0,0
2008/2009,vosburg,kareeberg,pixley ka seme,22.8814,-30.57359,12,0,19,0,1,0,3,11,0,0,20,0,6,0,6,0,1,3,1,0,0,0,0,0,0,1,0,0,1,2,2,0
2009/2010,vosburg,kareeberg,pixley ka seme,22.8814,-30.57359,11,0,25,0,0,0,3,17,0,1,15,0,7,0,4,0,1,3,1,5,0,0,0,0,0,6,0,0,3,1,2,0
2010/2011,vosburg,kareeberg,pixley ka seme,22.8814,-30.57359,7,0,22,0,0,0,6,8,0,3,14,0,7,0,0,2,1,7,2,3,0,0,0,1,0,4,0,0,1,0,2,0
2011/2012,vosburg,kareeberg,pixley ka seme,22.8814,-30.57359,8,0,27,0,0,0,5,12,0,1,22,0,6,2,3,0,1,3,3,5,0,0,0,1,0,5,0,0,8,2,0,0
2012/2013,vosburg,kareeberg,pixley ka seme,22.8814,-30.57359,4,1,22,0,2,0,0,5,1,0,13,1,6,3,3,0,1,5,0,3,0,0,0,1,0,5,0,0,2,0,0,0
2013/2014,vosburg,kareeberg,pixley ka seme,22.8814,-30.57359,7,0,32,2,0,0,3,8,0,2,18,1,6,0,7,0,13,3,3,1,0,0,0,0,0,1,0,0,3,0,3,0
2014/2015,vosburg,kareeberg,pixley ka seme,22.8814,-30.57359,8,0,26,2,0,0,0,7,0,1,18,1,6,1,2,0,13,1,0,2,0,0,0,0,0,2,0,0,4,1,0,0
2015/2016,vosburg,kareeberg,pixley ka seme,22.8814,-30.57359,5,0,28,0,0,0,0,1,0,0,9,0,7,0,5,0,13,4,0,2,0,1,0,1,0,3,0,0,1,0,0,0
2016/2017,vosburg,kareeberg,pixley ka seme,22.8814,-30.57359,8,0,31,1,0,0,0,4,0,3,14,0,6,1,3,0,13,6,1,3,0,0,0,0,0,3,0,0,10,0,0,0
2017/2018,vosburg,kareeberg,pixley ka seme,22.8814,-30.57359,1,1,20,1,0,0,1,7,0,1,13,0,6,0,4,0,13,4,1,4,0,1,0,1,0,4,0,0,6,0,2,0
2018/2019,vosburg,kareeberg,pixley ka seme,22.8814,-30.57359,6,0,22,3,0,0,6,6,0,1,20,0,6,0,7,0,13,4,1,1,0,0,0,0,0,1,0,1,12,0,2,0
2019/2020,vosburg,kareeberg,pixley ka seme,22.8814,-30.57359,9,0,14,0,0,0,3,5,0,0,17,1,7,0,2,0,13,5,2,2,0,0,0,0,1,4,1,0,7,0,0,0
2020/2021,vosburg,kareeberg,pixley ka seme,22.8814,-30.57359,4,0,14,0,0,0,1,1,0,4,18,0,6,0,1,0,13,3,0,0,0,0,0,0,0,0,0,0,10,1,0,0
2021/2022,vosburg,kareeberg,pixley ka seme,22.8814,-30.57359,9,0,17,1,0,0,6,6,0,3,15,0,6,1,8,0,13,2,0,1,0,0,0,0,0,1,0,0,11,0,0,0
2022/2023,vosburg,kareeberg,pixley ka seme,22.8814,-30.57359,11,2,16,3,2,0,2,6,0,1,16,0,6,0,6,0,13,1,0,2,0,0,0,1,0,4,0,0,7,0,0,0
2023/2024,vosburg,pixley ka seme district,pixley ka seme district,22.8814,-30.57359,0,0,0,0,0,0,0,3,0,0,0,0,0,0,0,0,0,0,0,0,0,0,0,0,0,0,0,0,0,0,2,0
2024/2025,vosburg,pixley ka seme district,pixley ka seme district,22.8814,-30.57359,0,0,0,0,0,0,0,4,0,0,0,0,0,0,0,0,0,0,0,0,0,0,0,0,0,0,0,0,0,0,0,0
2008/2009,vosloorus,ekurhuleni,ekurhuleni,28.211,-26.3423,452,14,521,53,17,0,29,679,84,61,388,199,35,72,89,96,1,294,47,121,36,32,1,503,7,179,0,93,1,206,217,29
2009/2010,vosloorus,ekurhuleni,ekurhuleni,28.211,-26.3423,492,17,496,60,15,0,53,678,85,85,384,200,14,87,99,38,1,286,45,135,35,43,0,405,2,179,0,151,1,165,245,30
2010/2011,vosloorus,ekurhuleni,ekurhuleni,28.211,-26.3423,505,9,446,48,14,2,52,555,55,127,439,121,15,116,96,37,1,285,38,129,33,22,2,323,2,162,0,221,0,144,264,26
2011/2012,vosloorus,ekurhuleni,ekurhuleni,28.211,-26.3423,601,12,441,33,10,0,55,645,50,125,434,120,9,182,150,58,1,299,38,101,27,26,0,288,1,117,7,306,0,163,355,20
2012/2013,vosloorus,ekurhuleni,ekurhuleni,28.211,-26.3423,563,13,335,29,13,0,41,546,42,167,361,99,5,110,161,41,1,296,49,95,33,32,0,271,1,112,3,333,0,122,358,16
2013/2014,vosloorus,ekurhuleni,ekurhuleni,28.211,-26.3423,487,13,334,37,5,0,52,491,53,137,278,101,6,119,905,36,22,244,36,79,27,35,2,260,0,84,2,300,0,122,327,27
2014/2015,vosloorus,ekurhuleni,ekurhuleni,28.211,-26.3423,509,15,356,33,6,0,73,582,51,139,295,113,9,204,1013,69,36,279,53,71,60,52,1,323,5,87,1,356,0,103,262,21
2015/2016,vosloorus,ekurhuleni,ekurhuleni,28.211,-26.3423,520,15,412,45,3,0,107,581,71,170,379,121,7,346,658,47,37,286,36,74,61,47,0,380,3,81,15,362,1,111,233,32
2016/2017,vosloorus,ekurhuleni,ekurhuleni,28.211,-26.3423,536,12,407,67,14,0,78,575,86,237,363,91,10,403,724,67,26,261,49,80,50,55,1,367,10,110,0,320,1,101,235,14
2017/2018,vosloorus,ekurhuleni,ekurhuleni,28.211,-26.3423,538,7,373,48,7,0,91,468,158,208,425,86,4,493,745,51,37,281,56,79,75,34,0,465,14,102,0,316,0,103,227,27
2018/2019,vosloorus,ekurhuleni,ekurhuleni,28.211,-26.3423,466,3,377,68,8,0,117,561,161,257,511,101,4,382,434,66,29,290,67,87,80,29,0,483,5,102,1,306,0,139,183,10
2019/2020,vosloorus,ekurhuleni,ekurhuleni,28.211,-26.3423,556,8,370,71,5,0,102,508,147,319,633,100,8,541,168,78,9,342,66,77,64,42,0,461,17,103,1,293,1,117,232,10
2020/2021,vosloorus,ekurhuleni,ekurhuleni,28.211,-26.3423,412,4,295,69,3,0,122,386,106,291,540,73,8,330,177,48,44,281,44,82,73,65,0,410,17,106,0,170,0,76,137,12
2021/2022,vosloorus,ekurhuleni,ekurhuleni,28.211,-26.3423,451,8,398,80,1,0,77,254,135,289,572,113,7,367,277,47,45,302,70,86,72,41,0,424,22,110,0,159,0,52,110,3
2022/2023,vosloorus,ekurhuleni,ekurhuleni,28.211,-26.3423,502,4,488,105,3,0,46,264,173,321,632,108,7,428,511,46,46,326,84,107,38,68,1,539,16,127,0,168,0,47,90,9
2023/2024,vosloorus,ekurhuleni district,ekurhuleni district,28.211,-26.3423,0,0,0,0,0,0,0,244,127,0,0,0,0,0,0,0,0,0,0,0,0,94,0,0,0,0,0,0,0,54,87,0
2024/2025,vosloorus,ekurhuleni district,ekurhuleni district,28.211,-26.3423,0,0,0,0,0,0,0,219,164,0,0,0,0,0,0,0,0,0,0,0,0,57,0,0,0,0,0,0,0,78,99,0
2008/2009,vosman,emalahleni,nkangala,29.12743,-25.86707,835,41,1031,50,10,0,121,685,33,25,567,145,10,40,150,21,1,398,36,135,60,35,1,357,21,172,0,2,13,184,145,6
2009/2010,vosman,emalahleni,nkangala,29.12743,-25.86707,672,23,770,51,7,0,143,675,40,42,432,152,16,52,184,34,1,399,45,158,58,43,0,294,20,195,0,2,6,270,243,3
2010/2011,vosman,emalahleni,nkangala,29.12743,-25.86707,721,16,826,38,6,0,164,758,25,67,339,117,10,78,259,29,1,345,33,127,72,32,0,264,15,154,0,9,7,175,204,3
2011/2012,vosman,emalahleni,nkangala,29.12743,-25.86707,689,15,743,34,6,0,171,831,25,112,368,145,4,149,328,26,1,298,33,134,100,23,1,304,20,162,0,3,11,111,200,3
2012/2013,vosman,emalahleni,nkangala,29.12743,-25.86707,621,11,671,34,9,0,146,796,21,158,283,112,10,186,440,33,1,295,34,145,94,35,0,269,17,177,0,1,16,163,320,2
2013/2014,vosman,emalahleni,nkangala,29.12743,-25.86707,690,15,727,36,9,0,133,926,22,86,186,133,5,128,288,27,22,308,42,135,82,45,0,296,19,166,1,4,22,157,313,6
2014/2015,vosman,emalahleni,nkangala,29.12743,-25.86707,726,12,711,36,10,0,141,912,40,90,256,132,4,112,297,40,2,361,50,116,94,75,1,345,22,150,1,102,21,180,307,3
2015/2016,vosman,emalahleni,nkangala,29.12743,-25.86707,723,13,773,45,11,0,175,939,55,124,270,160,5,156,342,24,36,412,25,108,141,74,0,440,26,148,1,113,18,203,234,11
2016/2017,vosman,emalahleni,nkangala,29.12743,-25.86707,785,13,787,33,9,0,162,860,96,155,286,136,11,167,316,35,38,370,47,97,111,48,1,467,25,139,0,108,23,116,267,7
2017/2018,vosman,emalahleni,nkangala,29.12743,-25.86707,720,10,759,48,9,0,169,776,91,170,329,169,7,179,424,47,36,387,46,103,117,60,0,461,22,135,0,99,17,96,331,0
2018/2019,vosman,emalahleni,nkangala,29.12743,-25.86707,861,9,763,39,10,0,144,774,110,188,393,141,7,138,444,22,26,379,46,108,111,40,0,455,25,144,0,82,27,154,279,0
2019/2020,vosman,emalahleni,nkangala,29.12743,-25.86707,765,13,643,56,10,0,154,592,173,151,363,140,9,167,382,33,39,369,45,91,107,45,0,567,18,124,1,87,22,108,318,1
2020/2021,vosman,emalahleni,nkangala,29.12743,-25.86707,618,6,499,54,3,0,140,414,136,159,375,76,4,70,232,25,29,323,43,75,92,58,0,486,15,95,0,61,20,129,206,4
2021/2022,vosman,emalahleni,nkangala,29.12743,-25.86707,513,6,482,68,0,0,92,376,136,226,444,72,7,63,280,49,42,318,56,71,73,51,0,474,7,79,0,73,11,138,173,4
2022/2023,vosman,emalahleni,nkangala,29.12743,-25.86707,549,16,587,69,7,0,118,484,135,187,349,104,6,29,303,19,43,366,75,84,105,65,0,546,5,96,0,129,21,79,169,4
2023/2024,vosman,nkangala district,nkangala district,29.12743,-25.86707,0,0,0,0,0,0,0,426,142,0,0,0,0,0,0,0,0,0,0,0,0,61,0,0,0,0,0,0,0,85,164,0
2024/2025,vosman,nkangala district,nkangala district,29.12743,-25.86707,0,0,0,0,0,0,0,480,131,0,0,0,0,0,0,0,0,0,0,0,0,65,0,0,0,0,0,0,0,130,158,0
2008/2009,vrede,phumelela,thabo mofutsanyane,29.16897,-27.42321,81,3,47,5,1,0,44,112,3,10,114,13,9,11,18,0,1,53,5,11,5,1,0,21,1,18,0,11,91,4,15,3
2009/2010,vrede,phumelela,thabo mofutsanyane,29.16897,-27.42321,53,3,52,5,2,0,16,78,0,7,87,11,5,6,11,5,1,27,3,7,6,0,0,13,1,13,0,7,77,9,13,2
2010/2011,vrede,phumelela,thabo mofutsanyane,29.16897,-27.42321,89,1,47,3,3,0,21,59,1,23,91,12,4,4,15,0,1,42,5,19,14,0,0,19,3,27,0,9,65,12,15,0
2011/2012,vrede,phumelela,thabo mofutsanyane,29.16897,-27.42321,102,3,49,4,4,0,35,73,0,17,116,12,4,9,29,3,1,52,3,22,17,1,0,26,0,28,0,9,98,13,16,0
2012/2013,vrede,phumelela,thabo mofutsanyane,29.16897,-27.42321,83,0,73,4,3,0,35,108,1,19,81,5,5,22,33,0,1,48,3,14,7,0,0,9,0,20,1,4,86,7,21,0
2013/2014,vrede,phumelela,thabo mofutsanyane,29.16897,-27.42321,65,1,65,1,3,0,43,106,0,15,53,9,6,9,43,1,13,27,3,12,0,0,0,5,2,17,1,4,88,8,14,1
2014/2015,vrede,phumelela,thabo mofutsanyane,29.16897,-27.42321,49,3,71,7,3,0,30,61,0,10,40,6,6,16,72,3,21,22,1,15,5,1,0,10,2,20,3,1,51,8,14,1
2015/2016,vrede,phumelela,thabo mofutsanyane,29.16897,-27.42321,49,1,71,4,2,0,39,108,3,50,33,10,7,8,76,3,12,34,8,17,6,0,0,12,2,22,1,5,82,11,23,0
2016/2017,vrede,phumelela,thabo mofutsanyane,29.16897,-27.42321,61,1,79,2,0,0,42,121,0,9,31,3,7,40,122,4,12,21,3,10,6,1,0,14,4,15,1,19,77,10,31,0
2017/2018,vrede,phumelela,thabo mofutsanyane,29.16897,-27.42321,65,3,65,2,2,0,34,120,1,13,50,17,7,19,144,2,12,36,3,15,6,2,0,19,2,20,0,26,70,3,24,0
2018/2019,vrede,phumelela,thabo mofutsanyane,29.16897,-27.42321,57,0,53,4,0,0,43,81,0,7,21,8,7,25,61,0,12,15,4,17,4,1,0,10,2,20,0,25,79,4,14,0
2019/2020,vrede,phumelela,thabo mofutsanyane,29.16897,-27.42321,72,0,81,1,1,0,36,107,1,11,67,2,6,25,16,3,12,34,4,11,3,2,0,13,0,12,0,50,91,8,15,0
2020/2021,vrede,phumelela,thabo mofutsanyane,29.16897,-27.42321,71,0,79,1,1,0,74,144,0,14,46,7,7,17,23,3,21,24,5,11,6,10,0,33,1,14,0,21,112,6,29,0
2021/2022,vrede,phumelela,thabo mofutsanyane,29.16897,-27.42321,71,0,102,1,3,0,40,134,4,23,88,10,6,12,10,1,12,41,8,8,1,3,0,15,2,13,0,15,85,7,32,2
2022/2023,vrede,phumelela,thabo mofutsanyane,29.16897,-27.42321,88,0,110,6,7,0,68,113,1,33,93,16,6,13,15,4,21,55,14,17,11,2,0,36,2,26,0,26,84,2,28,3
2023/2024,vrede,thabo mofutsanyana district,thabo mofutsanyana district,29.16897,-27.42321,0,0,0,0,0,0,0,128,2,0,0,0,0,0,0,0,0,0,0,0,0,6,0,0,0,0,0,0,0,1,23,0
2024/2025,vrede,thabo mofutsanyana district,thabo mofutsanyana district,29.16897,-27.42321,0,0,0,0,0,0,0,93,1,0,0,0,0,0,0,0,0,0,0,0,0,3,0,0,0,0,0,0,0,2,14,0
2008/2009,vredefort,moqhaka,fezile dabi,27.36753,-27.00656,62,0,76,5,6,0,12,71,2,2,73,5,4,3,21,0,1,24,1,21,4,1,0,14,1,30,0,2,37,12,2,0
2009/2010,vredefort,moqhaka,fezile dabi,27.36753,-27.00656,63,3,81,4,0,1,17,68,1,3,82,5,6,6,21,3,1,28,2,23,2,0,0,10,0,23,0,2,67,13,3,1
2010/2011,vredefort,moqhaka,fezile dabi,27.36753,-27.00656,85,1,79,5,5,0,23,93,0,5,64,8,7,3,24,0,1,10,2,20,4,2,0,13,4,30,0,2,60,9,1,0
2011/2012,vredefort,moqhaka,fezile dabi,27.36753,-27.00656,81,0,80,6,3,0,20,71,1,2,68,0,7,3,20,1,1,18,5,16,5,0,0,16,0,20,0,1,51,6,2,1
2012/2013,vredefort,moqhaka,fezile dabi,27.36753,-27.00656,71,1,74,5,1,0,16,65,0,4,77,2,5,6,60,0,1,19,3,18,3,2,0,9,2,24,0,1,26,13,2,2
2013/2014,vredefort,moqhaka,fezile dabi,27.36753,-27.00656,79,2,100,1,1,0,18,74,0,2,46,0,4,3,43,1,12,24,3,16,1,1,0,7,4,23,0,2,22,12,4,1
2014/2015,vredefort,moqhaka,fezile dabi,27.36753,-27.00656,67,0,85,4,2,0,29,81,0,2,93,1,6,13,51,2,13,29,3,16,6,4,0,13,3,21,0,1,20,5,1,0
2015/2016,vredefort,moqhaka,fezile dabi,27.36753,-27.00656,76,0,86,2,0,0,27,80,0,3,65,3,7,8,60,0,13,36,3,18,4,1,0,10,1,20,0,1,20,12,5,0
2016/2017,vredefort,moqhaka,fezile dabi,27.36753,-27.00656,56,0,59,1,0,0,12,55,1,4,60,4,6,7,51,2,13,11,1,14,1,0,0,9,0,14,0,1,32,11,2,0
2017/2018,vredefort,moqhaka,fezile dabi,27.36753,-27.00656,52,1,64,2,0,0,15,47,0,4,63,6,4,7,62,1,13,17,3,15,2,4,0,9,1,18,0,1,27,3,5,0
2018/2019,vredefort,moqhaka,fezile dabi,27.36753,-27.00656,55,0,47,3,0,0,11,41,0,6,41,2,6,13,36,4,13,15,1,15,3,1,0,8,3,18,0,4,16,2,3,0
2019/2020,vredefort,moqhaka,fezile dabi,27.36753,-27.00656,53,3,38,4,1,0,25,46,2,7,40,1,6,3,3,4,13,17,9,10,4,2,0,13,5,16,0,0,11,2,4,1
2020/2021,vredefort,moqhaka,fezile dabi,27.36753,-27.00656,44,0,50,1,0,0,17,34,0,5,64,2,6,4,16,0,13,12,5,8,2,1,0,5,3,11,0,0,9,6,2,0
2021/2022,vredefort,moqhaka,fezile dabi,27.36753,-27.00656,43,1,63,2,0,0,14,35,1,6,71,2,6,6,15,0,13,23,4,14,4,0,0,7,2,16,0,1,13,1,2,0
2022/2023,vredefort,moqhaka,fezile dabi,27.36753,-27.00656,41,1,52,1,0,0,15,53,0,6,80,4,7,7,29,2,13,26,5,12,4,0,0,9,1,14,0,2,11,3,2,1
2023/2024,vredefort,fezile dabi district,fezile dabi district,27.36753,-27.00656,0,0,0,0,0,0,0,53,0,0,0,0,0,0,0,0,0,0,0,0,0,0,0,0,0,0,0,0,0,1,2,0
2024/2025,vredefort,fezile dabi district,fezile dabi district,27.36753,-27.00656,0,0,0,0,0,0,0,75,0,0,0,0,0,0,0,0,0,0,0,0,0,4,0,0,0,0,0,0,0,2,8,0
2008/2009,vredenburg,saldanha bay,west coast,18.00228,-32.90673,739,5,212,16,1,0,199,570,1,48,222,25,5,72,383,14,1,243,21,34,5,4,0,76,10,48,0,300,7,24,190,0
2009/2010,vredenburg,saldanha bay,west coast,18.00228,-32.90673,580,1,222,3,5,0,163,354,1,57,270,37,12,84,409,17,1,206,18,51,11,5,0,83,20,83,0,296,18,8,226,0
2010/2011,vredenburg,saldanha bay,west coast,18.00228,-32.90673,457,2,196,6,1,0,173,355,1,61,215,30,4,86,464,15,1,151,17,41,18,10,0,73,19,63,0,267,19,16,193,0
2011/2012,vredenburg,saldanha bay,west coast,18.00228,-32.90673,487,6,239,7,3,0,112,502,0,52,196,37,11,71,472,13,1,198,9,43,8,6,0,61,18,72,0,222,20,8,257,0
2012/2013,vredenburg,saldanha bay,west coast,18.00228,-32.90673,518,4,178,12,4,0,179,530,1,87,209,37,7,56,479,14,1,170,18,39,17,11,1,107,22,66,0,155,8,8,363,0
2013/2014,vredenburg,saldanha bay,west coast,18.00228,-32.90673,619,7,219,11,7,0,215,490,0,86,207,73,7,73,229,12,17,204,16,38,7,12,0,73,22,68,0,203,14,10,312,0
2014/2015,vredenburg,saldanha bay,west coast,18.00228,-32.90673,689,3,275,11,5,0,167,478,2,117,278,83,5,61,273,4,23,276,22,34,17,14,0,136,12,54,0,213,6,18,383,0
2015/2016,vredenburg,saldanha bay,west coast,18.00228,-32.90673,669,7,281,10,3,0,269,576,3,108,350,78,5,68,317,10,21,323,13,26,18,16,0,131,21,53,0,164,6,35,513,0
2016/2017,vredenburg,saldanha bay,west coast,18.00228,-32.90673,604,11,291,3,5,0,200,678,1,113,338,63,6,53,403,8,23,247,11,28,3,8,1,107,8,41,0,188,13,22,416,1
2017/2018,vredenburg,saldanha bay,west coast,18.00228,-32.90673,489,9,322,23,5,0,143,560,1,120,261,49,4,92,548,21,22,242,19,45,18,20,1,141,17,69,0,239,18,23,348,0
2018/2019,vredenburg,saldanha bay,west coast,18.00228,-32.90673,472,16,365,6,9,0,125,606,0,132,319,52,11,91,491,15,2,244,18,26,13,12,2,115,19,62,0,221,7,23,379,0
2019/2020,vredenburg,saldanha bay,west coast,18.00228,-32.90673,427,11,347,15,3,0,165,565,4,156,313,50,5,178,306,30,22,213,26,43,36,22,0,160,21,70,1,239,8,17,361,2
2020/2021,vredenburg,saldanha bay,west coast,18.00228,-32.90673,381,15,251,17,2,0,225,358,3,94,215,44,6,24,173,9,21,219,21,26,26,29,0,150,9,37,0,246,11,24,239,0
2021/2022,vredenburg,saldanha bay,west coast,18.00228,-32.90673,405,9,251,25,2,0,136,262,4,126,276,34,6,31,261,19,23,235,22,31,13,24,0,133,6,39,0,164,3,23,175,0
2022/2023,vredenburg,saldanha bay,west coast,18.00228,-32.90673,346,5,261,16,6,0,147,278,2,123,325,42,6,113,260,14,16,221,23,43,40,32,0,165,11,60,0,201,8,23,147,0
2023/2024,vredenburg,west coast district,west coast district,18.00228,-32.90673,0,0,0,0,0,0,0,267,3,0,0,0,0,0,0,0,0,0,0,0,0,47,0,0,0,0,0,0,0,16,166,0
2024/2025,vredenburg,west coast district,west coast district,18.00228,-32.90673,0,0,0,0,0,0,0,276,3,0,0,0,0,0,0,0,0,0,0,0,0,40,0,0,0,0,0,0,0,10,121,0
2008/2009,vredendal,matzikama,west coast,18.51031,-31.66088,145,0,151,1,3,0,40,113,0,20,119,4,4,30,99,4,1,67,7,40,0,0,0,3,12,57,0,113,5,5,17,0
2009/2010,vredendal,matzikama,west coast,18.51031,-31.66088,162,2,154,0,1,0,66,139,0,16,114,30,5,29,203,1,1,75,12,53,0,1,0,2,24,81,0,142,2,3,37,0
2010/2011,vredendal,matzikama,west coast,18.51031,-31.66088,166,4,199,8,1,0,68,95,0,14,136,19,6,64,268,2,1,72,9,37,0,1,0,11,20,58,0,135,20,7,22,0
2011/2012,vredendal,matzikama,west coast,18.51031,-31.66088,193,3,214,12,1,0,66,112,0,38,177,45,7,26,147,0,1,79,12,65,1,3,0,32,22,89,0,170,21,4,58,0
2012/2013,vredendal,matzikama,west coast,18.51031,-31.66088,224,7,198,9,3,0,82,148,0,10,167,23,5,22,129,3,1,94,11,55,1,2,0,16,19,80,0,116,8,5,78,0
2013/2014,vredendal,matzikama,west coast,18.51031,-31.66088,258,2,204,10,7,0,102,175,0,17,158,41,6,30,176,5,17,86,19,52,0,0,0,30,20,79,0,140,21,8,97,0
2014/2015,vredendal,matzikama,west coast,18.51031,-31.66088,211,0,216,3,7,0,88,188,0,35,238,35,7,36,197,0,25,97,8,39,5,1,0,34,15,62,2,76,14,7,46,0
2015/2016,vredendal,matzikama,west coast,18.51031,-31.66088,167,3,128,6,3,0,81,201,0,39,149,24,5,44,228,2,21,60,13,36,2,1,0,11,15,57,0,93,9,7,53,0
2016/2017,vredendal,matzikama,west coast,18.51031,-31.66088,185,1,123,3,5,0,81,156,0,29,129,17,7,58,317,2,17,72,12,45,1,6,0,28,12,63,0,100,6,2,62,0
2017/2018,vredendal,matzikama,west coast,18.51031,-31.66088,148,3,130,3,2,0,112,131,0,27,116,17,4,70,418,3,12,72,11,34,1,1,0,16,9,47,0,63,10,2,41,0
2018/2019,vredendal,matzikama,west coast,18.51031,-31.66088,175,0,131,6,4,0,68,157,1,37,131,26,6,62,310,2,14,60,9,44,3,0,0,20,13,61,0,72,5,3,41,0
2019/2020,vredendal,matzikama,west coast,18.51031,-31.66088,115,3,115,2,2,0,46,124,0,22,108,20,7,65,245,6,14,41,9,32,2,3,0,21,7,42,0,48,14,3,24,0
2020/2021,vredendal,matzikama,west coast,18.51031,-31.66088,137,2,85,3,3,0,47,141,0,37,102,11,6,75,254,3,12,80,10,24,5,2,0,22,7,34,0,91,4,5,46,0
2021/2022,vredendal,matzikama,west coast,18.51031,-31.66088,164,0,118,2,4,0,48,167,0,20,112,10,6,70,367,1,23,69,12,30,1,4,0,14,1,35,0,103,3,1,41,0
2022/2023,vredendal,matzikama,west coast,18.51031,-31.66088,203,3,152,0,3,0,59,177,0,22,153,18,6,114,515,6,21,75,10,31,1,0,0,20,7,41,1,104,1,5,44,0
2023/2024,vredendal,west coast district,west coast district,18.51031,-31.66088,0,0,0,0,0,0,0,154,0,0,0,0,0,0,0,0,0,0,0,0,0,1,0,0,0,0,0,0,0,9,32,0
2024/2025,vredendal,west coast district,west coast district,18.51031,-31.66088,0,0,0,0,0,0,0,118,0,0,0,0,0,0,0,0,0,0,0,0,0,5,0,0,0,0,0,0,0,4,32,0
2008/2009,vryburg,naledi,dr ruth segomotsi mompati,24.72628,-26.95942,503,2,261,12,6,0,89,137,1,78,209,74,16,18,23,0,1,146,13,38,3,4,0,20,5,59,0,128,67,10,125,0
2009/2010,vryburg,naledi,dr ruth segomotsi mompati,24.72628,-26.95942,367,2,290,13,8,0,89,133,1,100,186,70,8,12,23,3,1,121,5,37,6,3,0,30,4,53,0,160,67,19,97,0
2010/2011,vryburg,naledi,dr ruth segomotsi mompati,24.72628,-26.95942,390,2,310,12,3,0,87,212,0,110,184,55,7,12,21,4,1,120,11,30,9,3,0,31,7,41,0,137,62,16,140,0
2011/2012,vryburg,naledi,dr ruth segomotsi mompati,24.72628,-26.95942,337,3,254,12,4,0,89,212,0,63,139,64,7,13,47,2,1,119,10,32,14,4,1,31,5,42,0,92,60,14,164,0
2012/2013,vryburg,naledi,dr ruth segomotsi mompati,24.72628,-26.95942,350,1,266,8,6,0,129,248,1,99,160,109,6,12,72,3,1,100,12,37,9,3,2,34,5,48,1,86,67,10,226,0
2013/2014,vryburg,naledi,dr ruth segomotsi mompati,24.72628,-26.95942,291,4,288,7,9,0,124,171,0,75,151,111,7,13,166,1,13,103,9,44,9,5,0,37,1,55,0,66,83,13,158,0
2014/2015,vryburg,naledi,dr ruth segomotsi mompati,24.72628,-26.95942,423,8,318,8,5,0,88,240,0,65,149,89,9,11,148,1,12,113,7,24,9,7,0,38,7,41,0,64,92,14,108,0
2015/2016,vryburg,naledi,dr ruth segomotsi mompati,24.72628,-26.95942,374,7,283,18,4,0,113,265,0,61,173,122,6,16,145,0,13,123,7,29,18,10,0,85,6,39,1,84,48,10,139,0
2016/2017,vryburg,naledi,dr ruth segomotsi mompati,24.72628,-26.95942,338,2,294,6,6,0,110,245,2,48,168,128,6,18,119,5,14,129,6,41,9,16,0,98,4,51,0,96,66,10,171,0
2017/2018,vryburg,naledi,dr ruth segomotsi mompati,24.72628,-26.95942,354,5,182,5,9,0,88,225,1,34,207,99,5,20,174,9,14,97,14,26,8,7,0,123,4,42,0,75,74,13,214,0
2018/2019,vryburg,naledi,dr ruth segomotsi mompati,24.72628,-26.95942,383,4,235,3,4,0,69,228,4,272,261,111,7,8,107,16,14,127,7,40,9,25,0,109,9,54,0,80,69,12,194,0
2019/2020,vryburg,naledi,dr ruth segomotsi mompati,24.72628,-26.95942,415,3,194,7,1,0,68,201,2,53,293,101,4,15,37,3,23,130,13,45,9,8,0,79,9,57,0,53,67,13,183,0
2020/2021,vryburg,naledi,dr ruth segomotsi mompati,24.72628,-26.95942,332,4,135,9,2,0,73,150,0,45,298,76,6,22,69,1,21,115,3,26,6,7,0,69,11,39,3,42,64,9,141,1
2021/2022,vryburg,naledi,dr ruth segomotsi mompati,24.72628,-26.95942,363,3,152,14,2,0,74,146,3,41,296,86,7,55,44,2,23,168,8,32,15,14,0,78,5,40,0,41,77,9,146,0
2022/2023,vryburg,naledi,dr ruth segomotsi mompati,24.72628,-26.95942,279,3,167,6,3,0,102,159,1,26,323,48,6,24,30,4,17,147,9,20,4,4,0,47,8,31,2,53,37,5,96,1
2023/2024,vryburg,dr ruth segomotsi mompati district,dr ruth segomotsi mompati district,24.72628,-26.95942,0,0,0,0,0,0,0,141,0,0,0,0,0,0,0,0,0,0,0,0,0,5,0,0,0,0,0,0,0,5,55,0
2024/2025,vryburg,dr ruth segomotsi mompati district,dr ruth segomotsi mompati district,24.72628,-26.95942,0,0,0,0,0,0,0,104,1,0,0,0,0,0,0,0,0,0,0,0,0,1,0,0,0,0,0,0,0,3,62,0
2008/2009,vryheid,abaqulusi,zululand,30.79561,-27.76738,937,2,276,18,4,1,97,232,2,126,356,70,5,108,88,41,1,187,23,62,17,4,0,41,3,72,0,308,86,109,167,1
2009/2010,vryheid,abaqulusi,zululand,30.79561,-27.76738,735,2,284,10,8,0,70,166,3,157,414,63,12,79,106,38,1,202,26,67,16,11,1,44,0,82,0,313,152,91,137,0
2010/2011,vryheid,abaqulusi,zululand,30.79561,-27.76738,730,0,255,13,2,0,89,236,3,238,318,71,12,180,93,19,1,172,19,71,7,11,0,36,2,82,0,272,131,67,122,0
2011/2012,vryheid,abaqulusi,zululand,30.79561,-27.76738,691,1,222,12,3,0,64,145,0,224,267,47,9,213,127,28,1,180,23,99,11,7,0,43,6,113,1,232,120,68,97,0
2012/2013,vryheid,abaqulusi,zululand,30.79561,-27.76738,646,4,254,21,4,0,87,149,5,202,214,55,9,384,85,24,1,187,24,74,6,7,0,65,11,94,0,196,127,76,110,1
2013/2014,vryheid,abaqulusi,zululand,30.79561,-27.76738,850,1,198,16,3,0,71,180,4,203,201,99,5,107,124,41,36,238,20,104,9,8,1,77,8,118,0,169,131,87,209,0
2014/2015,vryheid,abaqulusi,zululand,30.79561,-27.76738,803,2,242,26,4,0,69,283,1,193,248,117,8,151,93,22,14,230,23,70,11,18,0,107,11,89,1,205,122,70,253,1
2015/2016,vryheid,abaqulusi,zululand,30.79561,-27.76738,634,1,291,21,4,0,134,363,2,220,280,96,4,141,186,52,2,163,16,57,12,11,0,89,3,66,0,194,86,50,288,0
2016/2017,vryheid,abaqulusi,zululand,30.79561,-27.76738,630,0,246,11,1,0,121,345,1,192,231,94,6,162,256,36,23,123,15,57,17,7,0,86,2,60,2,184,103,42,243,0
2017/2018,vryheid,abaqulusi,zululand,30.79561,-27.76738,544,1,253,18,2,0,97,335,2,218,210,96,4,215,422,46,3,101,24,71,13,21,0,97,12,87,1,152,138,29,217,1
2018/2019,vryheid,abaqulusi,zululand,30.79561,-27.76738,422,4,318,26,1,0,159,350,8,259,257,82,4,210,258,24,23,133,34,58,24,19,2,130,4,65,0,173,124,31,124,0
2019/2020,vryheid,abaqulusi,zululand,30.79561,-27.76738,366,2,297,15,3,0,125,305,5,218,187,45,4,252,273,29,28,103,14,50,17,18,0,104,6,61,0,180,110,33,140,0
2020/2021,vryheid,abaqulusi,zululand,30.79561,-27.76738,378,1,286,12,0,0,101,312,4,198,255,44,5,32,210,15,2,140,17,31,19,11,0,91,2,36,0,98,87,28,107,0
2021/2022,vryheid,abaqulusi,zululand,30.79561,-27.76738,457,1,323,22,0,0,140,222,7,294,353,80,4,93,133,18,16,162,19,64,26,20,0,121,7,73,0,98,90,30,79,0
2022/2023,vryheid,abaqulusi,zululand,30.79561,-27.76738,488,4,349,19,3,0,157,387,7,379,361,107,6,68,262,57,41,160,28,80,37,41,0,211,6,89,0,175,101,24,139,1
2023/2024,vryheid,zululand district,zululand district,30.79561,-27.76738,0,0,0,0,0,0,0,365,3,0,0,0,0,0,0,0,0,0,0,0,0,24,0,0,0,0,0,0,0,15,164,0
2024/2025,vryheid,zululand district,zululand district,30.79561,-27.76738,0,0,0,0,0,0,0,285,2,0,0,0,0,0,0,0,0,0,0,0,0,18,0,0,0,0,0,0,0,15,125,0
2008/2009,vulindlela,buffalo city,buffalo city,27.71242,-32.92197,247,5,283,37,11,0,19,250,3,38,135,87,5,33,37,17,1,115,33,70,10,30,0,193,7,91,0,155,8,16,82,1
2009/2010,vulindlela,buffalo city,buffalo city,27.71242,-32.92197,261,11,309,16,12,0,27,258,6,59,138,76,12,100,51,12,1,124,35,82,3,15,2,147,5,106,0,277,14,19,43,0
2010/2011,vulindlela,buffalo city,buffalo city,27.71242,-32.92197,307,7,301,18,7,0,59,253,1,79,130,76,7,75,65,11,1,156,29,83,15,11,1,161,8,99,0,192,6,19,54,0
2011/2012,vulindlela,buffalo city,buffalo city,27.71242,-32.92197,265,6,295,14,5,0,41,273,8,80,96,67,8,87,82,16,1,160,24,79,8,8,0,170,6,94,0,171,12,14,45,0
2012/2013,vulindlela,buffalo city,buffalo city,27.71242,-32.92197,225,4,275,8,4,0,57,255,0,77,83,42,5,103,98,11,1,136,28,72,18,19,0,150,6,85,0,109,20,17,59,1
2013/2014,vulindlela,buffalo city,buffalo city,27.71242,-32.92197,255,10,289,12,5,0,35,242,5,44,60,35,4,97,102,11,14,124,29,102,10,19,0,149,12,121,0,155,18,24,52,0
2014/2015,vulindlela,buffalo city,buffalo city,27.71242,-32.92197,241,1,292,8,2,0,57,231,8,39,55,48,7,40,48,8,21,158,31,70,14,22,0,154,10,83,0,126,15,36,75,0
2015/2016,vulindlela,buffalo city,buffalo city,27.71242,-32.92197,217,0,315,18,3,0,37,230,13,45,58,32,4,35,37,7,24,146,26,85,21,18,1,158,9,99,0,119,19,15,73,0
2016/2017,vulindlela,buffalo city,buffalo city,27.71242,-32.92197,246,1,240,12,1,0,33,282,8,61,73,36,6,36,54,17,25,127,38,76,37,18,0,172,8,85,0,97,19,24,110,0
2017/2018,vulindlela,buffalo city,buffalo city,27.71242,-32.92197,273,1,232,9,0,0,33,298,8,52,93,37,6,51,83,25,2,159,23,66,18,17,0,123,7,73,0,48,26,13,137,1
2018/2019,vulindlela,buffalo city,buffalo city,27.71242,-32.92197,290,4,284,8,1,0,46,285,11,61,110,50,4,55,91,23,22,147,31,85,21,17,0,143,5,93,0,46,22,14,109,0
2019/2020,vulindlela,buffalo city,buffalo city,27.71242,-32.92197,322,3,244,3,4,0,55,210,3,82,143,43,7,65,96,16,2,158,19,74,10,11,0,106,9,88,0,46,17,11,122,0
2020/2021,vulindlela,buffalo city,buffalo city,27.71242,-32.92197,264,2,217,11,2,0,64,154,11,53,121,34,6,15,29,6,25,149,23,53,4,12,0,99,8,63,0,14,11,14,81,0
2021/2022,vulindlela,buffalo city,buffalo city,27.71242,-32.92197,240,1,214,9,7,0,44,135,10,63,141,22,5,15,43,10,17,141,41,74,18,20,0,106,8,92,0,16,16,12,44,0
2022/2023,vulindlela,buffalo city,buffalo city,27.71242,-32.92197,252,0,249,12,2,0,27,153,8,81,125,15,4,9,44,7,17,157,39,52,7,10,1,63,4,60,0,75,15,8,50,0
2023/2024,vulindlela,buffalo city district,buffalo city district,27.71242,-32.92197,0,0,0,0,0,0,0,170,2,0,0,0,0,0,0,0,0,0,0,0,0,6,0,0,0,0,0,0,0,9,48,0
2024/2025,vulindlela,buffalo city district,buffalo city district,27.71242,-32.92197,0,0,0,0,0,0,0,148,5,0,0,0,0,0,0,0,0,0,0,0,0,13,0,0,0,0,0,0,0,9,52,0
2008/2009,vuwani,collins chabane,vhembe,30.4208,-23.12982,153,11,224,1,15,0,76,142,1,12,156,37,34,16,122,5,1,101,6,67,8,9,0,39,1,116,0,5,5,2,13,0
2009/2010,vuwani,collins chabane,vhembe,30.4208,-23.12982,152,11,205,7,13,0,65,176,3,22,146,26,29,45,115,3,1,89,6,57,1,8,0,31,1,93,0,9,18,4,16,0
2010/2011,vuwani,collins chabane,vhembe,30.4208,-23.12982,119,11,263,8,6,0,127,231,2,18,166,24,34,7,176,1,1,84,9,67,8,7,1,42,0,106,0,8,25,3,20,0
2011/2012,vuwani,collins chabane,vhembe,30.4208,-23.12982,122,14,278,8,11,0,111,220,2,19,244,24,31,7,247,2,1,106,7,72,8,18,0,55,1,103,15,3,16,5,33,0
2012/2013,vuwani,collins chabane,vhembe,30.4208,-23.12982,117,16,269,14,8,0,122,196,0,18,159,26,17,21,208,3,1,98,4,90,21,13,0,92,1,108,32,3,7,4,35,0
2013/2014,vuwani,collins chabane,vhembe,30.4208,-23.12982,116,11,256,32,10,0,150,259,1,15,222,33,4,25,244,2,23,114,4,75,22,11,0,86,1,88,19,6,13,2,42,0
2014/2015,vuwani,collins chabane,vhembe,30.4208,-23.12982,99,9,226,22,5,0,150,184,7,10,213,29,7,13,181,1,12,94,9,71,24,15,0,70,1,78,31,5,14,4,28,0
2015/2016,vuwani,collins chabane,vhembe,30.4208,-23.12982,122,16,186,29,5,0,215,163,5,15,211,29,4,29,70,3,12,155,19,60,50,20,0,131,0,67,11,1,10,2,22,0
2016/2017,vuwani,collins chabane,vhembe,30.4208,-23.12982,112,18,186,20,5,0,119,180,1,25,229,47,6,9,101,1,12,192,15,44,28,18,0,95,1,50,7,5,5,4,20,0
2017/2018,vuwani,collins chabane,vhembe,30.4208,-23.12982,99,8,184,32,4,0,115,147,10,11,151,38,7,20,146,3,12,168,14,56,26,25,0,102,1,62,3,2,11,4,20,0
2018/2019,vuwani,collins chabane,vhembe,30.4208,-23.12982,95,17,172,19,7,0,96,122,5,6,82,31,7,42,116,2,13,83,18,64,21,39,0,112,0,72,1,3,12,1,19,0
2019/2020,vuwani,collins chabane,vhembe,30.4208,-23.12982,80,6,139,18,2,0,80,136,6,12,96,29,6,64,0,2,13,67,12,64,24,21,1,90,1,67,3,4,18,3,22,0
2020/2021,vuwani,collins chabane,vhembe,30.4208,-23.12982,70,5,144,15,8,0,140,128,5,29,116,19,7,37,6,1,13,104,4,59,25,20,0,84,2,70,3,3,14,0,19,0
2021/2022,vuwani,collins chabane,vhembe,30.4208,-23.12982,96,4,160,16,3,0,107,160,2,23,220,28,7,49,27,12,12,141,20,63,21,21,0,100,1,68,8,1,27,3,21,0
2022/2023,vuwani,collins chabane,vhembe,30.4208,-23.12982,90,1,177,20,6,0,77,150,13,34,251,40,4,9,33,4,14,114,10,73,58,15,0,145,1,82,9,0,24,1,12,0
2023/2024,vuwani,vhembe district,vhembe district,30.4208,-23.12982,0,0,0,0,0,0,0,167,13,0,0,0,0,0,0,0,0,0,0,0,0,14,0,0,0,0,0,0,0,4,12,0
2024/2025,vuwani,vhembe district,vhembe district,30.4208,-23.12982,0,0,0,0,0,0,0,198,2,0,0,0,0,0,0,0,0,0,0,0,0,30,0,0,0,0,0,0,0,2,22,0
2008/2009,wakkerstroom,dr pixley ka isaka seme,gert sibande,30.1484,-27.35712,62,2,42,1,0,0,6,36,0,0,37,3,7,3,1,1,1,18,3,6,0,1,0,5,1,8,0,0,62,3,4,0
2009/2010,wakkerstroom,dr pixley ka isaka seme,gert sibande,30.1484,-27.35712,51,1,40,2,0,0,5,37,0,5,49,3,7,4,5,0,1,15,1,11,0,0,0,1,0,12,0,0,65,5,2,0
2010/2011,wakkerstroom,dr pixley ka isaka seme,gert sibande,30.1484,-27.35712,33,1,31,0,1,0,5,29,0,0,21,2,7,5,6,0,1,10,0,3,0,0,0,1,0,5,0,0,55,0,9,0
2011/2012,wakkerstroom,dr pixley ka isaka seme,gert sibande,30.1484,-27.35712,34,1,35,1,1,0,4,28,0,2,23,1,7,5,5,0,1,10,1,4,1,2,0,3,2,8,0,0,69,5,5,0
2012/2013,wakkerstroom,dr pixley ka isaka seme,gert sibande,30.1484,-27.35712,34,2,29,1,0,0,0,24,0,2,23,2,6,1,6,2,1,7,2,3,2,0,0,3,1,4,0,0,39,0,0,0
2013/2014,wakkerstroom,dr pixley ka isaka seme,gert sibande,30.1484,-27.35712,50,1,30,1,0,0,4,15,0,0,20,0,6,9,6,0,12,9,2,5,1,0,0,1,0,5,0,0,43,0,1,0
2014/2015,wakkerstroom,dr pixley ka isaka seme,gert sibande,30.1484,-27.35712,39,1,26,1,1,0,5,34,0,1,31,2,7,3,5,6,13,10,0,2,0,0,0,0,1,5,0,0,60,2,4,0
2015/2016,wakkerstroom,dr pixley ka isaka seme,gert sibande,30.1484,-27.35712,30,0,40,0,0,0,5,21,0,7,36,0,6,4,5,2,12,10,1,5,0,3,0,4,0,5,0,0,44,3,1,0
2016/2017,wakkerstroom,dr pixley ka isaka seme,gert sibande,30.1484,-27.35712,29,0,46,2,0,0,13,12,0,3,32,1,6,9,2,3,13,12,3,2,0,0,0,1,0,2,0,0,49,0,6,0
2017/2018,wakkerstroom,dr pixley ka isaka seme,gert sibande,30.1484,-27.35712,30,1,44,1,1,0,7,28,0,0,25,4,7,3,4,0,12,17,1,5,1,0,0,2,0,7,0,0,36,1,5,0
2018/2019,wakkerstroom,dr pixley ka isaka seme,gert sibande,30.1484,-27.35712,26,0,30,4,0,0,4,12,0,7,29,1,6,10,3,0,13,11,0,9,0,1,0,1,2,11,0,0,45,1,2,0
2019/2020,wakkerstroom,dr pixley ka isaka seme,gert sibande,30.1484,-27.35712,17,0,32,0,0,0,6,19,0,4,21,0,6,18,3,0,13,8,1,2,3,1,0,4,2,4,0,0,42,0,1,0
2020/2021,wakkerstroom,dr pixley ka isaka seme,gert sibande,30.1484,-27.35712,14,0,29,0,0,0,11,19,0,11,24,3,7,9,0,3,13,16,3,0,1,1,0,2,0,1,1,0,37,1,1,0
2021/2022,wakkerstroom,dr pixley ka isaka seme,gert sibande,30.1484,-27.35712,19,0,35,2,1,0,4,20,0,8,20,2,6,14,1,0,12,16,1,1,4,0,0,5,1,3,0,0,45,2,2,0
2022/2023,wakkerstroom,dr pixley ka isaka seme,gert sibande,30.1484,-27.35712,14,1,28,2,0,0,12,21,0,6,22,0,6,3,4,0,13,9,2,1,0,0,0,0,2,3,0,0,33,0,3,0
2023/2024,wakkerstroom,gert sibande district,gert sibande district,30.1484,-27.35712,0,0,0,0,0,0,0,12,0,0,0,0,0,0,0,0,0,0,0,0,0,0,0,0,0,0,0,0,0,0,1,0
2024/2025,wakkerstroom,gert sibande district,gert sibande district,30.1484,-27.35712,0,0,0,0,0,0,0,16,0,0,0,0,0,0,0,0,0,0,0,0,0,0,0,0,0,0,0,0,0,2,2,0
2008/2009,walmer,nelson mandela bay,nelson mandela bay,25.58483,-33.97903,1112,16,392,27,9,0,257,976,14,131,316,86,12,121,14,15,1,448,36,61,12,58,3,269,10,87,0,227,6,204,563,1
2009/2010,walmer,nelson mandela bay,nelson mandela bay,25.58483,-33.97903,872,20,454,16,5,1,220,703,5,149,381,62,8,171,24,26,1,317,31,66,17,34,3,193,11,86,0,258,0,160,433,0
2010/2011,walmer,nelson mandela bay,nelson mandela bay,25.58483,-33.97903,882,20,407,7,6,0,218,785,4,149,387,64,9,199,23,19,1,377,32,82,16,19,1,163,8,101,0,208,6,124,372,0
2011/2012,walmer,nelson mandela bay,nelson mandela bay,25.58483,-33.97903,848,19,335,12,3,0,195,802,2,133,322,53,9,196,47,14,1,389,26,93,31,44,0,252,8,109,0,170,0,130,465,0
2012/2013,walmer,nelson mandela bay,nelson mandela bay,25.58483,-33.97903,754,11,295,10,6,0,185,998,1,152,297,71,4,133,40,8,1,343,28,85,29,44,0,199,22,115,0,190,3,223,465,0
2013/2014,walmer,nelson mandela bay,nelson mandela bay,25.58483,-33.97903,839,12,310,13,6,0,128,830,4,154,308,75,10,142,48,20,17,330,26,111,33,40,0,188,11,134,2,162,0,208,431,0
2014/2015,walmer,nelson mandela bay,nelson mandela bay,25.58483,-33.97903,679,11,293,9,5,0,108,982,9,132,224,63,4,143,94,11,17,319,21,61,58,40,0,238,7,75,1,200,2,192,378,0
2015/2016,walmer,nelson mandela bay,nelson mandela bay,25.58483,-33.97903,665,10,298,19,4,0,115,866,11,183,210,74,9,153,158,19,17,316,34,54,24,62,2,242,13,76,2,168,2,166,294,0
2016/2017,walmer,nelson mandela bay,nelson mandela bay,25.58483,-33.97903,645,11,260,23,3,0,113,758,15,206,223,90,5,119,242,22,25,284,27,52,34,87,1,298,10,68,1,150,0,163,345,0
2017/2018,walmer,nelson mandela bay,nelson mandela bay,25.58483,-33.97903,695,8,256,20,3,0,119,743,7,195,201,74,7,137,304,18,14,314,19,57,48,114,0,334,12,73,0,119,2,134,435,0
2018/2019,walmer,nelson mandela bay,nelson mandela bay,25.58483,-33.97903,621,3,276,29,4,0,90,605,7,237,203,83,8,154,305,26,23,275,27,67,64,117,0,355,12,87,0,127,6,147,377,1
2019/2020,walmer,nelson mandela bay,nelson mandela bay,25.58483,-33.97903,641,10,241,48,4,0,120,559,6,268,221,97,4,125,304,20,23,288,25,65,49,86,0,402,14,85,2,78,2,130,406,0
2020/2021,walmer,nelson mandela bay,nelson mandela bay,25.58483,-33.97903,513,13,205,29,5,0,123,483,16,285,238,72,4,12,185,9,2,254,27,53,26,96,0,360,9,69,0,110,2,69,409,0
2021/2022,walmer,nelson mandela bay,nelson mandela bay,25.58483,-33.97903,555,12,168,36,4,0,52,437,16,396,196,53,7,34,106,10,23,245,76,69,21,62,0,272,10,84,1,88,3,81,326,1
2022/2023,walmer,nelson mandela bay,nelson mandela bay,25.58483,-33.97903,838,6,185,24,1,0,34,625,9,396,199,45,6,48,127,9,21,222,52,40,17,53,0,193,10,51,0,85,0,69,323,0
2023/2024,walmer,nelson mandela district,nelson mandela district,25.58483,-33.97903,0,0,0,0,0,0,0,566,16,0,0,0,0,0,0,0,0,0,0,0,0,61,0,0,0,0,0,0,0,67,295,0
2024/2025,walmer,nelson mandela district,nelson mandela district,25.58483,-33.97903,0,0,0,0,0,0,0,391,24,0,0,0,0,0,0,0,0,0,0,0,0,30,0,0,0,0,0,0,0,62,338,0
2008/2009,wanda,letsemeng,xhariep,24.43268,-29.60004,4,1,3,0,0,0,0,0,0,0,1,0,6,1,0,0,1,0,0,3,0,0,0,0,0,3,0,0,3,0,0,0
2009/2010,wanda,letsemeng,xhariep,24.43268,-29.60004,0,1,3,0,0,0,0,1,0,1,3,0,6,0,1,0,1,1,0,0,0,0,0,0,0,0,0,0,0,0,0,0
2010/2011,wanda,letsemeng,xhariep,24.43268,-29.60004,4,0,6,0,0,0,0,1,0,0,2,0,6,0,1,0,1,1,1,0,0,0,0,0,0,0,0,0,4,1,0,0
2011/2012,wanda,letsemeng,xhariep,24.43268,-29.60004,3,0,3,0,0,0,0,0,0,0,3,0,6,0,2,0,1,1,1,1,0,0,0,1,0,1,0,0,5,0,0,0
2012/2013,wanda,letsemeng,xhariep,24.43268,-29.60004,4,0,2,0,0,0,0,2,0,0,1,0,6,0,1,0,1,2,1,0,0,0,0,0,0,0,0,0,2,0,0,0
2013/2014,wanda,letsemeng,xhariep,24.43268,-29.60004,0,0,3,0,0,0,0,0,0,1,1,0,6,0,7,0,13,0,0,0,0,0,0,0,0,0,0,0,0,0,0,0
2014/2015,wanda,letsemeng,xhariep,24.43268,-29.60004,1,0,0,0,0,0,0,0,0,0,0,0,6,2,10,0,13,0,0,1,0,0,0,0,0,1,0,0,0,0,0,0
2015/2016,wanda,letsemeng,xhariep,24.43268,-29.60004,0,0,1,0,0,0,0,0,0,0,0,0,6,2,22,0,13,0,0,0,0,0,0,0,0,0,0,0,0,0,0,0
2016/2017,wanda,letsemeng,xhariep,24.43268,-29.60004,0,0,0,0,0,0,0,0,0,0,0,0,6,3,21,0,13,0,0,0,0,0,0,0,0,0,0,0,1,0,0,0
2017/2018,wanda,letsemeng,xhariep,24.43268,-29.60004,0,0,0,0,0,0,0,0,0,0,0,0,6,0,15,0,13,0,1,0,0,0,0,0,0,0,0,0,0,0,0,0
2018/2019,wanda,letsemeng,xhariep,24.43268,-29.60004,2,0,2,0,0,0,0,0,0,0,1,0,6,0,11,0,13,0,0,1,0,0,0,0,0,1,0,0,0,0,0,0
2019/2020,wanda,letsemeng,xhariep,24.43268,-29.60004,0,0,1,0,0,0,0,0,0,0,1,0,6,0,0,0,13,0,0,0,0,0,0,0,0,0,0,0,0,0,0,0
2020/2021,wanda,letsemeng,xhariep,24.43268,-29.60004,1,0,1,0,0,0,0,1,0,0,1,0,6,0,0,0,13,3,1,1,0,0,0,0,0,1,0,0,2,0,0,0
2021/2022,wanda,letsemeng,xhariep,24.43268,-29.60004,1,0,1,1,0,0,0,1,0,0,0,0,6,0,1,0,13,0,0,0,0,0,0,0,0,0,0,0,2,0,0,0
2022/2023,wanda,letsemeng,xhariep,24.43268,-29.60004,3,0,2,0,0,0,0,0,0,1,2,0,6,0,0,0,12,0,0,1,0,0,0,1,0,1,0,0,1,0,0,0
2023/2024,wanda,xhariep district,xhariep district,24.43268,-29.60004,0,0,0,0,0,0,0,0,0,0,0,0,0,0,0,0,0,0,0,0,0,0,0,0,0,0,0,0,0,0,0,0
2024/2025,wanda,xhariep district,xhariep district,24.43268,-29.60004,0,0,0,0,0,0,0,0,0,0,0,0,0,0,0,0,0,0,0,0,0,0,0,0,0,0,0,0,0,0,0,0
2008/2009,warden,phumelela,thabo mofutsanyane,28.96409,-27.85385,60,0,59,5,2,0,40,78,1,10,31,5,4,12,4,2,1,45,3,10,0,1,0,17,0,14,0,0,106,8,19,8
2009/2010,warden,phumelela,thabo mofutsanyane,28.96409,-27.85385,49,1,58,5,1,0,40,53,1,13,34,6,4,15,29,0,1,20,2,15,3,2,1,17,1,19,0,0,100,9,25,5
2010/2011,warden,phumelela,thabo mofutsanyane,28.96409,-27.85385,49,1,56,3,1,0,31,48,0,24,40,12,7,11,9,1,1,24,4,7,4,0,0,11,3,12,0,1,104,2,33,5
2011/2012,warden,phumelela,thabo mofutsanyane,28.96409,-27.85385,52,6,67,4,1,0,35,63,0,10,51,9,4,19,5,0,1,34,2,18,12,0,0,25,3,24,0,0,76,5,31,5
2012/2013,warden,phumelela,thabo mofutsanyane,28.96409,-27.85385,51,1,56,3,4,0,22,78,0,21,56,5,7,11,28,3,1,28,8,19,4,3,0,39,0,24,1,1,82,4,27,13
2013/2014,warden,phumelela,thabo mofutsanyane,28.96409,-27.85385,67,1,48,1,1,0,26,70,1,11,27,3,4,4,26,0,12,20,1,14,16,0,0,36,1,18,0,0,82,7,24,8
2014/2015,warden,phumelela,thabo mofutsanyane,28.96409,-27.85385,60,0,46,2,3,0,19,55,0,22,36,3,6,8,39,0,13,10,6,13,6,1,0,29,0,16,0,3,84,4,38,16
2015/2016,warden,phumelela,thabo mofutsanyane,28.96409,-27.85385,51,0,33,5,3,0,38,93,0,19,25,4,6,18,38,0,21,22,4,8,2,2,0,20,0,11,0,4,80,5,32,9
2016/2017,warden,phumelela,thabo mofutsanyane,28.96409,-27.85385,66,1,56,1,2,0,42,111,2,20,43,5,6,34,66,2,13,18,7,11,6,3,0,13,0,13,2,3,66,4,29,0
2017/2018,warden,phumelela,thabo mofutsanyane,28.96409,-27.85385,38,1,35,5,0,0,58,97,1,9,22,4,4,54,79,1,21,22,6,11,2,3,0,13,0,13,0,4,61,7,16,4
2018/2019,warden,phumelela,thabo mofutsanyane,28.96409,-27.85385,39,0,43,1,1,0,53,85,1,5,13,2,7,40,54,2,12,12,6,5,1,14,0,23,1,8,6,1,59,1,22,1
2019/2020,warden,phumelela,thabo mofutsanyane,28.96409,-27.85385,25,0,36,0,2,0,45,59,1,10,11,5,6,34,18,1,13,13,8,12,3,2,0,9,2,16,0,4,59,1,13,1
2020/2021,warden,phumelela,thabo mofutsanyane,28.96409,-27.85385,46,0,35,1,1,0,58,65,1,15,25,2,6,2,13,1,21,18,0,14,6,9,0,22,2,17,4,3,72,2,20,3
2021/2022,warden,phumelela,thabo mofutsanyane,28.96409,-27.85385,31,0,58,2,2,0,51,52,3,19,20,7,7,8,15,1,13,14,2,12,3,3,0,15,1,16,4,5,52,6,10,3
2022/2023,warden,phumelela,thabo mofutsanyane,28.96409,-27.85385,30,0,65,6,0,0,47,54,1,20,31,7,6,4,14,1,14,17,8,19,6,2,0,14,1,20,0,2,44,3,18,0
2023/2024,warden,thabo mofutsanyana district,thabo mofutsanyana district,28.96409,-27.85385,0,0,0,0,0,0,0,46,3,0,0,0,0,0,0,0,0,0,0,0,0,2,0,0,0,0,0,0,0,1,14,0
2024/2025,warden,thabo mofutsanyana district,thabo mofutsanyana district,28.96409,-27.85385,0,0,0,0,0,0,0,71,1,0,0,0,0,0,0,0,0,0,0,0,0,4,0,0,0,0,0,0,0,15,12,0
2008/2009,warrenton,magareng,frances baard,24.84885,-28.11489,189,5,254,10,1,0,52,189,0,17,141,51,9,1,10,1,1,65,10,27,4,1,0,26,5,38,0,19,29,2,41,0
2009/2010,warrenton,magareng,frances baard,24.84885,-28.11489,171,5,213,7,6,0,36,156,0,13,129,37,5,18,20,1,1,73,5,36,8,4,0,26,2,47,0,27,37,1,21,0
2010/2011,warrenton,magareng,frances baard,24.84885,-28.11489,159,2,201,5,5,0,41,198,1,17,102,28,9,11,16,3,1,62,8,26,5,0,0,14,4,40,0,16,26,4,27,2
2011/2012,warrenton,magareng,frances baard,24.84885,-28.11489,181,4,196,8,11,0,43,172,0,17,102,19,7,14,30,2,1,53,8,24,6,2,0,23,3,39,0,14,18,7,33,2
2012/2013,warrenton,magareng,frances baard,24.84885,-28.11489,173,8,226,8,5,0,53,197,0,14,111,24,6,21,24,1,1,59,7,23,9,2,0,34,5,33,0,3,23,8,24,1
2013/2014,warrenton,magareng,frances baard,24.84885,-28.11489,170,4,183,12,3,0,61,193,0,23,90,29,4,13,29,1,13,62,5,30,9,5,0,41,5,40,0,9,21,5,40,0
2014/2015,warrenton,magareng,frances baard,24.84885,-28.11489,181,1,125,9,6,0,49,186,1,11,77,31,6,11,45,2,13,37,8,18,5,4,0,32,1,25,0,8,15,3,36,0
2015/2016,warrenton,magareng,frances baard,24.84885,-28.11489,159,1,171,12,8,0,42,228,3,6,87,33,6,17,54,2,13,53,7,16,9,3,0,36,5,29,0,8,27,1,29,0
2016/2017,warrenton,magareng,frances baard,24.84885,-28.11489,135,2,151,14,3,0,59,226,1,15,94,24,4,8,29,6,12,55,6,21,8,6,0,39,5,31,1,5,23,4,51,0
2017/2018,warrenton,magareng,frances baard,24.84885,-28.11489,156,7,168,11,6,0,45,183,0,15,82,30,4,11,27,1,13,58,1,27,7,6,0,34,5,40,0,6,22,10,54,0
2018/2019,warrenton,magareng,frances baard,24.84885,-28.11489,164,3,179,11,5,0,75,132,1,7,85,24,6,5,25,2,21,71,5,31,14,9,0,46,5,41,0,12,17,3,30,0
2019/2020,warrenton,magareng,frances baard,24.84885,-28.11489,190,1,196,9,4,0,52,164,0,13,100,24,6,8,38,1,12,94,6,26,12,9,0,44,4,34,2,5,46,6,21,0
2020/2021,warrenton,magareng,frances baard,24.84885,-28.11489,156,1,110,16,1,0,45,154,0,7,90,20,5,1,24,0,13,77,5,19,8,3,0,34,4,27,1,3,46,1,24,2
2021/2022,warrenton,magareng,frances baard,24.84885,-28.11489,201,2,150,21,2,0,66,139,0,18,94,14,7,4,26,2,21,105,5,13,1,5,0,20,10,26,0,2,13,7,29,0
2022/2023,warrenton,magareng,frances baard,24.84885,-28.11489,239,3,123,22,3,0,31,127,0,13,114,19,5,1,27,0,12,74,4,9,4,4,0,24,4,19,0,8,10,0,20,0
2023/2024,warrenton,frances baard district,frances baard district,24.84885,-28.11489,0,0,0,0,0,0,0,101,0,0,0,0,0,0,0,0,0,0,0,0,0,3,0,0,0,0,0,0,0,1,19,0
2024/2025,warrenton,frances baard district,frances baard district,24.84885,-28.11489,0,0,0,0,0,0,0,94,0,0,0,0,0,0,0,0,0,0,0,0,0,5,0,0,0,0,0,0,0,2,11,0
2008/2009,wartburg,umshwathi,umgungundlovu,30.5768,-29.4337,37,0,46,4,1,0,8,20,1,2,10,4,6,7,88,10,1,4,7,25,3,9,0,18,3,29,0,4,11,7,0,0
2009/2010,wartburg,umshwathi,umgungundlovu,30.5768,-29.4337,39,1,72,5,0,0,22,44,0,2,25,9,7,7,97,8,1,13,9,23,0,2,0,2,1,25,0,1,11,4,2,0
2010/2011,wartburg,umshwathi,umgungundlovu,30.5768,-29.4337,51,4,88,1,1,0,25,50,1,6,14,3,6,7,89,9,1,19,16,31,1,3,0,10,2,34,0,7,11,7,4,0
2011/2012,wartburg,umshwathi,umgungundlovu,30.5768,-29.4337,50,2,56,6,1,0,12,38,0,4,4,3,6,5,89,11,1,10,11,32,5,5,0,14,0,33,0,11,5,13,7,0
2012/2013,wartburg,umshwathi,umgungundlovu,30.5768,-29.4337,32,0,35,6,0,0,6,47,0,4,23,4,6,9,98,15,1,9,14,29,6,7,0,17,2,31,1,12,11,6,7,0
2013/2014,wartburg,umshwathi,umgungundlovu,30.5768,-29.4337,34,1,69,7,1,0,6,60,0,3,15,3,6,7,116,13,13,10,15,35,0,4,0,7,2,38,0,2,4,8,6,0
2014/2015,wartburg,umshwathi,umgungundlovu,30.5768,-29.4337,47,0,57,9,0,0,9,53,0,3,15,3,6,11,140,8,13,10,10,31,1,3,0,8,4,35,0,1,8,1,2,0
2015/2016,wartburg,umshwathi,umgungundlovu,30.5768,-29.4337,42,3,56,8,0,0,10,43,0,4,15,9,7,13,165,17,12,11,19,16,4,3,0,12,2,19,0,4,6,8,6,0
2016/2017,wartburg,umshwathi,umgungundlovu,30.5768,-29.4337,34,1,54,6,0,0,15,60,3,4,14,2,6,18,195,6,14,13,8,24,0,10,0,17,1,25,0,7,7,5,4,0
2017/2018,wartburg,umshwathi,umgungundlovu,30.5768,-29.4337,36,0,55,7,0,0,20,43,1,6,4,2,6,17,227,9,21,9,12,32,5,6,0,16,2,34,0,6,13,5,4,0
2018/2019,wartburg,umshwathi,umgungundlovu,30.5768,-29.4337,45,1,59,6,0,0,13,62,1,6,7,1,6,42,132,17,21,8,14,23,0,4,0,14,4,27,0,5,9,2,6,0
2019/2020,wartburg,umshwathi,umgungundlovu,30.5768,-29.4337,31,3,58,2,0,0,15,62,0,6,4,4,6,18,15,16,13,6,12,28,1,5,0,10,1,29,0,5,19,2,3,0
2020/2021,wartburg,umshwathi,umgungundlovu,30.5768,-29.4337,33,0,44,11,0,0,27,48,2,10,8,3,6,4,15,11,13,13,15,13,3,12,0,21,5,18,0,4,9,2,10,0
2021/2022,wartburg,umshwathi,umgungundlovu,30.5768,-29.4337,27,5,39,5,0,0,32,35,2,19,20,0,6,3,10,15,21,5,16,25,6,8,0,17,1,26,0,0,9,2,4,0
2022/2023,wartburg,umshwathi,umgungundlovu,30.5768,-29.4337,24,3,53,9,1,0,24,48,2,16,19,3,6,2,12,7,13,10,20,24,3,12,0,23,4,29,0,8,36,0,3,0
2023/2024,wartburg,umgungundlovu district,umgungundlovu district,30.5768,-29.4337,0,0,0,0,0,0,0,38,5,0,0,0,0,0,0,0,0,0,0,0,0,12,0,0,0,0,0,0,0,2,5,0
2024/2025,wartburg,umgungundlovu district,umgungundlovu district,30.5768,-29.4337,0,0,0,0,0,0,0,30,0,0,0,0,0,0,0,0,0,0,0,0,0,7,0,0,0,0,0,0,0,1,3,0
2008/2009,wasbank,endumeni,umzinyathi,30.10001,-28.31341,38,0,25,1,0,0,5,14,1,1,17,1,6,4,8,2,1,16,1,3,0,2,0,9,0,3,0,0,24,1,4,1
2009/2010,wasbank,endumeni,umzinyathi,30.10001,-28.31341,32,0,19,5,0,0,0,17,2,1,16,1,6,3,3,4,1,14,4,3,2,0,0,13,0,3,0,2,36,0,1,0
2010/2011,wasbank,endumeni,umzinyathi,30.10001,-28.31341,38,0,22,6,0,0,3,20,2,0,12,0,6,5,7,5,1,8,1,1,4,0,0,12,0,1,0,0,59,2,10,0
2011/2012,wasbank,endumeni,umzinyathi,30.10001,-28.31341,13,0,21,2,1,0,4,10,1,0,9,3,6,13,10,1,1,6,0,5,0,1,0,4,0,6,0,0,23,1,6,0
2012/2013,wasbank,endumeni,umzinyathi,30.10001,-28.31341,29,1,14,2,0,0,1,10,0,1,6,2,6,15,11,4,1,4,2,6,1,2,0,5,0,6,0,0,17,1,3,0
2013/2014,wasbank,endumeni,umzinyathi,30.10001,-28.31341,10,0,12,1,0,0,1,11,0,2,8,4,6,18,9,5,13,2,0,4,2,1,0,3,1,5,0,0,13,0,2,0
2014/2015,wasbank,endumeni,umzinyathi,30.10001,-28.31341,15,0,9,1,0,0,4,9,2,2,5,1,6,27,18,3,12,7,0,3,2,0,0,9,0,3,0,0,26,0,6,0
2015/2016,wasbank,endumeni,umzinyathi,30.10001,-28.31341,15,0,5,3,0,0,1,11,1,1,6,0,6,30,21,7,13,2,4,4,0,0,0,3,0,4,0,0,20,0,4,0
2016/2017,wasbank,endumeni,umzinyathi,30.10001,-28.31341,12,0,11,1,0,0,11,8,0,0,11,2,6,32,28,3,12,4,3,3,1,3,0,7,0,3,0,0,21,2,2,0
2017/2018,wasbank,endumeni,umzinyathi,30.10001,-28.31341,10,1,7,2,0,0,12,5,0,1,4,0,6,41,43,6,13,1,2,2,4,0,0,5,0,2,0,0,25,0,0,0
2018/2019,wasbank,endumeni,umzinyathi,30.10001,-28.31341,10,0,4,3,0,0,5,8,0,2,3,0,6,35,41,15,13,2,0,4,0,3,0,5,0,4,0,0,17,0,2,0
2019/2020,wasbank,endumeni,umzinyathi,30.10001,-28.31341,12,0,1,1,0,0,3,4,0,1,2,0,6,44,59,4,13,1,5,1,0,0,0,3,0,1,0,0,17,1,0,0
2020/2021,wasbank,endumeni,umzinyathi,30.10001,-28.31341,13,1,5,3,0,0,5,8,0,1,2,1,6,33,50,1,13,4,4,1,1,3,0,4,2,3,0,0,26,0,0,0
2021/2022,wasbank,endumeni,umzinyathi,30.10001,-28.31341,23,0,8,1,0,0,14,11,0,3,9,1,6,34,57,2,12,3,2,6,2,2,0,7,0,6,0,0,43,0,1,0
2022/2023,wasbank,endumeni,umzinyathi,30.10001,-28.31341,68,1,15,5,0,0,11,8,0,0,11,0,6,4,55,0,13,17,0,2,0,1,0,4,0,2,0,0,36,2,2,0
2023/2024,wasbank,umzinyathi district,umzinyathi district,30.10001,-28.31341,0,0,0,0,0,0,0,11,0,0,0,0,0,0,0,0,0,0,0,0,0,4,0,0,0,0,0,0,0,3,1,0
2024/2025,wasbank,umzinyathi district,umzinyathi district,30.10001,-28.31341,0,0,0,0,0,0,0,4,0,0,0,0,0,0,0,0,0,0,0,0,0,0,0,0,0,0,0,0,0,0,1,0
2008/2009,waterpoort,makhado,vhembe,29.62656,-22.90039,27,0,17,1,0,0,1,11,0,2,4,0,6,1,4,0,1,2,1,2,0,0,0,2,0,2,0,0,1,0,3,0
2009/2010,waterpoort,makhado,vhembe,29.62656,-22.90039,28,1,12,0,0,0,1,15,0,0,11,0,6,0,3,0,1,1,0,2,0,0,0,1,0,2,0,0,5,1,5,0
2010/2011,waterpoort,makhado,vhembe,29.62656,-22.90039,17,0,10,1,0,0,0,16,0,1,13,1,6,0,4,0,1,6,1,1,0,0,0,0,0,1,0,0,2,0,1,0
2011/2012,waterpoort,makhado,vhembe,29.62656,-22.90039,32,0,16,0,1,0,0,14,1,0,11,1,6,1,10,1,1,4,2,0,0,0,0,2,0,1,0,0,2,0,2,0
2012/2013,waterpoort,makhado,vhembe,29.62656,-22.90039,17,1,9,1,1,0,0,8,0,1,8,1,6,0,4,1,1,2,0,0,0,0,0,0,0,1,0,0,4,0,4,0
2013/2014,waterpoort,makhado,vhembe,29.62656,-22.90039,41,0,12,0,0,0,1,9,0,0,1,0,6,1,14,0,13,2,0,0,0,0,0,0,0,0,3,0,1,1,1,0
2014/2015,waterpoort,makhado,vhembe,29.62656,-22.90039,17,1,12,1,0,0,4,5,0,0,3,1,6,0,17,0,13,3,1,0,0,1,0,1,0,0,19,0,4,1,3,0
2015/2016,waterpoort,makhado,vhembe,29.62656,-22.90039,20,0,15,0,0,0,5,13,0,1,5,0,6,0,10,0,21,1,0,0,0,0,0,1,0,0,27,0,1,0,3,0
2016/2017,waterpoort,makhado,vhembe,29.62656,-22.90039,25,2,11,0,0,0,2,5,0,0,4,0,6,0,19,0,13,1,0,0,0,0,0,1,0,0,16,0,4,0,2,0
2017/2018,waterpoort,makhado,vhembe,29.62656,-22.90039,18,0,7,0,0,0,3,10,0,0,4,1,6,0,32,1,13,0,0,0,0,4,0,4,0,0,1,0,5,1,0,0
2018/2019,waterpoort,makhado,vhembe,29.62656,-22.90039,13,0,13,1,0,0,1,12,0,2,6,1,6,1,22,0,13,0,0,0,0,1,0,4,1,1,0,0,5,0,1,0
2019/2020,waterpoort,makhado,vhembe,29.62656,-22.90039,22,2,13,1,0,0,1,10,0,6,2,1,6,0,0,0,13,2,0,0,0,1,0,2,0,0,0,1,4,0,0,0
2020/2021,waterpoort,makhado,vhembe,29.62656,-22.90039,16,2,7,0,0,0,3,13,0,1,5,1,6,0,0,1,13,4,0,0,0,2,0,2,0,0,0,0,4,0,2,0
2021/2022,waterpoort,makhado,vhembe,29.62656,-22.90039,25,0,18,2,0,0,0,5,0,7,9,0,6,0,0,1,13,1,1,1,0,0,0,2,0,1,0,0,4,0,1,0
2022/2023,waterpoort,makhado,vhembe,29.62656,-22.90039,42,0,12,3,0,0,3,9,0,6,5,1,6,0,1,2,13,5,1,0,0,1,0,1,0,0,2,0,4,0,1,0
2023/2024,waterpoort,vhembe district,vhembe district,29.62656,-22.90039,0,0,0,0,0,0,0,5,2,0,0,0,0,0,0,0,0,0,0,0,0,4,0,0,0,0,0,0,0,0,0,0
2024/2025,waterpoort,vhembe district,vhembe district,29.62656,-22.90039,0,0,0,0,0,0,0,6,0,0,0,0,0,0,0,0,0,0,0,0,0,3,0,0,0,0,0,0,0,0,0,0
2008/2009,waterval,makhado,vhembe,30.07076,-23.16397,157,20,216,11,4,0,109,187,3,11,118,45,8,26,47,6,1,96,4,34,2,1,0,17,11,53,0,51,6,7,20,0
2009/2010,waterval,makhado,vhembe,30.07076,-23.16397,160,19,203,2,15,0,57,206,1,9,115,43,4,56,64,0,1,79,7,42,2,5,0,11,4,63,0,35,10,11,30,0
2010/2011,waterval,makhado,vhembe,30.07076,-23.16397,121,20,215,9,9,0,61,183,1,13,90,30,4,44,118,6,1,81,11,50,3,3,0,12,7,68,0,43,8,7,46,0
2011/2012,waterval,makhado,vhembe,30.07076,-23.16397,184,23,212,6,4,0,98,255,1,36,102,22,5,36,113,4,1,71,12,58,4,3,0,13,0,65,2,21,4,3,30,0
2012/2013,waterval,makhado,vhembe,30.07076,-23.16397,189,14,207,11,3,0,102,211,1,36,96,46,4,36,96,2,1,92,11,54,6,5,0,21,2,61,2,33,8,10,30,0
2013/2014,waterval,makhado,vhembe,30.07076,-23.16397,216,22,216,6,4,0,93,317,2,38,83,28,5,18,96,5,23,98,1,39,13,13,0,60,5,51,95,71,9,9,59,0
2014/2015,waterval,makhado,vhembe,30.07076,-23.16397,206,12,226,10,3,0,77,261,7,61,93,35,7,26,126,3,17,94,7,50,22,10,0,64,1,55,137,61,9,7,63,0
2015/2016,waterval,makhado,vhembe,30.07076,-23.16397,206,13,262,7,7,0,133,270,12,96,133,20,8,22,164,8,14,95,10,49,41,18,0,113,4,64,104,56,10,23,49,0
2016/2017,waterval,makhado,vhembe,30.07076,-23.16397,183,17,225,9,5,0,108,275,10,112,117,23,6,10,204,4,12,104,19,37,45,19,0,116,0,42,55,72,4,12,53,0
2017/2018,waterval,makhado,vhembe,30.07076,-23.16397,152,14,204,19,2,0,119,186,9,74,95,26,7,19,273,9,21,69,17,37,40,31,0,118,3,43,24,63,26,10,45,0
2018/2019,waterval,makhado,vhembe,30.07076,-23.16397,137,7,169,13,5,0,95,224,7,75,93,30,7,29,179,16,14,85,14,41,21,41,0,99,5,52,26,55,9,7,33,0
2019/2020,waterval,makhado,vhembe,30.07076,-23.16397,117,7,132,13,4,0,97,253,4,86,76,19,7,53,8,1,14,105,8,46,37,21,0,101,3,54,43,54,14,7,43,0
2020/2021,waterval,makhado,vhembe,30.07076,-23.16397,92,2,132,5,3,0,94,146,6,89,77,15,6,33,12,0,23,82,14,34,25,50,3,118,8,45,23,45,13,6,31,0
2021/2022,waterval,makhado,vhembe,30.07076,-23.16397,111,7,173,22,7,0,114,174,12,114,78,20,6,45,17,3,23,84,17,29,31,34,1,133,6,42,20,47,10,15,35,0
2022/2023,waterval,makhado,vhembe,30.07076,-23.16397,138,6,176,22,1,0,87,109,11,134,103,30,6,13,32,6,17,101,18,56,52,32,0,119,4,61,22,45,3,9,28,0
2023/2024,waterval,vhembe district,vhembe district,30.07076,-23.16397,0,0,0,0,0,0,0,120,7,0,0,0,0,0,0,0,0,0,0,0,0,9,0,0,0,0,0,0,0,6,38,0
2024/2025,waterval,vhembe district,vhembe district,30.07076,-23.16397,0,0,0,0,0,0,0,130,6,0,0,0,0,0,0,0,0,0,0,0,0,37,0,0,0,0,0,0,0,3,39,0
2008/2009,waterval boven,emakhazeni,nkangala,30.32545,-25.64433,106,1,44,3,0,0,7,143,1,7,58,5,7,3,5,4,1,49,3,6,1,6,0,24,1,8,0,1,19,20,37,0
2009/2010,waterval boven,emakhazeni,nkangala,30.32545,-25.64433,112,1,42,1,2,0,5,87,1,14,65,1,7,5,9,0,1,33,1,6,0,1,0,9,1,10,0,0,10,3,13,0
2010/2011,waterval boven,emakhazeni,nkangala,30.32545,-25.64433,98,2,32,0,1,0,21,47,0,17,57,3,9,6,21,0,1,34,1,8,1,5,0,12,0,14,0,1,5,3,21,2
2011/2012,waterval boven,emakhazeni,nkangala,30.32545,-25.64433,118,1,45,0,0,0,16,73,0,8,26,4,7,11,17,2,1,30,0,8,2,2,0,7,2,11,0,1,9,1,23,0
2012/2013,waterval boven,emakhazeni,nkangala,30.32545,-25.64433,89,1,39,1,1,0,24,68,1,10,30,2,6,12,32,3,1,40,2,12,0,3,0,9,2,15,0,0,22,2,28,0
2013/2014,waterval boven,emakhazeni,nkangala,30.32545,-25.64433,98,0,38,1,0,0,24,44,0,3,31,1,6,14,46,1,13,43,2,4,1,6,0,14,1,5,0,2,15,2,11,4
2014/2015,waterval boven,emakhazeni,nkangala,30.32545,-25.64433,69,3,40,1,1,0,27,38,0,4,40,2,6,1,66,1,13,27,2,6,1,7,0,18,0,7,0,1,10,2,16,3
2015/2016,waterval boven,emakhazeni,nkangala,30.32545,-25.64433,93,3,52,3,0,0,22,59,0,14,52,8,6,8,66,2,13,40,3,9,1,5,0,8,2,11,0,1,8,3,10,0
2016/2017,waterval boven,emakhazeni,nkangala,30.32545,-25.64433,136,4,53,0,0,0,25,71,0,12,39,6,6,6,78,2,13,20,0,3,1,2,0,8,1,4,0,1,14,3,7,0
2017/2018,waterval boven,emakhazeni,nkangala,30.32545,-25.64433,70,3,45,0,1,0,21,56,1,2,32,5,6,3,85,0,13,11,1,2,1,2,0,6,0,3,0,0,13,4,5,1
2018/2019,waterval boven,emakhazeni,nkangala,30.32545,-25.64433,87,2,39,1,0,0,37,57,1,3,66,3,6,3,29,1,21,30,1,5,1,4,0,11,1,6,0,2,27,3,10,0
2019/2020,waterval boven,emakhazeni,nkangala,30.32545,-25.64433,73,0,36,3,1,0,31,48,0,17,46,5,6,5,3,1,13,24,7,6,3,4,0,18,0,7,0,15,20,0,19,0
2020/2021,waterval boven,emakhazeni,nkangala,30.32545,-25.64433,56,0,40,2,0,0,18,57,0,10,62,0,6,1,0,1,13,26,4,8,4,3,0,11,3,11,0,4,18,1,2,0
2021/2022,waterval boven,emakhazeni,nkangala,30.32545,-25.64433,56,1,45,1,0,0,17,72,2,14,45,0,6,0,4,0,12,22,0,5,0,2,0,9,0,5,0,4,16,3,4,0
2022/2023,waterval boven,emakhazeni,nkangala,30.32545,-25.64433,59,2,39,3,0,0,36,63,0,10,24,2,6,0,2,0,13,25,2,3,3,0,1,9,0,3,0,9,13,5,8,1
2023/2024,waterval boven,nkangala district,nkangala district,30.32545,-25.64433,0,0,0,0,0,0,0,107,0,0,0,0,0,0,0,0,0,0,0,0,0,1,0,0,0,0,0,0,0,2,13,0
2024/2025,waterval boven,nkangala district,nkangala district,30.32545,-25.64433,0,0,0,0,0,0,0,37,0,0,0,0,0,0,0,0,0,0,0,0,0,2,0,0,0,0,0,0,0,2,6,0
2008/2009,wedela,merafong city,west rand,27.383,-26.4567,40,1,94,1,2,0,8,105,2,3,38,25,6,13,8,1,1,19,11,19,3,4,0,24,3,24,0,1,1,2,9,0
2009/2010,wedela,merafong city,west rand,27.383,-26.4567,52,1,123,3,1,0,8,95,3,2,41,15,5,13,19,3,1,25,8,16,11,10,0,37,1,21,0,0,0,7,11,0
2010/2011,wedela,merafong city,west rand,27.383,-26.4567,24,0,110,6,4,0,9,110,0,6,31,22,4,31,16,3,1,28,11,14,5,7,0,20,2,22,0,0,0,7,6,0
2011/2012,wedela,merafong city,west rand,27.383,-26.4567,39,1,89,3,1,0,25,98,0,5,35,17,5,26,24,2,1,18,6,10,10,3,0,20,1,15,0,0,0,3,4,0
2012/2013,wedela,merafong city,west rand,27.383,-26.4567,39,0,78,8,2,0,19,126,0,6,24,14,6,39,46,4,1,26,3,9,2,2,0,11,0,11,0,0,1,6,18,0
2013/2014,wedela,merafong city,west rand,27.383,-26.4567,31,2,97,6,0,0,15,123,2,6,9,12,6,31,40,3,12,23,12,6,12,2,0,23,0,6,0,0,1,6,10,0
2014/2015,wedela,merafong city,west rand,27.383,-26.4567,20,1,74,5,2,0,9,88,0,7,11,8,6,23,51,5,13,11,12,12,5,3,0,17,2,16,0,0,0,2,10,0
2015/2016,wedela,merafong city,west rand,27.383,-26.4567,32,1,62,5,1,0,11,73,0,1,12,8,6,36,30,3,13,17,8,16,7,4,0,23,0,17,0,0,3,3,4,0
2016/2017,wedela,merafong city,west rand,27.383,-26.4567,14,0,59,9,0,0,5,78,0,2,9,4,6,32,21,13,13,19,10,14,22,2,0,37,0,14,0,0,4,5,8,0
2017/2018,wedela,merafong city,west rand,27.383,-26.4567,30,0,54,12,1,0,16,63,6,10,12,8,6,14,34,5,21,14,23,21,16,4,0,41,2,24,0,0,5,14,18,1
2018/2019,wedela,merafong city,west rand,27.383,-26.4567,76,2,89,10,1,0,35,98,6,6,23,8,4,17,32,17,21,29,16,29,11,8,0,36,3,35,1,0,5,4,9,1
2019/2020,wedela,merafong city,west rand,27.383,-26.4567,69,0,82,22,0,0,18,88,1,13,33,10,6,24,22,16,13,38,15,20,16,5,0,39,2,22,0,0,3,12,15,0
2020/2021,wedela,merafong city,west rand,27.383,-26.4567,55,0,77,22,0,0,45,102,4,25,31,14,6,36,22,13,21,39,29,19,4,4,0,32,3,22,10,0,0,5,13,0
2021/2022,wedela,merafong city,west rand,27.383,-26.4567,79,1,80,17,0,0,24,42,8,31,22,4,6,56,18,22,21,47,11,14,8,4,1,35,5,19,26,0,2,7,5,0
2022/2023,wedela,merafong city,west rand,27.383,-26.4567,67,0,95,12,1,0,20,94,4,33,17,6,6,49,48,16,25,39,18,18,11,12,0,42,1,20,12,0,9,10,10,0
2023/2024,wedela,west rand district,west rand district,27.383,-26.4567,0,0,0,0,0,0,0,71,0,0,0,0,0,0,0,0,0,0,0,0,0,4,0,0,0,0,0,0,0,9,8,0
2024/2025,wedela,west rand district,west rand district,27.383,-26.4567,0,0,0,0,0,0,0,66,2,0,0,0,0,0,0,0,0,0,0,0,0,4,0,0,0,0,0,0,0,7,5,0
2008/2009,weenen,inkosi langalibalele,uthukela,30.08461,-28.85307,74,5,51,5,0,0,16,36,2,3,18,5,5,5,4,19,1,18,10,17,0,4,0,9,1,21,0,0,57,3,5,0
2009/2010,weenen,inkosi langalibalele,uthukela,30.08461,-28.85307,57,4,69,17,1,0,23,34,4,3,34,3,5,3,2,24,1,18,9,19,3,4,0,17,2,25,0,0,38,7,6,0
2010/2011,weenen,inkosi langalibalele,uthukela,30.08461,-28.85307,38,5,63,15,1,0,18,26,2,5,19,2,7,3,3,37,1,23,13,14,2,2,0,18,1,17,0,0,24,1,2,0
2011/2012,weenen,inkosi langalibalele,uthukela,30.08461,-28.85307,67,4,68,12,1,0,13,23,4,3,29,3,6,2,9,21,1,16,3,26,0,1,0,10,2,29,0,0,52,3,7,0
2012/2013,weenen,inkosi langalibalele,uthukela,30.08461,-28.85307,48,6,59,18,1,0,19,21,0,7,20,1,7,3,12,10,1,21,6,9,1,2,0,7,2,13,0,2,48,3,8,0
2013/2014,weenen,inkosi langalibalele,uthukela,30.08461,-28.85307,56,8,71,16,0,0,24,34,2,2,15,2,6,3,7,19,13,21,15,11,3,2,0,11,2,13,0,0,52,1,8,0
2014/2015,weenen,inkosi langalibalele,uthukela,30.08461,-28.85307,57,7,69,25,0,0,12,36,2,4,8,5,6,1,9,22,21,34,9,18,2,3,0,16,1,19,0,1,93,1,6,0
2015/2016,weenen,inkosi langalibalele,uthukela,30.08461,-28.85307,62,0,75,23,0,0,13,33,1,6,14,3,7,2,3,48,13,24,22,17,3,6,0,13,0,18,0,0,52,4,4,0
2016/2017,weenen,inkosi langalibalele,uthukela,30.08461,-28.85307,52,3,62,21,2,0,11,35,1,10,12,5,4,8,2,29,12,21,9,14,4,3,0,17,0,18,0,0,81,6,13,0
2017/2018,weenen,inkosi langalibalele,uthukela,30.08461,-28.85307,39,5,56,22,2,0,13,25,2,1,6,3,6,1,10,30,12,17,25,20,6,0,0,18,1,23,0,0,89,5,8,0
2018/2019,weenen,inkosi langalibalele,uthukela,30.08461,-28.85307,50,8,74,33,0,0,25,32,0,6,10,3,7,1,3,83,13,33,25,14,10,1,0,24,2,17,0,0,121,2,14,2
2019/2020,weenen,inkosi langalibalele,uthukela,30.08461,-28.85307,43,5,58,30,1,0,24,33,0,2,2,2,6,5,0,47,13,20,35,15,4,4,0,28,3,19,0,0,109,1,9,0
2020/2021,weenen,inkosi langalibalele,uthukela,30.08461,-28.85307,39,2,35,29,0,0,16,22,1,10,2,3,6,3,1,41,13,18,35,16,3,16,0,29,2,18,0,0,67,2,4,0
2021/2022,weenen,inkosi langalibalele,uthukela,30.08461,-28.85307,30,4,48,31,0,0,14,30,2,5,10,2,7,2,0,18,12,31,41,22,4,19,0,33,3,26,0,0,73,2,2,0
2022/2023,weenen,inkosi langalibalele,uthukela,30.08461,-28.85307,38,3,57,16,0,0,17,20,1,7,13,0,7,0,2,27,21,18,33,16,3,7,0,18,6,23,0,0,54,0,10,0
2023/2024,weenen,uthukela district,uthukela district,30.08461,-28.85307,0,0,0,0,0,0,0,22,1,0,0,0,0,0,0,0,0,0,0,0,0,10,0,0,0,0,0,0,0,0,7,0
2024/2025,weenen,uthukela district,uthukela district,30.08461,-28.85307,0,0,0,0,0,0,0,21,2,0,0,0,0,0,0,0,0,0,0,0,0,7,0,0,0,0,0,0,0,0,3,0
2008/2009,welbekend,city of tshwane,city of tshwane,28.46994,-25.96476,265,5,109,17,2,0,7,257,17,15,88,48,9,14,2,6,1,83,6,24,5,24,0,88,3,34,0,2,19,48,66,17
2009/2010,welbekend,city of tshwane,city of tshwane,28.46994,-25.96476,302,6,67,11,2,0,15,219,17,18,67,20,5,17,10,3,1,77,10,12,9,40,0,119,0,17,0,1,29,51,67,24
2010/2011,welbekend,city of tshwane,city of tshwane,28.46994,-25.96476,277,2,83,8,1,0,26,165,15,18,63,15,8,19,6,5,1,75,6,21,7,11,0,63,2,28,0,0,17,25,69,8
2011/2012,welbekend,city of tshwane,city of tshwane,28.46994,-25.96476,282,3,42,3,0,0,25,125,9,20,56,14,6,17,3,1,1,66,7,10,4,6,0,37,0,10,0,0,17,40,39,2
2012/2013,welbekend,city of tshwane,city of tshwane,28.46994,-25.96476,237,1,42,4,1,0,28,158,9,23,34,11,7,13,9,1,1,82,4,10,6,14,0,49,2,14,0,2,26,10,53,9
2013/2014,welbekend,city of tshwane,city of tshwane,28.46994,-25.96476,286,4,54,4,2,0,20,172,18,15,35,11,4,8,8,0,14,81,3,5,9,23,0,64,4,13,1,1,28,31,53,6
2014/2015,welbekend,city of tshwane,city of tshwane,28.46994,-25.96476,331,3,40,7,0,0,21,234,23,35,30,10,6,16,9,5,12,70,4,8,5,13,0,60,0,8,0,0,39,46,61,3
2015/2016,welbekend,city of tshwane,city of tshwane,28.46994,-25.96476,295,1,39,6,0,0,7,203,16,15,35,10,7,14,12,1,12,101,4,7,16,18,0,67,0,8,0,0,27,24,68,0
2016/2017,welbekend,city of tshwane,city of tshwane,28.46994,-25.96476,286,0,26,8,1,0,20,219,13,26,44,6,6,19,8,2,21,67,1,7,12,15,0,64,2,10,0,3,23,36,92,9
2017/2018,welbekend,city of tshwane,city of tshwane,28.46994,-25.96476,199,0,26,3,2,0,14,159,11,19,41,8,6,35,16,4,12,45,2,5,11,15,0,52,3,10,0,1,20,22,58,6
2018/2019,welbekend,city of tshwane,city of tshwane,28.46994,-25.96476,143,1,31,1,0,0,11,163,9,33,48,10,4,41,10,5,12,42,2,7,8,7,0,39,3,12,0,1,42,22,41,1
2019/2020,welbekend,city of tshwane,city of tshwane,28.46994,-25.96476,139,1,22,4,0,0,21,182,16,36,43,19,6,36,7,4,14,24,4,5,16,14,0,69,3,8,0,2,40,31,37,3
2020/2021,welbekend,city of tshwane,city of tshwane,28.46994,-25.96476,146,0,17,2,0,0,25,139,16,44,48,15,7,8,7,3,21,33,7,3,5,18,0,61,0,4,0,1,31,17,57,8
2021/2022,welbekend,city of tshwane,city of tshwane,28.46994,-25.96476,170,1,10,3,1,0,31,149,10,51,55,14,5,20,14,7,12,32,1,6,8,17,0,59,2,12,0,2,34,36,51,10
2022/2023,welbekend,city of tshwane,city of tshwane,28.46994,-25.96476,169,1,12,2,0,0,20,136,15,71,57,9,7,23,22,1,22,36,3,11,5,15,0,51,2,14,1,1,30,33,39,8
2023/2024,welbekend,tshwane district,tshwane district,28.46994,-25.96476,0,0,0,0,0,0,0,158,13,0,0,0,0,0,0,0,0,0,0,0,0,11,0,0,0,0,0,0,0,20,56,0
2024/2025,welbekend,tshwane district,tshwane district,28.46994,-25.96476,0,0,0,0,0,0,0,98,12,0,0,0,0,0,0,0,0,0,0,0,0,11,0,0,0,0,0,0,0,15,34,0
2008/2009,welkom,matjhabeng,lejweleputswa,26.73691,-27.97365,2327,7,228,17,6,1,411,621,10,299,760,120,29,194,109,7,1,438,37,71,43,26,2,341,10,109,0,407,17,166,428,0
2009/2010,welkom,matjhabeng,lejweleputswa,26.73691,-27.97365,2022,8,291,21,9,0,371,521,17,399,691,102,20,202,75,11,1,400,24,45,68,23,0,330,6,86,0,428,19,186,463,1
2010/2011,welkom,matjhabeng,lejweleputswa,26.73691,-27.97365,1797,13,272,32,7,0,425,355,20,547,579,94,30,157,81,6,1,393,47,72,76,35,0,341,21,129,0,462,20,148,404,1
2011/2012,welkom,matjhabeng,lejweleputswa,26.73691,-27.97365,1836,6,251,45,2,2,451,528,14,447,571,93,19,143,88,25,1,403,68,73,48,22,0,297,17,106,12,335,16,179,489,0
2012/2013,welkom,matjhabeng,lejweleputswa,26.73691,-27.97365,1828,11,226,51,7,0,403,735,14,618,622,110,31,169,122,14,1,366,58,103,49,46,1,373,16,145,9,361,27,195,597,0
2013/2014,welkom,matjhabeng,lejweleputswa,26.73691,-27.97365,1843,16,210,54,2,1,447,684,12,449,548,153,32,97,137,26,28,355,48,72,34,43,0,341,24,110,2,344,16,162,683,0
2014/2015,welkom,matjhabeng,lejweleputswa,26.73691,-27.97365,1526,7,209,55,8,0,366,618,8,300,527,143,18,102,151,22,27,336,39,69,23,39,0,318,9,97,7,341,20,110,590,0
2015/2016,welkom,matjhabeng,lejweleputswa,26.73691,-27.97365,1409,4,203,42,10,0,365,703,21,353,483,126,33,118,112,20,36,230,44,50,31,33,0,332,16,91,3,344,21,155,509,0
2016/2017,welkom,matjhabeng,lejweleputswa,26.73691,-27.97365,1278,8,258,43,2,0,343,673,23,385,530,156,18,106,138,31,37,266,69,59,51,65,0,382,18,90,6,285,17,167,505,0
2017/2018,welkom,matjhabeng,lejweleputswa,26.73691,-27.97365,1229,1,174,31,4,0,358,625,13,417,427,143,12,142,188,34,37,224,58,55,56,59,1,380,10,76,20,271,14,188,619,0
2018/2019,welkom,matjhabeng,lejweleputswa,26.73691,-27.97365,1189,5,153,62,3,0,458,666,17,446,465,156,11,99,132,27,26,196,55,52,82,68,1,398,13,76,0,284,26,135,607,0
2019/2020,welkom,matjhabeng,lejweleputswa,26.73691,-27.97365,873,7,151,28,1,0,400,542,23,552,439,105,5,69,103,27,38,162,38,54,63,47,1,346,24,82,2,275,36,121,451,1
2020/2021,welkom,matjhabeng,lejweleputswa,26.73691,-27.97365,644,2,131,21,4,0,248,466,15,532,384,73,5,57,85,37,37,145,24,62,51,25,1,212,13,82,0,236,28,75,328,0
2021/2022,welkom,matjhabeng,lejweleputswa,26.73691,-27.97365,880,4,161,23,3,0,208,572,27,513,418,113,6,80,87,25,39,184,27,63,62,29,0,243,20,86,2,201,22,71,370,0
2022/2023,welkom,matjhabeng,lejweleputswa,26.73691,-27.97365,946,5,177,51,4,0,316,669,20,581,470,136,9,70,109,26,40,188,22,91,54,34,1,270,26,126,3,247,21,69,362,2
2023/2024,welkom,lejweleputswa district,lejweleputswa district,26.73691,-27.97365,0,0,0,0,0,0,0,611,21,0,0,0,0,0,0,0,0,0,0,0,0,24,0,0,0,0,0,0,0,54,372,0
2024/2025,welkom,lejweleputswa district,lejweleputswa district,26.73691,-27.97365,0,0,0,0,0,0,0,453,8,0,0,0,0,0,0,0,0,0,0,0,0,46,0,0,0,0,0,0,0,50,270,0
2008/2009,wellington,drakenstein,cape winelands,19.00515,-33.64022,880,1,188,2,2,0,122,246,1,39,353,91,11,56,321,8,1,205,11,32,4,0,0,15,10,52,0,79,8,29,247,0
2009/2010,wellington,drakenstein,cape winelands,19.00515,-33.64022,840,3,223,4,3,0,118,314,0,55,482,79,19,93,630,11,1,197,18,57,8,3,0,48,17,91,0,73,8,35,221,0
2010/2011,wellington,drakenstein,cape winelands,19.00515,-33.64022,977,9,248,3,3,0,123,393,2,87,462,62,12,101,707,11,1,220,14,63,11,2,0,82,17,90,0,71,4,39,223,0
2011/2012,wellington,drakenstein,cape winelands,19.00515,-33.64022,923,3,212,6,3,0,121,389,0,55,406,68,10,91,767,9,1,203,6,47,18,1,0,93,20,76,1,89,5,50,267,0
2012/2013,wellington,drakenstein,cape winelands,19.00515,-33.64022,820,8,212,6,2,0,123,406,1,41,414,52,8,52,687,7,1,218,19,53,15,5,0,97,15,74,0,94,3,38,254,0
2013/2014,wellington,drakenstein,cape winelands,19.00515,-33.64022,877,5,211,8,0,0,164,429,2,52,420,79,8,29,646,4,23,242,19,59,10,3,0,87,25,88,4,114,2,45,269,0
2014/2015,wellington,drakenstein,cape winelands,19.00515,-33.64022,1002,6,258,9,3,0,206,503,7,41,467,59,12,27,591,8,17,281,16,51,12,9,0,126,15,76,4,126,3,39,370,0
2015/2016,wellington,drakenstein,cape winelands,19.00515,-33.64022,922,9,268,9,3,0,215,475,6,72,468,45,8,25,677,7,12,261,7,45,16,7,0,110,18,70,2,92,3,36,308,0
2016/2017,wellington,drakenstein,cape winelands,19.00515,-33.64022,825,9,237,16,7,0,157,502,9,79,436,45,6,28,688,7,13,273,28,52,12,9,1,145,17,76,1,107,3,36,274,0
2017/2018,wellington,drakenstein,cape winelands,19.00515,-33.64022,825,13,272,10,5,0,176,433,9,72,447,49,5,31,886,8,13,313,23,57,21,8,0,147,22,87,2,113,4,28,307,0
2018/2019,wellington,drakenstein,cape winelands,19.00515,-33.64022,970,8,331,17,6,0,232,478,4,82,490,61,7,49,518,15,14,342,27,52,12,11,0,158,15,74,2,92,2,33,331,0
2019/2020,wellington,drakenstein,cape winelands,19.00515,-33.64022,865,6,312,28,5,0,178,397,5,63,505,38,4,32,568,15,12,329,27,55,10,9,0,144,22,84,1,79,4,27,300,1
2020/2021,wellington,drakenstein,cape winelands,19.00515,-33.64022,820,6,208,14,2,0,256,362,3,125,434,33,4,8,335,7,13,300,22,34,7,6,0,94,15,53,0,52,4,29,269,0
2021/2022,wellington,drakenstein,cape winelands,19.00515,-33.64022,881,8,248,28,4,0,198,314,2,153,454,48,10,12,356,13,21,323,22,40,9,16,0,94,16,66,0,61,9,24,232,1
2022/2023,wellington,drakenstein,cape winelands,19.00515,-33.64022,895,11,265,14,4,0,218,316,4,209,533,35,6,15,393,12,21,375,21,30,4,8,0,108,12,46,0,55,7,26,219,0
2023/2024,wellington,cape winelands district,cape winelands district,19.00515,-33.64022,0,0,0,0,0,0,0,298,4,0,0,0,0,0,0,0,0,0,0,0,0,7,0,0,0,0,0,0,0,15,230,0
2024/2025,wellington,cape winelands district,cape winelands district,19.00515,-33.64022,0,0,0,0,0,0,0,238,7,0,0,0,0,0,0,0,0,0,0,0,0,5,0,0,0,0,0,0,0,15,153,0
2008/2009,wembezi,inkosi langalibalele,uthukela,29.78917,-29.04502,43,1,95,14,2,0,6,59,0,0,55,7,7,9,3,9,1,23,16,28,0,3,0,5,1,32,0,0,63,3,2,0
2009/2010,wembezi,inkosi langalibalele,uthukela,29.78917,-29.04502,35,1,91,21,1,0,2,79,0,1,49,3,4,12,29,23,1,30,19,22,0,2,0,3,0,25,0,0,53,3,1,0
2010/2011,wembezi,inkosi langalibalele,uthukela,29.78917,-29.04502,39,2,90,29,3,0,15,76,1,0,38,12,4,19,40,33,1,18,18,39,3,6,0,18,5,49,0,0,35,6,5,0
2011/2012,wembezi,inkosi langalibalele,uthukela,29.78917,-29.04502,30,2,60,16,1,0,7,46,0,1,42,5,6,13,42,35,1,14,8,34,5,10,0,19,3,38,0,0,34,3,4,0
2012/2013,wembezi,inkosi langalibalele,uthukela,29.78917,-29.04502,31,3,62,25,3,0,15,56,0,0,38,5,6,3,50,30,1,16,19,33,11,7,0,20,0,36,0,0,37,5,3,0
2013/2014,wembezi,inkosi langalibalele,uthukela,29.78917,-29.04502,51,4,66,25,2,0,13,84,0,2,42,8,7,8,57,35,12,20,21,16,5,3,0,11,2,21,0,0,45,3,1,0
2014/2015,wembezi,inkosi langalibalele,uthukela,29.78917,-29.04502,41,3,64,15,1,0,15,69,1,1,44,6,6,7,64,13,13,33,16,24,1,6,0,13,6,31,0,0,35,2,11,0
2015/2016,wembezi,inkosi langalibalele,uthukela,29.78917,-29.04502,31,1,73,10,1,0,17,61,1,0,49,9,6,2,58,3,13,17,8,9,4,2,0,14,4,14,0,0,47,4,2,0
2016/2017,wembezi,inkosi langalibalele,uthukela,29.78917,-29.04502,28,2,110,7,0,0,24,70,0,3,19,9,6,4,56,15,12,12,16,27,8,2,0,17,3,30,0,0,38,6,5,0
2017/2018,wembezi,inkosi langalibalele,uthukela,29.78917,-29.04502,26,0,84,9,0,0,9,77,1,1,7,8,6,17,100,19,13,18,13,33,3,7,0,16,3,36,0,0,49,3,7,0
2018/2019,wembezi,inkosi langalibalele,uthukela,29.78917,-29.04502,23,2,91,9,0,0,17,88,1,6,16,2,6,23,90,19,21,14,16,23,5,7,0,16,1,24,0,0,32,0,13,0
2019/2020,wembezi,inkosi langalibalele,uthukela,29.78917,-29.04502,35,3,73,4,0,0,13,67,1,2,8,6,7,29,94,10,21,24,14,35,3,8,0,19,4,40,0,0,17,2,7,0
2020/2021,wembezi,inkosi langalibalele,uthukela,29.78917,-29.04502,23,4,62,10,0,0,12,43,5,11,8,4,7,20,63,10,21,15,11,19,0,5,0,13,3,23,0,0,26,3,4,0
2021/2022,wembezi,inkosi langalibalele,uthukela,29.78917,-29.04502,39,2,86,10,0,0,10,74,1,5,21,1,6,12,60,22,23,12,18,27,2,10,0,19,3,30,0,0,31,1,4,0
2022/2023,wembezi,inkosi langalibalele,uthukela,29.78917,-29.04502,32,1,107,6,2,0,7,80,0,6,15,1,7,4,23,6,12,17,8,31,4,11,0,18,2,36,0,0,49,5,7,0
2023/2024,wembezi,uthukela district,uthukela district,29.78917,-29.04502,0,0,0,0,0,0,0,55,0,0,0,0,0,0,0,0,0,0,0,0,0,5,0,0,0,0,0,0,0,1,4,0
2024/2025,wembezi,uthukela district,uthukela district,29.78917,-29.04502,0,0,0,0,0,0,0,63,1,0,0,0,0,0,0,0,0,0,0,0,0,11,0,0,0,0,0,0,0,3,7,0
2008/2009,wentworth,ethekwini,ethekwini,30.98088,-29.94177,296,0,197,66,0,0,80,142,66,24,300,74,27,225,609,27,1,109,14,21,17,11,0,147,6,52,0,9,0,118,77,2
2009/2010,wentworth,ethekwini,ethekwini,30.98088,-29.94177,255,2,206,45,1,0,46,142,78,31,328,62,26,83,569,29,1,106,11,8,8,10,0,153,8,38,0,7,0,105,69,0
2010/2011,wentworth,ethekwini,ethekwini,30.98088,-29.94177,404,4,220,38,1,0,49,180,23,39,467,68,28,93,610,26,1,159,8,11,18,10,0,106,5,74,0,17,0,137,97,1
2011/2012,wentworth,ethekwini,ethekwini,30.98088,-29.94177,484,3,235,29,0,0,57,211,41,42,568,88,10,105,525,23,1,161,7,15,4,13,1,109,15,36,23,10,0,96,72,2
2012/2013,wentworth,ethekwini,ethekwini,30.98088,-29.94177,400,2,206,45,0,0,34,256,58,30,434,61,17,127,434,19,1,125,11,14,7,10,0,142,28,51,6,21,0,92,130,0
2013/2014,wentworth,ethekwini,ethekwini,30.98088,-29.94177,338,1,177,43,1,0,78,194,61,33,320,49,8,153,644,17,3,111,9,18,8,14,0,134,11,34,7,10,0,67,70,1
2014/2015,wentworth,ethekwini,ethekwini,30.98088,-29.94177,287,2,124,39,0,0,60,235,54,22,245,42,5,147,629,23,17,91,10,13,11,6,0,111,16,32,0,6,0,52,76,1
2015/2016,wentworth,ethekwini,ethekwini,30.98088,-29.94177,270,2,137,36,0,0,58,237,44,39,244,36,7,110,532,18,12,98,8,22,10,8,0,102,11,34,1,7,0,90,119,3
2016/2017,wentworth,ethekwini,ethekwini,30.98088,-29.94177,256,0,100,43,0,0,61,159,38,31,206,41,7,108,644,51,2,84,7,22,19,4,0,104,13,36,5,20,0,60,107,0
2017/2018,wentworth,ethekwini,ethekwini,30.98088,-29.94177,311,2,124,49,0,0,63,234,27,55,274,54,7,117,559,30,22,117,7,10,14,6,0,114,16,27,2,27,0,58,77,0
2018/2019,wentworth,ethekwini,ethekwini,30.98088,-29.94177,425,0,91,45,0,0,60,211,34,87,289,60,7,179,354,23,25,123,9,12,13,15,0,147,21,34,13,18,0,82,92,0
2019/2020,wentworth,ethekwini,ethekwini,30.98088,-29.94177,355,0,86,58,1,0,49,211,45,50,293,81,6,164,281,18,23,107,14,10,13,9,0,162,8,19,9,11,0,89,105,0
2020/2021,wentworth,ethekwini,ethekwini,30.98088,-29.94177,284,1,68,76,0,0,70,132,19,56,248,82,4,4,330,28,2,114,18,10,9,5,0,126,8,20,5,26,0,69,80,3
2021/2022,wentworth,ethekwini,ethekwini,30.98088,-29.94177,441,2,92,104,0,0,33,121,26,87,298,126,6,2,298,46,25,177,22,13,23,8,0,200,10,23,3,17,0,82,87,1
2022/2023,wentworth,ethekwini,ethekwini,30.98088,-29.94177,445,1,68,78,2,0,45,112,29,97,237,76,6,4,285,27,16,164,30,19,19,11,0,192,8,29,0,22,0,88,71,4
2023/2024,wentworth,ethekwini district,ethekwini district,30.98088,-29.94177,0,0,0,0,0,0,0,117,23,0,0,0,0,0,0,0,0,0,0,0,0,12,0,0,0,0,0,0,0,116,125,0
2024/2025,wentworth,ethekwini district,ethekwini district,30.98088,-29.94177,0,0,0,0,0,0,0,120,12,0,0,0,0,0,0,0,0,0,0,0,0,6,0,0,0,0,0,0,0,101,87,0
2008/2009,wepener,mangaung,mangaung,27.037,-29.73115,59,5,62,3,0,0,15,37,2,5,72,5,7,6,25,1,1,24,4,16,5,1,0,11,2,19,0,1,26,3,5,0
2009/2010,wepener,mangaung,mangaung,27.037,-29.73115,50,4,75,2,3,0,18,59,0,16,58,5,6,2,20,5,1,23,2,12,3,0,0,5,0,15,0,3,32,3,3,0
2010/2011,wepener,mangaung,mangaung,27.037,-29.73115,44,1,88,1,4,0,13,32,0,21,78,4,6,1,22,4,1,32,2,22,10,0,0,17,0,26,0,1,28,2,3,0
2011/2012,wepener,mangaung,mangaung,27.037,-29.73115,51,1,87,2,4,0,11,38,0,18,53,4,4,0,29,1,1,26,0,14,4,2,1,10,6,26,0,1,36,3,3,0
2012/2013,wepener,mangaung,mangaung,27.037,-29.73115,44,3,65,4,2,0,32,53,1,8,47,5,7,6,16,6,1,27,5,12,5,3,0,12,1,16,0,1,38,2,4,0
2013/2014,wepener,mangaung,mangaung,27.037,-29.73115,40,4,59,2,2,0,19,47,1,14,40,0,6,3,33,11,13,32,2,9,4,5,0,11,1,12,0,2,31,3,7,1
2014/2015,wepener,mangaung,mangaung,27.037,-29.73115,43,3,63,1,2,0,29,42,1,16,31,2,6,0,20,4,13,28,4,12,2,3,0,8,0,14,0,1,26,5,5,1
2015/2016,wepener,mangaung,mangaung,27.037,-29.73115,63,3,49,7,2,0,21,40,1,12,59,1,6,4,31,11,13,26,4,9,6,6,0,16,0,11,0,5,30,6,2,0
2016/2017,wepener,mangaung,mangaung,27.037,-29.73115,39,2,40,5,0,0,30,56,0,9,52,2,7,8,33,6,21,28,3,9,3,2,0,6,0,10,0,3,32,0,5,1
2017/2018,wepener,mangaung,mangaung,27.037,-29.73115,19,3,49,3,1,0,19,53,0,11,46,1,7,8,25,1,21,19,3,9,7,7,0,17,2,13,0,2,27,5,10,1
2018/2019,wepener,mangaung,mangaung,27.037,-29.73115,37,3,40,7,1,0,30,48,1,20,23,1,6,13,27,2,21,14,5,9,14,8,0,28,2,12,0,4,44,7,3,0
2019/2020,wepener,mangaung,mangaung,27.037,-29.73115,36,1,31,2,0,0,17,41,0,17,30,2,6,3,14,3,13,17,7,6,6,5,0,13,1,7,0,0,49,2,3,0
2020/2021,wepener,mangaung,mangaung,27.037,-29.73115,39,1,54,4,0,0,25,20,1,9,30,1,6,1,15,2,21,20,4,5,8,9,0,24,1,6,0,1,42,6,5,0
2021/2022,wepener,mangaung,mangaung,27.037,-29.73115,18,2,47,9,1,0,13,36,0,8,34,1,6,4,11,1,17,23,6,7,2,7,0,12,1,9,0,0,34,1,4,0
2022/2023,wepener,mangaung,mangaung,27.037,-29.73115,20,1,38,7,0,0,17,39,0,13,38,3,6,4,33,20,21,18,5,8,7,3,0,12,1,9,0,0,19,2,2,0
2023/2024,wepener,mangaung district,mangaung district,27.037,-29.73115,0,0,0,0,0,0,0,37,0,0,0,0,0,0,0,0,0,0,0,0,0,5,0,0,0,0,0,0,0,2,6,0
2024/2025,wepener,mangaung district,mangaung district,27.037,-29.73115,0,0,0,0,0,0,0,20,1,0,0,0,0,0,0,0,0,0,0,0,0,1,0,0,0,0,0,0,0,2,0,0
2008/2009,wesselsbron,nala,lejweleputswa,26.36327,-27.85679,136,2,217,17,3,0,31,129,0,9,199,36,7,33,22,2,1,68,9,43,3,0,0,10,7,54,0,27,29,5,12,0
2009/2010,wesselsbron,nala,lejweleputswa,26.36327,-27.85679,106,2,190,17,1,0,33,165,1,8,231,23,4,26,32,0,1,78,8,43,4,1,0,14,9,55,0,20,36,3,9,0
2010/2011,wesselsbron,nala,lejweleputswa,26.36327,-27.85679,155,3,266,17,2,0,47,133,0,16,253,27,8,53,26,2,1,80,13,51,8,7,0,26,9,66,0,19,47,12,16,0
2011/2012,wesselsbron,nala,lejweleputswa,26.36327,-27.85679,186,4,257,15,2,0,31,126,0,6,241,27,4,24,25,0,1,82,8,48,4,3,0,24,13,65,0,7,38,6,11,0
2012/2013,wesselsbron,nala,lejweleputswa,26.36327,-27.85679,189,4,281,23,1,0,36,125,0,11,303,22,8,14,67,4,1,90,12,61,7,3,0,38,13,79,0,18,61,11,11,0
2013/2014,wesselsbron,nala,lejweleputswa,26.36327,-27.85679,155,2,257,20,2,0,58,128,0,23,300,24,5,23,102,7,21,89,8,59,8,4,0,28,11,75,0,14,64,7,8,0
2014/2015,wesselsbron,nala,lejweleputswa,26.36327,-27.85679,108,1,238,16,4,0,48,114,0,14,245,27,5,19,108,5,14,60,9,46,12,5,0,45,11,64,1,6,20,10,11,0
2015/2016,wesselsbron,nala,lejweleputswa,26.36327,-27.85679,115,3,221,15,1,0,63,106,0,17,208,16,6,32,81,5,21,83,14,40,10,1,0,27,8,49,0,6,29,4,17,0
2016/2017,wesselsbron,nala,lejweleputswa,26.36327,-27.85679,126,4,182,7,1,0,79,128,2,17,212,20,8,51,118,11,12,70,16,36,10,9,0,56,7,48,0,14,10,1,17,0
2017/2018,wesselsbron,nala,lejweleputswa,26.36327,-27.85679,117,0,195,1,1,0,38,122,0,10,213,20,7,33,130,3,17,74,15,40,10,9,0,58,12,54,0,16,29,2,4,0
2018/2019,wesselsbron,nala,lejweleputswa,26.36327,-27.85679,117,4,155,8,1,0,59,171,0,9,181,26,7,18,71,0,13,67,3,45,6,7,0,48,7,54,0,5,34,5,9,0
2019/2020,wesselsbron,nala,lejweleputswa,26.36327,-27.85679,111,6,145,7,1,0,74,186,0,14,179,15,5,23,30,3,2,58,12,32,12,9,0,71,8,44,0,3,29,2,19,0
2020/2021,wesselsbron,nala,lejweleputswa,26.36327,-27.85679,94,0,126,6,0,0,48,106,0,10,162,8,6,16,45,0,13,57,9,34,7,9,0,42,17,51,0,8,43,0,19,0
2021/2022,wesselsbron,nala,lejweleputswa,26.36327,-27.85679,117,1,155,7,1,0,56,142,0,17,141,10,5,16,59,4,21,63,7,35,7,8,0,57,16,55,0,7,36,5,13,0
2022/2023,wesselsbron,nala,lejweleputswa,26.36327,-27.85679,129,0,160,17,2,0,40,111,0,18,207,10,8,11,62,4,12,68,7,26,8,7,0,48,7,39,8,14,22,1,19,0
2023/2024,wesselsbron,lejweleputswa district,lejweleputswa district,26.36327,-27.85679,0,0,0,0,0,0,0,123,1,0,0,0,0,0,0,0,0,0,0,0,0,15,0,0,0,0,0,0,0,1,10,0
2024/2025,wesselsbron,lejweleputswa district,lejweleputswa district,26.36327,-27.85679,0,0,0,0,0,0,0,117,0,0,0,0,0,0,0,0,0,0,0,0,0,11,0,0,0,0,0,0,0,2,18,0
2008/2009,westenburg,polokwane,capricorn,29.43012,-23.90444,0,0,0,0,0,0,0,0,0,0,0,0,6,0,0,0,1,0,0,0,0,0,0,0,0,0,0,0,0,0,0,0
2009/2010,westenburg,polokwane,capricorn,29.43012,-23.90444,0,0,0,0,0,0,0,0,0,0,0,0,6,0,0,0,1,0,0,0,0,0,0,0,0,0,0,0,0,0,0,0
2010/2011,westenburg,polokwane,capricorn,29.43012,-23.90444,0,0,0,0,0,0,0,0,0,0,0,0,6,0,0,0,1,0,0,0,0,0,0,0,0,0,0,0,0,0,0,0
2011/2012,westenburg,polokwane,capricorn,29.43012,-23.90444,0,0,0,0,0,0,0,0,0,0,0,0,6,0,0,0,1,0,0,0,0,0,0,0,0,0,0,0,0,0,0,0
2012/2013,westenburg,polokwane,capricorn,29.43012,-23.90444,698,19,241,19,3,0,106,582,14,101,256,125,8,56,101,22,1,177,17,58,9,35,0,167,10,75,41,14,17,27,291,3
2013/2014,westenburg,polokwane,capricorn,29.43012,-23.90444,758,14,216,37,6,0,106,652,11,67,279,152,4,67,118,10,17,228,21,64,19,48,0,211,8,80,4,7,11,44,362,0
2014/2015,westenburg,polokwane,capricorn,29.43012,-23.90444,644,9,228,18,8,0,155,632,17,86,282,135,4,79,167,14,23,204,26,56,27,42,0,274,7,73,1,6,31,28,400,4
2015/2016,westenburg,polokwane,capricorn,29.43012,-23.90444,691,14,184,13,2,0,140,631,19,87,289,132,10,82,183,11,22,226,15,60,20,37,0,212,5,73,1,12,29,31,351,0
2016/2017,westenburg,polokwane,capricorn,29.43012,-23.90444,656,5,139,22,5,0,139,507,11,56,203,97,5,142,236,19,17,193,26,48,23,40,0,227,7,63,28,4,39,23,312,1
2017/2018,westenburg,polokwane,capricorn,29.43012,-23.90444,426,6,167,20,2,0,108,469,17,79,187,75,6,191,368,16,17,189,17,33,15,57,0,184,12,47,79,9,39,32,323,1
2018/2019,westenburg,polokwane,capricorn,29.43012,-23.90444,570,6,144,22,2,0,119,473,15,68,158,86,8,209,264,14,24,154,15,34,15,15,1,242,6,46,121,10,37,31,311,1
2019/2020,westenburg,polokwane,capricorn,29.43012,-23.90444,454,3,154,15,0,0,146,543,14,108,170,72,6,255,29,9,28,141,19,42,25,47,0,284,3,45,140,18,34,30,287,1
2020/2021,westenburg,polokwane,capricorn,29.43012,-23.90444,353,1,123,18,0,0,128,345,5,117,172,52,7,93,61,26,14,155,14,53,18,47,0,198,6,60,200,14,36,23,248,0
2021/2022,westenburg,polokwane,capricorn,29.43012,-23.90444,444,4,154,20,1,0,128,352,17,139,188,60,7,43,50,8,17,147,20,45,21,58,0,214,14,61,5,9,25,40,199,1
2022/2023,westenburg,polokwane,capricorn,29.43012,-23.90444,451,8,172,21,1,0,156,331,14,149,174,60,7,40,47,15,3,151,24,62,28,63,0,257,4,68,0,7,55,47,210,1
2023/2024,westenburg,capricorn district,capricorn district,29.43012,-23.90444,0,0,0,0,0,0,0,245,13,0,0,0,0,0,0,0,0,0,0,0,0,49,0,0,0,0,0,0,0,36,168,0
2024/2025,westenburg,capricorn district,capricorn district,29.43012,-23.90444,0,0,0,0,0,0,0,169,8,0,0,0,0,0,0,0,0,0,0,0,0,24,0,0,0,0,0,0,0,39,154,0
2008/2009,westonaria,rand west city,west rand,27.65058,-26.323,874,12,273,53,4,0,174,725,78,112,785,193,26,154,51,34,1,323,81,145,80,67,1,573,27,197,0,232,10,169,222,24
2009/2010,westonaria,rand west city,west rand,27.65058,-26.323,857,15,220,39,12,0,177,770,46,95,802,179,3,215,49,46,1,367,55,150,73,69,0,415,13,188,0,199,10,189,295,19
2010/2011,westonaria,rand west city,west rand,27.65058,-26.323,736,17,215,54,9,0,156,737,45,74,691,164,4,207,99,39,1,371,68,136,53,61,0,374,19,166,0,133,11,181,221,13
2011/2012,westonaria,rand west city,west rand,27.65058,-26.323,762,5,267,41,5,0,193,908,60,88,569,132,10,184,62,34,1,355,54,150,57,57,0,392,21,182,1,135,8,180,224,4
2012/2013,westonaria,rand west city,west rand,27.65058,-26.323,419,1,51,11,1,0,89,346,16,127,152,47,7,141,28,7,1,165,15,36,18,23,0,122,2,40,73,94,9,150,137,4
2013/2014,westonaria,rand west city,west rand,27.65058,-26.323,497,1,63,13,3,0,109,341,10,103,153,47,6,143,103,10,23,149,18,24,34,35,0,159,6,33,1,118,24,134,96,6
2014/2015,westonaria,rand west city,west rand,27.65058,-26.323,453,0,88,17,3,0,108,310,35,92,163,73,6,149,82,9,21,122,17,33,23,42,0,207,4,40,0,147,17,97,118,10
2015/2016,westonaria,rand west city,west rand,27.65058,-26.323,455,0,75,28,0,0,110,353,28,101,181,66,7,173,78,6,23,119,21,43,30,51,0,211,7,51,0,124,21,114,123,7
2016/2017,westonaria,rand west city,west rand,27.65058,-26.323,448,3,52,22,0,0,85,353,29,111,169,54,6,139,98,10,14,120,18,20,18,39,0,188,7,27,0,133,17,128,88,6
2017/2018,westonaria,rand west city,west rand,27.65058,-26.323,390,0,63,37,3,0,100,299,55,104,159,41,4,174,130,14,24,104,20,48,30,48,0,207,8,61,0,112,20,125,73,7
2018/2019,westonaria,rand west city,west rand,27.65058,-26.323,468,3,66,42,3,0,101,275,48,91,151,43,6,202,145,19,33,147,20,44,39,56,0,218,7,54,0,88,23,114,66,11
2019/2020,westonaria,rand west city,west rand,27.65058,-26.323,498,2,103,26,2,0,128,209,48,61,154,45,6,220,178,19,16,133,28,41,36,33,0,194,8,51,0,90,19,120,88,5
2020/2021,westonaria,rand west city,west rand,27.65058,-26.323,267,1,66,35,0,0,124,205,55,95,151,36,6,109,95,23,24,115,23,29,20,25,1,162,6,35,0,70,23,85,63,11
2021/2022,westonaria,rand west city,west rand,27.65058,-26.323,380,0,70,48,2,0,87,296,80,112,150,41,7,112,82,44,34,168,37,27,16,43,2,237,4,34,2,62,25,79,43,13
2022/2023,westonaria,rand west city,west rand,27.65058,-26.323,412,2,82,54,0,0,147,232,116,106,172,41,6,131,105,29,35,183,58,55,33,49,0,318,2,57,1,94,18,47,29,39
2023/2024,westonaria,west rand district,west rand district,27.65058,-26.323,0,0,0,0,0,0,0,207,91,0,0,0,0,0,0,0,0,0,0,0,0,33,0,0,0,0,0,0,0,53,41,0
2024/2025,westonaria,west rand district,west rand district,27.65058,-26.323,0,0,0,0,0,0,0,165,73,0,0,0,0,0,0,0,0,0,0,0,0,41,0,0,0,0,0,0,0,64,34,0
2008/2009,westville,ethekwini,ethekwini,30.93246,-29.82968,645,1,90,16,1,0,94,508,54,286,157,68,10,46,25,2,1,132,12,19,15,61,0,229,6,32,0,438,0,202,261,1
2009/2010,westville,ethekwini,ethekwini,30.93246,-29.82968,573,4,117,7,3,0,81,657,29,323,215,65,18,24,38,2,1,130,5,14,12,68,0,203,5,33,0,585,0,165,293,4
2010/2011,westville,ethekwini,ethekwini,30.93246,-29.82968,581,1,74,6,0,1,70,697,32,284,193,51,10,18,56,10,1,128,3,17,6,68,0,198,4,27,0,473,0,111,216,1
2011/2012,westville,ethekwini,ethekwini,30.93246,-29.82968,697,1,77,5,1,0,81,767,34,273,158,42,5,22,51,10,1,137,2,18,7,81,0,201,8,30,0,376,0,87,198,0
2012/2013,westville,ethekwini,ethekwini,30.93246,-29.82968,645,4,91,13,0,0,81,769,10,242,142,90,7,46,64,5,1,105,3,13,8,102,0,219,4,18,0,524,0,108,278,0
2013/2014,westville,ethekwini,ethekwini,30.93246,-29.82968,571,0,92,17,0,0,91,551,21,282,130,59,9,60,76,6,14,63,7,36,9,105,0,223,8,49,0,549,0,108,292,0
2014/2015,westville,ethekwini,ethekwini,30.93246,-29.82968,563,0,114,10,0,0,46,425,19,230,152,50,7,36,50,3,23,70,2,25,12,69,0,184,2,28,1,512,0,158,255,0
2015/2016,westville,ethekwini,ethekwini,30.93246,-29.82968,562,3,110,6,0,0,106,403,30,177,111,65,7,26,40,4,23,75,9,24,17,100,0,215,5,30,0,449,0,140,213,0
2016/2017,westville,ethekwini,ethekwini,30.93246,-29.82968,500,0,92,19,1,0,82,406,22,217,148,61,6,72,32,15,13,91,5,23,12,113,0,220,6,30,1,334,0,157,188,0
2017/2018,westville,ethekwini,ethekwini,30.93246,-29.82968,439,3,104,10,0,0,87,310,7,277,152,30,4,93,44,6,21,50,4,17,19,71,0,164,6,25,0,254,0,165,142,0
2018/2019,westville,ethekwini,ethekwini,30.93246,-29.82968,453,4,95,6,0,0,39,300,12,283,150,25,4,66,29,2,2,52,2,25,17,43,0,141,6,33,0,276,0,160,137,2
2019/2020,westville,ethekwini,ethekwini,30.93246,-29.82968,377,5,62,15,0,0,75,261,23,264,170,32,5,96,38,2,22,34,4,21,24,63,0,180,7,31,0,275,0,157,159,0
2020/2021,westville,ethekwini,ethekwini,30.93246,-29.82968,371,3,33,11,1,0,59,295,8,189,63,29,9,3,13,1,24,36,5,11,10,61,0,137,7,24,0,280,0,69,178,0
2021/2022,westville,ethekwini,ethekwini,30.93246,-29.82968,329,3,34,17,0,0,58,164,8,279,83,29,7,8,34,5,3,43,6,28,15,48,0,145,4,33,0,261,0,80,136,0
2022/2023,westville,ethekwini,ethekwini,30.93246,-29.82968,364,0,43,20,2,0,39,134,16,294,94,44,7,3,45,11,18,52,5,19,20,37,0,172,2,24,0,253,0,69,167,1
2023/2024,westville,ethekwini district,ethekwini district,30.93246,-29.82968,0,0,0,0,0,0,0,176,12,0,0,0,0,0,0,0,0,0,0,0,0,36,0,0,0,0,0,0,0,92,152,0
2024/2025,westville,ethekwini district,ethekwini district,30.93246,-29.82968,0,0,0,0,0,0,0,180,10,0,0,0,0,0,0,0,0,0,0,0,0,26,0,0,0,0,0,0,0,123,181,0
2023/2024,weza,ugu district,ugu district,,,0,0,0,0,0,0,0,0,0,0,0,0,0,0,0,0,0,0,0,0,0,0,0,0,0,0,0,0,0,0,0,0
2024/2025,weza,ugu district,ugu district,,,0,0,0,0,0,0,0,0,0,0,0,0,0,0,0,0,0,0,0,0,0,0,0,0,0,0,0,0,0,0,0,0
2008/2009,whittlesea,enoch mgijima,chris hani,26.82443,-32.17097,56,0,153,7,4,0,3,116,0,3,39,43,6,26,131,12,1,46,24,60,3,7,0,23,2,66,0,11,33,2,4,0
2009/2010,whittlesea,enoch mgijima,chris hani,26.82443,-32.17097,45,1,211,3,6,0,0,134,0,14,60,36,8,47,157,7,1,36,23,64,3,2,0,15,3,77,0,5,31,4,7,0
2010/2011,whittlesea,enoch mgijima,chris hani,26.82443,-32.17097,43,0,178,2,7,0,6,84,0,9,49,19,7,44,191,4,1,48,20,60,4,5,1,17,2,70,0,1,32,7,9,0
2011/2012,whittlesea,enoch mgijima,chris hani,26.82443,-32.17097,47,4,210,6,7,0,22,87,0,22,68,17,6,34,206,4,1,36,26,75,17,4,0,33,5,87,0,2,42,5,12,0
2012/2013,whittlesea,enoch mgijima,chris hani,26.82443,-32.17097,33,4,182,10,3,0,10,80,0,13,65,22,6,26,238,3,1,33,25,90,13,4,0,36,2,95,0,1,27,8,6,0
2013/2014,whittlesea,enoch mgijima,chris hani,26.82443,-32.17097,62,5,199,7,3,0,11,90,0,18,45,14,6,17,258,3,12,47,14,84,12,5,0,35,1,88,0,6,27,5,10,0
2014/2015,whittlesea,enoch mgijima,chris hani,26.82443,-32.17097,75,3,190,5,3,0,20,76,2,22,75,15,4,15,258,3,21,39,17,102,19,7,0,51,3,110,0,1,37,11,13,1
2015/2016,whittlesea,enoch mgijima,chris hani,26.82443,-32.17097,68,4,213,5,3,0,12,113,0,29,54,23,6,9,294,2,21,60,27,77,17,4,0,56,1,81,0,15,32,7,20,0
2016/2017,whittlesea,enoch mgijima,chris hani,26.82443,-32.17097,56,2,178,13,2,0,18,133,0,20,57,21,6,20,320,9,21,70,21,104,15,10,0,75,7,113,1,6,30,1,22,0
2017/2018,whittlesea,enoch mgijima,chris hani,26.82443,-32.17097,69,1,202,4,4,0,37,127,1,19,73,20,6,29,384,9,12,73,26,86,14,16,0,66,3,93,0,5,32,5,14,0
2018/2019,whittlesea,enoch mgijima,chris hani,26.82443,-32.17097,86,4,202,2,3,0,38,104,0,18,68,20,6,19,341,3,21,61,28,91,7,12,1,63,5,99,0,7,39,2,17,0
2019/2020,whittlesea,enoch mgijima,chris hani,26.82443,-32.17097,83,5,215,3,3,0,52,146,1,36,94,20,6,14,156,6,14,67,22,43,27,22,0,100,4,50,0,5,49,2,21,0
2020/2021,whittlesea,enoch mgijima,chris hani,26.82443,-32.17097,75,3,219,6,1,0,21,95,1,36,80,25,6,5,81,0,21,60,18,37,6,15,0,62,9,47,0,4,42,3,16,0
2021/2022,whittlesea,enoch mgijima,chris hani,26.82443,-32.17097,104,6,199,4,0,0,15,163,2,34,95,23,7,3,58,2,23,85,19,58,5,13,0,51,6,65,0,1,34,3,31,0
2022/2023,whittlesea,enoch mgijima,chris hani,26.82443,-32.17097,129,5,261,2,4,0,45,174,1,43,95,19,6,1,59,2,22,109,21,44,7,18,0,83,7,55,0,8,50,3,18,0
2023/2024,whittlesea,chris hani district,chris hani district,26.82443,-32.17097,0,0,0,0,0,0,0,139,7,0,0,0,0,0,0,0,0,0,0,0,0,20,0,0,0,0,0,0,0,0,19,0
2024/2025,whittlesea,chris hani district,chris hani district,26.82443,-32.17097,0,0,0,0,0,0,0,176,3,0,0,0,0,0,0,0,0,0,0,0,0,15,0,0,0,0,0,0,0,1,16,0
2008/2009,wierdabrug,city of tshwane,city of tshwane,28.15524,-25.82374,2116,23,418,61,7,2,483,2136,69,424,712,218,23,69,80,13,1,693,31,93,98,230,0,701,16,169,0,220,2,777,865,26
2009/2010,wierdabrug,city of tshwane,city of tshwane,28.15524,-25.82374,1925,24,435,91,7,0,407,2338,91,526,545,189,24,59,103,18,1,723,40,83,107,260,3,815,8,237,0,314,2,678,1051,22
2010/2011,wierdabrug,city of tshwane,city of tshwane,28.15524,-25.82374,1825,24,441,80,9,0,290,2345,76,655,502,180,25,48,86,19,1,711,36,76,61,259,0,661,17,156,0,155,1,670,1019,12
2011/2012,wierdabrug,city of tshwane,city of tshwane,28.15524,-25.82374,1750,14,147,29,0,0,225,1316,61,630,399,118,18,76,227,5,1,605,12,33,29,150,0,389,17,61,23,150,0,608,1112,4
2012/2013,wierdabrug,city of tshwane,city of tshwane,28.15524,-25.82374,1218,6,78,25,0,0,255,1199,35,443,285,85,9,60,353,4,1,548,8,22,31,132,0,306,19,46,7,200,0,675,1052,4
2013/2014,wierdabrug,city of tshwane,city of tshwane,28.15524,-25.82374,1338,7,88,28,1,0,270,1140,50,417,244,76,5,108,214,12,23,471,14,19,38,150,0,403,14,37,2,201,2,573,1005,3
2014/2015,wierdabrug,city of tshwane,city of tshwane,28.15524,-25.82374,1152,7,72,32,0,0,185,1030,63,392,265,76,8,69,232,15,28,424,3,19,20,120,1,380,14,37,2,159,0,465,901,2
2015/2016,wierdabrug,city of tshwane,city of tshwane,28.15524,-25.82374,1188,6,86,27,1,0,198,1050,38,403,272,84,8,65,239,17,2,362,11,26,44,96,0,334,14,45,0,205,0,416,879,5
2016/2017,wierdabrug,city of tshwane,city of tshwane,28.15524,-25.82374,1106,2,64,25,1,0,182,987,60,446,255,89,9,59,285,12,2,342,1,18,63,94,0,389,10,34,4,155,0,561,1041,9
2017/2018,wierdabrug,city of tshwane,city of tshwane,28.15524,-25.82374,992,2,61,21,1,0,170,913,58,381,223,130,7,94,155,8,22,353,4,18,35,92,1,373,21,41,3,119,0,489,895,9
2018/2019,wierdabrug,city of tshwane,city of tshwane,28.15524,-25.82374,982,0,76,29,2,0,176,918,48,489,260,107,4,110,205,4,24,352,1,31,38,72,1,383,41,76,0,148,0,463,748,5
2019/2020,wierdabrug,city of tshwane,city of tshwane,28.15524,-25.82374,948,0,75,23,0,0,187,873,50,467,270,131,9,89,136,7,3,301,6,25,47,85,1,359,18,48,9,117,0,696,846,4
2020/2021,wierdabrug,city of tshwane,city of tshwane,28.15524,-25.82374,650,0,57,13,0,0,179,689,90,571,209,143,5,49,62,5,19,250,10,19,44,82,1,439,14,36,0,119,0,437,480,10
2021/2022,wierdabrug,city of tshwane,city of tshwane,28.15524,-25.82374,692,1,65,17,0,0,155,679,64,743,248,123,7,54,62,8,31,227,5,21,46,74,1,323,14,36,3,98,0,514,477,8
2022/2023,wierdabrug,city of tshwane,city of tshwane,28.15524,-25.82374,770,1,65,26,0,0,154,675,86,814,245,152,5,45,41,6,32,197,11,29,45,81,0,383,19,51,0,106,0,353,457,14
2023/2024,wierdabrug,tshwane district,tshwane district,28.15524,-25.82374,0,0,0,0,0,0,0,677,90,0,0,0,0,0,0,0,0,0,0,0,0,95,0,0,0,0,0,0,0,478,431,0
2024/2025,wierdabrug,tshwane district,tshwane district,28.15524,-25.82374,0,0,0,0,0,0,0,437,78,0,0,0,0,0,0,0,0,0,0,0,0,91,0,0,0,0,0,0,0,390,365,0
2008/2009,williston,karoo hoogland,namakwa,20.91551,-31.3428,20,0,42,4,2,0,3,15,0,3,14,1,7,2,3,0,1,9,3,13,0,1,0,1,1,17,0,1,2,0,5,0
2009/2010,williston,karoo hoogland,namakwa,20.91551,-31.3428,9,0,60,1,1,0,2,12,0,1,20,2,7,6,7,0,1,6,3,8,0,0,0,0,2,12,0,2,0,3,5,0
2010/2011,williston,karoo hoogland,namakwa,20.91551,-31.3428,8,2,56,2,1,0,6,11,0,2,26,0,7,0,4,0,1,7,1,7,0,0,0,0,1,10,0,3,3,2,2,0
2011/2012,williston,karoo hoogland,namakwa,20.91551,-31.3428,19,0,41,1,0,0,8,13,0,3,32,0,6,4,10,0,1,8,1,3,0,0,0,0,0,3,0,1,4,1,2,0
2012/2013,williston,karoo hoogland,namakwa,20.91551,-31.3428,21,0,38,1,0,0,7,25,0,7,15,1,6,1,9,0,1,6,4,4,0,0,0,1,1,5,0,2,6,0,2,0
2013/2014,williston,karoo hoogland,namakwa,20.91551,-31.3428,13,1,41,2,0,0,15,24,0,3,30,0,7,3,11,0,12,12,7,6,0,1,0,2,1,8,0,3,4,0,4,0
2014/2015,williston,karoo hoogland,namakwa,20.91551,-31.3428,10,1,45,2,0,0,3,9,0,4,18,0,6,3,12,0,13,11,3,3,2,1,0,3,1,4,0,2,0,0,0,0
2015/2016,williston,karoo hoogland,namakwa,20.91551,-31.3428,21,0,33,0,0,0,0,14,0,3,38,1,6,1,14,0,13,6,3,5,0,0,0,0,3,8,0,0,7,0,1,0
2016/2017,williston,karoo hoogland,namakwa,20.91551,-31.3428,11,1,35,1,0,0,4,6,0,1,40,4,6,2,29,0,13,9,1,5,0,0,0,0,1,6,0,2,2,2,1,0
2017/2018,williston,karoo hoogland,namakwa,20.91551,-31.3428,20,0,45,1,0,0,9,8,0,3,45,2,6,3,56,2,13,13,4,2,1,1,0,2,1,3,0,4,7,0,6,0
2018/2019,williston,karoo hoogland,namakwa,20.91551,-31.3428,18,0,20,1,0,0,5,13,0,3,28,2,6,3,62,0,13,5,1,5,0,0,0,0,2,7,0,3,6,0,6,0
2019/2020,williston,karoo hoogland,namakwa,20.91551,-31.3428,15,0,26,1,1,0,8,18,0,1,38,0,7,2,14,1,12,8,2,5,1,1,0,2,0,7,0,3,5,1,3,0
2020/2021,williston,karoo hoogland,namakwa,20.91551,-31.3428,14,1,23,1,0,0,3,9,0,2,26,3,6,0,7,0,13,8,1,2,1,1,0,2,0,2,0,0,6,0,7,0
2021/2022,williston,karoo hoogland,namakwa,20.91551,-31.3428,26,1,16,5,0,0,4,15,0,5,33,6,6,2,12,0,13,9,1,5,0,0,0,0,0,5,0,0,1,0,3,0
2022/2023,williston,karoo hoogland,namakwa,20.91551,-31.3428,26,0,20,7,0,0,11,10,0,3,24,4,6,2,7,0,13,11,2,4,2,0,0,2,1,5,0,2,2,0,1,0
2023/2024,williston,namakwa district,namakwa district,20.91551,-31.3428,0,0,0,0,0,0,0,8,0,0,0,0,0,0,0,0,0,0,0,0,0,0,0,0,0,0,0,0,0,0,5,0
2024/2025,williston,namakwa district,namakwa district,20.91551,-31.3428,0,0,0,0,0,0,0,12,0,0,0,0,0,0,0,0,0,0,0,0,0,0,0,0,0,0,0,0,0,0,0,0
2008/2009,willowmore,dr beyers naude,sarah baartman,23.48728,-33.29543,64,1,67,10,4,0,27,60,0,2,77,2,4,9,40,2,1,45,5,8,0,1,0,1,2,16,0,4,25,3,3,0
2009/2010,willowmore,dr beyers naude,sarah baartman,23.48728,-33.29543,49,0,75,11,3,0,14,38,0,5,44,2,5,29,50,1,1,35,6,5,0,0,0,0,5,16,0,2,25,0,3,0
2010/2011,willowmore,dr beyers naude,sarah baartman,23.48728,-33.29543,34,0,55,5,0,0,15,33,0,1,29,0,7,32,74,1,1,25,7,11,0,0,0,1,5,17,0,0,18,0,1,0
2011/2012,willowmore,dr beyers naude,sarah baartman,23.48728,-33.29543,37,0,47,7,0,0,5,31,0,3,17,0,4,24,94,0,1,22,3,11,1,0,0,1,4,17,0,1,16,1,3,0
2012/2013,willowmore,dr beyers naude,sarah baartman,23.48728,-33.29543,37,1,53,5,0,0,12,28,0,4,25,2,7,12,64,0,1,18,5,10,0,0,0,0,4,15,0,1,8,3,3,0
2013/2014,willowmore,dr beyers naude,sarah baartman,23.48728,-33.29543,45,2,59,5,0,0,17,35,0,6,34,2,6,21,51,2,13,22,7,8,0,0,0,1,3,11,0,1,12,2,5,0
2014/2015,willowmore,dr beyers naude,sarah baartman,23.48728,-33.29543,43,1,66,6,0,0,17,31,0,4,43,2,6,15,60,0,12,22,1,5,1,0,0,1,1,6,0,1,11,1,9,0
2015/2016,willowmore,dr beyers naude,sarah baartman,23.48728,-33.29543,50,0,62,12,0,0,12,37,0,7,57,7,7,6,56,1,12,33,1,12,1,2,0,3,2,15,0,3,11,2,11,0
2016/2017,willowmore,dr beyers naude,sarah baartman,23.48728,-33.29543,55,0,71,7,1,0,16,53,0,15,54,14,6,4,85,2,13,35,3,8,0,1,0,5,3,12,0,1,19,0,11,0
2017/2018,willowmore,dr beyers naude,sarah baartman,23.48728,-33.29543,57,2,74,3,0,0,18,53,0,8,43,4,7,7,73,0,12,21,3,8,0,0,0,2,7,16,0,0,36,1,7,0
2018/2019,willowmore,dr beyers naude,sarah baartman,23.48728,-33.29543,51,1,62,6,0,0,34,70,0,8,60,4,6,13,70,1,21,32,0,12,0,0,0,8,3,15,0,5,21,1,14,0
2019/2020,willowmore,dr beyers naude,sarah baartman,23.48728,-33.29543,57,1,56,5,1,0,26,50,0,11,55,9,6,12,31,1,13,33,4,9,0,2,0,6,2,12,0,1,30,0,7,0
2020/2021,willowmore,dr beyers naude,sarah baartman,23.48728,-33.29543,60,0,67,6,0,0,32,84,0,12,72,5,6,15,40,1,13,35,1,11,3,2,0,11,2,13,0,1,27,0,16,0
2021/2022,willowmore,dr beyers naude,sarah baartman,23.48728,-33.29543,93,2,56,2,0,0,21,74,1,10,58,6,6,19,44,1,12,29,1,7,0,2,0,5,5,12,0,2,12,1,13,0
2022/2023,willowmore,dr beyers naude,sarah baartman,23.48728,-33.29543,117,2,65,8,0,0,20,79,0,18,75,9,6,3,47,2,21,43,2,6,6,4,0,13,1,7,0,3,15,0,16,0
2023/2024,willowmore,sarah baartman district,sarah baartman district,23.48728,-33.29543,0,0,0,0,0,0,0,71,0,0,0,0,0,0,0,0,0,0,0,0,0,3,0,0,0,0,0,0,0,1,23,0
2024/2025,willowmore,sarah baartman district,sarah baartman district,23.48728,-33.29543,0,0,0,0,0,0,0,60,0,0,0,0,0,0,0,0,0,0,0,0,0,3,0,0,0,0,0,0,0,0,13,0
2008/2009,willowvale,mbhashe,amathole,28.50661,-32.267,72,5,249,13,3,0,0,119,1,5,75,10,7,5,30,66,1,42,56,78,4,10,2,27,0,82,0,4,48,3,5,0
2009/2010,willowvale,mbhashe,amathole,28.50661,-32.267,78,10,274,12,3,0,0,122,0,7,99,24,8,21,37,10,1,31,52,63,11,20,1,39,0,70,0,4,59,6,2,0
2010/2011,willowvale,mbhashe,amathole,28.50661,-32.267,58,14,256,9,20,0,9,85,1,8,63,20,4,14,36,24,1,34,37,89,6,14,0,28,2,113,0,2,29,6,10,0
2011/2012,willowvale,mbhashe,amathole,28.50661,-32.267,70,12,253,14,13,0,23,93,1,25,93,24,10,15,73,30,1,41,65,83,4,11,0,29,2,104,1,5,55,9,11,0
2012/2013,willowvale,mbhashe,amathole,28.50661,-32.267,67,5,237,11,8,0,48,95,2,35,51,13,4,12,82,41,1,38,68,94,11,22,0,46,5,109,0,1,56,3,10,0
2013/2014,willowvale,mbhashe,amathole,28.50661,-32.267,94,17,244,13,6,0,40,108,5,17,55,8,5,5,87,72,12,66,67,93,21,34,1,83,3,105,0,11,30,7,17,0
2014/2015,willowvale,mbhashe,amathole,28.50661,-32.267,105,8,265,7,5,0,55,123,1,13,45,5,7,1,121,63,12,64,72,81,25,31,0,85,3,90,0,13,45,7,13,0
2015/2016,willowvale,mbhashe,amathole,28.50661,-32.267,102,16,371,18,6,0,59,123,6,10,87,10,9,2,102,42,14,91,88,111,21,32,1,96,2,124,0,18,48,3,19,0
2016/2017,willowvale,mbhashe,amathole,28.50661,-32.267,84,18,225,17,0,0,57,106,2,14,66,7,7,7,130,40,13,74,87,85,22,34,2,83,7,93,0,16,45,4,19,1
2017/2018,willowvale,mbhashe,amathole,28.50661,-32.267,78,11,213,15,0,0,69,135,2,22,51,7,6,2,181,36,14,76,70,113,19,26,1,67,9,122,1,11,56,6,9,0
2018/2019,willowvale,mbhashe,amathole,28.50661,-32.267,69,12,233,6,3,0,62,99,0,20,49,6,7,7,94,75,12,77,88,84,10,35,0,69,5,93,1,11,68,5,13,0
2019/2020,willowvale,mbhashe,amathole,28.50661,-32.267,53,8,214,13,1,0,68,84,5,22,56,1,7,4,61,59,23,69,71,101,20,33,0,86,9,112,0,9,62,5,11,0
2020/2021,willowvale,mbhashe,amathole,28.50661,-32.267,57,2,175,19,5,0,73,94,4,32,49,10,4,4,61,45,14,63,89,97,20,35,0,76,2,106,0,1,34,4,14,0
2021/2022,willowvale,mbhashe,amathole,28.50661,-32.267,65,9,238,17,1,0,59,87,8,24,56,4,6,1,56,26,22,75,106,90,24,36,0,86,3,94,0,2,43,6,7,0
2022/2023,willowvale,mbhashe,amathole,28.50661,-32.267,51,8,235,15,2,0,55,71,5,18,45,8,6,0,31,44,17,58,105,93,27,25,0,87,8,103,0,5,33,3,14,0
2023/2024,willowvale,amathole district,amathole district,28.50661,-32.267,0,0,0,0,0,0,0,75,5,0,0,0,0,0,0,0,0,0,0,0,0,22,0,0,0,0,0,0,0,3,17,0
2024/2025,willowvale,amathole district,amathole district,28.50661,-32.267,0,0,0,0,0,0,0,56,3,0,0,0,0,0,0,0,0,0,0,0,0,42,0,0,0,0,0,0,0,5,4,0
2008/2009,winburg,masilonyana,lejweleputswa,27.0096,-28.52163,82,2,73,2,0,0,29,69,0,8,149,5,4,2,24,3,1,28,5,16,0,0,0,4,0,18,0,3,37,8,9,1
2009/2010,winburg,masilonyana,lejweleputswa,27.0096,-28.52163,80,2,100,1,1,0,57,62,0,12,124,5,8,9,22,0,1,41,3,30,3,1,0,11,3,38,0,10,37,2,11,0
2010/2011,winburg,masilonyana,lejweleputswa,27.0096,-28.52163,93,2,93,6,0,0,37,62,1,11,114,9,7,13,23,0,1,57,3,18,4,0,0,12,4,23,0,6,31,3,17,0
2011/2012,winburg,masilonyana,lejweleputswa,27.0096,-28.52163,104,5,86,10,1,0,39,73,0,12,123,10,6,7,7,1,1,46,4,17,5,2,0,10,2,20,0,0,49,11,12,0
2012/2013,winburg,masilonyana,lejweleputswa,27.0096,-28.52163,79,3,92,3,3,0,27,58,0,7,103,8,6,10,10,0,1,52,6,22,13,1,0,18,1,26,0,2,40,16,14,1
2013/2014,winburg,masilonyana,lejweleputswa,27.0096,-28.52163,85,4,94,7,2,0,22,39,0,6,93,7,6,10,17,1,13,49,8,17,2,2,0,8,2,21,0,2,30,7,6,1
2014/2015,winburg,masilonyana,lejweleputswa,27.0096,-28.52163,73,1,109,5,0,0,44,50,0,101,75,11,6,9,21,1,12,48,4,20,4,3,0,12,6,26,1,2,22,10,14,0
2015/2016,winburg,masilonyana,lejweleputswa,27.0096,-28.52163,65,2,80,5,1,0,60,77,0,10,84,5,7,3,14,1,13,39,1,20,5,5,0,15,2,24,0,2,35,5,9,0
2016/2017,winburg,masilonyana,lejweleputswa,27.0096,-28.52163,54,0,76,1,1,0,27,46,0,10,76,13,6,7,20,0,12,39,4,23,2,1,0,7,3,27,0,4,49,11,18,1
2017/2018,winburg,masilonyana,lejweleputswa,27.0096,-28.52163,52,1,85,2,0,0,24,55,1,11,68,2,6,4,14,1,13,37,5,16,2,1,0,11,0,16,0,7,54,5,23,2
2018/2019,winburg,masilonyana,lejweleputswa,27.0096,-28.52163,60,1,50,0,0,0,38,36,1,4,68,3,6,5,4,5,13,29,4,14,0,0,0,14,3,17,0,6,48,0,29,1
2019/2020,winburg,masilonyana,lejweleputswa,27.0096,-28.52163,40,1,62,2,2,0,47,42,1,6,61,4,6,5,4,3,21,21,8,13,2,3,0,21,1,16,0,1,40,3,33,3
2020/2021,winburg,masilonyana,lejweleputswa,27.0096,-28.52163,63,0,48,2,1,0,31,20,1,8,54,6,6,2,6,0,13,23,2,11,3,2,0,15,5,17,0,1,31,0,22,2
2021/2022,winburg,masilonyana,lejweleputswa,27.0096,-28.52163,44,0,65,4,1,0,35,39,0,9,103,5,7,1,5,0,23,22,3,12,9,4,0,21,4,18,1,1,44,3,28,1
2022/2023,winburg,masilonyana,lejweleputswa,27.0096,-28.52163,56,0,81,5,0,0,31,69,1,7,118,5,6,0,17,2,13,31,2,10,5,7,0,23,3,13,1,0,46,1,18,3
2023/2024,winburg,lejweleputswa district,lejweleputswa district,27.0096,-28.52163,0,0,0,0,0,0,0,33,0,0,0,0,0,0,0,0,0,0,0,0,0,2,0,0,0,0,0,0,0,1,15,0
2024/2025,winburg,lejweleputswa district,lejweleputswa district,27.0096,-28.52163,0,0,0,0,0,0,0,24,1,0,0,0,0,0,0,0,0,0,0,0,0,0,0,0,0,0,0,0,0,1,18,0
2008/2009,windsorton,dikgatlong,frances baard,24.71082,-28.32664,96,1,60,4,0,0,12,34,0,4,41,2,6,5,7,0,1,21,0,5,2,0,0,8,1,6,0,1,20,0,3,0
2009/2010,windsorton,dikgatlong,frances baard,24.71082,-28.32664,45,2,53,2,1,0,6,18,0,0,28,4,6,2,5,1,1,11,0,6,3,0,0,9,0,7,0,2,26,1,1,0
2010/2011,windsorton,dikgatlong,frances baard,24.71082,-28.32664,44,0,33,1,0,0,6,17,0,2,20,5,7,4,18,2,1,8,0,7,0,0,0,0,0,8,0,0,14,0,1,0
2011/2012,windsorton,dikgatlong,frances baard,24.71082,-28.32664,56,0,37,3,3,0,11,31,0,0,31,4,6,1,7,1,1,15,4,8,1,0,0,1,0,11,0,2,14,0,1,0
2012/2013,windsorton,dikgatlong,frances baard,24.71082,-28.32664,38,0,54,3,3,0,15,14,1,1,32,4,6,0,8,0,1,17,3,2,7,0,0,11,0,5,0,0,16,1,4,0
2013/2014,windsorton,dikgatlong,frances baard,24.71082,-28.32664,36,1,47,2,1,0,16,43,0,2,8,2,6,1,1,2,12,14,4,9,5,0,0,7,0,10,0,3,16,1,4,0
2014/2015,windsorton,dikgatlong,frances baard,24.71082,-28.32664,48,1,63,2,2,0,10,53,0,4,23,6,7,3,6,2,13,24,1,8,1,1,0,7,1,12,0,1,19,4,6,0
2015/2016,windsorton,dikgatlong,frances baard,24.71082,-28.32664,34,2,47,5,5,0,11,44,0,1,25,1,7,0,7,0,13,12,2,8,9,1,0,18,0,14,0,1,21,0,3,0
2016/2017,windsorton,dikgatlong,frances baard,24.71082,-28.32664,44,0,51,1,1,0,10,78,0,1,14,1,6,0,9,1,13,15,2,6,5,1,0,11,0,7,0,0,11,1,5,0
2017/2018,windsorton,dikgatlong,frances baard,24.71082,-28.32664,56,3,29,0,2,0,9,66,1,1,36,8,6,1,4,0,13,12,2,1,6,2,0,11,0,3,0,0,28,0,8,0
2018/2019,windsorton,dikgatlong,frances baard,24.71082,-28.32664,84,2,65,2,2,0,17,73,0,2,57,7,6,3,11,0,13,27,1,2,10,0,0,14,2,6,0,1,30,1,2,0
2019/2020,windsorton,dikgatlong,frances baard,24.71082,-28.32664,58,1,38,4,1,0,15,48,1,1,32,6,6,2,8,0,13,10,3,12,8,1,0,10,0,13,0,0,18,0,10,0
2020/2021,windsorton,dikgatlong,frances baard,24.71082,-28.32664,44,0,27,3,2,0,9,34,0,2,32,4,6,1,0,0,13,21,2,5,2,0,0,7,0,7,0,0,11,1,5,0
2021/2022,windsorton,dikgatlong,frances baard,24.71082,-28.32664,55,4,38,8,0,0,12,18,0,2,18,4,6,0,2,0,13,22,1,7,5,2,0,13,0,7,0,0,18,0,4,0
2022/2023,windsorton,dikgatlong,frances baard,24.71082,-28.32664,84,2,60,12,2,0,15,40,0,5,44,6,6,0,6,1,12,37,0,7,3,0,0,6,1,10,0,0,27,0,7,1
2023/2024,windsorton,frances baard district,frances baard district,24.71082,-28.32664,0,0,0,0,0,0,0,53,0,0,0,0,0,0,0,0,0,0,0,0,0,0,0,0,0,0,0,0,0,0,5,0
2024/2025,windsorton,frances baard district,frances baard district,24.71082,-28.32664,0,0,0,0,0,0,0,43,0,0,0,0,0,0,0,0,0,0,0,0,0,0,0,0,0,0,0,0,0,2,4,0
2008/2009,winterton,okhahlamba,uthukela,29.54016,-28.81443,153,3,45,2,0,0,13,93,0,9,27,6,6,1,9,5,1,31,7,15,0,1,0,5,1,16,0,6,61,11,21,0
2009/2010,winterton,okhahlamba,uthukela,29.54016,-28.81443,136,2,57,13,0,0,18,101,2,24,40,4,6,0,6,11,1,32,8,16,2,4,0,13,4,20,0,4,58,8,24,0
2010/2011,winterton,okhahlamba,uthukela,29.54016,-28.81443,127,2,33,4,0,0,24,118,0,18,28,6,4,5,12,17,1,17,10,15,3,7,1,14,5,22,0,3,63,9,20,0
2011/2012,winterton,okhahlamba,uthukela,29.54016,-28.81443,146,1,52,5,0,0,33,90,0,20,27,4,6,6,25,10,1,18,3,13,1,4,0,8,1,14,0,1,63,4,15,0
2012/2013,winterton,okhahlamba,uthukela,29.54016,-28.81443,132,2,35,12,0,0,31,114,1,14,23,2,6,6,34,4,1,9,6,13,7,1,0,12,2,15,0,1,64,4,17,0
2013/2014,winterton,okhahlamba,uthukela,29.54016,-28.81443,131,4,25,5,0,0,27,94,1,15,16,1,7,7,22,18,13,16,6,13,5,7,0,16,3,17,0,2,61,3,22,0
2014/2015,winterton,okhahlamba,uthukela,29.54016,-28.81443,116,0,42,7,1,0,22,77,1,21,19,1,7,2,29,10,21,21,5,9,4,4,0,16,1,12,0,4,65,2,17,0
2015/2016,winterton,okhahlamba,uthukela,29.54016,-28.81443,123,3,45,7,0,0,20,66,1,16,16,3,7,3,12,6,13,15,6,16,3,0,0,10,1,18,0,2,41,1,20,0
2016/2017,winterton,okhahlamba,uthukela,29.54016,-28.81443,91,1,70,3,0,0,27,87,2,20,18,2,4,7,19,8,13,16,2,17,1,2,0,10,1,20,0,5,71,2,30,0
2017/2018,winterton,okhahlamba,uthukela,29.54016,-28.81443,95,2,36,5,0,0,25,48,0,24,20,3,7,5,36,13,13,14,3,11,3,4,0,9,4,16,0,3,63,3,26,0
2018/2019,winterton,okhahlamba,uthukela,29.54016,-28.81443,92,3,49,5,0,0,40,60,0,21,16,5,6,9,5,6,13,14,3,14,3,0,0,12,4,18,0,4,63,2,13,0
2019/2020,winterton,okhahlamba,uthukela,29.54016,-28.81443,93,2,45,11,0,0,50,73,0,17,10,4,6,7,1,7,21,15,9,15,3,2,0,10,2,17,0,1,73,4,18,0
2020/2021,winterton,okhahlamba,uthukela,29.54016,-28.81443,74,1,44,4,0,0,23,78,2,15,10,6,6,13,2,12,13,18,6,10,3,6,0,17,10,20,0,2,52,1,17,0
2021/2022,winterton,okhahlamba,uthukela,29.54016,-28.81443,102,0,44,9,0,0,19,59,0,37,17,5,6,5,0,2,13,20,17,10,2,6,0,15,3,13,0,2,40,6,17,2
2022/2023,winterton,okhahlamba,uthukela,29.54016,-28.81443,71,2,58,9,0,0,22,38,0,20,22,6,6,2,1,7,21,20,10,17,3,3,0,12,3,20,0,2,26,3,17,0
2023/2024,winterton,uthukela district,uthukela district,29.54016,-28.81443,0,0,0,0,0,0,0,32,0,0,0,0,0,0,0,0,0,0,0,0,0,1,0,0,0,0,0,0,0,1,15,0
2024/2025,winterton,uthukela district,uthukela district,29.54016,-28.81443,0,0,0,0,0,0,0,45,1,0,0,0,0,0,0,0,0,0,0,0,0,1,0,0,0,0,0,0,0,1,13,0
2008/2009,witbank,emalahleni,nkangala,29.23129,-25.88794,2072,23,518,59,4,1,455,1674,66,639,718,209,20,78,101,26,1,628,54,101,39,98,3,461,16,147,0,523,11,492,869,4
2009/2010,witbank,emalahleni,nkangala,29.23129,-25.88794,2425,14,499,67,6,0,516,1758,46,617,728,289,21,86,125,34,1,568,32,62,90,132,5,597,11,110,0,624,14,408,906,18
2010/2011,witbank,emalahleni,nkangala,29.23129,-25.88794,2463,22,473,34,13,0,504,1062,28,438,769,408,22,114,106,25,1,414,31,88,122,70,2,517,7,128,0,519,12,456,840,12
2011/2012,witbank,emalahleni,nkangala,29.23129,-25.88794,2251,27,422,30,9,0,605,1471,28,650,765,547,11,234,144,21,1,340,36,85,112,95,5,559,13,115,5,517,14,441,1127,19
2012/2013,witbank,emalahleni,nkangala,29.23129,-25.88794,1862,18,432,38,17,0,474,1464,35,890,738,516,9,320,240,13,1,368,24,63,82,87,5,475,19,104,4,500,30,298,1218,15
2013/2014,witbank,emalahleni,nkangala,29.23129,-25.88794,1943,18,470,43,12,1,463,1546,20,790,712,563,5,277,286,24,28,368,30,78,73,77,3,572,15,108,2,445,14,345,1291,18
2014/2015,witbank,emalahleni,nkangala,29.23129,-25.88794,2060,15,416,41,6,1,499,1532,35,664,707,581,8,317,323,33,29,407,34,87,82,82,1,638,16,113,5,442,26,359,1333,23
2015/2016,witbank,emalahleni,nkangala,29.23129,-25.88794,1951,19,465,32,2,0,520,1551,67,624,673,463,11,383,384,26,29,367,27,93,110,70,2,627,21,124,1,399,28,314,1101,20
2016/2017,witbank,emalahleni,nkangala,29.23129,-25.88794,1903,9,435,55,7,0,595,1616,90,635,689,430,9,268,356,69,4,357,33,90,170,92,4,771,19,121,12,338,24,369,963,34
2017/2018,witbank,emalahleni,nkangala,29.23129,-25.88794,1839,13,506,34,7,0,610,1460,88,614,668,365,11,232,457,55,16,380,44,99,161,114,5,821,26,140,2,293,25,314,908,16
2018/2019,witbank,emalahleni,nkangala,29.23129,-25.88794,1736,14,483,51,3,0,584,1363,104,602,666,348,4,127,470,13,30,427,49,116,197,82,1,839,28,149,2,288,37,382,898,7
2019/2020,witbank,emalahleni,nkangala,29.23129,-25.88794,1461,14,498,78,3,0,391,1252,108,620,662,303,6,148,546,61,8,414,60,104,209,101,1,838,21,128,0,254,29,366,920,7
2020/2021,witbank,emalahleni,nkangala,29.23129,-25.88794,1227,16,394,59,5,0,326,795,108,535,567,166,5,53,492,37,26,333,42,49,131,86,1,617,18,75,0,214,33,157,584,5
2021/2022,witbank,emalahleni,nkangala,29.23129,-25.88794,1050,7,372,66,2,0,215,722,105,732,498,171,4,81,536,44,15,292,48,40,134,83,3,625,21,65,2,203,13,209,595,14
2022/2023,witbank,emalahleni,nkangala,29.23129,-25.88794,889,3,239,47,3,0,224,736,80,617,462,115,4,47,397,77,31,182,62,64,142,64,1,580,6,75,0,237,19,241,515,6
2023/2024,witbank,nkangala district,nkangala district,29.23129,-25.88794,0,0,0,0,0,0,0,723,173,0,0,0,0,0,0,0,0,0,0,0,0,85,0,0,0,0,0,0,0,257,534,0
2024/2025,witbank,nkangala district,nkangala district,29.23129,-25.88794,0,0,0,0,0,0,0,601,106,0,0,0,0,0,0,0,0,0,0,0,0,57,0,0,0,0,0,0,0,188,573,0
2008/2009,witdraai,dawid kruiper,z f mgcawu,20.7058,-26.95574,13,0,21,1,0,0,2,6,0,1,4,1,6,1,18,0,1,6,0,2,0,0,0,0,0,2,0,0,7,0,2,0
2009/2010,witdraai,dawid kruiper,z f mgcawu,20.7058,-26.95574,14,0,21,0,1,0,0,10,0,2,4,0,6,3,18,0,1,3,0,3,0,0,0,0,0,4,0,0,11,1,0,0
2010/2011,witdraai,dawid kruiper,z f mgcawu,20.7058,-26.95574,4,1,28,1,0,0,3,4,0,0,11,1,6,6,25,0,1,4,1,5,0,0,0,0,0,5,0,0,10,0,0,0
2011/2012,witdraai,dawid kruiper,z f mgcawu,20.7058,-26.95574,10,0,21,1,0,0,3,1,0,1,14,0,6,3,19,0,1,3,2,4,0,0,0,0,0,4,0,1,9,0,1,0
2012/2013,witdraai,dawid kruiper,z f mgcawu,20.7058,-26.95574,14,0,14,2,0,0,5,1,0,0,7,1,6,3,16,0,1,2,2,2,0,0,0,0,0,2,0,0,13,0,0,0
2013/2014,witdraai,dawid kruiper,z f mgcawu,20.7058,-26.95574,3,0,8,0,0,0,3,2,0,0,2,0,6,1,13,1,13,5,1,3,0,0,0,0,0,3,0,1,4,0,1,0
2014/2015,witdraai,dawid kruiper,z f mgcawu,20.7058,-26.95574,3,0,21,2,1,0,9,4,0,1,7,0,6,2,24,1,13,1,0,3,0,0,0,0,0,4,0,0,5,0,0,0
2015/2016,witdraai,dawid kruiper,z f mgcawu,20.7058,-26.95574,10,0,14,4,0,0,10,5,0,0,8,0,6,0,25,0,13,9,3,2,0,0,0,0,2,4,0,1,8,0,3,0
2016/2017,witdraai,dawid kruiper,z f mgcawu,20.7058,-26.95574,19,0,9,5,1,0,5,4,0,2,10,0,6,4,17,0,13,3,1,2,0,0,0,0,0,3,0,0,8,0,0,0
2017/2018,witdraai,dawid kruiper,z f mgcawu,20.7058,-26.95574,3,0,10,0,1,0,2,3,0,1,6,0,6,0,9,0,13,0,2,1,0,0,0,0,1,3,0,0,9,0,0,0
2018/2019,witdraai,dawid kruiper,z f mgcawu,20.7058,-26.95574,3,0,14,0,0,0,4,2,0,2,7,0,6,1,13,0,13,2,0,2,0,0,0,0,0,2,0,0,7,1,0,0
2019/2020,witdraai,dawid kruiper,z f mgcawu,20.7058,-26.95574,6,0,5,0,1,0,4,3,0,0,2,0,6,2,12,2,13,2,1,2,0,1,0,1,1,4,0,0,10,2,0,0
2020/2021,witdraai,dawid kruiper,z f mgcawu,20.7058,-26.95574,2,0,10,0,1,0,5,2,0,1,6,0,6,3,16,0,13,2,1,4,0,0,0,0,0,5,0,0,9,0,0,0
2021/2022,witdraai,dawid kruiper,z f mgcawu,20.7058,-26.95574,6,1,9,0,0,0,1,1,0,4,4,0,6,3,5,0,13,1,1,1,0,0,0,0,0,1,0,0,6,0,0,0
2022/2023,witdraai,dawid kruiper,z f mgcawu,20.7058,-26.95574,5,1,12,3,0,0,4,2,0,1,10,0,6,2,15,0,13,4,0,0,0,0,0,0,0,0,0,0,9,0,0,0
2023/2024,witdraai,zf mgcawu district,zf mgcawu district,20.7058,-26.95574,0,0,0,0,0,0,0,5,0,0,0,0,0,0,0,0,0,0,0,0,0,0,0,0,0,0,0,0,0,0,0,0
2024/2025,witdraai,zf mgcawu district,zf mgcawu district,20.7058,-26.95574,0,0,0,0,0,0,0,1,0,0,0,0,0,0,0,0,0,0,0,0,0,0,0,0,0,0,0,0,0,0,0,0
2008/2009,witpoort,lephalale,waterberg,28.00687,-23.33168,35,0,79,0,3,0,32,23,0,5,33,9,8,2,0,0,1,18,1,14,0,0,0,4,2,23,0,1,4,1,3,0
2009/2010,witpoort,lephalale,waterberg,28.00687,-23.33168,50,2,93,0,0,0,10,38,0,5,41,9,6,1,0,0,1,27,3,14,1,0,0,3,0,14,0,1,1,0,1,0
2010/2011,witpoort,lephalale,waterberg,28.00687,-23.33168,32,0,89,1,5,0,9,40,0,4,40,7,7,7,11,0,1,27,6,15,1,1,0,4,1,22,0,0,7,1,3,0
2011/2012,witpoort,lephalale,waterberg,28.00687,-23.33168,66,0,110,2,1,0,7,43,0,3,59,5,7,3,8,1,1,37,2,18,9,1,0,10,2,22,0,0,9,2,7,0
2012/2013,witpoort,lephalale,waterberg,28.00687,-23.33168,67,3,135,2,1,0,18,35,0,3,52,13,7,10,11,0,1,42,2,31,8,1,0,10,4,37,0,0,1,2,5,0
2013/2014,witpoort,lephalale,waterberg,28.00687,-23.33168,41,1,102,1,1,0,30,33,1,3,42,10,6,1,4,1,12,48,0,14,10,1,0,13,1,16,0,0,10,0,3,0
2014/2015,witpoort,lephalale,waterberg,28.00687,-23.33168,43,2,121,1,0,0,30,30,0,3,51,9,6,4,14,0,13,33,2,29,13,1,0,14,1,30,0,0,3,2,5,0
2015/2016,witpoort,lephalale,waterberg,28.00687,-23.33168,28,3,131,4,0,0,46,54,0,4,60,6,6,1,12,0,13,42,3,18,10,4,0,15,0,18,0,0,10,1,2,0
2016/2017,witpoort,lephalale,waterberg,28.00687,-23.33168,55,1,121,1,3,0,30,46,0,1,37,13,6,0,14,1,13,42,3,20,5,1,0,9,2,25,0,0,10,1,1,0
2017/2018,witpoort,lephalale,waterberg,28.00687,-23.33168,43,3,109,0,1,0,64,36,1,3,42,10,7,2,24,0,13,52,2,13,8,1,0,11,3,18,0,0,9,3,3,0
2018/2019,witpoort,lephalale,waterberg,28.00687,-23.33168,59,6,158,1,1,0,47,55,1,4,32,13,6,14,22,0,12,47,5,29,9,1,0,14,4,34,0,0,18,0,5,0
2019/2020,witpoort,lephalale,waterberg,28.00687,-23.33168,51,1,131,2,0,0,61,40,0,7,49,16,6,7,2,1,12,50,6,25,18,0,0,18,4,29,0,0,37,0,3,0
2020/2021,witpoort,lephalale,waterberg,28.00687,-23.33168,85,2,94,0,0,0,37,32,0,16,62,12,7,7,7,0,13,48,3,19,1,1,0,3,2,22,0,0,6,0,10,0
2021/2022,witpoort,lephalale,waterberg,28.00687,-23.33168,107,0,97,2,1,0,65,41,0,5,122,22,6,0,24,4,13,68,4,26,4,1,0,7,4,31,0,1,30,1,5,0
2022/2023,witpoort,lephalale,waterberg,28.00687,-23.33168,93,1,116,2,3,0,45,41,1,10,102,27,6,2,33,1,13,65,3,14,9,4,0,16,1,18,0,0,39,0,10,0
2023/2024,witpoort,waterberg district,waterberg district,28.00687,-23.33168,0,0,0,0,0,0,0,28,0,0,0,0,0,0,0,0,0,0,0,0,0,2,0,0,0,0,0,0,0,0,1,0
2024/2025,witpoort,waterberg district,waterberg district,28.00687,-23.33168,0,0,0,0,0,0,0,32,0,0,0,0,0,0,0,0,0,0,0,0,0,1,0,0,0,0,0,0,0,3,2,0
2008/2009,witrivier,city of mbombela,ehlanzeni,31.0179,-25.3283,530,4,138,17,1,0,104,362,16,96,114,45,12,32,29,0,1,115,11,10,8,12,1,81,3,21,0,92,3,114,138,0
2009/2010,witrivier,city of mbombela,ehlanzeni,31.0179,-25.3283,514,8,127,5,3,0,170,303,8,112,129,39,10,38,19,4,1,99,8,22,4,24,2,83,2,33,0,109,4,75,145,0
2010/2011,witrivier,city of mbombela,ehlanzeni,31.0179,-25.3283,588,3,120,4,3,0,90,314,4,93,120,32,9,39,34,3,1,114,4,33,5,16,1,71,2,43,0,105,5,41,140,0
2011/2012,witrivier,city of mbombela,ehlanzeni,31.0179,-25.3283,589,1,102,8,4,0,142,437,4,65,138,29,4,80,78,5,1,68,6,24,9,20,1,78,4,34,2,68,7,64,216,0
2012/2013,witrivier,city of mbombela,ehlanzeni,31.0179,-25.3283,520,2,86,10,1,0,151,443,1,73,108,34,7,86,73,9,1,52,1,21,17,36,1,103,3,26,0,67,3,46,191,0
2013/2014,witrivier,city of mbombela,ehlanzeni,31.0179,-25.3283,346,1,52,5,0,0,133,324,2,64,55,18,6,80,144,7,21,26,4,19,10,16,0,54,2,21,1,67,0,49,164,0
2014/2015,witrivier,city of mbombela,ehlanzeni,31.0179,-25.3283,371,0,54,5,0,0,127,345,4,73,86,20,6,50,185,16,13,22,6,16,11,14,0,59,1,17,0,49,5,29,146,0
2015/2016,witrivier,city of mbombela,ehlanzeni,31.0179,-25.3283,404,1,60,6,2,0,68,381,8,86,76,25,4,15,180,5,14,36,8,22,8,20,1,69,2,28,3,58,1,37,199,2
2016/2017,witrivier,city of mbombela,ehlanzeni,31.0179,-25.3283,408,0,74,2,0,0,60,265,8,92,79,28,6,24,169,5,12,41,5,22,15,22,1,71,1,23,1,51,6,48,146,0
2017/2018,witrivier,city of mbombela,ehlanzeni,31.0179,-25.3283,384,5,86,10,1,0,103,318,8,82,103,30,7,25,44,2,14,52,5,12,6,15,0,75,1,15,3,42,1,51,144,0
2018/2019,witrivier,city of mbombela,ehlanzeni,31.0179,-25.3283,441,4,77,6,1,0,97,289,3,112,137,35,7,16,18,5,21,60,5,26,22,16,0,89,7,35,0,51,6,57,150,0
2019/2020,witrivier,city of mbombela,ehlanzeni,31.0179,-25.3283,420,1,86,7,1,0,100,303,11,113,127,51,7,6,28,6,12,85,7,26,12,13,1,88,9,37,1,58,12,61,130,1
2020/2021,witrivier,city of mbombela,ehlanzeni,31.0179,-25.3283,300,4,95,7,0,0,102,182,13,143,110,31,4,8,39,4,14,61,11,29,25,13,1,123,12,43,0,36,3,47,147,2
2021/2022,witrivier,city of mbombela,ehlanzeni,31.0179,-25.3283,309,3,108,12,3,0,77,148,19,172,142,56,6,13,22,12,23,77,6,27,25,14,0,132,6,36,1,51,3,34,181,7
2022/2023,witrivier,city of mbombela,ehlanzeni,31.0179,-25.3283,400,6,103,7,3,0,122,180,16,185,149,52,6,14,35,10,2,81,7,22,45,20,0,163,5,30,1,34,5,37,201,8
2023/2024,witrivier,ehlanzeni district,ehlanzeni district,31.0179,-25.3283,0,0,0,0,0,0,0,220,21,0,0,0,0,0,0,0,0,0,0,0,0,25,0,0,0,0,0,0,0,36,141,0
2024/2025,witrivier,ehlanzeni district,ehlanzeni district,31.0179,-25.3283,0,0,0,0,0,0,0,136,25,0,0,0,0,0,0,0,0,0,0,0,0,37,0,0,0,0,0,0,0,29,112,0
2008/2009,wolmaransstad,maquassi hills,dr kenneth kaunda,25.98018,-27.20175,258,3,182,12,5,0,62,176,1,20,136,49,5,18,109,4,1,83,12,28,0,7,0,33,20,56,0,60,48,17,31,1
2009/2010,wolmaransstad,maquassi hills,dr kenneth kaunda,25.98018,-27.20175,247,5,260,8,4,0,64,198,1,34,179,55,9,11,67,4,1,83,9,44,6,2,0,34,10,63,0,76,68,7,42,3
2010/2011,wolmaransstad,maquassi hills,dr kenneth kaunda,25.98018,-27.20175,237,4,284,6,4,0,62,231,0,36,147,68,4,29,54,2,1,79,12,62,6,8,0,49,10,78,0,61,68,16,35,6
2011/2012,wolmaransstad,maquassi hills,dr kenneth kaunda,25.98018,-27.20175,187,3,264,10,8,0,60,220,1,62,99,49,5,16,51,1,1,78,12,61,11,3,0,39,9,81,0,64,66,15,27,1
2012/2013,wolmaransstad,maquassi hills,dr kenneth kaunda,25.98018,-27.20175,190,10,256,7,7,0,82,201,3,70,95,50,7,25,57,4,1,71,9,72,7,6,0,38,3,83,0,42,97,5,32,1
2013/2014,wolmaransstad,maquassi hills,dr kenneth kaunda,25.98018,-27.20175,163,3,228,6,8,0,57,194,1,36,86,28,4,33,87,2,13,52,5,53,18,3,0,36,4,67,0,27,72,13,36,0
2014/2015,wolmaransstad,maquassi hills,dr kenneth kaunda,25.98018,-27.20175,178,2,167,5,6,0,83,167,1,213,93,40,6,21,79,7,23,53,18,59,25,8,0,61,2,67,0,31,88,7,38,0
2015/2016,wolmaransstad,maquassi hills,dr kenneth kaunda,25.98018,-27.20175,180,3,185,16,4,0,69,178,3,41,65,102,6,15,48,5,14,66,12,67,18,5,0,58,4,75,0,34,76,5,31,0
2016/2017,wolmaransstad,maquassi hills,dr kenneth kaunda,25.98018,-27.20175,202,5,197,15,5,0,88,251,3,35,79,107,6,9,46,6,21,66,13,76,14,13,0,83,3,84,0,42,99,13,54,0
2017/2018,wolmaransstad,maquassi hills,dr kenneth kaunda,25.98018,-27.20175,188,6,209,14,14,0,109,225,1,39,118,89,6,6,70,9,12,79,25,66,13,11,0,96,3,83,0,28,104,7,72,1
2018/2019,wolmaransstad,maquassi hills,dr kenneth kaunda,25.98018,-27.20175,207,4,228,11,1,0,92,223,0,1029,114,68,6,12,65,10,23,84,13,43,22,25,0,130,4,48,0,40,102,8,78,0
2019/2020,wolmaransstad,maquassi hills,dr kenneth kaunda,25.98018,-27.20175,319,4,191,9,1,0,107,202,2,39,108,44,4,12,28,21,17,80,18,48,15,10,0,108,6,57,0,32,79,10,88,1
2020/2021,wolmaransstad,maquassi hills,dr kenneth kaunda,25.98018,-27.20175,322,2,194,14,4,0,135,218,0,35,117,56,6,12,41,6,23,93,7,49,12,9,0,86,4,57,4,33,98,4,84,0
2021/2022,wolmaransstad,maquassi hills,dr kenneth kaunda,25.98018,-27.20175,243,3,221,18,3,0,96,216,1,1407,203,59,6,21,32,6,28,131,10,45,20,7,0,94,4,52,2,23,56,8,76,0
2022/2023,wolmaransstad,maquassi hills,dr kenneth kaunda,25.98018,-27.20175,315,4,299,16,4,0,138,247,1,63,179,80,6,8,35,5,14,160,13,50,26,9,1,124,8,62,0,27,48,4,175,0
2023/2024,wolmaransstad,dr kenneth kaunda district,dr kenneth kaunda district,25.98018,-27.20175,0,0,0,0,0,0,0,175,3,0,0,0,0,0,0,0,0,0,0,0,0,33,0,0,0,0,0,0,0,4,158,0
2024/2025,wolmaransstad,dr kenneth kaunda district,dr kenneth kaunda district,25.98018,-27.20175,0,0,0,0,0,0,0,149,4,0,0,0,0,0,0,0,0,0,0,0,0,28,0,0,0,0,0,0,0,1,88,0
2008/2009,wolseley,witzenberg,cape winelands,19.20104,-33.4144,123,0,128,3,1,0,45,50,0,3,67,7,6,12,226,1,1,49,10,24,0,0,0,0,8,33,0,4,3,2,27,0
2009/2010,wolseley,witzenberg,cape winelands,19.20104,-33.4144,116,2,144,3,0,0,49,124,0,3,66,12,4,8,188,0,1,55,4,30,0,0,0,2,9,41,0,18,1,7,42,0
2010/2011,wolseley,witzenberg,cape winelands,19.20104,-33.4144,134,1,123,4,0,0,57,148,0,4,58,10,8,15,214,1,1,48,10,23,1,3,0,7,8,35,0,13,2,5,39,0
2011/2012,wolseley,witzenberg,cape winelands,19.20104,-33.4144,150,2,112,3,3,0,37,110,0,2,54,9,5,11,271,0,1,49,4,19,0,3,0,8,9,34,0,23,7,3,37,0
2012/2013,wolseley,witzenberg,cape winelands,19.20104,-33.4144,137,0,98,11,1,0,41,119,0,30,80,4,6,17,347,1,1,40,4,21,1,4,0,5,1,23,0,7,8,3,36,0
2013/2014,wolseley,witzenberg,cape winelands,19.20104,-33.4144,205,3,168,2,2,0,58,146,0,7,106,22,6,9,225,2,13,72,3,16,1,4,0,11,3,21,0,10,3,2,57,0
2014/2015,wolseley,witzenberg,cape winelands,19.20104,-33.4144,174,1,166,4,1,0,38,141,0,2,107,27,6,21,272,7,13,64,7,25,2,3,0,13,0,26,0,9,4,0,51,0
2015/2016,wolseley,witzenberg,cape winelands,19.20104,-33.4144,244,7,197,5,2,0,66,158,0,9,107,22,6,26,280,4,22,64,4,17,3,3,0,14,4,23,0,18,8,0,58,0
2016/2017,wolseley,witzenberg,cape winelands,19.20104,-33.4144,221,1,177,0,1,0,40,128,0,10,86,25,17,8,292,7,14,61,7,17,4,5,0,11,7,34,0,20,8,5,39,0
2017/2018,wolseley,witzenberg,cape winelands,19.20104,-33.4144,239,5,189,3,3,0,41,129,0,8,96,22,8,18,239,2,14,73,8,23,8,3,0,24,4,34,0,15,7,1,52,0
2018/2019,wolseley,witzenberg,cape winelands,19.20104,-33.4144,237,5,180,0,2,0,60,146,0,12,142,23,7,17,175,1,12,99,10,21,7,2,0,19,4,28,0,16,9,3,43,0
2019/2020,wolseley,witzenberg,cape winelands,19.20104,-33.4144,197,1,169,3,3,0,62,125,0,8,113,20,6,41,124,6,21,71,11,11,18,1,0,36,5,19,0,16,4,3,45,0
2020/2021,wolseley,witzenberg,cape winelands,19.20104,-33.4144,175,3,189,3,2,0,33,99,1,11,121,12,8,5,149,4,13,71,14,6,15,1,0,33,7,19,0,7,5,4,37,0
2021/2022,wolseley,witzenberg,cape winelands,19.20104,-33.4144,163,2,199,10,0,0,41,83,0,26,127,12,6,55,96,8,14,66,15,14,17,3,0,43,2,16,1,5,0,1,20,0
2022/2023,wolseley,witzenberg,cape winelands,19.20104,-33.4144,211,3,179,14,1,0,41,103,0,23,167,13,5,24,70,5,12,94,22,6,6,5,0,37,4,14,0,14,5,5,21,0
2023/2024,wolseley,cape winelands district,cape winelands district,19.20104,-33.4144,0,0,0,0,0,0,0,108,0,0,0,0,0,0,0,0,0,0,0,0,0,3,0,0,0,0,0,0,0,0,31,0
2024/2025,wolseley,cape winelands district,cape winelands district,19.20104,-33.4144,0,0,0,0,0,0,0,77,1,0,0,0,0,0,0,0,0,0,0,0,0,4,0,0,0,0,0,0,0,3,24,0
2008/2009,wolwefontein,sundays river valley,sarah baartman,24.82834,-33.29291,1,0,2,2,0,0,2,2,0,0,3,0,6,5,4,0,1,2,0,1,0,0,0,0,0,1,0,0,9,0,0,0
2009/2010,wolwefontein,sundays river valley,sarah baartman,24.82834,-33.29291,10,0,11,1,0,0,2,9,0,0,4,0,6,7,4,0,1,6,0,0,0,0,0,1,0,0,0,0,11,0,1,0
2010/2011,wolwefontein,sundays river valley,sarah baartman,24.82834,-33.29291,12,0,3,0,0,0,1,8,0,1,0,1,6,4,4,0,1,1,0,0,0,0,0,0,2,2,0,0,10,0,2,0
2011/2012,wolwefontein,sundays river valley,sarah baartman,24.82834,-33.29291,3,0,2,0,0,0,1,2,0,0,0,0,6,3,0,0,1,1,1,0,0,0,0,0,0,0,0,0,7,0,2,0
2012/2013,wolwefontein,sundays river valley,sarah baartman,24.82834,-33.29291,3,0,1,0,0,0,0,4,0,1,1,0,6,0,1,0,1,0,1,0,0,0,0,0,0,0,0,0,8,0,0,0
2013/2014,wolwefontein,sundays river valley,sarah baartman,24.82834,-33.29291,8,0,1,0,0,0,2,1,0,0,1,0,6,2,2,0,13,0,0,2,0,0,0,0,0,2,0,0,10,0,1,0
2014/2015,wolwefontein,sundays river valley,sarah baartman,24.82834,-33.29291,4,0,5,0,0,0,0,4,0,0,2,0,6,2,3,0,13,2,0,0,0,0,0,1,0,0,0,0,8,0,1,0
2015/2016,wolwefontein,sundays river valley,sarah baartman,24.82834,-33.29291,9,0,4,0,0,0,1,4,0,1,8,0,6,4,8,1,13,0,1,0,0,0,0,0,1,1,0,0,3,0,0,0
2016/2017,wolwefontein,sundays river valley,sarah baartman,24.82834,-33.29291,15,0,5,0,0,0,3,8,0,0,0,0,6,2,3,0,13,3,0,0,0,0,0,0,1,1,0,0,10,0,0,0
2017/2018,wolwefontein,sundays river valley,sarah baartman,24.82834,-33.29291,5,0,2,0,0,0,1,5,0,1,2,0,6,0,4,0,13,2,0,3,0,0,0,0,0,3,0,0,6,0,0,0
2018/2019,wolwefontein,sundays river valley,sarah baartman,24.82834,-33.29291,5,0,1,1,0,0,2,3,0,1,3,0,6,0,5,0,13,0,1,0,0,0,0,1,0,0,0,0,8,0,1,0
2019/2020,wolwefontein,sundays river valley,sarah baartman,24.82834,-33.29291,11,0,4,0,0,0,2,5,0,0,1,0,6,4,0,0,13,1,0,0,0,0,0,1,1,1,0,0,10,0,1,0
2020/2021,wolwefontein,sundays river valley,sarah baartman,24.82834,-33.29291,5,0,2,0,0,0,0,3,0,0,2,0,6,0,2,0,13,2,0,1,0,0,0,0,0,1,0,0,5,0,0,0
2021/2022,wolwefontein,sundays river valley,sarah baartman,24.82834,-33.29291,5,0,1,0,0,0,1,3,0,1,1,0,7,1,0,0,13,0,0,0,0,0,0,0,0,1,0,0,5,0,0,0
2022/2023,wolwefontein,sundays river valley,sarah baartman,24.82834,-33.29291,2,0,1,0,0,0,1,1,0,0,3,0,6,3,1,0,13,2,0,1,0,0,0,0,0,1,0,0,3,0,1,0
2023/2024,wolwefontein,sarah baartman district,sarah baartman district,24.82834,-33.29291,0,0,0,0,0,0,0,4,0,0,0,0,0,0,0,0,0,0,0,0,0,0,0,0,0,0,0,0,0,0,0,0
2024/2025,wolwefontein,sarah baartman district,sarah baartman district,24.82834,-33.29291,0,0,0,0,0,0,0,4,0,0,0,0,0,0,0,0,0,0,0,0,0,0,0,0,0,0,0,0,0,0,0,0
2008/2009,wonderboompoort,city of tshwane,city of tshwane,28.18587,-25.70428,501,6,58,12,5,0,51,424,15,119,201,62,19,76,46,5,1,157,6,10,15,22,0,102,7,36,0,165,0,246,169,2
2009/2010,wonderboompoort,city of tshwane,city of tshwane,28.18587,-25.70428,488,1,47,15,1,0,66,347,10,103,162,65,12,37,49,2,1,106,3,16,21,24,0,88,4,28,0,175,0,209,163,0
2010/2011,wonderboompoort,city of tshwane,city of tshwane,28.18587,-25.70428,627,3,35,6,1,0,65,316,5,103,119,38,16,104,27,2,1,98,3,8,10,14,0,82,6,25,0,147,0,225,159,0
2011/2012,wonderboompoort,city of tshwane,city of tshwane,28.18587,-25.70428,545,1,37,3,1,0,48,317,7,57,111,38,16,42,42,1,1,90,1,10,10,9,0,72,4,25,5,114,0,245,178,0
2012/2013,wonderboompoort,city of tshwane,city of tshwane,28.18587,-25.70428,387,0,39,5,2,0,62,387,8,71,121,51,5,47,61,1,1,76,3,13,6,12,0,65,8,26,2,85,0,301,133,2
2013/2014,wonderboompoort,city of tshwane,city of tshwane,28.18587,-25.70428,407,2,27,1,1,0,44,252,13,92,110,45,5,137,86,4,21,74,3,5,6,11,0,76,2,11,0,64,0,273,109,1
2014/2015,wonderboompoort,city of tshwane,city of tshwane,28.18587,-25.70428,416,5,23,4,0,0,58,211,8,68,84,31,6,133,128,4,12,75,2,8,9,13,2,81,5,13,2,48,0,213,119,0
2015/2016,wonderboompoort,city of tshwane,city of tshwane,28.18587,-25.70428,408,0,17,10,0,0,21,213,5,42,77,60,7,73,132,6,13,76,2,11,8,9,0,60,5,17,0,5,0,171,117,1
2016/2017,wonderboompoort,city of tshwane,city of tshwane,28.18587,-25.70428,286,1,19,5,0,0,41,198,13,45,61,38,7,61,140,3,14,64,1,3,10,10,0,67,3,7,1,63,0,166,121,0
2017/2018,wonderboompoort,city of tshwane,city of tshwane,28.18587,-25.70428,319,1,21,3,0,0,51,149,9,47,68,24,7,80,115,0,21,66,2,12,5,4,0,46,5,18,0,71,0,138,75,0
2018/2019,wonderboompoort,city of tshwane,city of tshwane,28.18587,-25.70428,384,0,21,0,0,0,24,173,12,66,68,31,4,70,90,0,17,91,2,15,13,9,0,77,7,24,0,51,0,165,89,0
2019/2020,wonderboompoort,city of tshwane,city of tshwane,28.18587,-25.70428,316,0,29,3,0,0,23,197,7,50,63,34,6,82,136,3,17,72,2,5,13,21,0,77,7,12,1,47,0,166,130,1
2020/2021,wonderboompoort,city of tshwane,city of tshwane,28.18587,-25.70428,231,1,19,3,0,0,53,57,8,76,60,23,7,20,124,4,14,67,0,4,12,7,1,70,2,7,0,49,0,161,79,0
2021/2022,wonderboompoort,city of tshwane,city of tshwane,28.18587,-25.70428,219,0,23,4,0,0,43,60,8,108,56,26,4,40,69,2,22,67,2,5,16,5,0,67,6,13,0,21,0,174,75,0
2022/2023,wonderboompoort,city of tshwane,city of tshwane,28.18587,-25.70428,285,0,18,7,0,0,27,131,10,109,91,29,4,39,75,4,22,76,0,7,15,9,0,101,14,23,0,41,0,209,85,0
2023/2024,wonderboompoort,tshwane district,tshwane district,28.18587,-25.70428,0,0,0,0,0,0,0,118,11,0,0,0,0,0,0,0,0,0,0,0,0,25,0,0,0,0,0,0,0,171,87,0
2024/2025,wonderboompoort,tshwane district,tshwane district,28.18587,-25.70428,0,0,0,0,0,0,0,106,9,0,0,0,0,0,0,0,0,0,0,0,0,9,0,0,0,0,0,0,0,129,83,0
2008/2009,woodstock,city of cape town,city of cape town,18.44814,-33.92897,1710,6,80,11,5,0,327,523,6,176,208,208,18,135,702,30,1,447,7,21,22,6,2,322,10,47,0,79,0,336,1649,0
2009/2010,woodstock,city of cape town,city of cape town,18.44814,-33.92897,1417,3,81,4,4,0,258,437,10,154,231,169,12,150,717,22,1,275,12,32,13,9,1,268,11,54,0,161,0,349,1440,0
2010/2011,woodstock,city of cape town,city of cape town,18.44814,-33.92897,1370,2,80,7,2,0,175,408,4,159,172,215,18,185,767,10,1,164,8,19,9,5,0,172,12,44,0,123,0,298,1159,0
2011/2012,woodstock,city of cape town,city of cape town,18.44814,-33.92897,1385,1,72,4,0,0,168,313,5,168,146,194,5,164,892,14,1,148,2,18,14,12,1,206,11,32,2,162,0,237,1086,0
2012/2013,woodstock,city of cape town,city of cape town,18.44814,-33.92897,1173,2,56,5,1,0,155,393,14,156,106,195,7,176,912,14,1,108,5,18,21,9,0,191,3,23,1,96,0,262,1061,0
2013/2014,woodstock,city of cape town,city of cape town,18.44814,-33.92897,1290,1,57,2,1,0,152,335,10,156,111,238,4,123,873,33,22,100,9,12,16,2,1,176,5,20,1,72,0,198,1210,0
2014/2015,woodstock,city of cape town,city of cape town,18.44814,-33.92897,1341,1,75,9,0,0,176,339,20,121,114,228,5,135,960,18,2,130,5,12,21,11,0,279,3,18,0,91,0,218,1106,0
2015/2016,woodstock,city of cape town,city of cape town,18.44814,-33.92897,1263,0,65,6,1,0,206,454,22,170,138,220,5,155,906,15,14,165,4,12,32,21,1,368,8,24,4,77,0,261,1097,1
2016/2017,woodstock,city of cape town,city of cape town,18.44814,-33.92897,1199,1,65,7,1,0,150,333,20,187,128,244,7,279,1054,9,12,153,4,19,19,17,0,352,5,26,0,65,0,247,916,0
2017/2018,woodstock,city of cape town,city of cape town,18.44814,-33.92897,1158,2,70,9,2,0,185,273,18,176,140,249,7,148,645,12,25,153,5,22,17,12,0,389,9,34,0,80,0,224,950,0
2018/2019,woodstock,city of cape town,city of cape town,18.44814,-33.92897,1148,1,75,6,2,0,199,348,19,183,122,243,6,90,582,6,23,132,7,17,30,14,0,345,19,38,1,93,0,230,879,1
2019/2020,woodstock,city of cape town,city of cape town,18.44814,-33.92897,926,1,69,13,0,0,116,280,12,156,161,230,8,93,444,18,25,136,12,8,23,9,0,351,12,24,0,81,0,245,872,0
2020/2021,woodstock,city of cape town,city of cape town,18.44814,-33.92897,602,3,46,10,0,0,145,203,7,120,105,136,6,19,203,13,21,103,4,16,21,12,1,213,8,24,0,86,0,114,627,0
2021/2022,woodstock,city of cape town,city of cape town,18.44814,-33.92897,833,1,51,15,1,0,107,211,2,175,155,172,7,28,245,22,21,132,12,21,15,10,0,212,13,36,0,31,0,132,507,0
2022/2023,woodstock,city of cape town,city of cape town,18.44814,-33.92897,1020,0,56,7,1,0,87,190,10,217,173,218,5,84,303,6,17,120,4,23,15,4,0,318,13,40,0,40,0,161,575,0
2023/2024,woodstock,city of cape town district,city of cape town district,18.44814,-33.92897,0,0,0,0,0,0,0,227,5,0,0,0,0,0,0,0,0,0,0,0,0,4,0,0,0,0,0,0,0,191,482,0
2024/2025,woodstock,city of cape town district,city of cape town district,18.44814,-33.92897,0,0,0,0,0,0,0,152,12,0,0,0,0,0,0,0,0,0,0,0,0,7,0,0,0,0,0,0,0,111,502,0
2008/2009,worcester,breede valley,cape winelands,19.44373,-33.64546,1808,10,714,27,2,0,257,882,2,215,1053,195,15,212,692,59,1,583,48,96,12,9,0,233,41,156,0,292,17,71,579,0
2009/2010,worcester,breede valley,cape winelands,19.44373,-33.64546,1741,16,742,22,5,0,229,918,0,169,1080,286,15,173,801,44,1,608,43,149,8,20,0,248,51,222,0,304,29,71,661,0
2010/2011,worcester,breede valley,cape winelands,19.44373,-33.64546,1842,18,898,32,4,0,357,1089,4,133,1193,276,15,204,924,38,1,742,48,134,15,15,0,235,44,199,0,316,33,53,781,1
2011/2012,worcester,breede valley,cape winelands,19.44373,-33.64546,2315,15,853,47,6,0,396,1213,5,155,1427,349,15,181,1011,54,1,711,45,126,34,21,0,275,72,221,3,323,10,83,920,0
2012/2013,worcester,breede valley,cape winelands,19.44373,-33.64546,1809,22,853,85,9,0,363,1322,3,182,1409,384,11,143,1122,64,1,802,45,135,38,20,2,322,52,204,5,225,8,64,1072,0
2013/2014,worcester,breede valley,cape winelands,19.44373,-33.64546,1882,18,746,111,7,0,360,1192,3,206,1589,411,9,180,1145,47,22,849,51,102,35,17,0,316,56,170,3,243,10,98,1001,0
2014/2015,worcester,breede valley,cape winelands,19.44373,-33.64546,2100,19,839,41,9,0,340,1220,2,176,1737,422,16,151,1390,27,25,947,39,100,30,20,0,315,44,163,1,229,22,49,1007,0
2015/2016,worcester,breede valley,cape winelands,19.44373,-33.64546,2034,26,768,31,5,0,335,1031,7,169,1543,324,17,197,1665,30,3,936,34,100,29,18,0,319,38,152,4,282,6,53,881,1
2016/2017,worcester,breede valley,cape winelands,19.44373,-33.64546,1721,20,719,43,1,0,306,864,5,198,1357,301,4,140,2181,42,22,929,53,57,26,14,0,296,36,96,2,324,6,62,803,0
2017/2018,worcester,breede valley,cape winelands,19.44373,-33.64546,1610,30,583,70,5,0,261,858,5,168,1178,212,7,163,2829,86,22,804,54,41,19,19,0,246,30,77,2,258,12,52,671,0
2018/2019,worcester,breede valley,cape winelands,19.44373,-33.64546,1438,25,587,54,7,0,226,629,10,189,1158,199,5,144,2361,40,28,694,44,46,7,14,0,185,18,74,1,231,7,60,579,0
2019/2020,worcester,breede valley,cape winelands,19.44373,-33.64546,1361,15,631,71,3,0,261,631,1,202,1109,210,10,173,1270,43,23,627,46,49,17,7,0,176,30,88,0,268,15,44,715,1
2020/2021,worcester,breede valley,cape winelands,19.44373,-33.64546,993,15,503,46,4,0,294,537,2,179,947,127,7,35,1068,44,2,563,51,28,16,21,0,173,29,62,1,217,8,46,492,1
2021/2022,worcester,breede valley,cape winelands,19.44373,-33.64546,1087,9,529,74,4,0,283,529,5,209,1108,167,9,48,1160,40,28,704,58,39,14,16,1,148,16,64,0,167,5,46,444,1
2022/2023,worcester,breede valley,cape winelands,19.44373,-33.64546,1246,21,749,85,8,0,328,598,2,268,1121,169,4,102,1321,38,16,723,48,91,17,17,0,230,31,132,0,241,4,34,510,7
2023/2024,worcester,cape winelands district,cape winelands district,19.44373,-33.64546,0,0,0,0,0,0,0,489,2,0,0,0,0,0,0,0,0,0,0,0,0,17,0,0,0,0,0,0,0,32,485,0
2024/2025,worcester,cape winelands district,cape winelands district,19.44373,-33.64546,0,0,0,0,0,0,0,413,4,0,0,0,0,0,0,0,0,0,0,0,0,20,0,0,0,0,0,0,0,42,533,0
2008/2009,wrenchville,ga-segonyana,john taolo gaetsewe,23.46428,-27.45275,23,2,71,0,2,0,4,13,0,2,40,5,4,6,16,0,1,22,0,11,2,0,0,2,0,15,0,0,5,0,11,0
2009/2010,wrenchville,ga-segonyana,john taolo gaetsewe,23.46428,-27.45275,22,1,40,1,1,0,12,25,0,0,26,3,6,14,25,0,1,14,1,2,2,0,0,2,0,3,0,0,2,0,4,0
2010/2011,wrenchville,ga-segonyana,john taolo gaetsewe,23.46428,-27.45275,21,3,50,1,0,0,15,29,0,1,24,11,6,10,20,0,1,13,1,8,0,0,0,1,0,8,0,0,1,1,2,0
2011/2012,wrenchville,ga-segonyana,john taolo gaetsewe,23.46428,-27.45275,25,0,48,2,1,0,8,40,0,0,18,4,7,3,10,0,1,19,0,8,0,0,0,1,0,10,0,0,2,2,8,0
2012/2013,wrenchville,ga-segonyana,john taolo gaetsewe,23.46428,-27.45275,37,3,46,0,2,0,11,74,0,0,15,2,6,0,17,0,1,29,0,11,1,0,0,4,1,14,0,0,2,3,12,0
2013/2014,wrenchville,ga-segonyana,john taolo gaetsewe,23.46428,-27.45275,22,0,54,6,1,0,7,35,1,1,14,5,6,2,6,0,12,18,2,3,6,0,0,11,0,4,0,1,1,1,26,0
2014/2015,wrenchville,ga-segonyana,john taolo gaetsewe,23.46428,-27.45275,19,2,28,2,0,0,17,69,0,0,12,9,6,1,3,0,13,18,4,9,0,0,0,2,0,9,0,0,2,4,12,0
2015/2016,wrenchville,ga-segonyana,john taolo gaetsewe,23.46428,-27.45275,22,0,60,2,1,0,8,69,1,1,5,8,6,1,19,2,13,21,3,1,2,1,0,6,0,2,0,0,1,0,26,0
2016/2017,wrenchville,ga-segonyana,john taolo gaetsewe,23.46428,-27.45275,26,4,63,3,1,0,17,63,0,6,11,9,6,0,34,2,12,23,1,4,2,0,0,3,2,7,0,0,7,1,24,0
2017/2018,wrenchville,ga-segonyana,john taolo gaetsewe,23.46428,-27.45275,33,2,58,4,1,0,6,70,0,0,14,10,7,6,35,3,13,23,0,3,5,1,0,10,2,7,0,0,1,0,23,0
2018/2019,wrenchville,ga-segonyana,john taolo gaetsewe,23.46428,-27.45275,23,2,47,0,0,0,7,49,3,0,13,8,6,2,8,1,13,25,3,10,4,1,0,17,2,12,0,0,2,0,22,0
2019/2020,wrenchville,ga-segonyana,john taolo gaetsewe,23.46428,-27.45275,20,1,53,1,4,0,8,31,1,3,6,9,6,1,9,0,13,22,2,5,3,2,0,21,0,9,0,0,5,1,12,0
2020/2021,wrenchville,ga-segonyana,john taolo gaetsewe,23.46428,-27.45275,22,2,45,2,1,0,8,34,0,0,8,5,7,3,8,3,13,26,1,6,5,1,0,12,3,11,0,0,0,0,15,0
2021/2022,wrenchville,ga-segonyana,john taolo gaetsewe,23.46428,-27.45275,17,1,63,2,1,0,7,30,0,1,17,2,7,0,23,1,13,20,2,4,0,0,0,7,0,6,0,0,1,3,12,0
2022/2023,wrenchville,ga-segonyana,john taolo gaetsewe,23.46428,-27.45275,26,1,63,9,2,0,8,57,2,12,23,6,6,0,12,1,12,24,3,11,4,3,0,14,1,14,0,0,1,1,15,0
2023/2024,wrenchville,john taolo gaetsewe district,john taolo gaetsewe district,23.46428,-27.45275,0,0,0,0,0,0,0,39,1,0,0,0,0,0,0,0,0,0,0,0,0,2,0,0,0,0,0,0,0,3,3,0
2024/2025,wrenchville,john taolo gaetsewe district,john taolo gaetsewe district,23.46428,-27.45275,0,0,0,0,0,0,0,43,1,0,0,0,0,0,0,0,0,0,0,0,0,5,0,0,0,0,0,0,0,1,5,0
2008/2009,wynberg,city of cape town,city of cape town,18.46505,-34.00399,1127,3,63,4,0,0,120,492,8,129,253,88,13,105,342,2,1,273,1,30,5,12,0,107,8,87,0,572,0,164,544,0
2009/2010,wynberg,city of cape town,city of cape town,18.46505,-34.00399,1050,1,66,6,2,0,104,436,1,145,286,95,9,73,312,2,1,318,2,17,6,19,0,130,16,40,0,410,0,174,647,0
2010/2011,wynberg,city of cape town,city of cape town,18.46505,-34.00399,1076,2,98,8,0,0,113,465,3,244,220,82,14,85,412,9,1,301,3,23,10,30,0,139,8,58,0,370,0,131,639,0
2011/2012,wynberg,city of cape town,city of cape town,18.46505,-34.00399,1029,1,55,4,1,0,98,374,2,173,202,65,12,120,428,3,1,245,1,15,5,21,0,120,8,31,8,303,0,120,644,0
2012/2013,wynberg,city of cape town,city of cape town,18.46505,-34.00399,983,3,101,9,1,0,115,500,5,138,211,103,4,138,484,6,1,230,4,12,18,20,0,165,5,20,10,216,0,165,706,0
2013/2014,wynberg,city of cape town,city of cape town,18.46505,-34.00399,1078,1,67,1,1,0,97,504,5,133,191,104,4,54,563,8,17,211,4,14,15,28,0,170,7,24,16,270,0,177,748,0
2014/2015,wynberg,city of cape town,city of cape town,18.46505,-34.00399,1057,4,84,5,0,0,92,363,8,118,166,105,8,62,574,2,14,209,6,10,15,8,0,185,8,22,6,269,0,200,761,0
2015/2016,wynberg,city of cape town,city of cape town,18.46505,-34.00399,1017,2,78,3,1,0,105,359,9,148,173,98,4,40,582,10,23,141,2,14,9,14,0,186,4,21,3,198,0,159,768,0
2016/2017,wynberg,city of cape town,city of cape town,18.46505,-34.00399,959,0,86,1,2,0,158,353,14,148,210,121,4,81,639,5,14,143,2,9,17,29,0,243,10,23,0,204,0,162,702,0
2017/2018,wynberg,city of cape town,city of cape town,18.46505,-34.00399,981,2,84,7,4,0,156,396,12,165,206,135,4,240,508,7,21,139,5,9,14,18,0,226,6,21,0,196,0,147,633,0
2018/2019,wynberg,city of cape town,city of cape town,18.46505,-34.00399,907,2,77,7,3,0,136,291,18,136,205,123,4,252,581,8,14,147,4,25,24,23,0,293,13,43,2,210,0,114,805,1
2019/2020,wynberg,city of cape town,city of cape town,18.46505,-34.00399,805,1,67,5,1,0,159,285,19,170,190,157,7,234,590,9,27,139,4,20,26,11,0,314,7,29,1,178,0,86,733,0
2020/2021,wynberg,city of cape town,city of cape town,18.46505,-34.00399,544,1,57,6,0,0,181,240,18,164,135,119,7,20,348,12,23,113,4,7,24,12,0,266,8,16,0,187,0,56,639,2
2021/2022,wynberg,city of cape town,city of cape town,18.46505,-34.00399,541,0,57,5,0,0,92,171,7,189,119,93,7,32,512,4,24,144,3,14,18,12,0,171,4,19,0,184,0,64,460,0
2022/2023,wynberg,city of cape town,city of cape town,18.46505,-34.00399,689,0,56,6,1,0,122,192,15,213,129,107,6,58,602,3,3,161,5,25,18,7,0,209,7,33,0,114,0,74,582,0
2023/2024,wynberg,city of cape town district,city of cape town district,18.46505,-34.00399,0,0,0,0,0,0,0,233,8,0,0,0,0,0,0,0,0,0,0,0,0,12,0,0,0,0,0,0,0,47,573,0
2024/2025,wynberg,city of cape town district,city of cape town district,18.46505,-34.00399,0,0,0,0,0,0,0,116,8,0,0,0,0,0,0,0,0,0,0,0,0,3,0,0,0,0,0,0,0,37,387,0
2008/2009,yeoville,city of johannesburg,city of johannesburg,28.06281,-26.1829,491,3,570,25,3,0,104,226,25,161,443,132,1,213,113,34,1,236,24,58,34,42,1,293,7,119,0,218,0,143,272,0
2009/2010,yeoville,city of johannesburg,city of johannesburg,28.06281,-26.1829,452,5,625,9,3,0,86,180,35,154,473,127,2,264,283,22,1,252,14,55,27,57,1,276,13,115,0,185,0,124,300,0
2010/2011,yeoville,city of johannesburg,city of johannesburg,28.06281,-26.1829,525,1,586,15,5,0,83,231,23,247,469,113,3,228,108,10,1,208,21,60,36,27,0,238,23,101,0,164,0,96,256,0
2011/2012,yeoville,city of johannesburg,city of johannesburg,28.06281,-26.1829,559,2,591,18,5,0,92,199,54,197,437,103,4,340,161,18,1,210,10,42,54,46,0,328,3,52,1,111,0,104,243,0
2012/2013,yeoville,city of johannesburg,city of johannesburg,28.06281,-26.1829,562,0,556,29,5,0,73,210,48,129,441,134,5,351,155,28,1,262,17,71,51,56,1,355,17,96,3,133,0,136,380,0
2013/2014,yeoville,city of johannesburg,city of johannesburg,28.06281,-26.1829,459,3,532,33,4,1,109,221,33,124,338,111,6,335,356,45,2,248,18,47,50,51,0,423,8,59,0,82,0,149,394,0
2014/2015,yeoville,city of johannesburg,city of johannesburg,28.06281,-26.1829,459,0,598,18,1,0,69,209,43,93,329,120,7,275,270,24,3,220,23,60,33,63,0,386,11,73,1,100,0,117,408,1
2015/2016,yeoville,city of johannesburg,city of johannesburg,28.06281,-26.1829,442,3,593,36,4,0,71,199,139,81,410,212,8,512,174,45,4,263,31,39,56,82,0,602,5,52,0,131,0,132,400,0
2016/2017,yeoville,city of johannesburg,city of johannesburg,28.06281,-26.1829,381,1,496,29,1,0,84,155,89,87,365,206,5,245,186,41,5,251,18,33,69,69,0,577,13,50,1,130,0,103,549,1
2017/2018,yeoville,city of johannesburg,city of johannesburg,28.06281,-26.1829,376,0,498,23,0,0,62,159,64,77,267,220,6,352,124,31,6,236,27,37,54,62,0,499,14,51,0,127,0,70,431,0
2018/2019,yeoville,city of johannesburg,city of johannesburg,28.06281,-26.1829,360,2,502,38,2,0,52,137,37,70,327,237,5,220,69,12,7,181,30,55,45,44,0,447,16,76,0,102,0,55,273,0
2019/2020,yeoville,city of johannesburg,city of johannesburg,28.06281,-26.1829,316,0,477,31,4,0,72,142,39,62,342,240,7,149,45,17,8,189,20,42,51,40,1,393,16,63,2,102,0,50,250,1
2020/2021,yeoville,city of johannesburg,city of johannesburg,28.06281,-26.1829,243,0,410,38,3,0,88,97,52,73,308,201,7,41,37,10,9,145,22,45,40,40,0,333,10,59,0,71,0,28,208,0
2021/2022,yeoville,city of johannesburg,city of johannesburg,28.06281,-26.1829,213,1,415,38,1,0,59,91,92,88,247,220,6,170,34,9,10,155,34,35,44,33,0,369,15,51,0,53,0,72,231,0
2022/2023,yeoville,city of johannesburg,city of johannesburg,28.06281,-26.1829,290,0,388,26,4,0,73,133,69,101,236,236,7,274,39,3,11,125,28,43,66,28,0,338,9,57,1,56,0,123,191,0
2023/2024,yeoville,johannesburg district,johannesburg district,28.06281,-26.1829,0,0,0,0,0,0,0,97,85,0,0,0,0,0,0,0,0,0,0,0,0,30,0,0,0,0,0,0,0,89,131,0
2024/2025,yeoville,johannesburg district,johannesburg district,28.06281,-26.1829,0,0,0,0,0,0,0,65,65,0,0,0,0,0,0,0,0,0,0,0,0,17,0,0,0,0,0,0,0,62,115,0
2008/2009,zaaiplaas,elias motsoaledi,sekhukhune,29.76174,-25.16257,46,2,48,3,2,0,15,41,0,1,20,6,6,12,2,3,1,21,2,17,1,1,0,6,1,20,0,0,17,0,2,0
2009/2010,zaaiplaas,elias motsoaledi,sekhukhune,29.76174,-25.16257,18,3,46,4,5,0,13,50,3,2,18,8,7,4,7,3,1,23,3,14,3,0,0,8,0,20,0,0,9,0,2,0
2010/2011,zaaiplaas,elias motsoaledi,sekhukhune,29.76174,-25.16257,25,3,37,0,3,0,8,38,0,0,17,7,6,2,13,0,1,10,3,13,5,1,0,9,0,16,0,0,37,1,5,0
2011/2012,zaaiplaas,elias motsoaledi,sekhukhune,29.76174,-25.16257,63,3,55,2,1,0,16,42,0,0,16,12,6,0,4,0,1,23,0,12,0,0,0,3,0,13,0,0,5,2,2,0
2012/2013,zaaiplaas,elias motsoaledi,sekhukhune,29.76174,-25.16257,30,1,42,3,0,0,17,23,0,1,10,6,7,1,7,2,1,12,3,18,8,0,0,8,0,19,0,0,20,1,2,0
2013/2014,zaaiplaas,elias motsoaledi,sekhukhune,29.76174,-25.16257,41,4,43,0,4,0,17,31,0,2,16,3,6,0,6,0,12,17,1,19,7,2,0,9,0,23,0,0,12,2,6,0
2014/2015,zaaiplaas,elias motsoaledi,sekhukhune,29.76174,-25.16257,33,1,37,3,2,0,34,52,2,4,22,9,6,2,8,4,13,16,4,13,9,1,0,16,0,15,0,0,11,2,6,0
2015/2016,zaaiplaas,elias motsoaledi,sekhukhune,29.76174,-25.16257,25,2,52,1,1,0,34,36,1,6,32,11,6,1,2,1,13,18,1,19,4,2,0,10,1,21,0,0,5,3,8,0
2016/2017,zaaiplaas,elias motsoaledi,sekhukhune,29.76174,-25.16257,33,2,40,3,1,0,39,58,0,3,26,8,6,4,43,0,13,20,1,12,5,3,0,9,1,14,0,0,9,8,9,0
2017/2018,zaaiplaas,elias motsoaledi,sekhukhune,29.76174,-25.16257,22,0,29,0,1,0,27,26,0,1,9,3,6,4,43,1,13,11,3,13,3,1,0,5,0,14,0,0,19,10,4,0
2018/2019,zaaiplaas,elias motsoaledi,sekhukhune,29.76174,-25.16257,25,2,30,2,1,0,21,30,0,2,6,2,6,7,24,6,13,15,2,18,6,2,0,10,1,20,0,0,13,0,5,0
2019/2020,zaaiplaas,elias motsoaledi,sekhukhune,29.76174,-25.16257,13,0,21,1,2,0,32,28,1,4,4,3,6,16,18,2,12,8,1,9,10,3,0,15,0,11,0,0,17,2,4,0
2020/2021,zaaiplaas,elias motsoaledi,sekhukhune,29.76174,-25.16257,14,2,29,0,1,0,22,28,0,2,7,2,6,7,24,2,13,19,2,13,4,0,0,5,0,14,2,0,24,2,8,0
2021/2022,zaaiplaas,elias motsoaledi,sekhukhune,29.76174,-25.16257,12,0,32,0,3,0,15,31,1,1,14,4,6,5,32,2,12,10,4,14,3,4,0,8,1,18,5,0,10,1,1,0
2022/2023,zaaiplaas,elias motsoaledi,sekhukhune,29.76174,-25.16257,28,0,26,2,1,0,13,33,2,5,11,3,6,5,55,0,14,14,1,11,3,2,0,7,1,13,34,0,9,0,7,0
2023/2024,zaaiplaas,sekhukhune district,sekhukhune district,29.76174,-25.16257,0,0,0,0,0,0,0,28,0,0,0,0,0,0,0,0,0,0,0,0,0,3,0,0,0,0,0,0,0,2,5,0
2024/2025,zaaiplaas,sekhukhune district,sekhukhune district,29.76174,-25.16257,0,0,0,0,0,0,0,36,2,0,0,0,0,0,0,0,0,0,0,0,0,1,0,0,0,0,0,0,0,0,9,0
2008/2009,zamdela,metsimaholo,fezile dabi,27.85671,-26.84416,0,0,0,0,0,0,0,0,0,0,0,0,6,0,0,0,1,0,0,0,0,0,0,0,0,0,0,0,0,0,0,0
2009/2010,zamdela,metsimaholo,fezile dabi,27.85671,-26.84416,0,0,0,0,0,0,0,0,0,0,0,0,6,0,0,0,1,0,0,0,0,0,0,0,0,0,0,0,0,0,0,0
2010/2011,zamdela,metsimaholo,fezile dabi,27.85671,-26.84416,0,0,0,0,0,0,0,0,0,0,0,0,6,0,0,0,1,0,0,0,0,0,0,0,0,0,0,0,0,0,0,0
2011/2012,zamdela,metsimaholo,fezile dabi,27.85671,-26.84416,338,13,373,30,3,0,66,356,3,10,567,60,5,44,161,8,1,222,27,84,35,7,0,133,44,134,1,7,11,38,52,1
2012/2013,zamdela,metsimaholo,fezile dabi,27.85671,-26.84416,332,24,466,50,4,0,126,460,12,19,649,63,4,70,90,10,1,305,27,141,46,5,0,142,19,166,0,4,11,40,46,2
2013/2014,zamdela,metsimaholo,fezile dabi,27.85671,-26.84416,388,18,418,90,1,0,89,563,6,25,756,52,4,101,228,10,15,273,17,85,61,9,0,195,19,107,0,3,26,56,48,6
2014/2015,zamdela,metsimaholo,fezile dabi,27.85671,-26.84416,368,21,406,95,0,0,97,525,4,7,562,68,9,98,409,16,16,262,24,109,46,10,0,181,13,127,0,2,10,46,79,0
2015/2016,zamdela,metsimaholo,fezile dabi,27.85671,-26.84416,361,6,436,32,0,0,105,477,4,16,692,60,5,138,411,11,14,267,20,79,54,16,0,170,11,93,0,7,18,54,64,0
2016/2017,zamdela,metsimaholo,fezile dabi,27.85671,-26.84416,349,6,375,17,0,0,90,448,6,21,646,31,6,92,373,10,2,215,16,66,57,7,0,131,22,88,1,2,16,28,50,1
2017/2018,zamdela,metsimaholo,fezile dabi,27.85671,-26.84416,274,2,390,11,0,0,76,567,8,16,618,31,5,82,455,7,2,206,28,58,43,16,1,160,17,78,0,4,26,22,43,2
2018/2019,zamdela,metsimaholo,fezile dabi,27.85671,-26.84416,313,4,349,37,0,0,60,349,11,22,645,36,7,127,358,11,17,222,14,71,55,15,0,183,20,92,0,1,40,32,59,1
2019/2020,zamdela,metsimaholo,fezile dabi,27.85671,-26.84416,331,2,386,79,2,0,88,408,20,31,496,46,4,121,78,15,6,208,19,72,54,14,1,184,11,87,0,0,23,67,79,5
2020/2021,zamdela,metsimaholo,fezile dabi,27.85671,-26.84416,234,8,304,81,0,0,67,262,7,40,409,23,6,103,53,13,18,219,19,65,29,7,0,91,8,73,0,2,7,25,52,2
2021/2022,zamdela,metsimaholo,fezile dabi,27.85671,-26.84416,329,9,359,129,5,0,63,323,14,24,430,29,6,136,55,9,19,271,21,78,24,21,0,133,16,99,0,3,18,26,52,6
2022/2023,zamdela,metsimaholo,fezile dabi,27.85671,-26.84416,348,5,312,173,2,0,77,320,20,29,429,44,6,92,93,23,20,211,29,69,33,30,0,182,15,86,0,9,28,40,36,3
2023/2024,zamdela,fezile dabi district,fezile dabi district,27.85671,-26.84416,0,0,0,0,0,0,0,259,12,0,0,0,0,0,0,0,0,0,0,0,0,16,0,0,0,0,0,0,0,15,20,0
2024/2025,zamdela,fezile dabi district,fezile dabi district,27.85671,-26.84416,0,0,0,0,0,0,0,277,10,0,0,0,0,0,0,0,0,0,0,0,0,25,0,0,0,0,0,0,0,37,34,0
2008/2009,zamuxolo,elundini,joe gqabi,28.26695,-30.59053,0,1,24,1,0,0,4,10,0,0,7,1,4,0,12,13,1,2,2,8,0,0,0,0,0,10,0,0,3,0,1,0
2009/2010,zamuxolo,elundini,joe gqabi,28.26695,-30.59053,16,2,20,0,1,0,1,13,0,0,5,1,6,0,5,4,1,0,2,3,0,0,0,1,1,5,0,0,7,0,0,0
2010/2011,zamuxolo,elundini,joe gqabi,28.26695,-30.59053,3,1,20,1,2,0,0,8,0,0,4,1,6,0,6,2,1,1,1,3,0,0,0,0,2,7,0,0,4,0,0,0
2011/2012,zamuxolo,elundini,joe gqabi,28.26695,-30.59053,1,2,14,0,3,0,0,6,0,0,5,1,6,0,3,1,1,2,0,2,0,0,0,0,0,5,0,0,3,0,0,0
2012/2013,zamuxolo,elundini,joe gqabi,28.26695,-30.59053,7,0,24,1,1,0,1,8,0,0,6,0,6,0,1,2,1,2,2,9,0,0,0,0,0,10,0,0,1,0,0,0
2013/2014,zamuxolo,elundini,joe gqabi,28.26695,-30.59053,1,0,21,1,0,0,4,14,0,0,0,0,6,0,4,1,13,3,6,5,0,2,0,2,1,6,0,0,0,0,0,0
2014/2015,zamuxolo,elundini,joe gqabi,28.26695,-30.59053,2,0,12,2,1,0,1,6,0,0,6,1,6,0,4,1,13,6,3,6,0,0,0,0,1,8,0,0,1,0,1,0
2015/2016,zamuxolo,elundini,joe gqabi,28.26695,-30.59053,2,1,20,1,2,0,2,12,0,0,1,1,6,0,3,0,12,2,2,5,1,2,0,3,0,7,0,0,2,0,0,0
2016/2017,zamuxolo,elundini,joe gqabi,28.26695,-30.59053,3,1,11,0,1,0,0,9,0,0,0,0,7,0,7,1,13,2,2,4,0,0,0,0,0,6,0,0,1,0,0,0
2017/2018,zamuxolo,elundini,joe gqabi,28.26695,-30.59053,2,0,15,0,0,0,4,6,0,0,3,0,6,0,5,3,13,2,4,6,1,0,0,1,0,6,0,0,0,0,1,0
2018/2019,zamuxolo,elundini,joe gqabi,28.26695,-30.59053,3,3,18,2,0,0,1,3,0,0,2,1,6,0,4,2,13,2,2,5,0,0,0,0,1,6,0,0,2,0,0,0
2019/2020,zamuxolo,elundini,joe gqabi,28.26695,-30.59053,4,1,6,1,0,0,0,3,0,1,0,0,6,0,6,3,13,1,4,6,0,1,0,1,2,8,0,0,3,0,0,0
2020/2021,zamuxolo,elundini,joe gqabi,28.26695,-30.59053,2,3,10,0,0,0,5,2,0,0,1,2,6,0,0,1,13,3,2,4,1,0,0,2,1,5,0,0,6,0,0,0
2021/2022,zamuxolo,elundini,joe gqabi,28.26695,-30.59053,2,1,13,0,2,0,2,2,0,1,0,0,6,0,0,0,12,4,8,4,0,0,0,0,2,8,0,0,2,0,0,0
2022/2023,zamuxolo,elundini,joe gqabi,28.26695,-30.59053,2,1,14,0,0,0,3,1,0,2,2,1,6,0,0,0,12,0,2,2,1,2,0,3,2,4,0,0,2,0,0,0
2023/2024,zamuxolo,joe gqabi district,joe gqabi district,28.26695,-30.59053,0,0,0,0,0,0,0,1,0,0,0,0,0,0,0,0,0,0,0,0,0,0,0,0,0,0,0,0,0,0,0,0
2024/2025,zamuxolo,joe gqabi district,joe gqabi district,28.26695,-30.59053,0,0,0,0,0,0,0,1,0,0,0,0,0,0,0,0,0,0,0,0,0,2,0,0,0,0,0,0,0,0,0,0
2008/2009,zastron,mohokare,xhariep,27.08167,-30.30455,79,1,142,6,6,0,40,94,0,13,93,10,5,0,26,0,1,50,4,37,1,0,0,3,6,52,0,13,130,0,4,0
2009/2010,zastron,mohokare,xhariep,27.08167,-30.30455,93,1,152,3,6,0,53,140,0,8,66,8,4,4,49,1,1,52,2,22,1,3,0,9,4,34,0,11,119,4,21,0
2010/2011,zastron,mohokare,xhariep,27.08167,-30.30455,81,8,163,4,6,0,50,88,0,7,58,4,7,5,38,3,1,71,9,29,8,5,0,14,2,38,0,15,127,5,33,0
2011/2012,zastron,mohokare,xhariep,27.08167,-30.30455,74,2,153,4,7,0,67,116,1,16,71,4,4,10,19,1,1,64,6,30,10,3,0,17,3,42,0,8,99,5,34,0
2012/2013,zastron,mohokare,xhariep,27.08167,-30.30455,95,5,152,11,0,0,43,162,0,23,89,18,7,8,41,4,1,63,6,21,5,3,0,13,4,26,0,13,66,4,25,0
2013/2014,zastron,mohokare,xhariep,27.08167,-30.30455,83,2,120,8,1,0,59,152,0,19,66,13,6,3,74,1,21,54,4,24,3,4,0,11,1,26,1,20,101,5,39,0
2014/2015,zastron,mohokare,xhariep,27.08167,-30.30455,66,1,111,9,6,0,54,131,0,15,65,11,7,8,99,5,12,32,3,34,2,0,0,4,0,41,0,8,49,3,8,0
2015/2016,zastron,mohokare,xhariep,27.08167,-30.30455,65,1,84,2,3,0,17,82,0,22,38,8,7,14,138,1,21,34,2,20,1,2,0,5,1,25,0,9,54,1,12,0
2016/2017,zastron,mohokare,xhariep,27.08167,-30.30455,67,1,64,3,1,0,28,101,2,17,19,8,6,19,177,3,13,26,5,28,2,0,0,5,0,29,0,8,66,1,4,0
2017/2018,zastron,mohokare,xhariep,27.08167,-30.30455,59,1,45,1,0,0,18,62,0,14,31,3,4,11,232,2,13,22,6,13,1,0,0,4,0,15,0,12,52,4,8,0
2018/2019,zastron,mohokare,xhariep,27.08167,-30.30455,45,0,50,3,2,0,35,70,1,25,15,11,6,9,166,0,12,8,7,10,2,0,0,5,0,12,0,8,47,4,9,0
2019/2020,zastron,mohokare,xhariep,27.08167,-30.30455,39,2,43,2,2,0,27,45,0,8,19,8,6,16,58,1,12,21,6,16,2,0,0,8,0,18,0,9,78,3,14,0
2020/2021,zastron,mohokare,xhariep,27.08167,-30.30455,29,2,51,4,1,0,49,39,0,16,20,2,6,7,62,2,12,18,11,8,3,5,0,19,1,10,0,7,64,3,3,0
2021/2022,zastron,mohokare,xhariep,27.08167,-30.30455,50,2,53,5,3,0,38,32,0,7,28,2,6,4,23,1,12,26,3,18,4,4,0,16,2,23,0,1,78,1,2,1
2022/2023,zastron,mohokare,xhariep,27.08167,-30.30455,54,2,83,3,3,0,26,56,0,10,47,5,6,5,21,1,21,26,6,18,5,4,0,15,5,26,0,3,69,4,8,0
2023/2024,zastron,xhariep district,xhariep district,27.08167,-30.30455,0,0,0,0,0,0,0,72,1,0,0,0,0,0,0,0,0,0,0,0,0,13,0,0,0,0,0,0,0,7,8,0
2024/2025,zastron,xhariep district,xhariep district,27.08167,-30.30455,0,0,0,0,0,0,0,105,0,0,0,0,0,0,0,0,0,0,0,0,0,15,0,0,0,0,0,0,0,0,2,0
2008/2009,zebediela,lepele-nkumpi,capricorn,29.24406,-24.29829,78,3,105,4,1,0,68,65,2,6,27,29,7,8,9,3,1,35,12,31,8,4,0,27,0,33,0,0,10,9,9,2
2009/2010,zebediela,lepele-nkumpi,capricorn,29.24406,-24.29829,91,3,72,2,2,0,51,61,8,2,33,20,8,36,28,4,1,24,4,30,5,13,0,30,0,36,0,0,4,4,4,0
2010/2011,zebediela,lepele-nkumpi,capricorn,29.24406,-24.29829,113,1,59,6,1,0,46,63,0,1,27,16,6,10,41,4,1,20,6,36,9,2,0,23,0,37,0,0,9,5,3,0
2011/2012,zebediela,lepele-nkumpi,capricorn,29.24406,-24.29829,102,0,114,3,3,0,28,84,0,5,37,23,6,14,87,1,1,36,5,44,9,12,0,23,1,48,1,0,19,8,8,0
2012/2013,zebediela,lepele-nkumpi,capricorn,29.24406,-24.29829,78,2,93,4,6,0,41,65,1,4,26,22,7,18,164,6,1,38,6,42,16,10,0,29,2,51,0,4,24,6,14,0
2013/2014,zebediela,lepele-nkumpi,capricorn,29.24406,-24.29829,85,1,80,2,0,0,47,98,1,3,30,12,6,12,197,7,13,40,5,29,11,9,0,28,1,30,0,2,10,5,5,0
2014/2015,zebediela,lepele-nkumpi,capricorn,29.24406,-24.29829,116,0,63,4,1,0,43,91,1,4,29,17,6,5,238,4,21,41,4,37,13,6,0,26,1,39,1,0,14,2,10,1
2015/2016,zebediela,lepele-nkumpi,capricorn,29.24406,-24.29829,232,4,81,4,1,0,69,109,4,1,35,19,6,5,272,4,13,52,7,39,14,20,0,51,1,41,0,0,16,7,17,0
2016/2017,zebediela,lepele-nkumpi,capricorn,29.24406,-24.29829,291,4,95,3,2,0,40,128,4,4,41,27,6,3,297,2,12,47,10,35,19,7,0,47,0,37,0,1,23,7,12,0
2017/2018,zebediela,lepele-nkumpi,capricorn,29.24406,-24.29829,235,3,92,6,3,0,39,124,4,7,40,18,6,9,413,3,13,75,10,25,19,7,0,47,1,29,0,2,37,2,9,1
2018/2019,zebediela,lepele-nkumpi,capricorn,29.24406,-24.29829,252,1,138,7,1,0,53,127,3,4,52,33,7,6,322,9,13,75,6,31,29,6,0,56,0,33,0,20,42,5,11,0
2019/2020,zebediela,lepele-nkumpi,capricorn,29.24406,-24.29829,261,4,177,4,0,0,63,193,4,12,73,56,6,77,273,11,12,60,13,42,31,11,0,73,1,43,0,53,48,3,21,1
2020/2021,zebediela,lepele-nkumpi,capricorn,29.24406,-24.29829,228,3,157,7,3,0,70,171,1,24,88,29,6,9,121,3,17,82,11,40,18,16,0,57,4,47,0,25,34,10,22,0
2021/2022,zebediela,lepele-nkumpi,capricorn,29.24406,-24.29829,51,0,2,4,0,0,5,3,1,0,4,0,6,1,12,0,13,7,2,1,2,3,0,11,0,1,0,0,14,2,1,0
2022/2023,zebediela,lepele-nkumpi,capricorn,29.24406,-24.29829,54,0,7,0,0,0,3,7,1,1,4,2,6,2,25,0,13,8,1,0,2,3,0,14,1,1,0,0,15,0,0,0
2023/2024,zebediela,capricorn district,capricorn district,29.24406,-24.29829,0,0,0,0,0,0,0,3,1,0,0,0,0,0,0,0,0,0,0,0,0,2,0,0,0,0,0,0,0,0,2,0
2024/2025,zebediela,capricorn district,capricorn district,29.24406,-24.29829,0,0,0,0,0,0,0,2,0,0,0,0,0,0,0,0,0,0,0,0,0,1,0,0,0,0,0,0,0,0,0,0
2008/2009,zeerust,ramotshere moiloa,ngaka modiri molema,26.07897,-25.53974,280,0,112,3,2,0,83,85,2,72,192,38,8,37,56,2,1,88,6,28,9,6,0,36,2,36,0,124,28,13,53,1
2009/2010,zeerust,ramotshere moiloa,ngaka modiri molema,26.07897,-25.53974,215,4,121,6,6,0,67,103,1,84,126,39,10,86,89,6,1,70,3,21,5,2,0,21,9,42,0,104,31,12,53,3
2010/2011,zeerust,ramotshere moiloa,ngaka modiri molema,26.07897,-25.53974,273,8,116,4,6,0,82,99,1,50,154,47,5,71,95,2,1,61,7,34,5,2,0,14,5,48,0,93,20,8,75,2
2011/2012,zeerust,ramotshere moiloa,ngaka modiri molema,26.07897,-25.53974,256,6,100,5,11,0,86,68,0,46,120,42,4,52,90,0,1,69,8,42,13,6,0,28,13,68,0,90,30,10,66,1
2012/2013,zeerust,ramotshere moiloa,ngaka modiri molema,26.07897,-25.53974,168,5,111,2,3,0,77,91,0,46,96,25,4,57,78,2,1,41,6,25,22,10,0,44,6,36,0,87,32,17,56,0
2013/2014,zeerust,ramotshere moiloa,ngaka modiri molema,26.07897,-25.53974,166,8,63,5,7,0,76,89,1,33,100,14,5,39,100,5,21,47,5,32,10,12,0,33,3,45,0,83,22,7,61,0
2014/2015,zeerust,ramotshere moiloa,ngaka modiri molema,26.07897,-25.53974,145,2,40,3,1,0,42,101,2,43,78,18,7,21,102,4,22,39,9,28,4,8,0,26,0,30,0,81,23,12,51,0
2015/2016,zeerust,ramotshere moiloa,ngaka modiri molema,26.07897,-25.53974,164,2,44,8,0,0,140,162,0,43,105,14,4,20,94,11,13,41,8,28,20,5,0,36,3,33,0,59,19,13,75,1
2016/2017,zeerust,ramotshere moiloa,ngaka modiri molema,26.07897,-25.53974,151,3,45,4,5,0,174,165,1,48,89,25,6,30,94,8,12,38,3,31,25,8,0,47,0,36,0,38,17,26,58,0
2017/2018,zeerust,ramotshere moiloa,ngaka modiri molema,26.07897,-25.53974,117,1,39,6,2,0,103,141,2,52,105,33,4,34,102,11,21,30,5,27,20,9,0,41,2,33,0,43,32,4,48,1
2018/2019,zeerust,ramotshere moiloa,ngaka modiri molema,26.07897,-25.53974,110,5,29,2,3,0,100,164,9,66,139,18,6,26,70,16,23,44,6,24,7,7,0,42,4,31,0,70,23,18,53,1
2019/2020,zeerust,ramotshere moiloa,ngaka modiri molema,26.07897,-25.53974,145,4,42,2,0,0,111,146,2,46,112,24,8,28,26,0,23,40,2,35,15,9,0,53,2,41,0,51,26,11,41,1
2020/2021,zeerust,ramotshere moiloa,ngaka modiri molema,26.07897,-25.53974,101,1,51,4,3,0,123,110,0,51,103,15,11,19,45,3,24,37,5,33,15,12,1,39,13,57,0,35,13,4,40,1
2021/2022,zeerust,ramotshere moiloa,ngaka modiri molema,26.07897,-25.53974,111,3,90,5,1,0,107,174,2,93,67,11,6,17,46,0,25,44,8,39,19,11,1,59,2,42,0,41,27,4,27,0
2022/2023,zeerust,ramotshere moiloa,ngaka modiri molema,26.07897,-25.53974,120,7,84,5,2,0,97,98,3,104,85,29,6,18,46,5,26,42,7,36,16,7,0,51,6,44,0,47,22,7,38,0
2023/2024,zeerust,ngaka modiri molema district,ngaka modiri molema district,26.07897,-25.53974,0,0,0,0,0,0,0,110,2,0,0,0,0,0,0,0,0,0,0,0,0,5,0,0,0,0,0,0,0,8,37,0
2024/2025,zeerust,ngaka modiri molema district,ngaka modiri molema district,26.07897,-25.53974,0,0,0,0,0,0,0,112,2,0,0,0,0,0,0,0,0,0,0,0,0,5,0,0,0,0,0,0,0,10,50,0
2008/2009,zele,buffalo city,buffalo city,27.37591,-32.77056,69,5,175,4,1,0,10,129,3,3,56,20,6,4,8,3,1,51,14,48,2,1,0,27,7,56,0,0,25,4,4,0
2009/2010,zele,buffalo city,buffalo city,27.37591,-32.77056,75,7,206,4,4,0,10,105,0,0,59,16,4,3,4,0,1,49,10,48,2,3,0,19,10,64,0,0,41,3,7,1
2010/2011,zele,buffalo city,buffalo city,27.37591,-32.77056,98,4,227,6,0,0,12,113,0,1,61,29,6,5,1,1,1,67,14,46,9,4,0,24,7,53,0,0,24,9,8,0
2011/2012,zele,buffalo city,buffalo city,27.37591,-32.77056,113,9,243,5,1,0,13,131,1,0,55,29,4,5,12,0,1,70,18,51,8,10,0,36,8,62,0,0,38,6,8,0
2012/2013,zele,buffalo city,buffalo city,27.37591,-32.77056,84,0,223,2,1,0,17,94,1,1,59,27,7,5,12,3,1,46,16,47,6,9,0,43,1,50,0,0,31,2,11,0
2013/2014,zele,buffalo city,buffalo city,27.37591,-32.77056,106,3,203,2,2,0,15,136,0,0,73,14,6,4,6,4,13,82,15,58,26,24,0,80,6,66,0,0,50,4,14,0
2014/2015,zele,buffalo city,buffalo city,27.37591,-32.77056,85,2,168,3,2,0,32,124,1,0,35,24,7,6,19,7,12,54,20,50,22,18,0,89,8,61,0,0,37,5,13,0
2015/2016,zele,buffalo city,buffalo city,27.37591,-32.77056,57,0,154,2,3,0,18,118,0,2,35,10,6,4,16,7,13,69,11,44,5,11,0,53,6,53,0,0,45,1,11,0
2016/2017,zele,buffalo city,buffalo city,27.37591,-32.77056,106,1,140,5,1,0,23,99,3,0,50,9,4,1,8,2,13,82,15,41,6,7,0,28,7,51,0,0,33,0,7,0
2017/2018,zele,buffalo city,buffalo city,27.37591,-32.77056,78,2,163,4,4,0,15,121,1,2,46,21,7,3,7,2,12,64,12,33,10,7,0,30,7,45,0,0,39,1,14,0
2018/2019,zele,buffalo city,buffalo city,27.37591,-32.77056,94,2,171,4,1,0,14,148,0,3,42,18,7,3,8,1,13,58,15,58,9,8,0,39,5,65,0,0,60,4,4,0
2019/2020,zele,buffalo city,buffalo city,27.37591,-32.77056,83,0,153,8,3,0,18,136,3,1,53,22,6,3,2,0,13,76,22,45,10,7,0,42,4,52,0,0,39,3,7,0
2020/2021,zele,buffalo city,buffalo city,27.37591,-32.77056,90,1,116,1,2,0,16,105,2,4,51,13,6,2,8,2,12,61,16,40,5,6,0,31,6,48,0,0,51,1,7,0
2021/2022,zele,buffalo city,buffalo city,27.37591,-32.77056,120,4,142,2,4,0,18,90,0,4,32,14,6,4,7,4,23,67,14,51,4,8,0,16,4,59,0,0,30,3,3,0
2022/2023,zele,buffalo city,buffalo city,27.37591,-32.77056,100,6,160,5,9,0,30,151,1,2,42,12,7,0,8,1,12,78,18,26,4,9,0,29,10,46,0,0,68,7,6,0
2023/2024,zele,buffalo city district,buffalo city district,27.37591,-32.77056,0,0,0,0,0,0,0,115,3,0,0,0,0,0,0,0,0,0,0,0,0,14,0,0,0,0,0,0,0,0,7,0
2024/2025,zele,buffalo city district,buffalo city district,27.37591,-32.77056,0,0,0,0,0,0,0,125,3,0,0,0,0,0,0,0,0,0,0,0,0,9,0,0,0,0,0,0,0,0,6,0
2008/2009,zonkizizwe,ekurhuleni,ekurhuleni,28.17933,-26.40597,124,5,200,13,6,0,21,106,15,6,102,41,10,6,7,18,1,67,20,49,6,10,0,109,1,62,0,0,1,19,21,28
2009/2010,zonkizizwe,ekurhuleni,ekurhuleni,28.17933,-26.40597,169,4,192,14,8,0,20,133,9,13,120,45,10,24,6,11,1,76,17,82,8,8,0,87,1,97,0,0,4,14,15,27
2010/2011,zonkizizwe,ekurhuleni,ekurhuleni,28.17933,-26.40597,126,6,189,21,9,0,22,126,8,9,104,33,4,23,12,17,1,72,10,35,11,18,0,76,1,47,0,0,5,26,27,17
2011/2012,zonkizizwe,ekurhuleni,ekurhuleni,28.17933,-26.40597,125,8,169,17,3,0,19,128,4,19,66,26,6,11,23,21,1,54,11,42,10,11,0,49,1,46,0,0,0,17,22,9
2012/2013,zonkizizwe,ekurhuleni,ekurhuleni,28.17933,-26.40597,145,7,192,12,6,0,7,106,1,10,47,30,4,11,31,11,1,67,15,39,15,7,0,54,2,49,0,1,2,25,46,14
2013/2014,zonkizizwe,ekurhuleni,ekurhuleni,28.17933,-26.40597,143,8,196,16,2,0,23,112,11,7,55,15,7,14,113,21,21,77,16,33,31,7,0,99,3,39,1,0,5,42,29,26
2014/2015,zonkizizwe,ekurhuleni,ekurhuleni,28.17933,-26.40597,124,5,182,7,3,0,19,128,11,2,53,20,7,6,54,6,17,51,21,49,20,9,0,85,2,55,0,0,1,14,46,23
2015/2016,zonkizizwe,ekurhuleni,ekurhuleni,28.17933,-26.40597,116,10,184,21,2,0,19,99,9,9,49,11,7,17,73,11,21,85,17,29,22,2,0,63,2,34,1,0,4,10,38,9
2016/2017,zonkizizwe,ekurhuleni,ekurhuleni,28.17933,-26.40597,98,2,156,24,3,0,17,105,15,11,68,11,6,9,89,10,23,80,22,37,15,12,0,92,4,44,1,0,5,17,26,17
2017/2018,zonkizizwe,ekurhuleni,ekurhuleni,28.17933,-26.40597,90,5,144,22,3,0,15,74,15,11,67,17,6,15,105,13,23,57,29,40,19,17,0,86,3,46,0,3,5,22,47,16
2018/2019,zonkizizwe,ekurhuleni,ekurhuleni,28.17933,-26.40597,96,5,196,25,2,0,21,59,39,16,113,19,6,27,60,15,14,76,27,38,22,17,0,126,6,46,1,1,7,36,33,6
2019/2020,zonkizizwe,ekurhuleni,ekurhuleni,28.17933,-26.40597,127,0,200,31,1,0,21,76,34,10,108,20,4,45,15,23,23,74,12,36,14,37,0,126,3,42,1,1,8,23,28,6
2020/2021,zonkizizwe,ekurhuleni,ekurhuleni,28.17933,-26.40597,103,5,209,15,3,0,31,64,35,21,117,17,7,18,19,11,17,76,16,41,9,26,0,110,10,55,0,0,9,16,19,9
2021/2022,zonkizizwe,ekurhuleni,ekurhuleni,28.17933,-26.40597,106,4,200,20,3,0,21,56,36,22,91,20,6,63,34,3,17,94,27,42,8,19,0,104,6,51,0,1,4,16,20,5
2022/2023,zonkizizwe,ekurhuleni,ekurhuleni,28.17933,-26.40597,100,2,195,18,2,0,11,60,43,14,116,21,6,33,41,6,5,73,27,32,14,11,0,130,8,42,0,1,5,10,16,15
2023/2024,zonkizizwe,ekurhuleni district,ekurhuleni district,28.17933,-26.40597,0,0,0,0,0,0,0,71,33,0,0,0,0,0,0,0,0,0,0,0,0,18,0,0,0,0,0,0,0,4,9,0
2024/2025,zonkizizwe,ekurhuleni district,ekurhuleni district,28.17933,-26.40597,0,0,0,0,0,0,0,88,34,0,0,0,0,0,0,0,0,0,0,0,0,10,0,0,0,0,0,0,0,14,16,0
2008/2009,zwelitsha,buffalo city,buffalo city,27.42121,-32.91425,196,8,294,14,10,0,15,219,4,22,93,111,10,55,10,7,1,105,18,43,6,7,0,46,2,61,0,0,7,18,29,0
2009/2010,zwelitsha,buffalo city,buffalo city,27.42121,-32.91425,189,6,357,8,11,0,12,284,4,41,99,130,8,89,33,6,1,128,23,58,9,8,0,49,1,74,0,1,15,20,33,0
2010/2011,zwelitsha,buffalo city,buffalo city,27.42121,-32.91425,186,7,322,5,8,0,12,320,0,29,81,103,12,82,30,4,1,120,16,58,12,7,0,69,2,75,0,0,6,16,39,0
2011/2012,zwelitsha,buffalo city,buffalo city,27.42121,-32.91425,173,6,300,7,2,0,18,274,0,19,59,82,5,98,28,9,1,111,27,49,11,6,0,77,3,57,0,1,6,16,54,0
2012/2013,zwelitsha,buffalo city,buffalo city,27.42121,-32.91425,155,7,271,9,10,0,35,247,0,19,62,61,5,141,22,3,1,111,12,59,22,3,0,59,3,75,1,1,18,17,66,0
2013/2014,zwelitsha,buffalo city,buffalo city,27.42121,-32.91425,206,10,297,5,5,0,34,313,3,32,62,51,7,100,18,8,21,110,15,44,14,10,0,87,1,51,0,0,9,14,59,0
2014/2015,zwelitsha,buffalo city,buffalo city,27.42121,-32.91425,172,4,241,9,5,0,55,315,3,31,45,38,4,119,9,3,14,140,15,50,22,3,0,74,4,61,0,0,10,13,74,0
2015/2016,zwelitsha,buffalo city,buffalo city,27.42121,-32.91425,172,10,240,6,11,0,43,293,1,26,41,51,5,103,16,5,21,93,11,46,18,11,1,72,4,64,0,2,19,8,71,0
2016/2017,zwelitsha,buffalo city,buffalo city,27.42121,-32.91425,155,4,255,8,8,0,30,251,4,15,53,32,9,89,39,7,14,113,18,43,11,7,0,70,10,66,0,0,18,17,62,0
2017/2018,zwelitsha,buffalo city,buffalo city,27.42121,-32.91425,150,1,217,4,2,0,30,301,5,13,47,25,7,88,46,2,12,106,14,43,7,4,1,56,8,54,0,0,16,4,46,0
2018/2019,zwelitsha,buffalo city,buffalo city,27.42121,-32.91425,189,2,273,11,3,0,40,269,3,26,46,30,6,59,37,8,23,121,15,45,10,8,0,63,7,55,0,0,19,19,42,0
2019/2020,zwelitsha,buffalo city,buffalo city,27.42121,-32.91425,183,3,216,13,6,0,47,220,3,19,49,33,7,78,29,19,22,146,14,42,18,4,0,71,7,56,0,0,7,6,41,1
2020/2021,zwelitsha,buffalo city,buffalo city,27.42121,-32.91425,113,2,200,5,7,0,64,207,5,36,42,28,7,20,29,5,17,109,4,42,16,7,0,53,4,54,0,1,19,5,44,0
2021/2022,zwelitsha,buffalo city,buffalo city,27.42121,-32.91425,183,0,217,18,4,0,74,187,4,71,40,31,6,41,18,5,23,147,14,58,21,12,0,59,15,77,1,0,14,8,52,0
2022/2023,zwelitsha,buffalo city,buffalo city,27.42121,-32.91425,194,6,324,12,10,0,69,201,5,53,87,22,6,50,24,4,27,147,19,61,11,10,0,72,12,83,1,0,33,6,45,0
2023/2024,zwelitsha,buffalo city district,buffalo city district,27.42121,-32.91425,0,0,0,0,0,0,0,167,10,0,0,0,0,0,0,0,0,0,0,0,0,11,0,0,0,0,0,0,0,8,26,0
2024/2025,zwelitsha,buffalo city district,buffalo city district,27.42121,-32.91425,0,0,0,0,0,0,0,208,7,0,0,0,0,0,0,0,0,0,0,0,0,13,0,0,0,0,0,0,0,16,52,0
